#"+EI Scan (rt: 1.577-1.658 min, 15 scans) R8M1.D  Subtract "
#Point,X(Thompsons),Y(Counts)
40.1097 311.973876953125
41.0627 7155.77392578125
42.0423 975.567749023438
43.0656 8342.876953125
44.0071 712.525146484375
44.9229 38.0939331054688
45.0415 99.8208618164063
46.0000 36.5555648803711
47.0200 249.651779174805
48.7600 36.062915802002
49.9748 64.3903961181641
50.0900 116.518653869629
50.9100 142.916732788086
51.0221 270.90185546875
51.9000 68.5610046386719
52.0276 314.755340576172
53.0600 2461.38159179688
53.9300 136.672592163086
54.0399 210.316589355469
55.0470 4487.96533203125
56.0156 1113.86743164063
57.0634 1057.44580078125
57.9600 104.49674987793
58.1400 106.837501525879
59.0359 6218.8505859375
60.0384 117.339965820313
60.1400 38.7246932983398
60.7900 32.9390602111816
61.1200 21.7944087982178
61.8700 72.2060699462891
62.0007 122.717651367188
62.9100 349.039581298828
63.0496 40.9284057617188
63.9200 97.3692398071289
64.0100 229.710998535156
64.1200 108.483749389648
64.3000 15.5965871810913
65.0446 1940.72570800781
65.9777 545.283386230469
66.0700 329.638000488281
67.0501 4391.6923828125
67.9596 396.173278808594
68.0686 1607.00622558594
69.0600 3003.80932617188
70.0686 343.997802734375
71.0574 954.083984375
72.0347 3339.49951171875
73.0400 1250.9931640625
73.9100 79.3668212890625
74.1200 41.9038009643555
74.9300 428.935516357422
75.6600 11.9734554290771
75.9200 102.036949157715
76.0604 523.866638183594
76.1900 25.4519844055176
77.0300 5861.5478515625
78.0165 1915.1396484375
79.0452 4504.55810546875
80.0625 1157.88928222656
80.2400 38.7474937438965
81.0080 2494.08642578125
82.0134 741.286010742188
83.0500 669.905517578125
83.9500 34.1802520751953
84.0470 234.167175292969
85.0700 527.814697265625
85.8900 94.406364440918
85.9915 99.7953491210938
86.1400 148.009506225586
86.8500 44.0312232971191
86.9700 539.203796386719
87.8600 36.0920829772949
88.0300 453.191314697266
88.1700 30.16432762146
88.9555 805.322326660156
89.0740 321.967681884766
89.9941 138.377258300781
90.0900 530.105590820313
91.0426 8132.576171875
91.7800 19.178352355957
92.0300 1116.03381347656
92.0900 719.054138183594
93.0529 3597.29077148438
93.8700 101.944953918457
94.0100 551.142395019531
94.1200 515.510498046875
95.0132 1182.54760742188
95.0773 419.168334960938
95.9200 217.772918701172
96.0233 446.528900146484
97.0600 2296.10913085938
97.8700 55.1814956665039
98.0000 629.439453125
98.9700 306.075042724609
99.0659 55.0698852539063
99.9600 195.818283081055
100.0800 638.078979492188
100.4000 51.2042694091797
100.5300 57.6749687194824
100.7700 34.6334800720215
100.9543 144.143783569336
101.1000 259.736755371094
101.8300 39.9017333984375
102.0100 804.683898925781
102.9300 376.494598388672
103.0326 1917.173828125
103.9553 396.633544921875
104.0667 269.799163818359
105.0273 4469.09228515625
105.6600 23.7962551116943
105.9394 20.5209808349609
106.0700 1157.49194335938
107.0585 6481.63818359375
107.9900 1083.80041503906
108.0700 445.847778320313
109.0224 2381.77001953125
110.0462 836.202758789063
111.0400 1192.52294921875
112.0600 325.863616943359
112.1700 64.696891784668
112.9719 222.105834960938
114.0300 961.263305664063
114.1685 24.5138092041016
114.3300 47.592170715332
115.0369 4903.6220703125
116.0248 1295.27600097656
117.0061 2350.28491210938
118.0200 810.594482421875
119.0092 594.339721679688
119.0700 5678.4384765625
119.9600 312.542877197266
120.0600 1163.92565917969
121.0600 4495.6669921875
121.9879 312.126647949219
122.0800 1916.64660644531
123.0200 4402.0595703125
123.9800 1365.505859375
124.0667 529.983276367188
124.1800 53.5110855102539
124.9963 474.826721191406
125.1400 70.3533172607422
125.8600 118.427764892578
125.9700 221.635040283203
127.0343 1525.94409179688
128.0310 4669.81689453125
129.0300 3912.61767578125
129.9811 468.001098632813
130.0856 340.320251464844
131.0200 3145.85522460938
131.7100 15.5429992675781
131.8300 14.737283706665
132.0241 649.97509765625
132.2200 25.7529296875
133.0209 2370.89819335938
134.0800 3227.5869140625
135.0700 2764.86010742188
135.9100 287.643951416016
136.0487 1435.66125488281
136.1800 55.6739158630371
137.0053 3562.97265625
138.0057 921.19677734375
139.0079 895.37646484375
139.0800 445.140747070313
139.9938 213.789016723633
140.1300 94.13623046875
140.9946 2377.6279296875
141.9300 137.063934326172
142.0400 1382.09973144531
143.0600 984.032897949219
143.8600 18.1153087615967
144.0241 1076.17407226563
145.0000 923.578186035156
145.0600 1627.55322265625
146.0063 752.76953125
146.9000 213.317474365234
147.0244 3281.46655273438
147.1100 120.010238647461
147.9500 270.272918701172
148.0400 1087.66552734375
149.0513 2153.42041015625
149.9800 744.651489257813
150.0800 773.098510742188
151.0022 376.463012695313
152.0436 1373.89868164063
152.1100 754.908935546875
152.9400 256.419891357422
153.0692 1678.79284667969
153.7600 18.5619716644287
154.1000 622.420349121094
155.0045 1966.50634765625
156.0459 395.9130859375
157.0068 1626.4453125
157.7100 11.1421508789063
157.9500 594.845825195313
158.0243 245.812744140625
158.9856 2734.314453125
159.9944 2014.62292480469
160.8700 177.179916381836
160.9814 1651.09350585938
161.0700 1029.26635742188
161.8800 52.5485649108887
162.0140 772.045593261719
162.9733 1845.16162109375
163.8961 80.3165588378906
164.0500 422.679229736328
165.0412 3224.14672851563
166.0400 1086.98388671875
166.8900 375.898040771484
166.9800 549.330200195313
167.8100 31.7567749023438
167.9599 374.896850585938
168.0600 441.053375244141
168.9400 338.928771972656
169.0353 438.475830078125
169.1600 89.6553192138672
169.8100 52.625675201416
169.9357 63.9314346313477
170.0628 361.739379882813
170.1900 165.945831298828
170.9500 746.620178222656
171.0250 557.489013671875
171.8900 23.3712978363037
172.0331 472.662780761719
172.1000 341.970520019531
172.9500 277.482238769531
173.0700 3170.60791015625
174.0490 11422.2802734375
175.0400 4980.84326171875
175.1400 43.9616622924805
175.8975 26.5253753662109
176.0500 1125.31091308594
176.9500 305.028076171875
177.0800 437.109832763672
177.7700 41.2510795593262
178.0175 491.270568847656
178.0800 945.118408203125
178.8100 15.3382730484009
179.0495 767.669067382813
179.1700 63.9871101379395
179.8959 73.2131729125977
180.0200 394.534301757813
181.0099 1792.18090820313
181.9516 61.4245300292969
182.0468 887.386169433594
182.9500 295.326843261719
183.0369 2075.34008789063
184.0500 824.087585449219
184.1500 46.5147361755371
184.2900 15.1144151687622
184.9735 1201.47290039063
185.8600 51.9829902648926
186.0070 838.302978515625
187.0324 4672.46875
187.9100 93.4477615356445
188.0372 1720.35400390625
188.1100 734.927062988281
188.9157 54.8867645263672
189.0660 5027.849609375
190.0500 1288.46276855469
190.1081 1221.10205078125
191.0064 1201.79345703125
192.0500 561.825317382813
193.1000 14774.130859375
194.0600 2149.09375
194.1400 102.635299682617
195.0000 2669.03540039063
195.9000 162.961166381836
196.0500 694.527954101563
196.8400 122.49161529541
196.9958 994.450439453125
197.9300 283.55712890625
198.0375 355.989929199219
198.3000 24.7812213897705
199.0100 2318.10302734375
199.6500 33.8443145751953
199.9157 113.192504882813
200.0403 649.608520507813
200.1700 210.404571533203
201.0400 7677.71337890625
201.9100 67.3060760498047
202.0500 2075.14599609375
202.1300 161.087905883789
202.9700 554.847961425781
203.0335 877.663757324219
203.7900 20.2094802856445
203.9913 121.174674987793
204.1100 196.090042114258
205.0400 324.354217529297
205.7000 24.8586711883545
205.8600 39.8215522766113
205.9800 89.9882278442383
206.0990 110.550170898438
206.3800 31.1809520721436
207.0400 2102.5439453125
207.8200 156.034957885742
207.9300 119.765609741211
208.1500 133.462936401367
208.7000 35.726749420166
208.8900 231.635955810547
209.0412 313.335144042969
209.8400 11.0209331512451
209.9500 163.993316650391
210.0736 136.228149414063
211.0145 1318.0126953125
212.0800 1448.80126953125
213.0600 1782.45361328125
213.8800 94.4256591796875
213.9952 242.605590820313
214.0900 1416.74255371094
214.9791 5652.8857421875
215.9770 879.860595703125
217.0137 1503.93469238281
218.0400 366.863800048828
218.9742 456.4541015625
219.8400 237.25569152832
220.9600 925.185729980469
221.0400 260.087554931641
221.7500 30.8807258605957
221.9000 157.00569152832
222.2100 19.176908493042
222.5000 26.602502822876
222.9355 168.710083007813
223.1100 31.8616714477539
223.7600 57.6173858642578
223.8704 86.0293426513672
224.0000 24.9245910644531
224.1100 104.672157287598
224.6900 32.0754127502441
224.9732 195.667984008789
225.1160 121.331024169922
225.7700 11.9825639724731
226.0300 145.900787353516
226.1700 329.412170410156
226.3200 54.6772384643555
226.8900 79.1639938354492
227.0164 306.072082519531
227.1367 158.499618530273
227.7500 16.065465927124
228.0100 322.635711669922
228.1400 363.196197509766
228.7900 47.0789680480957
228.9600 220.216827392578
229.0742 1267.57580566406
229.8500 11.2846584320068
230.0905 703.581481933594
231.1272 66928.53125
232.1300 11538.14453125
233.0070 2686.875
233.8900 115.514312744141
234.0061 293.09033203125
235.0400 611.284484863281
235.6300 17.1187400817871
235.8200 171.749481201172
236.9651 429.3017578125
237.9408 966.168273925781
238.9900 1087.54638671875
239.7400 11.6015863418579
239.8883 80.7708358764648
240.0514 69.0742568969727
240.2800 24.6768856048584
241.0400 555.372619628906
241.6600 14.0924034118652
241.7900 25.0112209320068
242.1000 337.092193603516
243.1000 3282.79541015625
244.0100 274.301483154297
244.1300 730.960144042969
245.1016 3557.26391601563
245.1800 835.198852539063
246.1100 2724.9130859375
246.1500 4830.83935546875
246.9646 24.6043548583984
247.1300 1345.53186035156
247.9700 73.9413833618164
248.1300 79.7553482055664
248.9171 68.9170532226563
249.0300 180.959701538086
249.2300 22.163667678833
249.9600 37.0197715759277
250.1300 18.5557041168213
250.7300 14.6503877639771
250.8400 89.8597259521484
250.9800 42.876049041748
251.8700 32.8567123413086
252.0500 42.0851821899414
253.0700 547.231262207031
253.9800 79.0595245361328
254.1000 138.95686340332
254.8000 25.6002559661865
254.9785 223.590850830078
255.1400 188.637878417969
255.9000 11.1880922317505
256.0700 238.955123901367
257.0500 299.270721435547
257.1400 2785.171875
258.1400 19334.0859375
258.2200 356.343078613281
259.1488 8194.2666015625
260.0900 612.365539550781
260.1500 631.960632324219
260.8600 109.446403503418
261.1100 59.7093086242676
262.6300 20.778657913208
262.8000 32.0130081176758
262.9700 49.3391876220703
263.8000 10.551721572876
263.9900 88.9457931518555
264.1600 39.7238121032715
264.7000 27.1526660919189
264.8600 12.6405725479126
264.9700 38.4291496276855
266.1600 10.3667783737183
266.7500 20.688268661499
267.0500 162.794998168945
267.9000 41.065616607666
268.7800 30.6487083435059
268.9700 228.551315307617
269.0800 249.812042236328
269.7100 10.1942987442017
269.8700 49.1698532104492
270.0500 97.0359649658203
270.1600 280.55517578125
271.1400 18025.10546875
271.9641 39.2272872924805
272.1495 5979.43896484375
273.0117 987.454956054688
273.9579 51.3649597167969
274.0400 30.7873458862305
274.1900 46.5877571105957
274.7800 103.241142272949
274.9800 665.312866210938
275.8100 228.360000610352
276.0500 26.1764221191406
276.8239 238.393051147461
277.7900 38.592456817627
278.0200 58.3856544494629
278.9100 331.244171142578
279.0700 70.4327621459961
279.6400 13.2150630950928
280.9790 280.988464355469
281.1500 54.1321563720703
281.2700 15.9382152557373
281.8000 35.4265556335449
281.9400 71.150260925293
282.0700 28.3004360198975
282.8200 63.7188186645508
282.9528 21.9804382324219
283.1300 197.648239135742
283.8300 21.9434242248535
283.9900 12.3936100006104
284.1000 27.0012321472168
285.0301 456.07080078125
285.1500 602.050537109375
285.8900 22.4163932800293
286.0066 112.566581726074
286.1600 411.232635498047
286.9200 37.7995414733887
287.0200 316.203460693359
287.1300 36.661937713623
287.2400 28.8953819274902
288.0400 57.2710914611816
288.9898 53.38134765625
289.8905 55.2344360351563
290.0700 147.676208496094
290.8500 43.1933860778809
291.7800 23.877592086792
291.9000 102.018501281738
292.9455 668.024169921875
293.9500 872.977478027344
294.7900 295.154205322266
295.6400 17.1413707733154
295.8757 39.5611572265625
296.0400 131.844314575195
296.1500 22.0113716125488
296.3000 28.4663639068604
297.0300 1225.06530761719
297.8600 108.889503479004
298.0000 168.327789306641
298.1200 53.100284576416
298.3400 21.8838672637939
299.1500 3967.64111328125
299.3000 83.1721115112305
300.0100 133.991958618164
300.1400 614.782165527344
300.2600 343.540802001953
300.8200 74.7556838989258
300.9398 48.1168441772461
301.1100 83.3804244995117
302.8700 18.5273380279541
303.0100 178.66374206543
303.1600 14.5681962966919
304.7100 11.2850513458252
304.8900 15.3037309646606
305.0100 61.5436668395996
306.7800 17.667875289917
307.9700 29.9190502166748
308.8300 33.398365020752
309.1000 36.2523422241211
310.6900 12.2225685119629
310.8900 59.9060325622559
311.1900 59.8883209228516
312.0600 75.5807113647461
312.2600 55.4704856872559
313.0000 88.1573791503906
313.1300 254.687438964844
313.2900 43.3990592956543
314.2188 27823.501953125
315.0000 71.3293838500977
315.2049 6437.9365234375
315.3200 39.7788238525391
315.9600 79.8201370239258
316.1000 252.927383422852
316.2300 573.288513183594
316.4900 17.9279556274414
316.9100 19.0528507232666
317.0300 12.5220632553101
317.2600 27.4460182189941
319.1700 12.576642036438
324.8000 17.1535396575928
325.0200 17.51318359375
326.8100 12.862624168396
326.9700 33.0249061584473
327.0900 35.4705619812012
328.0200 31.6719017028809
328.1200 26.3404235839844
328.2900 33.4386138916016
328.8700 33.4582061767578
329.0600 32.5799903869629
330.5600 11.9929647445679
330.7300 21.1587352752686
330.8400 79.0301971435547
332.7200 22.5961513519287
332.8500 10.7629194259644
334.5300 14.0670728683472
334.8200 11.8421907424927
334.9400 38.7034759521484
338.7900 11.6743097305298
344.8600 15.8414554595947
345.1200 20.657112121582
348.6500 20.31298828125
348.9300 122.350028991699
349.1500 11.362829208374
349.6900 33.9585800170898
350.1900 11.2816228866577
350.6200 12.5857343673706
351.0000 11.6096048355103
351.1200 29.7279186248779
351.4400 13.3081398010254
351.6500 14.2893123626709
351.8400 15.0385093688965
352.7000 48.6643218994141
353.2000 13.846302986145
353.7700 16.2383193969727
354.8800 11.6937742233276
354.9900 38.4582405090332
356.0000 14.7507419586182
356.7600 23.7580604553223
357.0700 13.3578214645386
358.9300 22.531909942627
362.8900 12.1966857910156
363.0200 106.337181091309
366.8200 37.8071937561035
366.9800 21.7325496673584
367.1000 44.3671760559082
370.7700 11.2070941925049
370.9800 14.5357065200806
383.1300 10.7276849746704
387.0500 30.1057949066162
400.9700 67.0752410888672
401.1200 84.0558166503906
404.9000 12.261646270752
