#"+EI Scan (rt: 1.997-2.084 min, 16 scans) R8M1.D  Subtract "
#Point,X(Thompsons),Y(Counts)
40.1000 247.261520385742
41.0674 3874.63745117188
42.0912 380.316741943359
42.2200 21.6341438293457
43.0625 4102.0419921875
43.9805 84.4244384765625
44.8800 37.0046920776367
47.1200 26.3552474975586
48.8200 25.4894065856934
49.0300 10.076340675354
49.8700 41.9764595031738
50.1100 69.9946441650391
51.0379 232.997863769531
51.1400 82.4506072998047
51.9339 11.8334197998047
52.0600 154.89762878418
52.8300 34.2936134338379
53.0369 740.341796875
53.9177 46.5133209228516
54.0500 176.36376953125
55.0371 3025.23193359375
56.0300 633.274047851563
57.0442 768.623291015625
58.1100 289.365661621094
59.0400 429.7802734375
59.9423 176.399505615234
60.8200 10.2705545425415
60.9300 110.985496520996
61.1000 11.8353958129883
61.8700 68.7654571533203
61.9700 238.539657592773
62.9740 254.007263183594
63.9200 197.215438842773
64.0659 98.377555847168
64.8500 33.3874740600586
64.9800 518.591918945313
65.7600 32.0309448242188
65.9400 139.986602783203
66.0300 103.846046447754
66.1500 14.3298854827881
67.0300 876.82421875
68.1700 73.3335647583008
69.0398 739.19287109375
70.0400 325.043304443359
71.1000 313.317565917969
71.8978 38.0809173583984
72.0364 152.183013916016
73.0156 349.806640625
73.9600 360.2607421875
75.0000 309.245239257813
75.9985 285.17626953125
76.1340 153.554962158203
77.0157 1404.9423828125
78.0162 805.75634765625
79.0504 1215.39013671875
79.9246 95.0949249267578
80.0200 92.8816986083984
81.0114 1450.6826171875
81.7500 29.3918018341064
81.8600 23.1466770172119
81.9800 331.925506591797
82.2100 40.3931732177734
82.9100 81.644287109375
83.0258 1619.82934570313
83.8600 44.8051147460938
84.0100 368.697326660156
84.9400 135.069320678711
85.1300 104.787971496582
85.7600 11.4638204574585
85.9600 121.772232055664
86.9200 189.560028076172
87.0267 75.4180755615234
87.1500 15.668176651001
87.8500 37.1015739440918
88.0000 392.701965332031
88.0838 55.3337631225586
88.9100 75.0279159545898
89.0191 1782.73779296875
89.8100 16.3558406829834
89.9435 218.000366210938
90.0868 207.167999267578
91.0422 833.6591796875
91.8300 63.4884071350098
91.9700 97.6230010986328
92.0900 49.2353057861328
92.8200 48.7821044921875
93.1400 131.858123779297
94.0900 48.3595352172852
94.9000 182.791351318359
95.0084 336.596221923828
96.0706 31.4549255371094
96.9700 233.963882446289
97.0619 468.733154296875
97.9500 173.323577880859
98.0600 168.604461669922
99.7600 12.9741096496582
99.9100 58.5906562805176
100.0600 138.524932861328
100.8914 24.9404754638672
101.0400 656.026306152344
102.0400 2311.08032226563
103.0260 785.379150390625
103.8400 125.409713745117
103.9700 240.405380249023
104.1100 81.8112945556641
104.4900 24.4539470672607
104.6900 30.4709644317627
104.9800 294.201629638672
105.1400 124.424613952637
105.6400 23.2861137390137
105.9400 94.298713684082
106.0700 107.068283081055
106.2400 23.24169921875
106.7700 57.2939033508301
107.0700 239.293731689453
107.2500 39.3816261291504
107.8100 24.6750068664551
107.9822 35.0025177001953
109.0254 697.946044921875
109.9449 143.838714599609
110.0782 53.6800231933594
110.7800 33.5762748718262
111.1100 379.399353027344
111.6900 14.4346122741699
111.9200 55.1871109008789
112.0300 49.7753868103027
112.3600 171.310394287109
112.6845 139.010314941406
112.8300 229.940780639648
113.2200 51.6145706176758
113.8800 102.88501739502
113.9700 511.28076171875
114.2600 16.5250682830811
115.0362 2534.23974609375
115.9200 100.189582824707
116.0256 3868.8017578125
117.0065 1237.65356445313
117.0900 126.369979858398
117.9500 234.510696411133
118.0600 417.653747558594
119.0300 356.686218261719
119.4800 29.3155765533447
119.8500 73.4472045898438
120.0200 347.260284423828
120.1600 129.25146484375
120.3400 24.405818939209
120.6000 33.9558067321777
120.7500 65.5291900634766
121.0075 46.9743957519531
121.1200 12.528039932251
121.8100 85.3882293701172
122.1100 36.4227828979492
122.9600 321.028503417969
123.8000 19.0700626373291
124.8886 41.4674072265625
125.0220 453.906097412109
125.7800 36.4461631774902
126.0300 229.185012817383
126.1500 107.790267944336
126.8400 36.1018028259277
127.0000 1012.63049316406
127.9200 145.042785644531
128.0285 2105.55883789063
129.0384 2760.75048828125
130.0351 4566.51513671875
130.9858 708.441284179688
131.1300 48.3022766113281
132.0114 183.943420410156
132.1600 28.8187065124512
132.9600 614.591125488281
133.0800 156.621719360352
134.0100 157.547882080078
134.8400 138.582077026367
136.0000 381.333312988281
137.0052 1946.32421875
138.0005 262.02880859375
138.9975 579.309448242188
139.9800 493.411315917969
140.0900 26.993522644043
140.7900 96.7815780639648
141.0500 441.947875976563
141.7900 23.2128429412842
141.9300 405.280883789063
142.0383 82.7093811035156
143.0300 3024.39038085938
144.0353 10833.986328125
144.9994 1613.69116210938
145.8800 169.23210144043
146.0180 49.3861312866211
146.9700 179.790435791016
147.1200 24.5687313079834
147.7000 11.4333515167236
147.8600 14.8208141326904
147.9900 187.106018066406
148.1400 100.724411010742
148.7900 15.5032005310059
149.0600 139.77131652832
149.1900 53.4388160705566
149.6900 14.7931728363037
149.9100 66.694091796875
150.0300 27.903507232666
150.2000 12.7520389556885
150.8200 39.2840461730957
150.9804 77.1764526367188
151.9542 487.676727294922
152.1128 93.6708984375
152.8100 40.5234718322754
152.9300 97.4155426025391
153.0400 293.609558105469
153.1500 41.3096961975098
154.0300 1457.24194335938
154.9909 615.837646484375
156.0054 692.993835449219
157.0200 1409.37072753906
157.9400 48.8101654052734
158.0400 918.049377441406
158.9800 47.951171875
159.8400 145.419738769531
160.7100 26.1622257232666
160.8400 71.3400268554688
162.0200 26.0491523742676
162.8000 58.2707481384277
162.9354 78.3380126953125
163.7000 12.4392204284668
163.8452 8.06170654296875
164.0000 128.003387451172
164.8000 61.9873123168945
164.9984 288.280578613281
165.1600 41.0488471984863
165.5900 23.2259407043457
165.9600 307.83349609375
166.0587 102.825592041016
167.0192 2695.92431640625
168.0400 1911.09729003906
168.7000 16.5059757232666
169.0200 621.463623046875
169.2100 12.7438611984253
169.9120 60.5224609375
170.0500 726.823852539063
170.9100 519.296142578125
171.7600 11.4008989334106
171.9538 188.128479003906
172.1000 279.842468261719
172.8300 68.1615829467773
173.0700 21.0832099914551
174.0200 462.636566162109
174.1100 51.3998641967773
174.9476 22.7111358642578
175.1100 89.264289855957
175.8100 14.0076475143433
176.5400 10.9092702865601
176.8600 190.087631225586
177.8700 123.051292419434
178.0300 173.774993896484
178.1400 13.9649791717529
178.9100 144.3193359375
179.9200 160.494995117188
180.0727 1075.33911132813
181.0100 1684.81823730469
181.8400 27.65549659729
181.9600 131.774276733398
182.0474 1378.17919921875
182.1700 157.736419677734
183.0347 632.262939453125
183.1400 14.302209854126
183.7700 15.4528980255127
183.9200 48.081169128418
184.0264 581.557556152344
184.1900 54.2661476135254
184.6800 28.0879364013672
184.9702 281.577545166016
185.0400 267.262573242188
185.7600 27.087308883667
185.9500 221.563659667969
186.0614 197.615966796875
186.2600 10.9923362731934
186.9000 48.6613159179688
187.0900 864.398620605469
188.0900 741.51025390625
188.2300 20.0258827209473
188.8800 184.076202392578
188.9900 212.820907592773
189.2500 21.0254783630371
190.8600 147.615859985352
191.0600 208.718292236328
191.6300 13.7191553115845
192.0500 178.280731201172
192.1700 25.6427154541016
193.0400 364.836578369141
194.0900 635.728149414063
194.9900 1599.0615234375
195.8100 29.4440250396729
196.0652 1875.37622070313
197.0100 1394.63427734375
197.7100 29.1660442352295
197.8300 29.0034713745117
198.0422 143.212341308594
198.8300 44.9610176086426
198.9557 126.422027587891
200.0600 467.825286865234
200.8400 307.992858886719
201.7000 20.6951732635498
201.8100 50.567497253418
202.6900 34.8970336914063
203.8500 119.35578918457
203.9400 46.8147048950195
204.0500 24.7011489868164
204.1700 15.4801664352417
204.9800 227.687057495117
205.0900 49.8562316894531
205.8700 75.7912521362305
206.0090 56.9117431640625
207.0322 334.919555664063
208.0300 635.206420898438
208.8000 61.5088157653809
209.0121 47.7682647705078
209.1200 71.1298294067383
209.2600 67.4873275756836
209.8400 41.5925369262695
210.0652 1280.47021484375
211.0089 578.03564453125
212.0205 864.748291015625
212.8700 43.3637733459473
213.0400 209.923583984375
214.1171 40752.28515625
215.0177 6538.6796875
216.0010 623.36474609375
216.9601 44.36474609375
217.9700 294.779602050781
218.9547 403.758056640625
219.8600 203.025238037109
221.0300 248.42643737793
222.0400 214.877105712891
222.1700 45.3796157836914
222.8900 307.873504638672
224.0841 891.898315429688
224.9000 56.6845779418945
225.0135 58.3773803710938
225.1100 131.341079711914
225.8700 23.6216125488281
226.0300 215.619842529297
226.1054 2.96681213378906
226.2500 26.7010192871094
226.8600 58.3123207092285
227.0165 164.182601928711
228.0315 488.164825439453
228.1400 323.611999511719
229.1136 2212.98266601563
229.9900 182.767196655273
230.1619 292.625793457031
230.8500 91.0597076416016
231.0000 176.046600341797
231.2300 21.9974765777588
231.9300 62.1672668457031
232.0800 11.4309177398682
233.0149 227.166015625
234.9200 46.0025634765625
235.0292 79.5456848144531
235.7500 15.5166883468628
236.0400 84.4731292724609
236.9602 182.251953125
238.1200 2980.15576171875
238.9900 561.0166015625
239.0600 1121.87805175781
240.0800 239.972900390625
240.1700 65.9316482543945
240.3000 20.7217788696289
240.7700 99.7919158935547
240.9300 381.517852783203
241.8000 22.2944869995117
241.9100 69.1954650878906
242.2300 12.3408708572388
242.9199 5.87289428710938
243.0500 110.07283782959
243.6900 10.3019962310791
243.9400 26.4955444335938
245.0800 32.4338760375977
246.8300 13.8682765960693
246.9400 87.5274124145508
248.8200 48.5614471435547
248.9700 74.2263031005859
249.0904 2.94395446777344
249.9700 54.0123519897461
250.1200 43.9772644042969
250.8800 12.3038911819458
251.0000 74.344612121582
252.1500 3835.76000976563
252.9900 10.0896148681641
253.1490 2105.75610351563
254.0889 942.295715332031
254.9400 112.82258605957
255.0400 135.731292724609
256.0100 34.3184051513672
256.2100 44.4374122619629
256.6200 20.2049942016602
256.7700 99.2700653076172
257.0600 57.6477012634277
257.9300 61.5006904602051
258.6400 11.4041843414307
258.8100 69.7998809814453
259.1100 35.2536811828613
260.6600 22.9078025817871
260.8000 80.0405120849609
262.9209 10.771728515625
263.9900 50.853385925293
264.2500 10.3296127319336
264.9300 22.7905960083008
265.0500 33.9629745483398
265.8100 10.2178688049316
266.0300 156.461364746094
266.8600 46.1304626464844
267.1300 135.12336730957
268.1254 1292.94653320313
268.2300 33.9971008300781
268.9900 364.122955322266
269.1035 197.106475830078
270.0400 251.987014770508
270.1500 783.662292480469
270.7900 74.2504959106445
270.9221 264.919219970703
271.9800 122.612365722656
272.7500 28.025369644165
272.8600 341.545928955078
273.6600 11.5473489761353
273.7900 50.183952331543
274.0100 107.125450134277
275.7300 119.64102935791
275.8700 67.6886291503906
276.2000 10.5631675720215
276.8400 321.753295898438
277.9800 136.463195800781
278.1300 117.202247619629
278.3600 16.4446907043457
278.7200 23.3573608398438
279.1000 52.1982879638672
279.2100 21.2475662231445
279.9400 49.8302841186523
280.1700 102.626350402832
280.9100 112.452011108398
281.0500 367.284393310547
281.1678 139.814376831055
281.8600 10.6035861968994
282.0000 159.579010009766
282.1700 209.099899291992
282.7500 12.9967222213745
282.9611 4.4271240234375
283.1400 67.4630279541016
283.9800 12.5844449996948
284.0900 34.0062408447266
284.7900 16.6104259490967
284.9550 0.4354248046875
286.1400 66.7922973632813
286.6500 12.9335851669312
286.7700 10.0448246002197
287.0200 148.845947265625
288.9671 535.22412109375
289.7700 27.2170696258545
289.9059 46.3179321289063
290.8300 74.3009490966797
290.9894 27.6775817871094
291.8500 11.4072532653809
291.9900 71.4264831542969
292.9000 777.21533203125
293.9989 416.845092773438
294.1300 648.125305175781
294.9915 288.784423828125
295.1100 159.841888427734
296.0900 139.365570068359
296.1837 6504.9462890625
297.1300 1649.43872070313
297.7700 18.0484085083008
298.0600 149.336074829102
298.1800 175.158416748047
298.9100 127.339538574219
299.0900 64.7433547973633
300.7200 46.9168357849121
300.8700 87.6946182250977
300.9900 24.7637481689453
301.9400 9.73008728027344
302.8900 164.932708740234
303.0952 8.01271057128906
304.9000 22.6444129943848
306.9400 46.2949562072754
307.9900 21.7509937286377
308.1500 13.2173843383789
309.0700 76.6316375732422
310.1600 286.612731933594
311.2123 4184.794921875
312.0800 131.51042175293
312.2000 1115.22302246094
312.9200 50.2607345581055
313.0900 118.744651794434
313.1800 65.976188659668
313.3100 29.9816493988037
314.0000 49.6607360839844
314.1900 17.0792598724365
314.8800 27.5155467987061
322.7000 15.6839170455933
323.1200 10.9802236557007
324.9200 11.1191930770874
325.1400 22.8421611785889
326.8200 11.9213819503784
327.0700 12.3177652359009
328.0000 29.8730697631836
328.9500 48.529899597168
329.9300 10.9420003890991
330.8700 85.1397857666016
332.7300 20.1036243438721
333.0300 21.6472091674805
345.7600 9.84646224975586
346.0000 13.6093730926514
346.1300 33.1810989379883
346.8100 10.0301418304443
347.1000 23.3786659240723
350.9400 77.7234344482422
353.7800 25.4741249084473
355.0100 11.722861289978
358.7600 9.55539989471436
362.7100 10.4256772994995
370.7800 30.8739624023438
370.9800 27.7782325744629
377.9200 9.89864921569824
381.0200 9.89424800872803
386.7600 9.76587295532227
386.9200 10.6025419235229
400.7900 9.96267795562744
401.0300 13.8132658004761
