#"+EI Scan (rt: 1.985-2.078 min, 17 scans) R10M1.D  Subtract "
#Point,X(Thompsons),Y(Counts)
40.0800 337.406036376953
40.2000 31.837589263916
41.0450 3223.26171875
41.9000 98.8965682983398
42.0256 214.278137207031
43.0726 3261.908203125
44.0184 916.352172851563
44.8800 98.3818740844727
45.0900 39.0906105041504
46.0900 9.41012859344482
48.8200 30.3593139648438
49.0300 47.6881866455078
49.8000 46.6957969665527
49.9700 142.99577331543
50.2000 17.9711055755615
50.9798 35.3603515625
51.8000 11.2144136428833
51.9400 114.087463378906
52.1800 12.4603338241577
52.9700 240.898971557617
53.0558 247.258483886719
53.7900 14.871787071228
54.0200 265.558044433594
54.1500 49.1079978942871
54.2500 26.525899887085
55.0436 2384.98193359375
56.0229 355.884155273438
56.1200 148.129623413086
56.9400 82.3664779663086
57.0308 333.8173828125
57.9100 64.0155944824219
58.0236 171.969207763672
59.0497 695.5693359375
59.9500 178.504135131836
61.0300 52.2445678710938
62.0149 1.12191009521484
62.1200 39.5110664367676
62.9800 526.925170898438
63.1100 30.5773105621338
63.6400 12.1984348297119
64.2200 35.1684112548828
64.9541 186.046615600586
65.0500 335.430511474609
65.7200 14.1277656555176
65.9200 111.591918945313
67.0425 594.316833496094
67.8900 97.8656997680664
69.0404 976.459045410156
70.0600 288.262237548828
70.1700 77.7783889770508
71.0900 635.129028320313
71.9700 83.3378067016602
72.0700 179.317779541016
72.1900 76.0106811523438
73.0205 195.1279296875
74.0300 472.590576171875
74.1500 31.3023681640625
74.2900 30.9101734161377
74.8800 42.9606018066406
74.9850 5.97412109375
75.1300 242.376373291016
75.7400 21.8631286621094
75.8700 42.7982330322266
76.0100 495.139190673828
77.0300 1270.0302734375
78.0247 791.1337890625
79.0100 770.436767578125
79.7900 14.9025650024414
79.8900 54.6884346008301
80.0291 55.8556213378906
80.2200 15.3969974517822
80.9973 1380.640625
82.0600 638.785278320313
83.0161 436.810729980469
83.0900 1022.03424072266
83.9500 134.56608581543
84.0810 38.5397338867188
84.2900 18.268669128418
85.0007 129.651062011719
85.8400 25.7824554443359
86.1300 22.0330371856689
87.0300 239.462265014648
87.9500 373.228759765625
88.0638 93.3705825805664
88.9200 101.692443847656
89.0100 1243.10815429688
89.9400 462.080108642578
90.0265 50.3080444335938
90.7800 46.5195503234863
91.0200 610.93896484375
91.1300 38.8984031677246
91.7500 21.6968421936035
91.9500 93.4057464599609
92.9200 289.552398681641
93.1500 38.3431930541992
93.9000 38.1829605102539
93.9800 86.3878631591797
95.0117 195.175384521484
95.1300 95.2041168212891
95.6900 15.1935691833496
96.1100 247.934219360352
96.2100 117.086036682129
97.0772 930.667907714844
98.0100 265.200958251953
98.8900 91.7423477172852
99.1500 73.1801605224609
99.8100 61.5899085998535
100.8400 39.3922348022461
100.9700 588.481994628906
101.0888 25.4644317626953
102.0200 1906.81787109375
103.0154 1218.81103515625
103.8400 9.71455669403076
103.9500 157.634262084961
104.0900 83.6959838867188
104.4500 13.0913162231445
104.8400 120.513381958008
104.9400 120.8369140625
105.1300 25.356164932251
105.4200 14.8384256362915
105.6500 58.934326171875
105.8000 45.379035949707
105.9500 61.344295501709
106.1100 36.1580123901367
106.6600 13.6971950531006
106.8900 155.232086181641
107.0009 31.10107421875
107.7100 20.6160736083984
107.8993 16.2225036621094
108.1200 29.784387588501
109.0132 1121.8037109375
110.0500 319.092132568359
110.6500 16.4417247772217
110.8701 1.00074768066406
111.0912 153.161117553711
111.9500 92.2702331542969
112.2400 98.8387298583984
112.5800 594.747863769531
112.8100 66.2398147583008
112.9814 57.5416870117188
113.7600 41.1633987426758
114.0500 540.857849121094
115.0100 2392.27856445313
115.0700 391.557861328125
116.0319 3269.02807617188
117.0218 747.4404296875
117.9900 494.276550292969
119.0100 349.832824707031
119.5000 28.6946563720703
119.7100 81.6764526367188
120.0045 226.134063720703
120.1500 118.338348388672
120.7000 17.8208484649658
120.8600 113.505378723145
120.9400 146.874649047852
121.1800 23.5617637634277
121.7700 13.1660661697388
121.9100 133.69384765625
122.8200 165.778533935547
124.1700 22.8971347808838
124.7700 69.4374542236328
124.8800 17.977071762085
125.0000 394.536651611328
126.1200 172.718688964844
126.8200 26.234188079834
126.9900 734.686462402344
127.9300 185.378540039063
128.0203 1385.18640136719
128.1100 153.853256225586
128.9343 200.610961914063
129.0619 2164.6728515625
129.9784 357.439453125
130.0600 3356.88403320313
131.0400 1219.0126953125
131.7900 40.7830924987793
131.9758 152.575347900391
132.1600 48.9004402160645
132.9839 381.082641601563
133.1400 43.0447425842285
133.7800 63.3647537231445
134.7800 39.7145652770996
134.9000 230.511093139648
134.9851 312.559661865234
135.7200 26.7662124633789
135.8600 118.68497467041
136.0051 234.722610473633
137.0051 737.716796875
137.9756 176.51220703125
139.0069 476.762939453125
140.0000 503.406768798828
140.1300 31.566162109375
141.0100 1521.79040527344
141.9700 487.930541992188
143.0300 2540.88452148438
144.0400 8693.5029296875
145.0100 2025.10705566406
145.1300 67.5070114135742
145.6900 24.5975551605225
145.9200 83.8102340698242
146.0300 189.710968017578
146.8700 158.699234008789
147.0200 165.180419921875
147.8985 16.3267593383789
148.1394 37.0263366699219
148.6900 22.2724933624268
148.7800 15.1002397537231
149.0300 107.663200378418
149.1700 11.7557821273804
149.9500 11.1650972366333
150.9600 553.970886230469
151.7300 13.7298393249512
152.0389 332.067443847656
152.1400 89.2731323242188
152.8500 99.481315612793
152.9400 218.057159423828
154.0400 1051.78637695313
155.0043 862.8994140625
156.0100 683.959594726563
156.0659 191.639678955078
156.9869 240.117065429688
157.7400 40.2390785217285
157.9900 645.976257324219
158.2100 157.818954467773
158.9703 445.52880859375
160.0100 356.557586669922
160.8300 279.670074462891
161.8400 57.4359817504883
162.8000 42.2351951599121
162.9006 42.1102294921875
163.0800 49.166187286377
163.8000 10.3075733184814
163.9100 191.977722167969
164.9948 238.411499023438
165.1100 169.357391357422
165.8400 58.0197448730469
165.9386 77.540771484375
166.0500 442.134033203125
167.0200 2836.79418945313
167.9878 204.042602539063
168.0600 1119.77392578125
168.8400 29.6596736907959
168.9700 168.393371582031
169.0700 190.691253662109
169.7700 26.3653240203857
170.0600 812.665893554688
170.9200 506.046813964844
171.9700 308.662292480469
173.0400 122.385597229004
174.0600 592.953979492188
174.9000 112.003913879395
175.8800 42.6494178771973
176.1300 10.0990591049194
176.7000 16.279468536377
176.8100 43.9334259033203
176.9100 144.871459960938
177.9260 7.50434112548828
178.0800 129.220520019531
178.1900 34.7359199523926
178.6700 12.1310024261475
178.8700 84.9454650878906
178.9269 45.5891571044922
179.1000 124.638931274414
180.0600 1535.82678222656
180.7700 35.6906890869141
181.0600 1134.70239257813
181.6600 18.1645832061768
181.9100 100.12100982666
182.0120 232.477294921875
182.0900 792.72998046875
182.2300 23.1175918579102
183.0000 427.001403808594
183.1300 82.8754730224609
183.6700 13.116286277771
183.9900 344.147277832031
184.0800 244.978546142578
184.9741 251.249694824219
185.8100 11.9913902282715
185.9300 25.8872871398926
186.0111 33.221923828125
186.2300 43.884578704834
187.0372 745.3095703125
187.1800 241.333358764648
188.0370 181.236785888672
188.1600 347.589447021484
188.3400 26.1315135955811
188.8800 57.2636375427246
189.1400 18.1577548980713
189.9100 31.6591300964355
190.8600 416.922271728516
192.0900 53.23291015625
193.0300 490.763336181641
194.0300 992.378356933594
194.7800 37.0285949707031
194.9500 740.62158203125
195.9955 42.1376342773438
196.0900 1214.10070800781
197.0300 828.690734863281
197.8000 63.514820098877
197.9400 164.209854125977
198.0300 419.913330078125
198.8600 218.444854736328
200.1400 156.602905273438
200.6900 70.807746887207
200.9425 182.272583007813
201.0300 64.4724655151367
201.6000 21.8637714385986
201.8100 100.282730102539
202.0300 110.084899902344
202.5800 21.2801494598389
202.7400 29.9508686065674
202.9900 258.865997314453
203.8400 70.1730651855469
204.0500 98.2650985717773
204.5300 52.0071716308594
204.6900 13.4710779190063
204.8200 86.7577056884766
205.5800 10.9713125228882
205.7600 37.5451240539551
205.9631 70.1148681640625
206.1000 61.3913269042969
206.8200 102.466087341309
207.0400 1026.15759277344
207.7000 39.4784126281738
208.0500 426.568725585938
209.0499 146.154632568359
209.7400 19.7386875152588
209.8900 56.374641418457
210.0500 1553.96960449219
210.2000 17.2001628875732
210.9952 421.84033203125
211.9989 653.805419921875
212.8800 127.244285583496
213.1000 572.341674804688
214.1180 34278.7890625
215.0106 6806.26171875
216.0020 1058.9794921875
216.9200 598.296325683594
217.6500 9.04489898681641
218.1300 29.683256149292
219.8400 216.036834716797
220.0600 43.3445587158203
220.5900 20.8976421356201
220.8800 254.963806152344
220.9900 164.721038818359
221.6600 9.33846378326416
221.9700 95.9791641235352
222.1000 128.652633666992
222.8500 305.629364013672
223.1300 23.5724792480469
223.9200 65.0834884643555
224.0500 544.850219726563
224.1900 182.914627075195
225.0800 390.414764404297
225.7700 11.3833436965942
225.9000 29.8304920196533
226.0200 36.5742263793945
226.1600 96.4009246826172
226.3100 9.78896903991699
226.6500 17.8876514434814
227.0100 211.415542602539
227.1400 13.3615951538086
228.0800 323.135711669922
228.1900 496.441864013672
229.1100 1673.48974609375
229.9300 52.4765472412109
230.0718 120.653442382813
230.1800 278.486907958984
230.3300 22.9457893371582
230.8100 32.0662307739258
230.9357 40.0744400024414
231.8300 9.88409423828125
231.9800 100.369087219238
232.9852 520.64453125
233.8600 40.9542579650879
233.9810 255.555541992188
234.9500 550.96240234375
235.7600 45.110897064209
236.9749 344.35107421875
238.0900 3252.25415039063
239.0082 517.21728515625
239.6900 34.3917388916016
239.8000 11.3159132003784
240.0500 255.835479736328
240.1500 71.2553482055664
240.8800 351.948333740234
241.6700 9.11912631988525
241.9200 159.509994506836
242.0700 13.7662534713745
242.9900 193.124862670898
243.1500 19.8942718505859
243.9700 23.0076904296875
244.7900 34.1142311096191
244.9359 59.3562622070313
246.0300 22.3526382446289
246.9000 73.9760971069336
247.0580 11.0386276245117
249.0400 195.617858886719
249.7300 10.064790725708
250.2700 22.6349239349365
250.6300 9.38597393035889
250.9689 37.1151580810547
251.2200 11.280876159668
252.0600 56.4851112365723
252.1623 3094.4091796875
253.0000 173.191757202148
253.1464 1408.85571289063
253.8500 37.2230834960938
254.0200 84.7183380126953
254.1100 226.003540039063
254.1800 395.600128173828
254.9200 120.178741455078
255.8300 12.2592239379883
255.9800 18.7985458374023
256.0900 74.9195709228516
256.4900 11.3576498031616
256.6600 22.9598026275635
256.7700 27.0895843505859
256.9700 158.187393188477
257.7400 20.4430389404297
258.8300 54.0477600097656
259.0600 38.1722946166992
260.8800 60.1343421936035
262.6000 11.9731597900391
262.8600 37.7234306335449
263.0400 58.4394340515137
264.4000 9.25417041778564
264.8500 12.0785646438599
265.0000 49.7107849121094
265.0900 26.6902141571045
265.9500 60.0312080383301
266.1500 50.225212097168
266.7700 42.3283462524414
266.9200 27.9649696350098
267.0500 83.7937316894531
267.2300 32.5103912353516
267.9800 107.090934753418
268.1400 1445.73291015625
268.9297 10.8361663818359
269.1000 359.742248535156
269.2000 52.974365234375
270.1400 877.123901367188
270.9400 2.6787109375
271.0600 182.918762207031
271.6400 23.3659210205078
271.9700 149.530883789063
272.1000 122.399429321289
272.8700 115.717956542969
273.8300 42.6907081604004
274.0100 106.551742553711
274.1300 13.272144317627
274.9500 338.975646972656
275.0700 131.217224121094
275.8300 70.4979934692383
275.9900 92.42724609375
276.1500 15.9962520599365
276.8800 225.189804077148
276.9914 134.143341064453
277.6100 23.4383869171143
278.0100 149.487442016602
278.1400 11.5515518188477
278.3200 20.5038986206055
278.7400 112.905326843262
279.0600 69.3884887695313
279.7600 13.6294822692871
279.9500 45.8069381713867
280.2100 9.82878875732422
280.3300 10.0672998428345
280.8500 44.1048011779785
281.1300 374.519683837891
282.0900 172.75749206543
282.2400 86.2196426391602
282.8200 52.1602058410645
282.9500 39.29443359375
283.0900 11.4077939987183
283.2000 12.4560289382935
283.8200 11.5075721740723
283.9500 10.8797998428345
284.9000 337.208435058594
285.9387 11.1386566162109
286.7500 27.623722076416
287.1500 27.6562061309814
287.7800 18.8496513366699
287.9200 15.3047285079956
288.0400 35.0554542541504
289.7500 19.8033428192139
289.8700 285.470062255859
290.1300 25.1715469360352
290.7300 17.8284816741943
291.0500 180.931228637695
291.8300 40.290958404541
293.8800 159.464202880859
294.0600 471.547790527344
294.8900 277.685089111328
295.0100 442.902648925781
296.1900 6221.19140625
296.7900 53.3571662902832
297.0830 803.730712890625
297.1600 375.006103515625
297.8100 58.251636505127
297.9502 31.9120178222656
298.7800 48.601318359375
299.0200 87.3486404418945
300.7100 24.382791519165
301.9100 12.9664497375488
302.7800 10.1240110397339
303.1500 11.8518524169922
305.0300 11.2202472686768
307.0900 52.7948303222656
308.1400 26.2874279022217
308.9200 12.190354347229
309.1000 10.4784822463989
310.1000 129.209732055664
310.2200 31.9067096710205
310.4300 40.4160118103027
310.9300 31.1982498168945
311.1800 3218.85888671875
312.1228 398.148742675781
312.2200 473.943939208984
312.4800 12.5152263641357
313.1000 218.567672729492
313.2800 34.6533813476563
314.0100 13.0320320129395
314.7000 30.9496784210205
314.8700 11.1809520721436
315.0400 48.7744789123535
315.2900 10.8494815826416
315.9700 9.05896377563477
321.1000 11.55344581604
324.0600 11.5245389938354
325.1500 28.7486324310303
325.2500 18.0397071838379
327.0600 36.3193244934082
327.9200 9.42626094818115
328.2700 36.1930046081543
328.9700 23.5023345947266
329.9600 25.153148651123
330.9300 49.990062713623
332.7500 24.8760547637939
333.0300 9.1186637878418
335.0000 16.9983787536621
344.8600 20.5043163299561
347.0200 9.87000179290771
348.6800 9.32905960083008
348.9600 21.5990314483643
349.0600 31.2544593811035
349.2100 13.1631307601929
349.8900 9.49987506866455
349.9800 44.0524101257324
350.9900 24.1408576965332
352.6800 10.4477605819702
353.0700 12.4241971969604
354.8700 10.0090608596802
355.2100 10.0872602462769
363.0000 14.6863212585449
400.9600 9.67340183258057
401.8300 13.0169630050659
414.7800 9.89457988739014
460.1300 9.06838417053223
