#"+EI Scan (rt: 4.515-4.590 min, 14 scans) R8M1.D  Subtract "
#Point,X(Thompsons),Y(Counts)
41.0412 2494.48388671875
41.9800 137.744903564453
42.0857 30.8075866699219
42.8800 12.0254354476929
43.0800 293.549468994141
43.9500 587.378356933594
44.7400 11.7165861129761
45.0700 63.1722755432129
45.9100 15.0978603363037
47.0800 128.562881469727
49.0000 51.5142555236816
49.0800 25.5670623779297
49.9400 109.807975769043
50.0500 165.564056396484
51.0000 1012.30767822266
51.8300 47.4702072143555
51.9500 139.047622680664
52.0600 83.7944259643555
53.0300 293.811737060547
53.1300 32.1630897521973
53.9900 57.2268142700195
54.1400 35.771728515625
55.0159 433.673065185547
55.1100 43.665225982666
56.0500 176.55061340332
57.0800 1226.54125976563
57.6900 11.5008945465088
58.0400 149.999298095703
59.0296 578.59619140625
59.9000 218.803863525391
61.0100 55.4124069213867
62.0078 104.765411376953
63.0200 670.211791992188
63.8200 28.7102546691895
63.9300 173.730270385742
64.0300 113.449821472168
64.8200 62.5307579040527
65.0600 59.719425201416
65.9100 101.342887878418
66.8400 117.69303894043
66.9673 86.1554107666016
67.8500 24.6088428497314
68.1200 21.9297504425049
68.9430 137.131164550781
69.7800 29.1435375213623
69.9700 27.6432323455811
70.1100 57.0721817016602
70.8200 19.2605609893799
70.9837 82.64306640625
71.1200 54.6792182922363
71.8400 27.8038215637207
72.1900 24.6932163238525
73.0400 453.38525390625
73.9200 228.964584350586
73.9873 67.2425689697266
75.0240 1388.84899902344
75.9693 15.89892578125
76.0500 726.202514648438
77.0300 2959.9580078125
78.0289 1248.58447265625
79.0082 653.070190429688
79.7900 10.9268035888672
79.9000 70.2484436035156
80.9721 612.964111328125
82.0500 90.4216384887695
82.1900 20.2329368591309
83.0160 183.166885375977
83.1900 16.3807716369629
84.0500 11.3317432403564
84.8100 126.099220275879
85.0600 49.126522064209
86.0000 109.938400268555
86.1700 14.2995433807373
86.8300 23.1702938079834
86.9421 274.733612060547
87.1200 81.9110946655273
87.8000 82.5911331176758
87.9200 209.72541809082
88.0300 371.231475830078
89.0106 1876.15148925781
89.0800 232.956634521484
89.9663 329.41064453125
90.1100 129.462799072266
91.0300 273.602264404297
92.2400 11.1781415939331
93.0200 117.967147827148
93.1500 73.7248153686523
93.8500 29.742733001709
94.0400 63.5732841491699
94.5200 91.8155288696289
94.8200 183.903717041016
95.1100 13.7338228225708
95.9000 94.4243545532227
96.0300 32.8981819152832
96.5300 13.5809421539307
96.6700 11.6756792068481
97.0600 215.790756225586
97.8000 14.2502422332764
97.9300 135.013565063477
98.7900 32.7550277709961
98.9400 113.26335144043
99.0300 67.0248031616211
99.9500 293.574279785156
100.1300 40.0567893981934
101.0178 2251.32421875
101.8741 12.4963989257813
101.9900 2011.95581054688
102.8865 37.7611999511719
103.0100 733.126525878906
103.8100 12.6781511306763
103.9200 123.357749938965
104.0300 142.395950317383
104.6100 13.2573490142822
104.8700 152.899765014648
104.9900 95.290771484375
105.1900 15.7238636016846
105.5000 16.7744426727295
105.9300 32.9153289794922
106.4200 54.6397018432617
106.6700 143.355392456055
106.8100 58.2192001342773
107.5400 18.8470554351807
107.7300 44.4987983703613
107.8600 112.018356323242
107.9700 34.3141670227051
108.1400 29.3508415222168
109.0100 1773.53784179688
109.8300 61.433162689209
109.9819 59.152587890625
110.9500 212.918502807617
111.9400 47.8196487426758
112.0200 70.1139602661133
112.1300 64.2126922607422
112.6300 33.5299301147461
112.8799 259.759094238281
113.0295 222.323364257813
113.7200 59.5339584350586
113.9345 67.9452438354492
114.0500 669.581909179688
114.9000 63.285213470459
115.0089 2021.75061035156
116.0228 3394.13793945313
116.8984 225.596466064453
117.0380 359.973205566406
117.7500 16.9018421173096
117.9846 115.655792236328
118.1200 47.3678398132324
118.5900 41.2589073181152
118.7400 29.0793151855469
119.1800 28.5208740234375
119.5500 10.8943729400635
119.7200 13.950044631958
119.8800 42.8406257629395
120.3900 130.554306030273
120.5600 322.212066650391
120.7139 61.067626953125
120.9700 118.920448303223
121.0600 122.041152954102
121.3400 21.8739223480225
121.5400 39.6783828735352
121.7200 21.2648658752441
121.8650 1.09371185302734
122.0400 24.5912914276123
122.9000 386.36181640625
123.7900 12.2298288345337
124.0100 45.4886207580566
124.8500 148.149917602539
125.0600 291.763763427734
126.0400 3729.65893554688
126.1700 25.6923084259033
127.0287 15379.0546875
128.0278 4593.9296875
129.0049 2158.07861328125
129.8000 26.0980644226074
130.0062 1466.14575195313
130.1497 80.797233581543
130.8800 251.17106628418
131.2100 46.3417358398438
131.7900 17.3363456726074
131.9600 124.388557434082
132.1600 44.2045288085938
132.6700 99.9086532592773
132.8900 225.165634155273
133.0400 225.594802856445
133.6200 45.5433692932129
133.8100 63.6275520324707
133.9700 90.7897262573242
134.8800 208.68815612793
135.8800 172.722930908203
136.1000 154.506942749023
137.0100 1567.8046875
137.8500 100.754943847656
137.9872 451.962524414063
138.8600 151.645477294922
138.9879 653.503723144531
139.8837 130.415328979492
140.0100 73.4350357055664
140.0900 112.385360717773
140.7900 77.5346145629883
141.0300 1105.25744628906
141.1800 300.793518066406
141.6200 341.918182373047
141.8000 1.79020690917969
142.1000 451.504119873047
142.9600 821.838439941406
143.0556 321.3740234375
144.0298 8256.16015625
145.0026 1053.720703125
145.8000 25.7556190490723
145.9200 87.3953704833984
146.0600 96.2696151733398
146.5500 28.3677463531494
146.8300 67.5981674194336
147.0400 74.7519149780273
147.9000 52.5709495544434
148.0700 15.6907014846802
148.2000 21.7624950408936
148.7600 57.6936340332031
149.0200 89.7395095825195
149.7900 37.1441078186035
149.9200 125.843383789063
150.0400 106.279724121094
151.0008 400.716613769531
151.7600 66.9325942993164
151.8900 17.4643630981445
152.0500 189.92692565918
152.8100 121.984107971191
152.9600 360.203460693359
153.9200 231.253433227539
154.0800 317.268737792969
155.0195 5492.603515625
156.0200 1154.92370605469
156.8500 225.575958251953
157.7600 69.4274139404297
158.0100 271.488128662109
158.1200 54.9117240905762
158.9696 550.84765625
160.0500 123.722984313965
161.0000 238.959091186523
161.7700 45.211124420166
162.0100 60.9195785522461
162.1500 14.5585699081421
162.7900 127.232597351074
162.9562 6.7607421875
163.5600 26.6332492828369
163.7000 137.965835571289
163.8000 144.769760131836
164.0200 120.239456176758
164.7698 5.32740783691406
164.9919 72.7666473388672
165.1400 26.7222709655762
166.0300 58.0299491882324
167.0000 3076.25
167.9032 46.5857543945313
168.0100 385.803771972656
168.9200 197.557418823242
169.0500 22.361780166626
169.6700 18.5277042388916
169.8700 65.2961883544922
169.9800 344.70703125
170.0516 36.4941711425781
170.7300 69.7021484375
170.9800 326.676055908203
171.1000 78.2128219604492
171.8000 19.7549953460693
171.9900 270.949768066406
172.1200 215.716415405273
172.8900 99.1376266479492
173.0500 65.2437515258789
173.8300 36.1284255981445
173.9200 59.1588439941406
174.0100 49.9004325866699
174.1900 18.3171844482422
174.9100 55.5535621643066
175.0600 44.6211013793945
175.8600 28.0022583007813
176.0300 234.919387817383
176.1400 17.8229522705078
176.5700 13.9149942398071
176.8700 142.16374206543
178.1000 16.8828716278076
178.7800 34.7614135742188
178.9400 25.001485824585
179.0900 78.391975402832
179.7200 45.6543846130371
179.8600 34.2011680603027
180.0000 28.5635242462158
180.1400 16.108226776123
181.0000 417.184295654297
181.7000 10.9677829742432
181.8600 36.7294311523438
182.0200 103.946411132813
182.1500 12.9503240585327
182.9700 208.493499755859
183.9200 83.4370346069336
184.0900 135.316741943359
184.6500 30.2555446624756
184.8900 464.089904785156
185.9356 43.0310668945313
186.1300 13.7848739624023
186.7100 29.3813915252686
186.8300 20.7453174591064
187.0600 377.999969482422
187.8161 7.03147125244141
187.9800 111.19327545166
188.0700 162.73844909668
188.6400 30.3887805938721
188.7800 19.7889518737793
188.8900 134.551712036133
189.0234 111.259399414063
189.6700 18.1958885192871
189.9300 71.1187210083008
190.1100 63.2754821777344
190.7900 83.1418075561523
191.9800 177.788818359375
192.0800 13.8488759994507
192.6700 34.0026092529297
193.0000 377.493499755859
193.9430 25.2851791381836
194.8800 275.859893798828
194.9800 0.9261474609375
195.7500 125.133361816406
196.8100 184.285308837891
196.9800 335.357421875
197.6700 16.2695083618164
197.8100 43.746696472168
197.9600 205.378921508789
198.1100 68.3442535400391
198.9569 474.873596191406
200.0877 12276.833984375
200.8500 53.0762252807617
201.0130 1882.24157714844
201.9600 377.901794433594
202.1100 94.0436782836914
202.7100 34.3729820251465
203.0000 143.109970092773
203.8200 32.488166809082
203.9000 107.43009185791
204.0600 42.9493141174316
204.7700 91.7965927124023
205.9500 42.2976722717285
206.9786 546.519775390625
207.1200 77.3508834838867
207.8755 23.8693542480469
208.0000 128.285369873047
208.0900 112.646484375
208.8100 56.5863342285156
208.9309 25.3423156738281
209.0800 71.5587921142578
209.2900 14.2410564422607
209.9500 100.132186889648
211.0135 488.685302734375
211.9700 400.557067871094
212.0800 2235.86865234375
213.0500 1934.4375
214.0506 752.855163574219
214.1500 153.297866821289
214.9951 626.892578125
216.0500 622.418823242188
216.9900 1150.56652832031
217.8000 26.5235900878906
218.9405 250.27685546875
219.9264 250.305160522461
220.0800 36.6165237426758
220.6500 21.4772815704346
220.7600 24.2473926544189
221.1200 27.398645401001
221.8500 16.3605766296387
222.0400 13.3756542205811
222.8800 320.801940917969
223.9100 202.10807800293
224.0800 71.2590179443359
224.2200 15.5308208465576
224.7800 76.2584457397461
225.1500 141.937850952148
225.8200 16.5886344909668
225.9900 438.954406738281
226.0700 491.111175537109
226.7500 58.2840270996094
226.9000 232.133255004883
227.0470 99.1399536132813
227.2200 28.1460456848145
228.0100 293.910247802734
228.1200 198.967788696289
228.9377 206.973083496094
229.1300 85.9353561401367
229.8000 23.4499111175537
230.1600 36.0047569274902
231.0000 81.8750228881836
231.1500 57.0263938903809
231.7100 24.94411277771
231.9400 62.9507713317871
232.0700 78.6470947265625
232.2100 10.8799333572388
232.9948 380.49951171875
233.7900 57.7121772766113
234.9000 358.355560302734
235.9300 120.497764587402
236.9799 175.1767578125
237.9626 572.506652832031
239.0000 1107.34411621094
240.0142 486.650207519531
240.0900 1048.65075683594
241.0600 4238.22802734375
241.9100 82.255126953125
242.0000 443.680206298828
242.0900 1562.02087402344
242.8600 15.1952047348022
243.0400 565.500915527344
243.9100 29.388692855835
244.0400 47.5051040649414
244.7400 11.3163785934448
244.8463 9.28015899658203
246.8200 31.8768196105957
248.8500 102.155838012695
249.0600 26.0447177886963
250.0000 23.4088535308838
250.2600 11.8430557250977
250.7100 42.2134971618652
250.9800 310.508941650391
251.0800 69.8924026489258
251.2300 24.8984336853027
252.0200 286.701629638672
252.1900 14.1167211532593
253.0400 729.948669433594
254.0500 2123.201171875
254.1300 570.478698730469
254.9900 681.156860351563
255.0900 762.390808105469
255.8900 64.9208145141602
256.0900 1712.47497558594
256.7200 24.4201602935791
256.9056 173.255187988281
257.0800 206.77897644043
257.7200 31.0954685211182
257.9600 15.4154424667358
258.1400 11.1345739364624
258.5400 16.0026569366455
258.7900 45.2802200317383
259.8500 25.295711517334
260.7400 38.5882377624512
260.9200 63.1419067382813
262.1400 39.6448287963867
263.9300 28.5901966094971
264.0800 42.7341232299805
264.8600 25.9772891998291
265.0100 122.857482910156
265.9200 79.614128112793
266.0300 351.025482177734
266.1400 284.041809082031
266.8900 72.3577575683594
267.0400 695.555969238281
267.1500 265.436279296875
267.9200 98.4303512573242
268.0700 706.991821289063
268.2000 176.548797607422
268.9931 553.551025390625
269.0700 1001.53363037109
270.0708 5793.9912109375
271.0400 1788.87536621094
271.7500 44.1734619140625
271.8600 18.4091796875
271.9700 29.0021343231201
272.0900 167.718063354492
272.2700 48.4622077941895
272.9921 276.987152099609
273.8800 14.1378841400146
274.0200 50.3226585388184
274.9900 202.876815795898
276.6000 24.6934547424316
276.9400 299.148162841797
277.0700 38.2142601013184
277.6500 11.9105157852173
278.0000 114.735595703125
278.8800 64.4328689575195
279.0100 76.1940383911133
279.1000 20.9981842041016
279.7000 15.4579477310181
279.8100 22.7063903808594
279.9300 16.1575298309326
280.0300 271.573669433594
280.2300 54.7666702270508
280.3300 14.6539850234985
280.5100 12.29820728302
280.9100 199.212158203125
281.0101 1.24449157714844
281.1100 62.7403564453125
281.7700 38.9330406188965
281.9800 397.860534667969
282.1200 163.866363525391
282.7700 61.240608215332
283.0600 596.361328125
283.2200 32.1495132446289
284.0880 9404.5615234375
285.0453 2463.763671875
285.9500 212.634628295898
286.0428 33.6396408081055
286.8300 53.1935348510742
287.0012 42.8944702148438
289.0000 685.22216796875
289.9300 306.785797119141
290.7900 84.0872116088867
291.0400 49.9699897766113
292.0900 17.2753067016602
292.9300 1456.15234375
293.7000 30.7174892425537
293.9600 401.488372802734
294.0700 45.2464637756348
294.9200 197.948471069336
295.0400 65.3893203735352
295.8700 21.9449863433838
295.9900 86.0719375610352
296.1500 14.3707113265991
296.9100 399.228332519531
297.0300 204.296600341797
297.8777 43.7732467651367
298.0600 499.550933837891
298.8500 80.021125793457
299.0200 178.547714233398
299.1800 75.7544326782227
299.2800 41.2567481994629
300.3000 23.2540245056152
300.6900 12.1481599807739
300.8100 29.1839389801025
300.9600 18.5484790802002
302.8600 16.3186454772949
303.0500 37.8280563354492
303.9300 14.1217975616455
306.6800 20.0194644927979
307.0400 37.5347480773926
307.9200 88.5476760864258
308.0400 244.201507568359
308.1400 262.199005126953
308.7800 16.4628200531006
308.8800 94.5406875610352
309.0800 106.745544433594
309.2300 30.946985244751
310.1300 7689.5625
311.0100 194.895111083984
311.1300 1968.53015136719
311.2300 52.2105484008789
311.9800 102.714721679688
312.0600 217.296157836914
312.1900 99.8219146728516
313.0300 50.9850578308105
313.2100 30.318826675415
314.8800 36.1409225463867
315.0600 16.3043785095215
316.7900 22.7699947357178
317.1400 22.4153957366943
318.7800 12.0704622268677
318.9700 39.946475982666
319.1000 60.0588455200195
319.7800 16.3954010009766
319.9400 13.12269115448
322.7100 11.74742603302
322.9100 13.5163869857788
323.0800 27.0753383636475
323.2000 11.0128889083862
323.9700 28.8350353240967
324.1100 133.881790161133
324.2400 31.2052364349365
325.0000 87.4429931640625
325.1500 89.8203582763672
326.1500 7830.9111328125
327.1506 16406.12109375
327.9900 86.9284133911133
328.1400 3996.97778320313
328.9300 126.043098449707
329.0900 468.881774902344
330.0300 23.4799690246582
330.1800 11.6731748580933
330.8600 33.5294723510742
331.1200 14.6910705566406
334.8300 37.8147964477539
341.0200 100.968017578125
341.1300 58.7253456115723
341.3200 30.7577075958252
345.0000 23.5919589996338
347.1400 11.6000499725342
348.7900 24.012300491333
349.0000 85.4733276367188
349.1200 11.8818311691284
352.9200 44.9510154724121
353.1200 27.4710254669189
354.1300 11.3391170501709
357.0800 14.3554220199585
362.8300 11.7641496658325
368.1900 11.2061796188354
368.9000 12.1248731613159
371.0100 12.6595058441162
401.0500 13.8602981567383
