#"+EI Scan (rt: 4.509-4.585 min, 14 scans) R10M1.D  Subtract "
#Point,X(Thompsons),Y(Counts)
40.0976 16.7530975341797
41.0386 2605.76416015625
41.9725 108.229644775391
42.0756 20.4988784790039
42.2000 19.7979164123535
43.0077 207.523345947266
43.1367 9.94573783874512
43.9849 24.6051025390625
44.1000 57.707706451416
44.8800 22.1109161376953
46.8600 15.5452346801758
49.0700 12.2270259857178
49.9423 168.080444335938
50.0645 23.9392852783203
51.0229 722.382751464844
51.9092 52.4920845031738
52.0669 43.3887672424316
52.7800 62.1235122680664
53.0363 275.690246582031
53.8947 14.8228883743286
54.0300 38.2454719543457
54.9831 392.687805175781
55.9451 3.63273620605469
56.0900 79.9906768798828
56.9766 172.8408203125
57.0700 849.252807617188
58.0100 141.554275512695
59.0300 326.98876953125
59.9500 41.5277862548828
60.0800 104.564872741699
60.9307 32.8451309204102
61.0900 14.5413961410522
61.9600 64.8046722412109
62.0800 235.042205810547
62.8456 79.1882858276367
62.9814 363.618988037109
63.9440 51.4733924865723
64.0700 75.7966690063477
64.7213 5.40257263183594
64.8606 2.33699035644531
65.0184 108.189575195313
65.1308 4.67386245727539
65.9827 12.5695943832397
66.1500 11.1155529022217
66.8475 43.8396148681641
67.1400 11.1031742095947
67.9100 13.0042638778687
68.8700 35.2678146362305
68.9735 107.887763977051
69.8852 30.3368377685547
70.0200 11.2297897338867
70.8033 42.6039810180664
71.0836 78.1029205322266
71.8800 13.9929141998291
72.1072 1.07598400115967
72.2700 17.2324542999268
73.0352 185.638671875
73.7000 43.9183959960938
74.0100 389.358215332031
74.9977 724.443298339844
75.9767 730.389038085938
77.0300 2081.8544921875
78.0200 492.625
79.0800 166.147323608398
79.7872 44.6070938110352
80.0670 16.4524688720703
80.2200 35.9392509460449
81.9800 151.58381652832
82.9487 123.285453796387
83.9800 11.2076187133789
84.6000 22.5094051361084
84.7800 57.2607917785645
85.8700 13.174994468689
86.1000 27.3948364257813
86.8200 16.0443420410156
86.9371 224.390930175781
87.0541 133.994293212891
87.9800 484.671905517578
88.1000 109.092765808105
89.0085 1323.98376464844
89.8715 118.023429870605
90.1100 228.677536010742
90.9383 270.325744628906
91.8700 14.792989730835
92.0613 11.1953773498535
92.1500 11.6251831054688
92.7400 14.7290964126587
92.8430 58.8571166992188
92.9588 80.7761077880859
93.4800 42.4057960510254
93.7400 30.470531463623
93.9600 38.1651496887207
94.1400 15.8069067001343
94.3000 59.0538139343262
94.6514 34.5775604248047
95.0526 74.1444549560547
95.6800 40.9244804382324
96.0218 39.9431076049805
96.1500 20.0865440368652
96.8248 0.907588958740234
96.9619 90.4242630004883
97.8381 116.234786987305
98.0205 140.615036010742
98.9100 164.80940246582
99.0700 66.7697982788086
99.7373 38.596794128418
99.9400 118.805465698242
100.0800 131.513320922852
100.9500 659.72265625
101.0400 1262.64672851563
102.0284 1885.89465332031
102.9452 344.307525634766
103.0400 281.312713623047
103.1700 13.290994644165
103.8349 48.4854774475098
103.9815 109.502624511719
104.8657 21.4700317382813
105.7400 61.0487670898438
105.9250 37.435131072998
106.0571 31.2897300720215
106.3100 36.1241607666016
106.4300 28.1355094909668
106.6000 66.0352630615234
106.7251 73.2876815795898
106.8200 14.4217662811279
106.9483 43.1917495727539
107.1100 123.420616149902
107.4200 14.5607280731201
108.0412 99.8179168701172
109.0189 478.201538085938
109.6700 36.2807693481445
110.0549 50.6105728149414
110.7747 7.77202606201172
111.0347 79.6347503662109
111.7000 27.3054332733154
111.8400 24.8412609100342
111.9718 5.23796653747559
112.0600 85.2924957275391
112.1900 13.7111682891846
112.9000 374.769287109375
113.0210 231.199401855469
113.1500 127.637275695801
113.3400 18.4363307952881
113.6700 39.4318466186523
113.9900 299.185241699219
114.0883 376.303985595703
114.9300 472.767272949219
115.0344 1316.53125
115.8867 37.5675506591797
116.0200 2999.02807617188
116.1000 182.684204101563
117.0300 819.080505371094
117.7800 16.8654117584229
117.9000 85.8137664794922
118.0498 119.665802001953
118.8457 17.1018524169922
119.1229 11.7422637939453
119.2900 25.5890502929688
119.6100 12.758825302124
119.8350 6.44659233093262
120.0188 20.5967769622803
120.1400 45.9440040588379
120.4200 146.732009887695
120.5800 177.250946044922
120.7000 166.468978881836
120.8191 97.9783782958984
121.0891 194.610321044922
121.6000 24.2492046356201
121.7700 68.9411163330078
122.0364 20.6190643310547
122.1800 11.0779809951782
122.5800 18.2214527130127
122.7758 61.9145736694336
122.8941 149.942169189453
123.9700 47.8686180114746
124.2600 17.2038764953613
124.9200 74.4428176879883
125.0315 181.831192016602
125.9894 1032.78137207031
126.0701 2019.3115234375
127.0402 13769.0419921875
128.0093 2949.2255859375
128.0701 1114.25134277344
128.9281 1387.56103515625
129.0414 569.177429199219
129.9771 597.066101074219
130.0710 901.270629882813
130.9342 299.183898925781
131.6800 23.7740936279297
132.0300 79.4697952270508
132.3600 73.1370162963867
132.6478 25.7888221740723
133.0500 186.201782226563
133.1500 64.0026779174805
133.6870 5.45594215393066
133.8800 37.7428207397461
134.0032 3.16521453857422
134.1100 101.20581817627
134.3000 14.1086940765381
134.8551 76.6062469482422
134.9673 249.249938964844
135.5800 28.3398551940918
135.7000 129.844482421875
135.8076 11.9283256530762
135.9335 26.7613067626953
137.0053 1909.837890625
138.0320 795.861389160156
138.9014 285.918212890625
139.0096 319.949401855469
139.7685 14.9444065093994
139.9100 17.9004707336426
140.0052 175.020324707031
140.1300 106.729454040527
141.0137 707.434387207031
141.3100 100.369918823242
141.5500 407.662872314453
141.6600 200.543869018555
141.8424 36.814884185791
142.0164 238.067352294922
142.2900 49.2414474487305
142.9800 681.602905273438
143.0651 152.747955322266
144.0392 7186.6357421875
144.1362 136.123611450195
144.8200 40.1764717102051
144.9103 139.254028320313
145.0288 593.051452636719
145.2153 40.959114074707
145.4800 13.4838104248047
145.7300 12.2572507858276
146.0100 31.5552349090576
146.1824 20.3409080505371
146.9675 137.077880859375
147.9300 27.5961647033691
148.1000 27.6279335021973
148.6900 16.2220401763916
148.9100 128.475799560547
149.9520 144.432464599609
150.0500 32.7138595581055
150.8100 163.483047485352
150.9940 67.7173156738281
151.8736 24.5110092163086
152.0143 209.786422729492
152.7300 36.8920478820801
152.9239 151.107192993164
153.7200 56.0558891296387
153.9300 148.035507202148
154.0910 223.759063720703
154.9200 237.809539794922
155.0203 4136.23486328125
155.9318 441.166839599609
156.0202 234.291580200195
156.7888 125.457015991211
157.0144 230.960388183594
157.7200 18.198127746582
157.9474 76.4642562866211
158.0300 72.6436157226563
158.1476 30.6989822387695
158.9747 752.416015625
159.7900 42.0406608581543
159.9203 19.8342590332031
160.0205 39.1033325195313
160.9377 84.2145690917969
161.8277 18.8215389251709
161.9400 42.9904251098633
162.1300 42.9756965637207
162.8874 538.259887695313
163.5300 42.7545204162598
163.6600 145.751846313477
163.8300 94.7347640991211
163.9441 37.2448501586914
164.1100 52.3013610839844
164.8579 23.956184387207
164.9941 147.927856445313
166.9993 2535.482421875
167.9774 385.666534423828
168.0800 96.5602035522461
169.0300 86.2839813232422
169.8300 122.533203125
170.0141 302.061309814453
170.9500 240.860122680664
171.8200 3.69517135620117
171.9626 173.831451416016
172.1100 184.639755249023
172.8600 66.0014572143555
173.8200 47.4233512878418
173.9300 33.1464157104492
174.7500 20.8090209960938
174.9500 48.3306465148926
175.0800 33.1550216674805
175.8700 76.7742233276367
176.0000 120.365921020508
176.7573 14.5589275360107
176.8900 37.5576133728027
177.1200 36.0154418945313
178.0300 80.3193893432617
178.6314 3.01123809814453
178.8155 28.9501438140869
178.9400 19.5978870391846
179.0320 33.2834167480469
180.0800 16.3112239837646
180.9573 300.539672851563
181.5900 10.8039426803589
182.0020 62.0804672241211
182.9386 14.6782379150391
183.0200 131.237579345703
183.9947 107.671081542969
184.2500 26.3965492248535
184.9434 124.9716796875
185.8131 51.4638671875
185.9700 53.1242942810059
186.1200 110.400581359863
186.9610 387.132690429688
187.0897 30.9936828613281
188.0000 191.242218017578
188.1400 78.0263137817383
188.9097 180.616729736328
189.0600 218.150848388672
189.9000 11.8230199813843
190.0000 121.895790100098
190.1500 24.8771533966064
190.7945 2.8414306640625
191.0600 160.57096862793
191.7600 50.3922462463379
192.8670 52.0302429199219
193.6907 2.51898193359375
193.8500 82.46728515625
194.2900 12.6410131454468
194.6800 30.821195602417
194.9195 86.0663452148438
195.0300 170.909133911133
195.9752 60.2735481262207
197.0100 326.588531494141
198.0121 303.597076416016
199.0005 292.65478515625
200.1000 11164.6142578125
201.0305 1920.71740722656
201.9424 289.680969238281
202.0929 57.5681838989258
202.9760 207.783447265625
203.7304 25.4446468353271
203.8854 64.1071624755859
204.0000 14.4065227508545
204.6665 10.3120603561401
204.8732 34.3674468994141
204.9400 56.6600875854492
206.0474 7.56628608703613
207.0535 449.561401367188
208.0187 117.707321166992
208.1400 42.4973640441895
208.6400 13.860499382019
209.0343 29.0576934814453
210.0000 85.3081741333008
210.1600 13.3498973846436
211.0100 176.54541015625
212.0689 2368.08081054688
213.0268 2034.171875
213.9200 110.984062194824
214.0424 1158.62109375
214.9900 1939.21875
215.8800 245.23161315918
215.9740 205.052978515625
216.9783 300.211853027344
217.8400 19.1839637756348
217.9183 36.0426635742188
219.8789 74.9507446289063
220.8157 196.863342285156
221.6400 11.5817308425903
221.8614 23.1899299621582
222.2400 11.2530145645142
222.7492 125.084953308105
222.8610 15.3921356201172
224.0200 193.473388671875
224.1600 57.0940551757813
224.9603 117.96760559082
225.0926 140.251342773438
225.9200 271.965911865234
226.0800 479.574645996094
227.0349 344.411712646484
227.7900 20.8836917877197
227.9800 265.353759765625
228.1300 120.349685668945
228.2500 29.4892520904541
228.9458 110.944702148438
229.0600 159.276611328125
229.9301 35.158821105957
230.0456 20.2742385864258
230.9133 63.5501594543457
231.9835 42.9121627807617
233.0005 514.22509765625
233.9734 580.1298828125
235.0353 211.068984985352
235.9324 12.4599952697754
236.1000 12.2679967880249
236.9725 299.954223632813
237.9627 485.665466308594
238.9635 185.704895019531
239.0800 304.361297607422
240.0197 892.436706542969
240.1200 631.268188476563
241.0603 3799.6708984375
242.0700 1883.73266601563
242.1800 28.0711154937744
242.8992 6.07373428344727
243.0387 518.795532226563
243.6300 10.8724212646484
243.9600 33.7084922790527
244.1600 36.886775970459
244.9284 6.93942260742188
245.0355 58.7301979064941
245.1200 39.1697998046875
246.8969 22.5610752105713
248.5800 10.8912057876587
248.8800 24.9322566986084
249.0448 86.7866516113281
250.7400 16.8038730621338
250.9100 168.648315429688
251.0472 45.0499572753906
251.1700 34.8431015014648
251.8400 30.2213096618652
251.9700 205.369064331055
252.1700 60.3046607971191
252.9764 151.988571166992
253.0900 446.324005126953
253.8987 191.246658325195
254.0700 2363.015625
255.0600 1317.75720214844
255.9300 61.4767799377441
256.0900 1440.00756835938
256.8555 74.1120300292969
256.9934 222.206344604492
257.1000 234.326248168945
259.9800 13.3955125808716
260.9300 44.4207801818848
261.1054 32.0720825195313
261.8300 21.3211193084717
261.9800 14.6158847808838
262.9447 47.1265258789063
263.8300 11.1285600662231
264.7099 18.211067199707
265.1200 101.639663696289
265.9000 110.57048034668
266.0700 583.0830078125
266.9600 40.570629119873
267.0802 809.795837402344
268.0100 310.074127197266
268.1200 466.322784423828
269.0104 1160.10522460938
269.1100 409.642547607422
270.0600 5135.66796875
270.9884 596.573364257813
271.0800 502.004760742188
271.8234 83.3523712158203
272.0232 215.587265014648
272.2900 17.6516246795654
272.9700 210.673858642578
273.8600 84.368782043457
274.7391 13.1513824462891
274.8852 36.3809509277344
275.0350 0.351348876953125
275.6600 12.4524354934692
275.8480 38.997688293457
275.9800 36.7997550964355
277.0200 130.602325439453
277.7897 25.7949676513672
277.9200 14.5175142288208
278.0200 79.3492584228516
279.0156 62.4953765869141
279.1153 2.92276382446289
279.7900 19.0081825256348
279.9100 82.7626419067383
280.0200 14.8326692581177
280.1400 148.329177856445
280.7511 5.12520980834961
280.9463 9.32685089111328
281.0600 85.5188140869141
281.1700 36.8772506713867
281.9600 225.95588684082
282.0530 175.657470703125
282.1700 63.9700736999512
282.9481 166.368667602539
283.1200 314.269378662109
284.0798 7935.65673828125
284.9387 112.584106445313
285.0708 1888.31091308594
285.7715 12.7637519836426
286.0200 292.981018066406
286.1900 65.6707229614258
286.8200 77.7061233520508
286.9484 119.778518676758
288.0842 17.3448333740234
288.7400 66.8865814208984
288.8995 433.705749511719
289.8100 46.5444755554199
290.0071 62.1206359863281
290.7100 31.8785285949707
290.8341 13.5324935913086
290.9906 23.4000091552734
292.0600 88.2448654174805
292.8690 519.690612792969
293.7799 0.5963134765625
293.9474 100.266998291016
294.2100 16.3280773162842
294.9400 203.676803588867
295.8200 33.0892524719238
295.9100 53.1308670043945
296.0302 22.8007850646973
296.6900 20.4742031097412
296.9960 134.047409057617
297.9300 100.94856262207
298.1400 262.884155273438
298.9354 48.5760688781738
299.0400 146.069183349609
299.1400 114.011161804199
299.8800 26.9558982849121
300.7800 60.404052734375
300.9866 11.7046375274658
302.8300 23.8140525817871
303.0317 5.77198505401611
304.9500 30.6847534179688
305.1100 12.6297378540039
306.8113 6.80079460144043
306.9855 2.31822395324707
307.9900 211.353363037109
308.1300 294.048583984375
308.8700 12.6044311523438
309.0300 123.299156188965
309.2400 96.8337478637695
310.1501 6689.33056640625
310.9660 206.97412109375
311.1205 1667.72802734375
312.0300 99.5657958984375
312.1300 231.403427124023
312.2500 19.7223625183105
312.9200 42.5835304260254
313.0788 6.343017578125
314.8354 9.05789566040039
315.0700 38.9227676391602
319.2000 20.9373111724854
323.0900 17.7399425506592
323.9500 53.591423034668
324.1400 90.5460586547852
324.2700 24.3596820831299
324.9000 26.6594200134277
325.0600 105.89323425293
326.0054 125.306732177734
326.1300 6561.68212890625
327.1399 14552.3896484375
328.0999 1301.77612304688
328.1700 2178.27392578125
328.7400 15.6038665771484
329.0600 223.289642333984
329.1500 240.24755859375
329.9600 37.1478500366211
330.7800 22.7502689361572
334.8800 22.280460357666
341.0300 52.1584739685059
341.1700 22.6319599151611
341.3300 17.2488212585449
344.9200 11.7218456268311
345.1700 18.1303520202637
346.8100 14.85595703125
349.0000 64.037353515625
350.9000 11.2405948638916
353.1500 14.8236465454102
354.1100 12.2453002929688
362.8900 12.1820440292358
376.9200 14.1399669647217
380.9900 16.4711742401123
400.8800 16.2395896911621
