#"+EI Scan (rt: 5.132-5.214 min, 15 scans) R2M1.D  Subtract "
#Point,X(Thompsons),Y(Counts)
40.1009 3075.31420898438
41.0696 62323.71484375
42.0698 8090.8271484375
43.0798 16393.078125
44.0229 4704.90234375
45.0400 453.935974121094
46.0460 347.736480712891
46.1700 103.467155456543
47.0346 8845.04296875
47.9200 150.481750488281
48.0200 100.834854125977
48.9300 130.340316772461
49.0300 73.1626129150391
50.0100 861.017028808594
50.0600 526.898010253906
51.0217 4553.14013671875
52.0600 2387.91455078125
53.0585 12198.544921875
54.0596 5815.2958984375
55.0698 23960.36328125
56.0602 7356.05078125
57.0733 6693.9296875
58.0600 7248.53857421875
59.0336 8014.123046875
60.0262 505.435150146484
60.9477 206.243072509766
61.0600 2406.79565429688
61.9027 116.367721557617
62.0300 2001.53784179688
63.0241 4163.79296875
64.0300 2431.09716796875
65.0500 11571.5009765625
66.0500 8619.9541015625
67.0600 35425.875
68.0718 6326.068359375
69.0801 37280.46875
70.0600 4752.6552734375
70.9870 74.41748046875
71.0900 488.570709228516
72.0200 164.71272277832
72.0900 261.157501220703
73.0400 2795.94262695313
73.8800 41.2059097290039
74.0353 816.684631347656
75.0051 4052.04760742188
76.0465 9272.787109375
77.0450 61946.12109375
78.0478 15839.8232421875
79.0600 62813.7890625
80.0600 14236.4287109375
81.0396 19742.11328125
81.9058 5.429443359375
82.0598 5804.89013671875
83.0300 1691.87878417969
83.2100 46.9081153869629
83.8700 245.986953735352
83.9800 285.971832275391
84.0900 204.19157409668
84.9334 198.398498535156
85.0600 549.476867675781
85.7400 19.1990528106689
85.8600 32.2622528076172
85.9700 180.301376342773
86.0700 315.469543457031
86.3300 15.0723466873169
86.9937 674.548583984375
87.0900 1251.11657714844
88.0300 20939.923828125
89.0403 24852.41015625
90.0299 54331.6015625
91.0499 70638.546875
92.0600 57287.83984375
93.0596 96875.4296875
94.0600 54259.02734375
95.0600 9647.2958984375
96.0700 3074.20385742188
96.9029 36.9136352539063
97.0206 298.508697509766
97.1200 131.780746459961
97.9800 142.912109375
98.1100 185.279556274414
98.7100 70.4465179443359
99.0500 68.3861236572266
99.1700 96.1068420410156
99.3100 21.6154518127441
99.4300 17.2459697723389
99.6400 59.9812164306641
99.7800 38.3098411560059
99.9000 120.648811340332
99.9677 45.9600524902344
100.1300 106.478004455566
100.2500 12.1138515472412
100.9900 1070.62329101563
101.0700 1048.93920898438
101.1900 49.8322982788086
102.0298 23774.3515625
103.0400 58871.68359375
104.0397 27188.3671875
105.0606 19529.69140625
106.0600 13479.3330078125
107.0702 21716.48828125
108.0700 23440.939453125
109.0470 13535.015625
110.0600 2410.61865234375
110.6400 27.4032497406006
110.8046 38.5294647216797
110.9517 50.449836730957
111.0900 315.373565673828
111.3800 250.919006347656
111.6500 14.41907787323
111.8400 91.6633605957031
111.9800 31.6773490905762
112.1700 78.3615951538086
112.8600 283.506072998047
113.1900 28.3454208374023
113.8600 108.071876525879
114.0100 633.815307617188
114.1400 141.583435058594
115.0100 5080.658203125
115.9800 1465.83752441406
116.0500 6758.63916015625
117.0390 34221.4375
117.9300 300.017761230469
118.0400 11573.185546875
119.0603 13554.6474609375
120.0400 8632.74609375
121.0400 4483.140625
122.0400 2182.68237304688
123.0400 1151.494140625
123.1600 230.297592163086
123.8600 57.0001068115234
124.6000 142.880676269531
124.9400 374.855438232422
125.0688 1058.42797851563
125.2000 1364.44750976563
125.3000 251.249542236328
125.4500 931.299438476563
125.5700 1987.44665527344
125.7600 91.3816680908203
126.1900 58.4694747924805
126.9911 1986.97778320313
128.0401 5197.66162109375
129.0300 32780.79296875
130.0500 24574.27734375
131.0500 127443.1171875
132.0500 20119.04296875
133.0602 11163.8369140625
134.0892 10772.189453125
135.1000 79600.6640625
136.0996 22561.37109375
137.0136 13921.474609375
138.0205 1504.98950195313
138.9879 956.121337890625
139.8200 135.575485229492
140.0300 712.802551269531
141.0100 2122.73291015625
141.9574 290.325164794922
142.0300 2762.09936523438
143.0500 9056.9375
144.0600 20734.0859375
145.0299 357944.21875
146.0300 35473.44921875
147.0147 2885.17944335938
147.0900 745.453247070313
148.0700 2045.92932128906
148.1300 834.330749511719
149.1168 7928.5087890625
150.1300 190236.59375
151.1198 23942.431640625
152.0800 2017.75378417969
152.8600 133.581832885742
153.1200 431.136444091797
153.2800 132.219421386719
153.4200 71.2345123291016
153.6200 244.363082885742
153.7400 805.222106933594
153.9554 592.001159667969
154.1000 289.294860839844
155.0256 4335.2109375
156.0512 9083.2958984375
157.0554 9655.2646484375
158.0404 10938.40625
158.9933 7398.19677734375
159.9976 2054.78833007813
160.1300 94.6929244995117
161.0216 5548.06884765625
161.9700 378.826049804688
162.0500 935.938171386719
162.9368 529.753173828125
163.8100 99.555290222168
164.0300 258.914001464844
164.1900 69.6769104003906
164.9845 326.083801269531
165.0900 900.464965820313
165.9400 348.170440673828
166.0600 303.217895507813
166.2400 26.2660236358643
166.9781 1379.27575683594
168.0553 1665.29736328125
169.0400 3439.75268554688
170.0100 968.490844726563
170.0700 1514.27905273438
171.0476 14195.7099609375
171.9300 57.4382286071777
172.0400 3422.4541015625
172.1500 80.1840286254883
173.0600 2776.40771484375
174.0601 40738.49609375
175.0500 12109.544921875
175.9900 577.631164550781
176.0600 1991.86901855469
177.0296 31326.853515625
177.9500 420.868133544922
178.0400 3289.03588867188
178.9845 529.068237304688
179.1100 140.585952758789
179.9000 239.035903930664
180.0400 757.6630859375
181.0000 1670.85522460938
181.9600 198.846389770508
182.0400 853.173950195313
182.1300 354.673919677734
182.9700 182.669204711914
183.0800 2526.0537109375
184.0600 2291.33227539063
184.1300 177.88069152832
185.0681 10604.4423828125
186.0600 4912.9951171875
186.1400 753.992370605469
186.9373 314.177612304688
187.0700 2448.1796875
187.8900 65.940055847168
188.0100 832.031677246094
188.8836 94.9523620605469
189.0063 236.699508666992
189.1500 87.3183288574219
189.9000 215.558288574219
190.0900 424.638000488281
190.9958 1720.87951660156
191.8500 47.9319458007813
191.9605 153.498260498047
192.0600 481.905639648438
192.9500 934.642761230469
193.0300 418.740753173828
193.9200 306.009246826172
194.0400 442.652770996094
194.9981 2215.01611328125
195.9100 289.31591796875
196.0400 849.398498535156
196.8800 394.263977050781
197.0015 431.883911132813
197.8800 20.4148941040039
198.0340 1224.68481445313
199.0400 5029.7138671875
199.8881 32.6437377929688
200.0482 1266.36352539063
200.1100 910.131530761719
201.0000 1437.33435058594
201.8600 79.1369552612305
201.9959 307.358306884766
202.0700 267.174255371094
202.9645 301.392822265625
203.0900 1331.61376953125
203.7600 19.8157043457031
204.0300 738.788024902344
204.1400 28.4654560089111
205.0800 3877.8916015625
206.0800 1870.13464355469
207.1200 16383.466796875
208.0900 3242.76684570313
208.9574 95.8404998779297
209.0700 836.895568847656
209.1200 451.616851806641
209.7700 17.9220237731934
210.0000 1132.95556640625
210.0900 585.737548828125
210.2400 57.3880653381348
210.9891 3792.07421875
212.0301 1435.78149414063
212.1200 504.658721923828
213.0890 38623.4765625
214.0909 7374.7744140625
214.9962 7206.6142578125
215.9583 1496.53698730469
216.9839 955.868896484375
217.0900 163.275100708008
217.7200 23.0072002410889
218.0400 539.392761230469
218.2800 74.5502777099609
219.0018 4567.74853515625
220.1400 48594.60546875
221.1200 8642.583984375
222.0400 1142.52600097656
222.1400 1329.21643066406
222.9500 664.103942871094
223.0785 707.721496582031
223.8300 88.8720550537109
223.9637 51.5163879394531
224.1000 674.975524902344
225.0332 321.041076660156
225.1600 210.226211547852
225.7900 51.7218551635742
226.0200 601.828674316406
226.1400 330.275360107422
227.0100 577.555114746094
227.1300 118.782356262207
227.8900 148.906494140625
228.0400 723.088439941406
228.1900 492.287902832031
229.0200 1439.51379394531
229.5300 31.6376991271973
229.8100 147.778778076172
230.1159 688.075500488281
230.2200 118.48291015625
230.9501 229.177612304688
231.0900 4454.02490234375
232.0891 6523.173828125
233.0984 411660.3125
234.1075 63273.359375
235.1000 7263.4716796875
236.0558 1827.80236816406
236.9711 4369.4453125
238.0572 4841.982421875
239.0200 2169.490234375
240.0300 275.705627441406
240.1700 99.5891952514648
240.9900 424.109558105469
241.8300 37.539794921875
241.9546 7.45712280273438
242.0500 63.8676948547363
242.1700 13.9710454940796
242.5800 10.2538738250732
242.8638 66.6180877685547
243.0600 178.710006713867
243.7900 11.7206687927246
243.9000 14.8109197616577
244.0300 22.8567008972168
244.2200 59.9932479858398
245.0078 63.4997406005859
245.1000 633.604431152344
245.9600 149.972686767578
246.0700 570.068237304688
246.1800 525.173522949219
246.9800 66.7090606689453
247.0867 875.305480957031
247.1600 487.917388916016
247.8100 38.3410415649414
248.0800 1521.28149414063
248.1400 1340.67785644531
249.1300 5292.787109375
250.1000 5668.9306640625
251.1200 3754.4677734375
252.0600 817.479431152344
252.1400 1402.14416503906
252.9900 398.007415771484
253.1200 219.754852294922
253.8400 21.5373725891113
254.0300 250.549545288086
254.1300 40.597038269043
254.7500 23.1706485748291
254.8600 100.415351867676
255.0000 204.062530517578
255.1000 41.7422065734863
256.0800 42.5153160095215
256.7700 47.8883819580078
256.9438 236.376342773438
257.1000 1056.580078125
257.2400 29.5520095825195
257.9700 263.826751708984
258.1500 871.668395996094
258.9100 90.4662704467773
259.0600 331.637512207031
259.1400 1661.08728027344
259.9400 56.8629951477051
260.0900 587.572998046875
260.1700 885.068420410156
260.3100 16.7483158111572
261.1400 3039.55395507813
261.9000 18.2436141967773
262.0300 281.495697021484
262.1000 584.806396484375
262.1700 432.168762207031
263.0600 618.006530761719
263.1300 2626.44873046875
264.0000 74.7824401855469
264.1100 1359.24096679688
265.1500 9055.8095703125
265.9800 63.6578788757324
266.1400 3253.99560546875
266.9700 290.474029541016
267.1100 551.662536621094
267.2700 79.5231018066406
267.8300 14.2125549316406
268.0200 171.669250488281
268.1500 127.756820678711
268.8300 45.027530670166
269.0700 197.991027832031
269.8600 40.6701240539551
270.0700 1017.52850341797
270.2800 93.9710159301758
270.7500 41.6776275634766
271.0300 1042.80444335938
271.1300 387.003051757813
271.9900 313.758270263672
272.1200 635.612426757813
272.8566 31.9064788818359
273.0466 911.794921875
273.9700 186.965728759766
274.1200 396.46435546875
274.2200 120.542984008789
274.9900 916.395935058594
275.8200 87.1486358642578
276.0137 473.452514648438
276.2500 17.1331272125244
277.0300 1010.74084472656
277.1200 1322.40466308594
278.0900 1018.41436767578
278.1600 1060.38610839844
279.0800 1294.26721191406
279.2200 275.003326416016
280.0100 71.753791809082
280.1500 3553.1630859375
280.7600 17.8969230651855
281.0245 237.195465087891
281.1600 1093.97717285156
281.9500 128.972366333008
282.1400 386.150512695313
282.7100 15.901104927063
283.0400 410.330383300781
283.1200 739.520385742188
283.2500 182.80241394043
284.1200 1025.10583496094
284.2200 314.030578613281
285.0800 1339.40185546875
286.0100 170.086563110352
286.1000 773.174560546875
286.2400 64.5962066650391
287.0500 593.948303222656
287.1417 678.046997070313
288.1600 7810.93505859375
289.1300 12023.35546875
290.1400 6281.57666015625
291.0600 713.573608398438
291.1400 981.491455078125
291.8600 94.1680908203125
292.0200 2.48326110839844
292.0900 213.724655151367
292.1700 169.961975097656
293.0190 1707.880859375
294.1500 189713.25
295.1600 41980.17578125
296.1500 5607.9111328125
297.1300 2825.69311523438
297.1700 1901.60925292969
298.1601 82055.6328125
299.1500 16891.77734375
299.2000 2986.7353515625
300.0300 149.055206298828
300.1500 2826.91943359375
300.9900 182.552093505859
301.1200 297.619659423828
301.3300 22.9887065887451
301.8800 35.4842872619629
302.0700 106.505546569824
302.2200 14.1805782318115
302.7100 19.8778266906738
303.0000 86.894645690918
303.1000 264.562377929688
303.8200 59.2232513427734
304.1100 93.1941070556641
304.2400 65.375617980957
304.8800 11.0318927764893
305.0500 165.132217407227
305.1500 154.964813232422
305.9300 45.4064521789551
306.0700 364.711944580078
306.1600 525.795349121094
306.9050 2.38584136962891
307.0779 370.864410400391
307.1500 187.192901611328
308.1700 13799.486328125
309.0900 884.136901855469
309.1800 4085.69604492188
310.1500 1220.39428710938
310.3200 19.149751663208
310.8100 22.3007831573486
310.9200 95.0804672241211
311.0700 216.562530517578
311.1700 337.979187011719
311.9700 44.0246925354004
312.1600 2821.10693359375
312.9000 52.3986854553223
313.1300 1480.39221191406
314.1300 3336.88793945313
314.1800 3505.92358398438
315.1500 2513.84985351563
315.9500 34.8586349487305
316.0800 227.090957641602
316.2500 187.218704223633
316.9000 14.3464918136597
317.1000 166.812088012695
317.2000 33.1848678588867
317.9800 120.520439147949
318.2100 346.314910888672
318.9600 82.4203109741211
319.1100 390.842224121094
319.2500 42.1110343933105
319.3800 22.5371150970459
320.1300 234.231964111328
320.2500 222.504257202148
321.0200 63.6433525085449
321.1600 105.471466064453
322.1200 414.297698974609
322.2300 241.281158447266
323.0600 185.326156616211
323.1900 478.654571533203
324.0400 163.832702636719
324.1200 159.468948364258
324.2600 110.138656616211
324.9600 29.9826068878174
325.0700 382.630706787109
325.1600 617.126708984375
326.1600 65810.4140625
327.1600 15854.0966796875
327.9100 45.485294342041
328.1700 3320.68310546875
329.0600 452.287048339844
329.1800 116.224662780762
329.7800 11.7961769104004
329.9900 32.4780426025391
330.1000 69.1106414794922
330.2700 14.6638469696045
330.8600 68.1368026733398
331.1200 10.9173269271851
332.1100 10.4455318450928
332.2800 10.8645811080933
332.5400 15.5348625183105
332.8200 55.2932929992676
332.9500 65.9211502075195
333.1500 39.0065650939941
333.9600 40.7153167724609
334.1000 112.741996765137
334.2200 145.604629516602
334.5100 25.0553035736084
335.0700 82.8827438354492
335.1900 701.712341308594
335.2800 277.239440917969
336.0000 86.2640609741211
336.1900 453.013214111328
336.3000 26.4864768981934
337.2100 2735.3427734375
337.3300 43.2836494445801
338.2100 69609.640625
339.2100 23217.142578125
340.2200 15103.5400390625
341.2200 3879.12451171875
342.2100 5396.32470703125
343.1300 1102.12780761719
343.2300 440.051483154297
343.9000 11.9455347061157
344.1800 222.501937866211
344.2900 21.1656093597412
344.9400 54.480167388916
345.0900 104.866386413574
345.9800 10.9560613632202
346.2300 13.7340440750122
347.0300 80.3000411987305
347.1800 51.8406639099121
347.7900 19.4819507598877
348.0400 79.1111068725586
348.2100 110.871864318848
348.3600 102.039505004883
348.6900 25.8776435852051
349.0000 205.115432739258
349.1400 50.1480560302734
349.7600 18.8035221099854
349.9000 75.2692413330078
350.0900 163.190521240234
350.2800 127.251487731934
350.4500 23.773136138916
350.9100 77.6366882324219
351.0300 54.4199714660645
351.1700 86.2526397705078
351.2800 38.3037033081055
351.6200 14.6165819168091
352.0800 39.7667465209961
352.2400 72.0729675292969
352.3800 18.1240482330322
352.8100 61.01708984375
352.9800 152.268707275391
353.0600 42.1979827880859
353.1900 47.3567237854004
353.3000 26.7372303009033
354.2400 8315.0478515625
355.2500 202335.5
356.2500 49883.2421875
357.2000 1269.48669433594
357.2600 4804.482421875
358.0600 40.4617195129395
358.2100 185.578598022461
358.2800 225.304580688477
358.8800 30.1833000183105
359.0300 27.0902614593506
359.1200 31.6498947143555
360.7200 12.8811817169189
361.0600 16.6438865661621
362.0900 220.369277954102
362.2500 309.288848876953
362.4400 10.3103160858154
362.9300 25.0029067993164
363.1300 385.386199951172
363.2400 496.080749511719
363.8500 17.5546054840088
364.0600 108.009689331055
364.2100 351.982849121094
365.0600 144.203140258789
365.2200 169.468124389648
365.3400 111.888549804688
366.0300 82.1838455200195
366.1600 790.616821289063
366.3700 52.6869926452637
367.0700 135.478317260742
367.2000 381.816955566406
368.1000 304.46337890625
368.2300 956.197875976563
368.3100 215.689392089844
368.9600 13.0336303710938
369.1100 218.224899291992
369.2700 236.377487182617
369.9700 14.349666595459
370.3200 13.8078126907349
370.6500 28.7605419158936
370.9300 38.9297637939453
372.0300 11.374906539917
372.8000 13.2061634063721
377.1100 13.7368440628052
381.0300 50.8021240234375
381.2000 110.361213684082
382.2300 5927.10986328125
383.2400 123842.9140625
384.2500 33554.90234375
385.2500 4593.54345703125
386.0200 35.5284576416016
386.2300 427.747772216797
387.2800 24.9109668731689
401.0700 14.4148397445679
405.0300 13.0914325714111
465.1000 22.4423084259033
539.1000 14.4336090087891
