#"+EI Scan (rt: 5.121-5.208 min, 16 scans) R7M1.D  Subtract "
#Point,X(Thompsons),Y(Counts)
40.1000 2898.99951171875
41.0800 57227.65625
42.0688 7497.45361328125
43.0804 15051.12109375
44.0243 4421.59765625
44.9721 432.202087402344
45.0800 124.369750976563
45.9467 96.3550720214844
46.0500 384.248504638672
47.0595 8424.2353515625
47.9300 72.419189453125
48.0400 73.8553924560547
48.1500 31.5964050292969
48.8000 36.4628791809082
48.9500 108.981384277344
49.0200 98.5477981567383
50.0000 767.744140625
50.0739 515.496887207031
50.9295 236.133880615234
51.0376 3908.03491210938
51.9000 25.6992454528809
52.0400 2275.0458984375
53.0493 11467.23046875
54.0600 5715.56884765625
55.0693 22680.9296875
56.0600 7158.29638671875
57.0682 5917.28076171875
58.0700 6578.21728515625
59.0367 7739.3759765625
60.0500 770.872131347656
60.7600 27.1877517700195
61.0415 2303.78735351563
61.9949 1956.52941894531
63.0300 4235.5576171875
64.0109 1977.55712890625
65.0500 11018.4111328125
66.0600 8072.45361328125
67.0599 32879.51171875
68.0700 5862.5341796875
69.0787 33443.484375
70.0696 4448.15478515625
70.9434 156.933563232422
71.1000 515.1396484375
71.8800 71.9694290161133
72.1341 184.43962097168
73.0365 2871.60571289063
73.9900 640.016418457031
74.0724 245.239501953125
75.0300 3668.96069335938
76.0514 8505.4228515625
77.0387 57067.48828125
78.0332 15252.2451171875
79.0596 55919.02734375
80.0596 13283.8837890625
81.0507 18206.1953125
82.0470 5230.3955078125
82.9000 159.0009765625
83.0190 1398.61560058594
83.8600 128.905624389648
83.9900 208.783996582031
84.0807 195.429931640625
84.9126 147.323822021484
85.0000 444.065063476563
85.1000 141.106689453125
85.8800 72.9936218261719
85.9900 252.923614501953
86.1200 174.953735351563
86.8100 29.6741981506348
86.9924 876.042602539063
87.0800 939.841064453125
88.0298 18377.390625
89.0400 22154.095703125
90.0395 48271.49609375
91.0593 63239.47265625
92.0698 51663.74609375
93.0700 89826.3984375
94.0600 49298.37890625
95.0610 8216.8046875
95.9300 186.507263183594
96.0650 2302.08081054688
96.8883 88.5125579833984
97.0100 345.763702392578
97.1257 148.013122558594
97.9300 285.971435546875
98.0900 127.563995361328
98.5400 11.572582244873
98.7300 106.086753845215
98.9500 97.5078430175781
99.2800 17.7865867614746
99.5300 14.6854190826416
99.8200 71.4861297607422
99.9500 225.220718383789
100.1100 29.636890411377
100.8600 67.4498062133789
101.0400 2121.8759765625
102.0294 21086.078125
103.0300 53646.93359375
104.0400 24108.8359375
105.0500 18121.478515625
105.9800 138.548080444336
106.0600 11971.1591796875
107.0701 20087.203125
108.0694 21248.080078125
109.0396 12510.3408203125
110.0700 2111.34741210938
110.7700 101.389709472656
110.8800 213.707427978516
110.9900 312.005615234375
111.1107 62.5953369140625
111.3500 112.039291381836
111.5100 30.8353614807129
111.6500 42.1994476318359
111.7963 28.7745971679688
111.9000 77.7268829345703
112.1000 11.0397415161133
112.4100 24.6886596679688
112.8500 85.0054321289063
113.1200 193.25048828125
113.9300 411.277648925781
114.0900 339.784515380859
115.0331 4301.2353515625
116.0300 6934.134765625
117.0374 30238.154296875
118.0500 10453.7890625
119.0598 12490.2099609375
119.8600 71.229621887207
120.0400 7739.92041015625
121.0400 4189.0107421875
121.1700 62.2594909667969
122.0000 717.670776367188
122.0800 1174.76379394531
123.0075 1267.72241210938
123.5300 14.3347568511963
123.7000 12.4463500976563
123.9100 80.8096313476563
124.2800 24.7316551208496
124.4300 170.898330688477
124.6400 80.3951950073242
125.0100 283.762054443359
125.1200 2297.04760742188
125.3000 493.424041748047
125.4200 1068.42980957031
125.5800 1686.27709960938
125.6900 216.370513916016
126.0100 100.782257080078
126.2300 124.711860656738
126.8893 19.1160583496094
127.0300 1428.81103515625
127.1600 163.870239257813
127.9400 226.00016784668
128.0407 4441.90576171875
129.0298 29487.54296875
130.0500 21639.669921875
131.0500 114334.5390625
132.0497 18352.728515625
133.0600 10128.1748046875
134.0900 10091.22265625
135.1088 70405.4609375
136.0983 19743.392578125
137.0165 14211.25
138.0182 868.581420898438
138.0900 646.1015625
139.0067 1169.77758789063
139.9300 333.627716064453
140.0236 92.2411270141602
140.1200 213.084014892578
141.0000 1813.94140625
142.0192 2765.97802734375
143.0500 8655.951171875
144.0502 18484.837890625
145.0300 320572.75
146.0300 32430.546875
147.0186 2993.71752929688
147.9500 205.576049804688
148.0700 2060.3828125
148.1600 336.10107421875
148.9300 111.62964630127
149.1200 7082.953125
150.1300 169001.109375
151.1200 20718.244140625
152.1000 1766.19384765625
152.7000 76.6362762451172
153.0400 218.529907226563
153.1700 492.803131103516
153.2800 112.57096862793
153.7300 409.375671386719
153.8300 271.181549072266
154.0200 1029.78955078125
154.1600 18.2430839538574
155.0225 4621.052734375
156.0427 7932.85302734375
157.0600 9857.0439453125
158.0498 9855.7109375
158.9909 8046.716796875
160.0200 2860.36206054688
161.0183 4998.8623046875
161.9600 397.260528564453
162.0400 832.9287109375
162.9900 1453.08325195313
163.9100 65.7315673828125
164.0400 296.374603271484
164.2200 28.5093402862549
164.6600 15.3627548217773
164.9813 578.858459472656
165.0900 490.252899169922
165.8100 15.8546600341797
166.0100 508.372161865234
166.2200 44.0388412475586
166.9950 1256.89453125
167.9100 49.2483673095703
168.0100 1057.65649414063
168.1000 749.729248046875
168.8701 0.318351745605469
169.0510 2863.81640625
169.9400 200.855163574219
170.0500 2226.01123046875
171.0491 12929.5087890625
171.9100 172.933746337891
172.0400 3029.00756835938
173.0514 2371.958984375
174.0600 36394.53515625
174.9300 120.104354858398
175.0600 10950.9296875
175.9100 84.4729766845703
176.0400 2072.68627929688
176.1700 20.0915584564209
177.0300 28120.1953125
177.9900 1211.24340820313
178.0500 2075.97900390625
178.9930 534.28662109375
179.8000 77.8461227416992
180.0200 627.189331054688
180.1700 217.53288269043
180.9598 955.557922363281
181.8000 15.6329736709595
182.0000 602.37744140625
182.0800 617.834594726563
183.0000 419.815856933594
183.0600 1752.90466308594
183.8100 21.4552192687988
184.0200 1624.08972167969
184.0900 501.76611328125
185.0800 10324.734375
185.9800 77.5004043579102
186.0800 4987.28955078125
186.8100 52.9541091918945
187.0304 2341.29052734375
187.9800 457.234497070313
188.1000 230.499542236328
188.5000 31.3460578918457
188.9400 273.980712890625
189.0500 223.780303955078
189.8000 55.8933715820313
189.9700 234.58447265625
190.0600 267.490783691406
191.0200 1594.94262695313
191.8600 142.590667724609
192.0111 304.068542480469
192.1000 111.00325012207
192.9200 797.516479492188
193.0100 654.246215820313
193.8900 92.6674346923828
194.0145 474.925048828125
194.9900 1711.89904785156
195.9900 662.433349609375
196.0900 266.991638183594
196.8400 92.9079284667969
196.9955 840.730102539063
198.0275 1283.23583984375
199.0500 4422.80615234375
200.0400 2322.79809570313
200.1700 45.0326614379883
200.7100 100.517379760742
201.0400 968.202331542969
201.9400 242.433517456055
202.0300 591.532592773438
202.9705 817.670471191406
203.0800 846.889831542969
203.9600 338.539947509766
204.1100 282.458709716797
204.2100 10.3846282958984
205.0800 3356.12622070313
205.9000 123.434875488281
206.0300 327.759307861328
206.1300 1152.72436523438
207.1100 14757.3046875
208.0400 1207.36743164063
208.1100 1890.12365722656
208.9955 102.452819824219
209.0900 943.156494140625
209.9100 155.392700195313
210.0600 1419.01879882813
211.0055 3315.81689453125
212.0556 2455.22119140625
213.1100 35788.23046875
214.0950 6341.71630859375
214.9892 7612.98046875
215.9789 1447.26025390625
216.9951 1005.38720703125
217.8500 198.615112304688
218.0062 368.099212646484
218.2600 36.5679321289063
219.0146 4560.18115234375
220.1300 42403.2578125
221.1100 7255.5205078125
222.0100 244.082336425781
222.1100 2014.220703125
222.9432 524.125854492188
223.0470 371.686767578125
223.9900 343.161895751953
224.1000 657.117736816406
224.7900 38.4767456054688
224.9862 373.330810546875
225.0914 58.2056579589844
225.9200 47.9375419616699
226.0800 868.999267578125
226.7400 30.1354713439941
227.0211 95.1415557861328
227.0800 304.266204833984
227.2200 54.2116584777832
227.8300 58.1302528381348
228.0100 348.029754638672
228.1300 712.895385742188
228.3400 15.7490339279175
228.9200 41.8424835205078
229.0343 183.099670410156
229.1100 702.62841796875
229.7900 25.6647281646729
230.0000 312.546691894531
230.1500 701.213012695313
230.3700 11.7924203872681
231.0818 4412.5087890625
232.0900 5179.1318359375
233.1100 377737.65625
234.1100 57331.23046875
235.0900 6249.10546875
236.0200 1268.58459472656
236.1200 448.331573486328
236.9865 5008.4111328125
237.9100 208.8779296875
238.0552 4011.89111328125
238.9913 1223.27758789063
239.1200 175.623229980469
239.7800 36.6623420715332
239.9300 110.846092224121
240.0600 289.539947509766
240.2200 28.7167224884033
240.7700 43.6182518005371
240.8863 350.213684082031
241.0110 67.14453125
241.6500 10.8893947601318
241.9000 63.1184768676758
242.0061 110.747825622559
242.1700 28.0100212097168
242.9100 189.899032592773
243.1000 81.9067764282227
243.8500 66.9581451416016
243.9400 34.7786407470703
244.1100 31.8989906311035
244.8100 13.2041959762573
244.9625 56.1964263916016
245.0700 591.429443359375
245.2400 30.2467231750488
246.0700 491.1513671875
246.1600 434.748626708984
246.8100 18.5602550506592
247.0441 655.282592773438
247.1600 552.665832519531
248.0400 491.72216796875
248.1300 1985.03930664063
248.2800 51.7793235778809
249.1100 4961.9794921875
250.1000 4993.728515625
251.1100 3203.76513671875
252.0100 77.6339263916016
252.1300 1989.68872070313
252.8000 22.9778213500977
252.9700 272.855895996094
253.0900 532.78759765625
254.0000 231.584976196289
254.1100 83.8925628662109
254.2600 18.5572566986084
254.8700 43.7955207824707
254.9900 227.410598754883
255.8400 23.4103126525879
255.9600 42.0262794494629
256.0900 53.6843566894531
257.0200 813.532653808594
257.1300 639.393005371094
257.9200 63.4950523376465
258.0600 513.621520996094
258.1700 477.915100097656
259.1200 1764.13439941406
260.0800 470.048828125
260.1600 844.756652832031
261.1200 2096.22094726563
261.1900 609.006530761719
262.0600 411.080169677734
262.1800 754.843017578125
263.1300 2735.49877929688
264.1200 1434.19287109375
265.1500 8200.1298828125
265.9300 23.4460124969482
266.1600 2854.42993164063
266.8900 35.5761528015137
267.0100 567.880187988281
267.1300 323.553100585938
268.0600 224.641998291016
268.1700 33.1367492675781
269.0421 98.43603515625
269.8000 25.6121959686279
270.0600 975.723999023438
270.1700 20.5789775848389
270.9800 450.958618164063
271.0800 990.636840820313
271.8900 59.8575134277344
272.0800 533.052795410156
272.1900 449.006195068359
273.0000 1019.70123291016
273.1100 385.748992919922
274.0000 440.318023681641
274.1200 153.671264648438
274.2400 56.4933891296387
274.8700 361.197540283203
275.1300 77.2190322875977
275.7600 33.3467254638672
275.9800 261.857086181641
276.0900 176.578720092773
277.0800 2045.79516601563
278.0200 283.090057373047
278.1300 1621.29541015625
278.5900 11.0639314651489
279.0166 265.578491210938
279.1400 908.891479492188
280.1300 1229.2294921875
280.1800 2198.853515625
281.0307 367.201232910156
281.1300 1162.54809570313
282.0500 261.958770751953
282.2000 102.519638061523
282.9000 95.1168899536133
283.0500 437.827789306641
283.1300 561.850891113281
283.3100 19.7761344909668
283.8900 20.5003814697266
284.0700 417.581115722656
284.1600 597.732055664063
284.9000 122.487174987793
285.0015 515.052856445313
285.1400 79.5724411010742
286.0000 375.551483154297
286.0963 327.278381347656
287.1000 1548.57653808594
288.1600 7351.41015625
289.1300 10758.8408203125
290.1500 5502.1875
291.1000 1368.33325195313
291.8700 40.1084747314453
292.0100 313.576538085938
292.1600 277.382690429688
292.3000 59.4931831359863
293.0018 2929.15844726563
294.1600 175887.609375
295.1600 37997.5859375
295.9847 53.4113845825195
296.1488 4527.40283203125
296.2900 69.0768966674805
296.9700 114.026779174805
297.1300 4334.06005859375
298.1600 72832.8984375
299.1600 17538.28125
300.0600 76.1417083740234
300.1600 2727.2158203125
300.9300 116.756683349609
301.0300 408.363403320313
301.2200 35.9391708374023
301.9000 62.8861312866211
302.0800 111.05525970459
302.3300 14.3668899536133
302.8200 30.9924659729004
302.9800 138.89094543457
303.0795 213.309265136719
303.1700 69.085563659668
303.9100 82.7039337158203
304.0331 61.9608688354492
304.2100 56.5049819946289
304.8600 58.6407470703125
305.0600 247.703018188477
305.1800 59.6354866027832
305.9500 63.5199851989746
306.0700 68.0186538696289
306.1800 671.552856445313
306.3900 14.0501956939697
307.1200 660.288879394531
308.1800 12463.2421875
309.1600 4994.3056640625
309.9900 40.0222511291504
310.1100 550.373107910156
310.2100 575.596801757813
310.9523 57.6929702758789
311.0600 291.879241943359
311.1800 177.510162353516
312.1400 1960.41271972656
312.2100 674.350769042969
313.1200 721.392883300781
313.1700 685.762329101563
314.1600 6041.85791015625
314.8400 18.9657592773438
315.0000 67.4496002197266
315.1500 2052.9921875
315.8600 60.8790702819824
316.0400 172.946319580078
316.2400 151.024215698242
316.9300 41.2212371826172
317.1200 168.199447631836
317.3600 9.99095153808594
317.9200 83.5092926025391
318.1500 298.86865234375
318.2700 51.7519607543945
318.4200 12.5951986312866
318.8600 20.0489463806152
318.9700 52.5206413269043
319.0900 136.48161315918
319.1900 271.763732910156
320.0100 152.059371948242
320.2100 157.663909912109
320.3300 41.4598922729492
320.8600 29.3302345275879
321.0200 31.2833480834961
321.2200 64.7040557861328
321.3300 27.3733596801758
322.1200 349.662445068359
322.2300 124.430892944336
322.7900 12.4021530151367
323.0200 130.517227172852
323.1500 348.065002441406
323.2500 61.9149589538574
323.8700 15.9869241714478
323.9700 82.9662170410156
324.0900 146.173263549805
324.1600 127.851989746094
324.9800 18.1947574615479
325.1000 790.077331542969
325.2100 192.966949462891
326.1600 57818.13671875
327.1600 14565.8720703125
328.1100 1168.49853515625
328.1900 1877.443359375
328.8700 27.5308074951172
329.0200 117.392669677734
329.1300 288.956848144531
329.2700 90.4229278564453
330.2800 10.0604124069214
330.8600 111.53727722168
331.0500 28.6828422546387
332.7000 26.5893154144287
332.9900 33.2647247314453
333.0900 27.0445251464844
334.0200 116.805534362793
334.2100 159.352416992188
334.3700 18.9111042022705
334.6900 10.817777633667
335.0200 36.5460968017578
335.1700 788.555847167969
335.2800 146.944885253906
336.0000 46.6485023498535
336.1300 243.093048095703
336.2400 232.550903320313
337.0400 46.0567359924316
337.1900 2476.4345703125
337.3100 50.6966094970703
338.2100 61896.03515625
339.2200 21850.34765625
340.2100 14104.029296875
341.2200 3356.25708007813
342.0400 42.2172088623047
342.2000 4685.04931640625
343.1000 630.715759277344
343.2200 744.24853515625
344.0200 35.967041015625
344.1200 134.221038818359
344.2700 19.9743633270264
344.4100 17.4407596588135
344.7000 26.0949172973633
344.9700 69.0588989257813
345.1200 84.7468643188477
345.9000 11.5024862289429
346.0300 10.327693939209
346.2300 13.7965278625488
347.0300 99.7987823486328
347.2100 17.1322154998779
347.9900 61.0852165222168
348.1400 79.5988082885742
348.3800 49.8289756774902
348.9000 125.793106079102
349.0100 132.607269287109
349.1300 23.0943450927734
349.8800 13.7324647903442
350.0600 198.568313598633
350.1400 173.390258789063
350.2600 56.5201072692871
350.9200 92.9787445068359
351.1500 79.8281021118164
351.2600 23.5678272247314
351.8900 10.8250503540039
352.1000 26.4892616271973
352.2400 59.2735900878906
352.4000 69.3237609863281
352.7300 55.0515899658203
353.0300 100.409286499023
353.1500 76.8748321533203
354.2300 7376.49951171875
355.2600 183325.859375
356.2500 45425.04296875
357.2400 5035.681640625
357.3400 436.603332519531
358.0900 88.1244964599609
358.2100 277.873992919922
358.3400 109.322647094727
358.8200 13.5259552001953
359.1600 24.195405960083
359.8500 10.2576274871826
360.7800 20.0803146362305
362.0300 103.584823608398
362.2000 329.959503173828
362.2900 120.194190979004
363.1300 411.057495117188
363.2400 603.657653808594
364.0100 137.919570922852
364.2100 277.696166992188
364.3100 126.773239135742
364.4100 20.2068634033203
365.0600 67.8725738525391
365.1600 200.155883789063
365.3400 58.5842781066895
366.0800 378.837371826172
366.2200 408.183624267578
366.8200 13.5633230209351
367.0900 384.837890625
367.2200 107.914367675781
367.7800 19.1560535430908
367.9000 34.6797370910645
368.1300 416.981262207031
368.2000 626.033081054688
368.3000 254.928436279297
368.9900 67.8226165771484
369.1200 239.167282104492
369.5500 22.7309341430664
370.1300 24.7832412719727
371.0200 42.1301002502441
371.1600 23.0841674804688
375.9900 11.8809146881104
380.9400 36.8751220703125
381.0500 83.1733703613281
381.1600 140.27522277832
382.0100 70.7180252075195
382.2300 5700.880859375
383.2500 115517.71875
384.2500 30115.416015625
385.1500 255.281463623047
385.2800 4009.49658203125
386.1900 351.990844726563
386.3400 43.4300918579102
387.0300 11.4420261383057
387.1700 10.6043500900269
407.0000 10.6582689285278
504.7400 9.5333080291748
