#"+EI Scan (rt: 6.438-6.560 min, 22 scans) R1M1.D  Subtract "
#Point,X(Thompsons),Y(Counts)
40.1000 382.263214111328
41.0700 14597.6845703125
41.9000 46.4126091003418
42.0516 1808.27612304688
42.9200 59.2962684631348
43.0676 4239.458984375
44.0373 6299.52587890625
45.0100 815.774780273438
45.8600 70.6532516479492
46.0000 83.1582183837891
46.1100 60.5728378295898
47.0200 2517.93212890625
47.8400 15.3689785003662
48.0100 8.9991979598999
49.8900 247.506820678711
50.0608 90.2985382080078
51.0035 576.260620117188
51.0800 165.983901977539
51.8300 12.1661987304688
51.9300 136.542434692383
52.0376 182.530227661133
52.9689 531.354553222656
53.0800 633.074890136719
53.8100 18.6001358032227
53.9797 236.814880371094
54.1100 159.645111083984
54.2100 35.1545448303223
55.0478 2167.47143554688
56.0000 623.528503417969
56.0800 591.469543457031
57.0700 9233.3251953125
57.9500 86.3343353271484
58.0500 248.437377929688
58.1200 300.067413330078
59.0215 2458.36328125
59.9100 214.216201782227
60.1500 25.3923015594482
60.9400 329.476470947266
61.0500 582.12841796875
61.8200 21.7976398468018
61.9598 276.679931640625
62.0500 133.345321655273
62.1800 44.0600967407227
62.9017 49.2674255371094
63.0300 1073.00280761719
63.7800 9.80845737457275
63.9534 68.18212890625
64.0900 133.798187255859
64.2900 19.322135925293
64.7400 20.2867889404297
64.9374 406.130126953125
65.0601 3.90132141113281
65.8300 71.6901016235352
65.9500 132.168807983398
66.1000 107.922073364258
66.8900 70.5155715942383
67.0243 707.235534667969
67.1200 60.6026382446289
67.9300 141.867568969727
68.0700 283.594573974609
68.1700 116.123687744141
68.3000 9.69393539428711
69.0700 6105.95947265625
69.9700 110.855339050293
70.0600 1266.08825683594
70.1900 11.7005062103271
70.8900 31.7497882843018
71.0039 248.251434326172
71.1300 196.622375488281
71.8400 31.4344291687012
71.9600 95.0715026855469
72.0700 201.252624511719
73.0196 1472.19140625
73.9830 583.882568359375
75.0400 1180.32043457031
75.7300 19.6622409820557
75.8800 17.7796306610107
75.9840 961.050231933594
76.0800 217.470352172852
76.2000 42.1613426208496
77.0342 3704.3681640625
78.0162 2786.35302734375
79.0300 1045.42822265625
79.8600 117.784591674805
80.0600 85.7642517089844
80.9678 1073.95629882813
81.8200 59.379711151123
81.9300 258.313781738281
82.0000 95.1296157836914
82.1100 140.378982543945
82.5000 10.0621681213379
82.9153 11.696044921875
83.0400 693.869079589844
83.7000 16.3665390014648
83.8500 109.807838439941
84.0300 293.626007080078
84.1800 44.0890922546387
84.8700 146.668197631836
84.9786 228.068237304688
85.0800 90.6492233276367
85.1900 17.6181812286377
85.8300 54.1022911071777
86.0000 264.717315673828
86.1100 416.143920898438
86.8500 146.463790893555
86.9900 715.455871582031
87.7800 18.8156871795654
87.9300 465.078216552734
88.0200 1448.72180175781
89.0104 4564.89697265625
89.0600 2019.36877441406
89.9800 783.054321289063
90.0900 497.636199951172
90.9837 433.323272705078
91.0800 298.664672851563
91.8000 26.6675472259521
91.9100 111.229133605957
92.0300 76.5780334472656
92.7400 32.4854850769043
92.8300 184.817276000977
93.0900 116.785842895508
93.6100 7.20415496826172
93.7800 32.4282188415527
93.9000 53.3295516967773
94.1400 64.3472595214844
95.0000 194.002090454102
95.2000 22.8359699249268
95.6500 17.8624038696289
95.8200 89.4039001464844
95.9400 96.0336456298828
96.0930 26.0792236328125
96.2400 8.90742111206055
96.7400 25.3756656646729
96.9900 259.182952880859
97.1200 87.4722366333008
97.8900 37.6939468383789
98.0000 174.404174804688
98.1400 74.4083557128906
98.2900 24.2484874725342
98.4800 9.28203105926514
98.8600 124.566947937012
99.0000 209.150329589844
99.1300 120.617622375488
99.7800 9.67984962463379
99.9000 170.848403930664
100.0300 462.639251708984
100.1600 35.7579193115234
100.9300 37.6405029296875
101.0300 3125.76708984375
102.0300 7974.7470703125
103.0220 3574.50317382813
103.9400 355.080139160156
104.0500 383.059448242188
104.2400 14.7940912246704
104.8200 37.6487426757813
105.0082 45.6599426269531
105.7700 14.7534952163696
105.9400 159.082855224609
106.0800 21.9403438568115
106.2200 19.8954296112061
106.7300 50.9519157409668
106.8900 75.8570556640625
107.0100 211.967086791992
107.0900 35.7515258789063
107.7000 8.49264335632324
108.0100 38.8056030273438
108.9876 553.691162109375
109.9600 212.774017333984
110.0600 95.2305603027344
110.6700 7.89376401901245
110.8100 60.161693572998
110.9382 109.941940307617
111.3800 14.1921634674072
111.7300 16.4254417419434
111.8600 125.219779968262
112.0200 129.658142089844
112.1800 39.0808143615723
112.3300 7.32947969436646
112.8795 16.0521240234375
113.0000 404.646514892578
113.1100 98.1138916015625
113.8900 93.4505310058594
114.0200 3136.96508789063
115.0188 10608.8876953125
116.0300 20147.330078125
117.0092 3785.3369140625
117.9966 1256.037109375
118.9700 283.665191650391
119.0800 62.3088035583496
119.8000 32.4429664611816
119.9500 24.5184268951416
120.0900 56.9920043945313
120.6800 25.0694255828857
120.8600 135.366607666016
121.0271 132.326446533203
121.1900 59.2664909362793
121.4400 38.7566986083984
121.6500 34.6688232421875
121.8000 86.8567657470703
122.0300 13.0285062789917
122.8900 192.969955444336
123.8200 46.2263717651367
124.0200 54.342472076416
124.9100 312.928924560547
125.8500 147.893417358398
125.9700 132.631271362305
126.0700 111.750480651855
126.8808 84.3070373535156
127.0200 867.264465332031
127.1400 91.4045562744141
128.0300 9016.1806640625
129.0300 16052.072265625
130.0400 13099.2900390625
130.9900 1757.98168945313
131.0700 749.161865234375
131.8800 116.668830871582
132.0100 444.334777832031
132.1400 110.593406677246
132.8800 269.056762695313
133.0900 176.194961547852
133.7000 44.2704582214355
133.8100 30.7510051727295
133.9700 55.6653213500977
134.1100 20.0965404510498
134.2300 8.50897598266602
134.9566 380.569549560547
135.0617 106.450439453125
136.0315 273.60498046875
136.1400 33.0160255432129
137.0044 4629.81640625
137.9749 878.631713867188
138.8900 135.945938110352
139.0040 165.2265625
139.1000 76.3163452148438
139.7100 25.9775505065918
139.8700 191.427581787109
140.0200 417.528503417969
140.1400 129.377212524414
140.8300 75.1379852294922
140.9401 646.752685546875
141.1100 248.765975952148
142.0300 1992.08117675781
142.1300 226.08251953125
143.0203 15444.744140625
143.1400 119.384429931641
144.0302 57937.73046875
145.0280 6655.78564453125
145.8600 39.8372688293457
146.0000 802.015625
146.8100 50.5213851928711
146.9456 71.6003875732422
147.0800 133.546508789063
147.8400 53.9335327148438
147.9700 81.8547286987305
148.0500 267.456665039063
148.9200 104.506080627441
149.0500 100.471946716309
149.8300 20.0865039825439
150.0800 67.2703628540039
150.7900 59.300220489502
150.9000 161.619277954102
150.9931 180.607666015625
151.8700 123.862693786621
151.9800 125.951751708984
152.2400 10.3056325912476
152.7400 19.9666862487793
152.9798 213.512878417969
153.0900 289.097351074219
154.0500 1951.67614746094
155.0225 4659.56103515625
156.0210 3348.76782226563
157.0200 5259.654296875
158.0000 1418.33740234375
158.0700 1041.63671875
158.9793 1067.67431640625
159.9100 515.661193847656
160.9500 656.243835449219
161.0700 24.6109199523926
161.9700 77.603759765625
162.0700 61.0165176391602
162.7800 78.499382019043
163.8833 12.9813079833984
164.0300 28.2046279907227
164.7600 23.9223346710205
164.9600 264.599761962891
165.0600 77.277214050293
165.6800 11.2724905014038
165.8800 41.0734024047852
165.9600 127.251411437988
166.0800 87.0981216430664
166.9400 495.670257568359
167.0400 712.732849121094
167.9100 135.135345458984
168.0600 1219.7763671875
168.9233 112.695053100586
169.0500 870.520874023438
169.9461 55.3881072998047
170.0512 4130.29638671875
171.0400 1663.45556640625
171.8200 56.1937713623047
171.9500 279.036254882813
172.0900 366.993865966797
173.0400 5724.46142578125
173.9000 81.8972015380859
174.0500 1166.61828613281
174.9200 87.8822250366211
175.0500 108.270881652832
175.1600 18.1799755096436
175.6900 7.528648853302
175.8400 65.3695907592773
176.0100 421.673706054688
176.1500 43.4951934814453
176.7900 36.6299934387207
176.8773 44.4200897216797
177.0000 184.52490234375
177.6800 10.2401609420776
177.8500 29.9959545135498
178.0300 66.5854721069336
178.1700 7.48728656768799
178.7300 11.0866622924805
178.8300 64.6014404296875
178.9800 216.372329711914
179.1400 8.74339866638184
179.7000 9.11869335174561
179.8500 119.770820617676
179.9700 219.418518066406
180.1600 16.2714080810547
180.7600 29.9100723266602
180.9700 876.765686035156
181.8800 110.465705871582
182.0200 446.764282226563
182.1200 180.271911621094
182.9615 475.605102539063
183.0800 245.884414672852
183.8200 47.4460716247559
183.9800 897.381896972656
184.0800 1236.53955078125
184.7800 23.7155818939209
185.0100 1199.94506835938
185.7400 15.2687520980835
185.9800 277.398986816406
186.1000 237.854309082031
186.7000 14.0947999954224
186.9700 459.2421875
187.0800 161.908843994141
187.8300 29.9535140991211
188.0000 74.3456954956055
188.1900 25.7049732208252
188.4100 7.21620655059814
188.7100 46.29296875
188.9700 109.25422668457
189.0600 51.3158836364746
189.2500 10.3310956954956
189.8900 8.38468551635742
190.9169 388.799163818359
191.9300 191.322372436523
192.0600 57.116771697998
192.8000 29.1807727813721
192.8932 173.018096923828
193.8300 143.846237182617
194.0500 67.2442092895508
194.6800 58.8784332275391
194.9400 1137.57531738281
195.0300 221.010498046875
195.9000 282.78662109375
196.0393 181.081726074219
196.4200 12.8256807327271
196.9000 510.220397949219
197.8300 47.5861320495605
197.9994 448.240295410156
198.0800 427.718658447266
198.3800 22.5256309509277
198.8900 163.02392578125
198.9867 539.372863769531
199.1000 86.5014343261719
199.5400 8.58869361877441
199.9600 354.246826171875
200.0900 173.169815063477
200.2500 12.5440950393677
200.9900 547.428283691406
201.8900 32.5431365966797
201.9800 242.619323730469
202.1000 86.4924697875977
202.8274 179.551818847656
202.9836 194.837768554688
203.1200 36.5883445739746
203.7700 10.239501953125
203.9100 82.1896896362305
204.0800 683.391540527344
204.1600 190.056015014648
205.0196 513.583435058594
205.1100 1582.28479003906
205.9600 32.7965965270996
206.0900 949.288513183594
206.1900 289.523620605469
206.9987 663.256042480469
207.9000 170.356201171875
208.0300 144.670684814453
208.1200 132.299453735352
208.7000 13.6714420318604
209.0100 230.515335083008
209.1700 48.3057708740234
209.8000 22.9239730834961
209.9300 146.39404296875
210.0600 402.775848388672
210.9000 227.599594116211
211.0045 989.271484375
212.0700 4560.3388671875
213.0200 1295.97888183594
213.1100 386.832824707031
213.8500 87.5658950805664
214.0200 388.405822753906
214.1800 11.772497177124
214.9856 2613.9990234375
215.9467 459.6181640625
216.9900 1023.61175537109
217.7800 8.90610027313232
217.9162 111.078994750977
218.0500 111.655426025391
218.9456 268.723876953125
219.7500 48.0643196105957
219.9248 50.8986206054688
220.0600 26.455680847168
220.7500 58.797908782959
220.9400 308.733825683594
221.0300 189.924087524414
221.8300 45.6156845092773
221.9700 45.6329917907715
222.8000 134.916000366211
222.9327 201.978851318359
223.4800 22.643871307373
223.6900 22.0231132507324
223.8900 55.4745483398438
224.0000 53.744873046875
224.1600 6.85903120040894
224.4700 12.9767513275146
224.6600 36.8294982910156
224.7700 27.6195068359375
225.0200 104.378593444824
225.2000 49.1026611328125
225.7300 42.1367073059082
225.9400 128.917205810547
226.0800 92.5377578735352
226.2600 9.70458889007568
226.6100 21.6583271026611
226.7600 57.4659042358398
226.8700 50.3513336181641
227.0200 194.140151977539
227.1400 116.939765930176
227.6400 10.0426340103149
227.7500 7.81748914718628
228.0000 385.229461669922
228.1809 21.4042282104492
228.8900 105.571846008301
229.0141 369.689758300781
229.1500 169.85693359375
230.0893 4288.5048828125
230.9700 51.2385292053223
231.0800 3734.67651367188
232.1101 288991.96875
233.0904 47127.40234375
234.0800 5541.15283203125
235.0100 1108.03466796875
235.6100 7.9977765083313
235.8300 48.0714950561523
236.0800 15.5972528457642
236.9746 1003.92822265625
237.9825 906.1689453125
238.7300 31.1737003326416
238.9696 23.122802734375
239.0700 119.794357299805
239.6700 9.38877487182617
239.7800 32.0004997253418
240.0500 113.51692199707
240.2200 34.719913482666
241.0300 1052.17822265625
241.1200 304.362823486328
241.7300 10.5426826477051
241.9700 198.455612182617
242.0800 152.302932739258
242.2000 20.5802536010742
242.7800 50.3474617004395
242.9100 56.9798851013184
243.8000 10.2014751434326
243.9400 56.246280670166
244.0500 116.865020751953
244.1900 63.5191802978516
244.3700 7.74578142166138
244.6500 7.11498403549194
244.7800 12.0378303527832
245.0300 122.739990234375
245.1600 46.6013221740723
245.7700 8.3956823348999
245.9700 72.1972274780273
246.1700 125.914642333984
246.3500 10.0084962844849
246.8300 57.0063018798828
247.0200 146.649871826172
247.1400 143.731109619141
247.3100 7.89920330047607
248.1000 1964.74255371094
248.4100 7.73624897003174
248.9100 32.8777923583984
248.9900 141.561019897461
249.0900 271.713256835938
249.2100 30.6027755737305
250.5600 8.71411609649658
250.9200 47.5859870910645
251.0800 35.6252212524414
251.2700 8.96512794494629
251.9000 7.48056745529175
252.6500 26.548828125
252.7600 33.585147857666
252.8800 54.0161781311035
253.0000 73.9119186401367
253.3100 8.5560188293457
253.9000 69.1715621948242
254.0300 26.4498672485352
254.1200 27.1066513061523
254.8400 57.1066017150879
255.0000 50.2602195739746
255.0900 29.3058185577393
255.2800 8.96627712249756
255.9900 9.51693916320801
256.4700 10.3134450912476
256.8000 16.3311252593994
256.9100 181.820205688477
257.0400 91.7227020263672
257.9000 25.6618213653564
258.0300 105.978973388672
258.1200 46.6169700622559
258.9200 86.8527755737305
259.0200 854.858581542969
259.1500 434.551879882813
260.0000 177.773361206055
260.1000 3150.6875
260.8600 19.5102405548096
260.9900 408.03466796875
261.1200 413.080383300781
262.1000 150.055374145508
262.8500 19.430082321167
262.9500 17.1386184692383
263.0700 7.63150787353516
263.8500 17.4826889038086
264.9700 50.7532615661621
265.1100 17.4191207885742
265.8700 19.9641952514648
266.0400 83.9013061523438
266.1700 9.58680152893066
266.8500 45.133716583252
266.9700 98.4821090698242
267.0800 228.318298339844
267.7100 12.7703819274902
267.9000 43.3417358398438
268.0500 210.826766967773
268.1600 174.434921264648
268.8877 69.4698944091797
269.0600 266.417266845703
269.7900 22.5050621032715
269.9200 80.5341720581055
270.0900 62.9741973876953
270.2000 24.9475383758545
270.7100 46.9771118164063
270.9839 281.373352050781
271.8000 42.0087127685547
271.9100 80.0948181152344
272.0300 24.5965404510498
272.9300 120.983642578125
273.0400 105.270927429199
273.6700 9.5330228805542
273.8200 35.355281829834
274.8100 250.251068115234
275.0300 73.6270065307617
275.6600 28.8832778930664
275.8200 70.8111801147461
275.9600 58.6007537841797
276.0900 29.3082447052002
276.6500 35.5726776123047
276.7973 20.9258346557617
276.9010 39.9832611083984
277.0500 84.402961730957
277.8800 73.0421676635742
278.1000 40.7829856872559
278.7900 166.945953369141
279.1300 18.5377578735352
279.6900 12.1655912399292
279.8400 42.3399505615234
279.9500 17.9093914031982
280.0600 19.4438076019287
280.7600 29.5621223449707
281.0700 132.248596191406
281.2000 13.4025058746338
282.0000 44.3794822692871
282.1400 7.7470965385437
282.8500 9.63171291351318
283.1200 52.9760246276855
284.0200 52.8689956665039
284.1400 21.9192657470703
284.9700 702.972229003906
286.0000 184.246185302734
286.1000 2543.83203125
287.0970 5025.82275390625
288.1000 15203.2548828125
289.0654 3611.83642578125
289.7500 42.5268096923828
289.8894 10.9354400634766
290.0371 209.475219726563
290.1300 64.6759338378906
290.7800 68.8554306030273
290.9000 300.388397216797
291.1200 46.9216651916504
291.2900 11.4292612075806
291.8400 37.7193641662598
292.8500 92.6620788574219
292.9511 472.349487304688
293.9700 409.55615234375
294.0700 94.4048767089844
294.7800 164.585021972656
294.9300 281.808197021484
295.7800 25.6077899932861
296.1200 7.51590251922607
296.6800 25.0070190429688
296.8500 301.513641357422
297.7600 64.385856628418
297.9000 54.7583122253418
298.0300 63.5154457092285
298.7900 65.0613479614258
298.9200 35.158519744873
299.0700 114.356071472168
299.9700 50.7380409240723
300.1300 80.0890197753906
300.2600 22.2219886779785
300.5200 18.021032333374
300.9000 56.297664642334
301.0400 66.8900527954102
301.0900 38.3541221618652
301.3500 32.1334800720215
301.7700 13.6314277648926
302.2000 22.6351356506348
302.8000 29.5565376281738
303.0000 137.918380737305
303.1400 220.620742797852
303.3700 15.4026985168457
303.9500 63.7073097229004
304.0800 220.211929321289
304.1900 86.8740844726563
304.8900 20.6707019805908
305.0400 528.689453125
305.1500 1373.8701171875
305.8500 6.9893741607666
306.0300 192.377426147461
306.1500 146.553604125977
306.2400 20.8425884246826
306.3500 20.8013744354248
306.7900 30.9029769897461
306.9800 144.955230712891
307.1100 36.9493865966797
307.2200 8.9519214630127
307.7400 7.72463846206665
307.8600 11.8439455032349
308.1200 18.4958324432373
309.0100 8.80301284790039
310.7800 17.286979675293
311.1600 25.9674491882324
311.9400 23.3686084747314
312.0800 46.2968788146973
312.2900 34.0530281066895
312.8900 26.8884162902832
313.4300 7.67766714096069
314.0200 7.32121992111206
314.9600 110.198234558105
315.1000 102.720069885254
315.2300 14.151816368103
315.9100 58.3173370361328
316.1000 79.5240707397461
316.3200 7.90541553497314
317.1000 580.310424804688
317.1800 7888.5390625
318.1300 973.691467285156
318.2000 1227.81945800781
318.9000 8.71208000183105
319.0400 181.628860473633
319.1500 107.281440734863
319.2500 42.8859214782715
319.8900 30.9941787719727
320.2600 7.17353010177612
322.9000 24.8073501586914
323.1100 64.3821105957031
323.2500 15.7662353515625
323.8900 26.8438777923584
324.0500 35.6057510375977
324.1800 11.7003421783447
324.8800 7.20599222183228
325.0400 8.35871028900146
326.0600 34.3059844970703
326.9300 14.5384101867676
327.0500 156.628372192383
327.1900 35.7289581298828
327.7900 8.69402122497559
327.9800 11.5272226333618
328.1100 288.393280029297
328.2000 42.6919937133789
328.3600 38.3079071044922
328.8500 48.7076416015625
328.9600 73.1353149414063
329.1100 630.61865234375
329.1700 939.106201171875
329.8500 24.9727954864502
329.9700 75.2961120605469
330.1000 156.073944091797
330.2200 34.9541549682617
330.9200 51.0226058959961
331.1200 14.288779258728
331.2800 20.0777359008789
332.8200 23.0807857513428
334.0500 18.5061416625977
334.9300 18.0404186248779
336.1400 8.11508274078369
341.1200 62.5940551757813
342.0100 29.4777393341064
342.2000 7.81556844711304
343.0700 191.269958496094
343.1700 958.532836914063
343.8800 9.62809181213379
344.0200 57.8178329467773
344.1300 1272.31359863281
344.2500 217.551940917969
344.8400 8.48025703430176
345.0000 150.754379272461
345.1400 194.029449462891
345.2700 52.7906265258789
345.9200 29.1061897277832
346.0500 118.913475036621
346.2400 159.085250854492
346.9900 59.702091217041
347.1800 21.6306171417236
348.7500 16.0097637176514
348.8700 63.4382781982422
348.9900 66.0243988037109
349.1000 18.8381195068359
349.7600 16.227388381958
350.7100 14.8914613723755
350.9800 22.9845199584961
352.7900 82.4105072021484
352.9300 46.2125091552734
353.8700 11.1815757751465
354.8300 14.7708902359009
354.9400 41.9455299377441
358.8200 8.29197788238525
359.2800 7.58308219909668
360.0500 40.5694313049316
360.1700 13.4625558853149
361.1800 3106.27807617188
361.2300 5545.44970703125
362.1300 666.70166015625
362.2200 1353.77587890625
362.8900 7.87781381607056
363.1300 75.0089416503906
363.2700 216.968994140625
364.1400 17.8248710632324
366.8300 7.06583118438721
366.9200 17.7778816223145
367.9800 16.3603343963623
370.8400 24.2392597198486
371.0600 13.7323770523071
408.8200 7.13247632980347
412.5000 7.07492256164551
