#"+EI Scan (rt: 6.415-6.519 min, 19 scans) R9M1.D  Subtract "
#Point,X(Thompsons),Y(Counts)
40.1 601.231201171875
41.1 20628.861328125
42.1 2965.78125
43.1 6384.41357421875
44.0 9361.01953125
45.0 596.553527832031
45.0 432.318634033203
45.8 11.9849853515625
46.0 119.015098571777
46.0 105.98420715332
47.0 446.886627197266
47.1 2575.92553710938
48.0 35.1580123901367
48.8 9.36751079559326
49.0 108.34196472168
49.9 126.957313537598
50.0 50.7649993896484
50.1 70.7178497314453
51.0 623.441162109375
51.1 456.752288818359
52.0 476.646179199219
52.1 11.9158601760864
53.0 1715.77416992188
53.9 277.316955566406
54.0 301.950408935547
55.0 316.393402099609
55.1 2825.28344726563
56.0 503.051788330078
56.1 850.582397460938
57.1 13194.4833984375
58.0 679.556518554688
58.1 297.731201171875
58.3 49.5485382080078
59.0 3590.0341796875
60.1 175.81787109375
60.3 9.3136625289917
60.9 77.2581405639648
61.0 1034.77856445313
61.2 37.1394119262695
61.6 16.2396049499512
62.0 538.805236816406
62.1 79.4286956787109
63.0 301.533874511719
63.1 820.22509765625
63.7 12.8072185516357
63.9 56.5642242431641
64.0 363.849792480469
64.2 49.384391784668
64.9 21.533935546875
65.0 582.540893554688
65.6 10.1226682662964
65.8 66.6139450073242
65.9 39.7383041381836
66.0 117.087326049805
66.2 44.7891006469727
67.0 1157.60205078125
67.1 110.231079101563
67.8 15.7074098587036
67.9 103.267433166504
68.1 724.481994628906
69.1 8856.5751953125
70.0 128.153610229492
70.1 2000.33117675781
70.7 17.3919315338135
71.0 313.627868652344
71.1 367.524658203125
71.9 71.2240600585938
72.1 278.85107421875
72.2 48.4460067749023
73.0 2588.49829101563
74.0 597.885009765625
74.1 86.1742553710938
75.0 1511.888671875
76.0 1764.84130859375
77.0 5124.419921875
78.0 2081.84423828125
78.9 463.149078369141
79.0 74.5091857910156
79.2 48.0609283447266
79.7 17.9437732696533
79.9 60.0397033691406
80.0 120.229705810547
81.0 645.929931640625
81.8 11.6493301391602
82.0 217.836029052734
82.2 48.8850593566895
82.9 169.410980224609
83.0 760.985290527344
83.1 100.980247497559
83.9 64.5627593994141
84.0 209.2919921875
84.1 205.630157470703
84.8 123.197937011719
84.9 123.584083557129
85.2 13.2482967376709
86.0 285.145446777344
86.1 457.962280273438
86.2 128.578567504883
86.8 15.5923347473145
87.0 976.06884765625
87.1 13.9566421508789
87.9 65.3496932983398
88.0 2296.08129882813
89.0 8611.76171875
89.9 139.100524902344
90.0 132.17431640625
90.1 1100.34521484375
90.2 51.8396492004395
90.8 41.1441383361816
91.0 144.5380859375
91.1 673.949829101563
91.9 59.2683219909668
92.0 58.5142250061035
92.1 93.5705642700195
93.0 270.986328125
93.7 11.9523544311523
93.9 25.3709468841553
94.0 41.8728485107422
94.1 39.9893531799316
94.6 10.0937032699585
94.7 9.99845123291016
95.0 111.047477722168
95.1 77.3527984619141
95.9 72.065559387207
96.1 147.710540771484
96.2 29.0524520874023
96.8 108.261024475098
97.0 157.554565429688
97.1 84.4344940185547
97.2 45.4431915283203
97.8 63.9314994812012
97.9 87.2033462524414
98.1 85.1027297973633
98.3 11.2288808822632
98.8 53.0321960449219
98.9 100.747619628906
99.1 309.957672119141
99.9 149.031707763672
100.0 656.89892578125
101.0 2666.70385742188
101.1 1436.05224609375
102.0 9871.8115234375
103.0 4360.16748046875
103.9 116.409385681152
104.0 830.34423828125
104.1 15.2788763046265
104.8 30.8607120513916
104.9 51.7272186279297
105.0 107.054725646973
105.3 53.8075790405273
105.9 82.1797332763672
106.1 148.715377807617
106.8 44.8932571411133
106.9 108.649673461914
107.2 11.1850509643555
107.8 8.09730529785156
108.0 9.94592475891113
108.1 37.5638275146484
109.0 444.292236328125
110.1 89.1492919921875
110.8 20.0598297119141
111.0 193.966522216797
111.9 125.621726989746
112.0 183.053588867188
112.1 143.914627075195
112.9 181.684005737305
113.0 516.102905273438
113.1 108.433097839355
114.0 2362.92797851563
114.1 1741.93786621094
115.0 14245.9521484375
116.0 25165.837890625
117.0 438.147003173828
117.0 4002.95556640625
118.0 1750.43725585938
119.0 224.427322387695
119.1 116.058143615723
119.6 8.4132137298584
119.8 76.3344116210938
120.2 19.6276321411133
120.7 9.38605308532715
120.9 149.517166137695
121.0 82.9081649780273
121.1 126.345436096191
121.3 43.7397575378418
121.4 23.4746856689453
121.5 42.2535018920898
121.7 65.7106323242188
122.0 41.5684547424316
122.1 10.3356666564941
122.8 86.5882339477539
123.0 101.087982177734
123.4 9.33282279968262
124.0 43.5168762207031
124.7 72.0718460083008
124.9 265.369506835938
125.1 76.5822906494141
125.2 13.703688621521
125.3 10.1168422698975
125.8 29.5082626342773
125.9 134.671981811523
126.0 177.994674682617
126.1 26.6858806610107
126.4 19.1343631744385
127.0 1507.41564941406
128.0 11863.4423828125
129.0 20443.66015625
130.0 16308.1748046875
131.0 2854.10668945313
131.8 97.095329284668
132.0 312.157012939453
132.1 340.380981445313
133.0 495.612670898438
133.4 15.3423652648926
133.6 8.06555557250977
133.7 22.86789894104
133.9 125.576866149902
134.9 172.060668945313
135.0 577.735534667969
135.8 29.9471187591553
135.9 71.6657485961914
136.0 40.0539855957031
136.2 91.5578460693359
137.0 5459.30078125
138.0 575.722045898438
138.9 318.169799804688
139.0 306.072937011719
139.9 118.145416259766
140.0 712.128967285156
141.0 1867.48229980469
141.9 127.585388183594
142.1 2322.45190429688
143.0 19816.7734375
144.0 72147.8359375
145.0 8447.166015625
145.9 317.710235595703
146.0 596.561706542969
146.8 177.468841552734
147.0 20.0469970703125
147.2 24.3213195800781
147.8 28.8642330169678
147.9 394.164276123047
148.1 170.026336669922
148.9 94.4175338745117
149.0 69.1540832519531
149.1 53.2178497314453
150.0 56.2977294921875
150.7 22.0120429992676
150.8 51.9149055480957
150.9 283.210815429688
151.9 115.451599121094
152.0 24.3300323486328
152.1 155.396591186523
152.8 59.2129745483398
152.9 100.225570678711
153.0 341.916809082031
153.9 337.996032714844
154.1 1860.79528808594
155.0 4636.99169921875
156.1 4194.51953125
157.0 6062.00390625
158.0 2588.40380859375
159.0 2651.99609375
159.9 690.038330078125
160.8 54.618782043457
160.9 272.242797851563
161.1 48.652271270752
161.8 8.49453449249268
161.9 70.7666244506836
162.0 100.253173828125
162.1 19.7877254486084
162.8 17.6288909912109
162.9 721.95458984375
163.9 55.3696670532227
164.0 92.006233215332
164.2 9.60795593261719
164.6 15.065523147583
164.8 61.0835800170898
164.9 29.7078399658203
165.8 24.8729133605957
165.9 19.1899108886719
166.0 93.1181716918945
166.1 75.7974548339844
166.8 191.318557739258
167.0 230.429443359375
167.0 671.996398925781
168.1 1510.1181640625
169.0 368.548950195313
169.1 806.467163085938
170.0 4719.07666015625
170.1 608.695007324219
170.9 191.398193359375
171.0 1806.38879394531
172.0 473.554809570313
172.1 227.725540161133
172.9 90.3499069213867
173.0 7535.2216796875
173.8 21.1122570037842
173.9 144.632431030273
174.0 1405.50793457031
174.1 125.749382019043
174.8 99.0542526245117
175.0 168.478485107422
175.1 43.5139465332031
175.8 18.0429878234863
175.9 465.513763427734
176.1 226.838455200195
177.0 268.27685546875
177.1 25.1592960357666
177.8 28.8570232391357
177.9 18.6279754638672
178.1 36.259147644043
178.8 47.0045127868652
178.9 89.3523101806641
179.0 158.65055847168
179.2 16.1154937744141
179.9 66.7903289794922
180.1 333.082702636719
180.3 16.9875030517578
180.7 65.3136596679688
181.0 758.776184082031
182.0 425.5126953125
182.1 251.975280761719
183.0 250.80876159668
183.1 467.649505615234
184.0 1166.26599121094
184.1 1347.23400878906
185.0 1624.30249023438
186.0 371.797271728516
186.1 229.117523193359
187.0 382.122131347656
187.1 111.47607421875
187.8 29.7255020141602
188.0 88.6355895996094
188.1 37.1307983398438
188.7 26.0239906311035
188.8 31.5024032592773
188.9 90.9561157226563
189.1 16.2024211883545
189.8 19.2833824157715
189.9 36.1083793640137
190.9 442.030944824219
191.1 21.3735370635986
191.7 15.5613117218018
191.8 61.6168479919434
192.0 45.9011993408203
192.8 76.4516983032227
193.0 400.073364257813
193.9 170.880249023438
194.0 93.8716049194336
194.2 63.4124298095703
194.9 71.6648025512695
195.0 248.334594726563
195.8 91.8764801025391
196.1 277.977783203125
196.3 25.5136737823486
196.9 357.336822509766
197.1 134.822219848633
198.0 618.07958984375
198.1 548.088134765625
198.9 128.632141113281
199.0 765.895202636719
199.8 27.0941925048828
199.9 339.181793212891
200.0 248.931533813477
201.0 636.045715332031
201.8 56.114330291748
202.0 259.010498046875
202.1 99.5147705078125
202.7 21.7122936248779
202.8 111.607574462891
202.9 168.781829833984
203.8 33.9608917236328
203.9 33.8441696166992
204.1 806.013488769531
204.2 173.415191650391
204.7 15.6912307739258
205.0 416.302429199219
205.1 1828.17492675781
206.1 1417.06494140625
206.9 57.2179985046387
207.0 583.51806640625
207.8 15.8240079879761
208.1 235.543228149414
208.7 15.409818649292
208.9 12.7264709472656
209.1 75.3943786621094
209.9 107.173431396484
210.0 225.875411987305
210.1 286.722412109375
211.0 1475.458984375
212.1 4656.4619140625
213.1 1475.72973632813
213.9 139.441757202148
214.1 372.879943847656
215.0 2440.9482421875
216.0 1095.72241210938
216.8 144.533493041992
217.0 259.96044921875
217.1 154.746887207031
218.0 318.552398681641
219.0 1324.35217285156
219.8 222.207641601563
220.1 79.3617630004883
220.8 33.0680656433105
220.9 230.887481689453
221.8 8.88397121429443
221.9 39.330883026123
222.1 37.7964363098145
222.7 107.654907226563
222.9 6.60090637207031
223.0 66.9966735839844
223.2 20.7049713134766
223.7 35.507438659668
223.8 32.4473686218262
224.0 86.3743438720703
224.7 23.2942047119141
225.0 205.793914794922
225.1 93.8048858642578
225.2 14.1276712417603
225.7 37.6238250732422
225.8 64.5409774780273
225.9 80.5828247070313
226.1 144.483489990234
226.4 29.5422554016113
226.5 33.7281837463379
226.7 14.1126098632813
226.8 96.5556411743164
226.9 320.148345947266
227.2 221.258422851563
227.8 159.717727661133
227.9 144.901473999023
228.1 118.774131774902
228.2 204.13249206543
228.8 47.924129486084
229.0 436.16748046875
229.1 635.2958984375
230.0 1872.49548339844
230.1 3215.04516601563
230.2 81.7837600708008
231.0 62.2665748596191
231.1 4696.9697265625
232.1 366755.9375
233.1 64320.8828125
234.1 5115.3984375
235.0 985.580688476563
235.8 39.8450012207031
236.0 124.851371765137
237.0 371.927734375
238.0 408.455200195313
238.7 19.3721599578857
239.0 681.599243164063
239.8 65.5556182861328
240.1 61.5828018188477
240.9 73.606201171875
241.1 1113.11108398438
241.8 11.4876718521118
242.0 42.375301361084
242.1 256.247314453125
242.9 77.4333267211914
243.0 71.38037109375
243.1 74.8307723999023
243.2 7.99944686889648
243.9 62.0217590332031
244.0 148.622436523438
244.1 138.21533203125
244.8 36.9550704956055
245.0 96.6225738525391
245.1 51.6428985595703
246.0 44.4649353027344
246.1 160.829849243164
246.2 32.3070526123047
246.8 48.6437873840332
247.0 84.817741394043
247.1 192.273941040039
248.1 707.9892578125
248.1 1906.44055175781
248.8 25.3185844421387
249.0 198.960830688477
249.1 414.794830322266
250.1 39.6022186279297
250.8 15.4545240402222
250.9 37.4777336120605
251.1 9.47694206237793
251.6 11.9862098693848
251.9 35.9906539916992
252.1 10.1566123962402
252.6 11.1258993148804
252.8 21.0309715270996
252.9 144.212066650391
253.1 50.5430183410645
253.9 53.4106254577637
254.0 42.926887512207
254.8 11.5965480804443
254.9 73.8142166137695
255.1 83.1223297119141
255.9 37.4443817138672
256.0 27.1219234466553
256.2 19.8988552093506
256.6 17.3982849121094
256.7 10.2386846542358
256.8 117.333229064941
256.9 63.5515441894531
257.1 41.5167465209961
257.9 13.4445810317993
258.1 130.790451049805
258.2 97.0086288452148
258.9 127.561546325684
259.1 1149.52404785156
259.2 196.724182128906
260.1 3121.26000976563
260.2 1428.88513183594
261.0 117.804481506348
261.1 977.424255371094
262.0 24.1287460327148
262.1 95.9385833740234
262.2 119.341743469238
262.8 17.6270217895508
262.9 21.095666885376
263.1 59.20947265625
265.0 40.2393760681152
265.8 15.5746688842773
266.0 37.066577911377
266.2 31.7614498138428
266.7 8.63795471191406
267.0 170.077194213867
267.1 199.814758300781
268.0 110.850700378418
268.1 349.751647949219
268.8 32.069408416748
269.0 92.0034027099609
269.1 151.526565551758
269.2 12.1731672286987
269.9 24.508939743042
270.0 132.071701049805
270.2 16.6731281280518
270.8 139.455184936523
270.9 74.6764526367188
271.7 24.6476287841797
271.9 13.2025909423828
272.1 31.1217975616455
272.7 49.0591926574707
273.0 237.40283203125
273.1 121.681625366211
273.9 10.1722822189331
274.1 78.7190704345703
274.2 8.25502777099609
274.8 51.0479202270508
274.9 6.12261962890625
275.0 162.033752441406
275.1 25.6802520751953
275.8 35.6749305725098
275.9 35.8940734863281
277.0 39.9663848876953
278.0 38.3316917419434
278.1 14.5826654434204
278.9 170.956680297852
279.1 12.5289945602417
279.6 14.163670539856
281.0 194.583938598633
281.2 14.8097658157349
281.9 39.2377624511719
282.0 25.711296081543
282.8 19.2357959747314
283.0 85.4419479370117
283.2 34.2159004211426
283.8 44.4041290283203
284.0 87.4799270629883
284.1 23.1915969848633
285.1 913.172180175781
285.2 75.4934692382813
286.0 403.194702148438
286.1 2500.31909179688
286.2 46.4441604614258
287.1 5835.5615234375
288.1 18797.552734375
289.0 106.275756835938
289.1 3348.9453125
290.0 448.902160644531
290.8 108.987045288086
291.0 128.96696472168
291.2 11.3070735931396
292.0 46.9049644470215
292.9 904.978759765625
293.8 164.785842895508
293.9 91.8771667480469
294.1 36.2257461547852
294.7 48.594669342041
294.8 63.0389099121094
295.0 223.754028320313
295.9 10.7977609634399
296.0 24.9091796875
296.9 16.6839141845703
296.9 390.975891113281
297.9 9.79195976257324
298.0 68.6049194335938
299.0 153.502716064453
299.1 22.0463714599609
299.3 9.83781147003174
299.9 14.4316082000732
300.0 26.4907855987549
300.2 66.1320571899414
300.6 21.80517578125
301.0 58.784610748291
301.1 115.910987854004
301.9 21.2752990722656
302.1 28.5461044311523
302.3 19.8783016204834
303.0 205.757461547852
303.1 250.794769287109
303.5 15.8834180831909
304.0 156.308746337891
304.1 289.777130126953
304.3 61.334285736084
304.9 30.5166168212891
305.1 2452.00366210938
306.0 212.446823120117
306.1 172.919174194336
306.2 148.120635986328
306.8 47.7701797485352
307.0 29.2548446655273
307.1 24.0504302978516
307.9 52.2828178405762
308.2 27.4381465911865
308.5 9.06970500946045
308.9 22.7551746368408
309.2 17.8186645507813
310.0 18.3371524810791
310.2 45.0255966186523
310.6 9.9298210144043
310.8 35.1794548034668
311.8 9.6479377746582
312.1 36.8117942810059
312.3 9.64340305328369
312.9 10.0796127319336
313.1 20.6609134674072
314.8 46.5664176940918
315.0 45.2495422363281
315.1 165.375610351563
315.5 8.01220703125
315.7 8.73653888702393
315.9 24.1978511810303
316.0 77.8864364624023
316.2 80.3728485107422
317.2 11033.8466796875
318.1 665.762756347656
318.2 2188.17919921875
319.1 308.549224853516
319.2 161.885803222656
322.9 9.81907844543457
323.0 12.2030935287476
323.2 21.3262329101563
323.9 26.9053726196289
324.2 59.4379615783691
325.1 9.74234294891357
325.2 8.38306045532227
326.1 8.89078044891357
326.6 10.646502494812
326.9 75.0988235473633
327.1 62.9410095214844
327.3 10.4802694320679
327.9 26.4525012969971
328.1 291.165771484375
328.3 26.9101848602295
329.1 1184.71948242188
329.2 815.077026367188
330.0 184.927886962891
330.1 208.383255004883
330.2 93.8562622070313
331.0 47.195556640625
331.1 9.1692008972168
332.8 20.4144725799561
335.2 17.7104740142822
337.8 8.19102954864502
341.0 56.1544647216797
341.2 26.1082286834717
341.3 8.90682220458984
342.2 8.99902725219727
342.9 14.7627029418945
343.1 740.665588378906
343.3 500.338806152344
344.1 173.451705932617
344.2 1364.23596191406
345.0 76.1242141723633
345.1 204.1298828125
345.3 42.7016716003418
345.9 36.7570724487305
346.1 195.253860473633
346.2 216.137390136719
346.4 24.8144550323486
346.9 25.3895931243896
347.0 80.8793411254883
347.1 29.731201171875
348.6 8.83313369750977
348.8 18.7814483642578
348.9 60.9031410217285
349.1 9.67919635772705
352.9 75.9740219116211
353.1 16.2345695495605
353.9 10.0013046264648
354.2 8.84023761749268
355.1 12.9232482910156
355.4 9.84810161590576
357.8 8.39323997497559
359.1 57.0592880249023
359.8 8.00038242340088
361.2 11712.78515625
362.1 503.633270263672
362.2 2418.42553710938
362.9 13.8241338729858
363.1 183.026885986328
363.2 154.387405395508
364.1 8.17099094390869
366.9 32.3859367370605
367.1 30.022274017334
370.9 12.1248474121094
384.2 17.1438541412354
401.1 10.9139738082886
