#"+EI Scan (rt: 8.956-9.078 min, 22 scans) R9M1.D  Subtract "
#Point,X(Thompsons),Y(Counts)
40.1 47.261833190918
41.1 3557.84204101563
41.9 59.3465042114258
42.0 86.2886734008789
42.2 93.7635269165039
42.8 10.7846345901489
43.0 211.955017089844
43.1 1291.44372558594
44.0 296.264526367188
44.8 18.9346523284912
44.9 13.5175552368164
45.9 42.7624778747559
47.0 119.126480102539
47.0 883.673889160156
48.0 6.73092842102051
49.0 22.4348735809326
49.9 80.4916610717773
50.1 62.6455192565918
50.9 423.318939208984
52.0 91.7727432250977
52.2 4.78832626342773
52.9 281.482177734375
53.0 53.7487258911133
53.9 5.19250392913818
54.0 32.2300262451172
54.2 8.90046691894531
55.0 333.376037597656
55.8 98.7397155761719
56.1 9.08842086791992
57.0 231.994110107422
57.9 25.1870517730713
58.0 2.88971710205078
58.1 17.8769302368164
58.3 23.7870235443115
59.0 1128.30615234375
59.9 9.28115844726563
60.1 41.4392623901367
60.8 13.0875663757324
60.9 52.4062614440918
61.0 289.018768310547
61.9 116.456436157227
62.0 107.841857910156
63.0 475.859008789063
63.0 79.0440139770508
63.9 68.2029342651367
64.0 29.1211853027344
64.1 15.5803480148315
64.9 41.0507659912109
65.0 201.985641479492
65.1 99.3187789916992
65.2 5.35907506942749
66.0 28.8060436248779
66.1 21.4775333404541
66.9 93.9541778564453
67.0 71.628044128418
67.1 4.6160945892334
67.9 10.7339296340942
68.0 7.20622825622559
69.0 248.362152099609
69.0 673.975402832031
69.9 31.2428913116455
70.0 38.2336463928223
70.2 16.5891342163086
70.8 29.5173988342285
70.9 38.7770652770996
73.0 445.662353515625
73.9 42.603931427002
74.1 166.607162475586
75.0 716.756164550781
75.9 200.610198974609
76.0 234.264587402344
76.1 145.922882080078
77.0 1308.29052734375
78.0 729.275390625
78.9 53.8264923095703
79.0 100.225830078125
79.8 11.1811466217041
81.0 112.735534667969
81.8 13.1938591003418
81.9 82.2474899291992
83.0 68.7376861572266
83.1 51.9378814697266
84.7 9.19981479644775
85.0 20.9528656005859
85.8 10.1278409957886
85.9 24.8104305267334
86.1 7.07037782669067
86.2 10.7898292541504
86.8 68.4667053222656
86.9 71.4311828613281
87.1 121.52897644043
88.0 410.297485351563
88.1 77.7161560058594
88.4 9.38998031616211
88.8 3.79552841186523
89.0 1804.05017089844
89.9 31.4598503112793
90.0 258.800476074219
90.9 159.939788818359
91.1 267.585296630859
91.6 7.9093976020813
91.9 28.3551197052002
92.0 7.31291580200195
92.8 3.63619709014893
93.1 83.1310501098633
93.7 5.63201808929443
94.0 13.2060918807983
94.2 63.7361869812012
94.5 23.8637371063232
94.8 82.6281127929688
95.0 65.3375549316406
95.2 29.5021362304688
95.9 12.6089820861816
96.0 58.659912109375
96.2 17.1672058105469
96.7 1.71892738342285
96.9 41.7263259887695
97.1 27.1451034545898
97.2 13.95188331604
97.8 51.4834747314453
98.0 54.1138496398926
98.7 12.2662019729614
98.8 40.7890090942383
99.0 39.4465141296387
99.3 8.05276679992676
99.9 23.8485832214355
100.0 57.0228538513184
100.2 30.9748210906982
100.3 7.83019399642944
101.0 507.357269287109
101.1 481.077850341797
101.8 24.1818046569824
101.9 58.5709838867188
102.0 1996.27612304688
102.1 40.4362945556641
102.8 14.1177062988281
103.0 676.681457519531
103.8 14.0670785903931
104.0 155.069259643555
104.6 10.2741594314575
104.9 4.38101005554199
105.0 43.1803207397461
105.5 8.46613025665283
105.8 11.5363998413086
106.1 14.8194713592529
106.4 80.5702590942383
106.7 118.962760925293
107.0 112.041999816895
107.1 28.1279220581055
107.5 52.5071678161621
107.8 14.0007658004761
107.9 27.4816665649414
108.0 0.417011260986328
108.4 8.96103668212891
109.0 476.735229492188
110.0 41.6946754455566
110.1 19.3468647003174
110.7 18.0664443969727
110.9 69.8224487304688
111.7 9.91026496887207
111.8 10.0914840698242
111.9 18.482515335083
112.2 18.8537731170654
112.4 30.3807964324951
112.9 321.417419433594
113.1 417.38818359375
113.8 97.8659439086914
113.9 145.093124389648
114.1 438.715118408203
114.1 335.831024169922
115.0 10536.970703125
115.9 130.161407470703
116.0 4108.0361328125
117.0 745.801147460938
117.9 30.7225723266602
118.0 7.78446388244629
118.1 125.920379638672
118.4 7.22245740890503
118.7 34.5258331298828
118.8 85.8745269775391
119.0 40.0307083129883
119.2 41.6522827148438
119.3 78.3851165771484
119.6 119.186103820801
119.8 63.167049407959
120.0 49.9924812316895
120.1 63.3451042175293
120.3 65.5541763305664
120.5 150.008682250977
120.6 126.49535369873
120.7 222.240783691406
120.9 28.7177410125732
121.1 81.2661437988281
121.3 24.6016044616699
121.5 16.2877006530762
121.8 17.9788188934326
121.9 33.6947975158691
122.8 45.0641860961914
123.0 52.498046875
123.9 29.5303897857666
124.9 52.5512008666992
125.0 111.631469726563
125.2 20.7759170532227
125.8 14.647497177124
125.9 90.3928070068359
126.0 79.0731735229492
126.1 257.060791015625
126.3 89.4254913330078
127.0 1279.12524414063
127.1 429.882720947266
127.8 51.2785186767578
128.0 870.934631347656
128.0 1405.07214355469
128.1 122.471336364746
129.0 2042.35876464844
129.9 310.607482910156
130.1 1006.25604248047
130.2 6.28084087371826
130.9 1.20427322387695
131.1 159.898452758789
131.8 47.3972625732422
132.0 145.53010559082
132.2 80.038444519043
132.4 29.459156036377
132.8 82.3351669311523
132.8 2.11898803710938
133.2 164.016464233398
133.3 254.950149536133
133.4 95.2286834716797
133.6 173.08740234375
133.7 195.233261108398
133.9 43.8812789916992
134.2 173.618026733398
134.4 152.011901855469
134.5 539.666076660156
134.6 46.7631721496582
134.8 339.632537841797
135.1 67.4268341064453
135.7 29.2080936431885
135.8 60.943000793457
136.0 47.6596603393555
136.2 7.20411682128906
137.0 2004.318359375
138.0 556.777770996094
139.0 4410.4111328125
139.8 4.2428092956543
140.0 926.120544433594
140.1 723.9033203125
141.1 8520.857421875
141.7 7.73966789245605
141.8 685.919677734375
142.0 809.441528320313
142.7 14.212215423584
142.9 196.887084960938
143.0 660.3193359375
143.1 107.538139343262
144.0 7547.82275390625
144.9 62.5890884399414
145.0 345.920959472656
145.1 504.295043945313
145.8 18.6950645446777
145.9 35.7530860900879
146.2 49.0244178771973
146.6 13.0587778091431
146.7 27.5028018951416
147.0 58.5179481506348
147.0 73.0528793334961
147.2 49.3310203552246
147.4 26.157808303833
147.6 78.4536895751953
147.7 48.627025604248
148.0 7.12354516983032
148.3 69.0156021118164
148.5 677.328552246094
148.6 969.571838378906
148.7 188.9140625
148.9 33.4593505859375
149.1 36.8047180175781
149.6 81.8446731567383
149.8 51.907054901123
149.9 35.078182220459
150.1 46.7252540588379
150.3 12.8165702819824
150.5 7.12262582778931
151.0 354.515930175781
151.9 83.5581970214844
152.0 299.094696044922
152.2 55.3754081726074
153.0 553.792724609375
153.2 24.9084453582764
153.8 85.2234039306641
154.0 128.800399780273
154.1 323.471923828125
155.0 877.702514648438
155.9 69.3491134643555
156.0 450.242614746094
156.8 25.884162902832
156.9 495.338439941406
157.8 98.2401580810547
158.0 145.067749023438
159.0 416.728515625
159.8 15.0323219299316
160.0 51.5962524414063
161.0 151.449798583984
161.0 40.8552207946777
161.8 18.3128414154053
161.9 53.4593963623047
162.0 18.6039543151855
163.0 372.50732421875
163.9 39.4981918334961
164.0 51.0460815429688
164.2 18.6535339355469
164.8 37.1774139404297
164.9 177.005157470703
165.1 106.228408813477
165.6 10.2381620407104
165.9 10.4585399627686
166.0 75.2585754394531
166.1 44.9871025085449
166.3 7.54693460464478
167.0 203.276626586914
167.1 205.331497192383
167.9 204.456344604492
168.1 258.946502685547
169.0 5436.9580078125
170.0 839.855102539063
170.1 474.637512207031
170.7 69.5728912353516
170.9 93.8889617919922
171.1 21.9918460845947
171.8 9.91184329986572
171.9 52.9279441833496
172.1 17.8846702575684
172.3 7.24508857727051
172.8 10.784031867981
172.9 22.0733203887939
173.9 9.38851833343506
174.0 27.5215148925781
174.2 21.9305667877197
174.7 9.02510452270508
174.9 13.6997394561768
175.0 47.3721771240234
175.8 25.8176250457764
176.0 125.090873718262
176.1 40.0206413269043
176.4 9.94814968109131
176.8 88.5903625488281
177.0 108.356918334961
177.8 38.1477355957031
178.0 18.0510177612305
178.1 7.293616771698
178.8 16.3845329284668
179.0 58.1555938720703
179.1 8.66026020050049
179.2 5.16503524780273
180.0 163.273162841797
180.0 45.2615966796875
180.2 14.871262550354
181.0 1844.05749511719
181.0 2015.81579589844
182.0 658.67333984375
182.2 88.1696701049805
182.9 169.05387878418
183.0 6.51227569580078
183.1 11.101674079895
183.9 71.5996246337891
184.0 64.2369079589844
184.2 62.0288238525391
184.9 41.1819534301758
185.0 117.685333251953
186.0 51.4652328491211
186.1 33.3538513183594
186.6 24.5195503234863
186.8 159.340972900391
186.9 139.496551513672
187.1 58.5356674194336
187.7 10.4072408676147
187.8 30.7954940795898
187.9 83.7075958251953
188.1 33.0192260742188
188.8 62.1626014709473
189.0 175.464645385742
189.1 12.8571605682373
189.7 10.0804481506348
189.9 21.4302806854248
190.1 39.800048828125
190.7 16.6259937286377
190.9 169.789886474609
191.8 5.92911529541016
191.9 83.3207321166992
192.0 42.408805847168
193.0 64.2152709960938
193.1 49.2885131835938
194.0 20.6048164367676
194.1 15.256908416748
194.9 183.112762451172
195.9 92.9557037353516
196.0 109.696517944336
196.7 23.841983795166
196.9 212.690704345703
197.7 2.71870279312134
197.8 44.3375358581543
197.9 50.8855781555176
198.1 25.6019420623779
198.6 14.6552886962891
198.9 162.673477172852
199.0 16.2396926879883
199.9 71.0822677612305
200.0 321.732055664063
200.9 99.1508331298828
201.0 155.152862548828
201.8 14.5414037704468
201.9 283.011199951172
202.1 153.067337036133
202.2 15.5696725845337
203.0 196.295684814453
204.0 142.6083984375
204.1 106.659812927246
204.3 6.97918748855591
204.6 4.83151435852051
205.0 132.052490234375
205.2 13.4381055831909
205.9 12.6495876312256
206.0 13.0169258117676
206.1 7.38048410415649
206.9 302.462310791016
208.0 119.555244445801
208.1 15.3286933898926
209.0 153.34309387207
209.9 18.2536220550537
210.0 2.53329801559448
210.9 155.57568359375
211.0 198.400146484375
212.0 158.4638671875
212.1 241.260986328125
213.0 698.228088378906
213.1 320.931579589844
213.8 0.00628662109375
213.9 19.2184562683105
214.0 473.290496826172
214.1 107.519691467285
215.0 1241.18896484375
215.8 56.4512329101563
216.0 128.753295898438
216.1 59.3184700012207
217.0 276.091186523438
217.1 78.2384262084961
217.9 26.9127655029297
218.0 27.0457801818848
218.9 387.825805664063
219.7 44.7532997131348
220.0 47.1167526245117
220.2 20.8882732391357
220.9 58.6317749023438
221.0 11.8725891113281
221.6 8.43106269836426
221.7 19.2002296447754
221.9 26.1199817657471
222.0 10.2627277374268
222.8 99.7241821289063
223.7 11.2879228591919
223.8 36.6289215087891
224.0 32.5988311767578
224.1 228.725845336914
224.9 351.273101806641
225.1 47.1616058349609
225.9 13.5763330459595
226.0 1105.90673828125
226.2 103.442771911621
226.8 1.78473711013794
227.0 340.377716064453
227.1 467.043884277344
227.7 19.4663028717041
227.8 30.4053058624268
228.0 242.905227661133
228.1 397.712432861328
229.0 523.698364257813
229.1 48.7844085693359
229.8 32.2575378417969
230.0 258.216430664063
230.1 19.5010299682617
230.3 12.7504634857178
230.6 6.87993478775024
230.9 82.7513046264648
231.0 52.6122741699219
231.1 35.8566741943359
232.1 10307.9384765625
233.0 2173.740234375
233.9 154.169708251953
234.0 54.0122566223145
234.9 88.6808166503906
235.0 100.004943847656
236.0 112.594604492188
236.1 12.086597442627
237.0 746.4775390625
237.9 350.853607177734
238.0 107.1630859375
239.0 677.797607421875
239.8 14.3471298217773
239.9 75.5728302001953
240.1 873.079650878906
240.1 270.018371582031
241.1 2940.23388671875
241.1 491.244506835938
241.7 12.8168983459473
241.9 181.929931640625
242.0 590.393798828125
242.1 141.036880493164
242.8 7.88952350616455
242.9 65.0334930419922
243.0 93.2529830932617
243.9 10.3976678848267
244.2 13.2586708068848
244.6 8.19868087768555
244.8 20.5349349975586
245.0 67.0536651611328
245.8 7.61052894592285
247.0 8.55995178222656
247.8 10.86549949646
248.0 13.5913848876953
248.7 9.78892612457275
248.9 2.51674127578735
249.0 27.5305614471436
249.2 14.7566690444946
250.0 7.04154634475708
250.1 7.06655311584473
250.7 13.4220714569092
250.9 68.8808517456055
251.0 160.609588623047
251.1 64.2737121582031
251.8 34.0373191833496
252.0 188.682678222656
252.0 168.3974609375
252.1 113.204055786133
253.1 965.485900878906
253.2 29.6599922180176
254.1 3156.90258789063
254.1 472.992889404297
255.0 1375.61206054688
255.1 536.195922851563
256.0 114.74250793457
256.1 780.125244140625
256.9 240.221588134766
257.0 53.9678955078125
258.1 9.71888160705566
258.9 17.6784191131592
260.8 20.943265914917
261.0 1.21626377105713
261.8 8.52030849456787
262.9 6.96731519699097
263.0 9.04055309295654
263.7 9.05454444885254
264.0 33.6065826416016
264.0 84.6241760253906
264.2 24.2084064483643
264.8 19.6281280517578
265.0 201.905746459961
265.1 93.8870315551758
265.7 11.4102754592896
265.9 19.9044818878174
266.0 167.456878662109
266.1 337.353393554688
266.8 5.35447549819946
267.0 186.957901000977
267.0 505.802520751953
267.1 160.369644165039
268.0 94.1240615844727
268.1 1893.20935058594
268.2 88.646110534668
269.0 2264.38598632813
269.7 6.11381721496582
269.9 21.6177444458008
270.1 2203.8095703125
271.0 206.272933959961
271.1 346.364410400391
271.7 1.06773042678833
271.9 39.0511703491211
272.0 69.4468231201172
272.7 12.5990629196167
272.8 9.25711059570313
272.9 72.2719573974609
273.0 3.60673522949219
274.0 20.712230682373
274.1 19.3984069824219
274.6 4.69927883148193
274.7 67.9481353759766
274.9 8.53445434570313
275.1 23.5281734466553
276.0 31.9729785919189
276.1 9.7177791595459
276.6 13.7222127914429
276.9 59.7345657348633
277.0 77.7123870849609
277.9 54.6717910766602
278.0 73.1355590820313
278.1 13.5302801132202
278.7 11.5671138763428
278.9 79.8909149169922
279.1 35.819580078125
279.2 22.0229511260986
279.9 14.8557643890381
280.1 667.542907714844
280.3 13.290472984314
280.4 12.6426124572754
280.9 94.0782165527344
281.0 297.573974609375
281.1 447.721771240234
281.9 18.3273601531982
282.0 1098.78955078125
282.2 162.047302246094
282.9 19.5694522857666
283.0 1064.26538085938
283.1 829.960144042969
283.9 35.2063331604004
284.1 1447.30432128906
284.1 3626.33984375
284.2 56.1028480529785
285.0 1111.09729003906
285.1 129.398864746094
286.0 171.083831787109
286.1 89.3946380615234
286.2 68.7751007080078
286.9 36.8790740966797
287.1 17.3654727935791
287.2 30.4352111816406
287.8 7.40435600280762
288.9 46.7075805664063
289.0 38.8866882324219
289.2 40.5308685302734
289.7 41.2358245849609
289.9 108.795913696289
290.2 7.49052381515503
290.8 25.9081764221191
291.0 32.7826843261719
291.1 44.2850303649902
291.2 6.85785484313965
291.8 14.1573066711426
292.0 73.2995147705078
292.8 112.460494995117
293.0 100.139038085938
293.6 8.88423919677734
294.0 427.896911621094
294.1 25.4120712280273
294.7 14.4727001190186
294.9 164.702087402344
295.1 58.5015144348145
295.2 10.8753442764282
295.7 6.88882064819336
295.9 8.09582614898682
296.0 431.842803955078
296.1 226.754486083984
296.2 71.1484375
297.0 494.997650146484
297.1 159.207489013672
298.1 8419.5546875
298.7 13.8051681518555
299.0 1326.99768066406
299.1 885.952331542969
299.9 15.4043207168579
300.0 97.2792205810547
300.1 87.2220458984375
300.3 32.8043899536133
300.9 1.59891271591187
303.1 4.05780410766602
303.9 7.38214874267578
305.0 21.1176338195801
306.0 30.8476676940918
306.9 65.5971450805664
308.0 80.9756088256836
308.1 22.7939987182617
309.0 11.2480049133301
309.2 34.6655235290527
309.8 7.76476430892944
309.9 62.9290809631348
310.1 55.3222694396973
310.2 12.5752573013306
310.8 14.6812973022461
311.0 59.9684295654297
311.1 23.441234588623
311.8 8.39314460754395
312.0 57.597053527832
312.1 157.676284790039
312.2 26.2688045501709
312.8 19.4198532104492
312.9 9.73532867431641
313.1 7.44131278991699
315.0 49.4874877929688
315.1 28.8137454986572
320.2 7.13779258728027
322.1 19.2619953155518
323.9 7.26130723953247
324.0 29.0679378509521
324.2 35.9354209899902
325.1 32.537540435791
326.3 19.2615032196045
327.0 5.66380643844604
328.9 18.5725650787354
329.0 31.0755386352539
329.2 9.19244766235352
329.9 23.8979797363281
330.1 25.6292610168457
330.8 11.5017004013062
334.7 7.64736127853394
335.0 13.2464475631714
336.1 56.8973007202148
336.2 81.7768859863281
336.9 8.39511299133301
338.0 40.6807708740234
339.1 7.02431058883667
339.7 9.70517826080322
340.0 123.119918823242
340.1 284.964691162109
340.2 36.2123908996582
341.0 59.149658203125
341.1 41.9279670715332
341.2 9.4185676574707
343.9 10.899600982666
344.1 130.576766967773
344.2 126.557640075684
344.3 69.7153091430664
344.4 24.245512008667
344.9 18.8083305358887
345.1 179.766555786133
345.2 147.079040527344
345.4 42.8380508422852
346.0 38.5103034973145
346.1 34.9250106811523
346.4 14.2023077011108
348.7 10.1598224639893
348.9 6.10861968994141
349.1 53.9979820251465
350.8 10.0029487609863
351.0 8.91492462158203
351.8 7.60700559616089
351.9 21.3224220275879
352.1 63.7655982971191
352.2 13.1273345947266
352.3 24.0472087860107
353.0 32.1692543029785
353.1 98.7253570556641
353.2 97.3801498413086
353.9 19.9813632965088
354.1 307.333343505859
354.2 253.028945922852
355.1 66.7859573364258
355.1 38.6843528747559
355.2 90.3039093017578
356.2 8777.115234375
357.0 63.6597671508789
357.2 2471.84985351563
357.3 31.8604297637939
358.0 52.6723403930664
358.1 2793.31103515625
358.2 378.353881835938
359.0 24.2970314025879
359.1 688.023864746094
359.2 220.592193603516
359.9 11.7815341949463
360.1 129.254211425781
367.0 7.17246150970459
368.0 7.37774324417114
370.1 16.8159713745117
370.9 16.5285701751709
371.0 29.7206974029541
371.2 24.491870880127
372.2 7888.244140625
373.2 15294.1162109375
374.2 4080.27099609375
375.1 191.412689208984
375.2 344.606018066406
375.3 34.5764846801758
376.1 11.9776954650879
386.8 7.6236891746521
401.1 17.5678291320801
405.1 8.24476718902588
