#"+EI Scan (rt: 2.713-2.789 min, 14 scans) R6M2.D  Subtract "
#Point,X(Thompsons),Y(Counts)
41.0 786.633911132813
42.0 143.567672729492
43.1 645.777709960938
43.9 541.80322265625
45.0 124.029800415039
46.1 12.244776725769
46.7 23.6843757629395
47.1 160.153076171875
47.9 11.6020421981812
49.0 41.0712738037109
49.8 17.004451751709
49.9 54.9811935424805
50.9 179.757659912109
52.0 58.9816818237305
52.1 21.6746158599854
52.9 264.607727050781
54.0 67.3899841308594
54.1 23.0614547729492
54.3 14.2280941009521
55.0 789.784790039063
56.0 203.935287475586
57.0 673.133056640625
57.9 106.79670715332
58.3 26.1799564361572
59.0 294.734375
59.8 32.6966896057129
60.0 57.9943237304688
60.9 62.1392974853516
62.1 87.8003082275391
62.2 29.5890674591064
62.9 49.6948394775391
63.0 301.970031738281
63.7 18.565258026123
63.9 100.95970916748
64.9 140.646148681641
65.0 6.74849700927734
65.9 5.57751178741455
66.1 27.8912334442139
66.3 13.3553867340088
66.9 123.638565063477
67.1 95.8696899414063
67.9 32.3545265197754
68.2 7.47865438461304
69.0 452
69.9 69.5770034790039
70.1 15.2022094726563
70.2 39.604793548584
70.8 31.3105792999268
71.2 14.576807975769
71.8 3.53917980194092
72.3 1.08688926696777
73.0 10.04296875
73.9 137.510803222656
75.0 443.892517089844
75.9 4.26333618164063
76.1 54.6862564086914
77.0 426.0537109375
78.0 126.3427734375
78.9 109.899322509766
79.0 147.23681640625
79.6 28.3655872344971
79.8 5.63891220092773
79.9 48.7882614135742
81.0 475.366455078125
81.8 14.7362289428711
82.0 26.5917205810547
83.0 1913.68432617188
83.1 517.021301269531
83.8 18.6834411621094
83.9 74.5079345703125
84.1 241.492599487305
85.1 238.707733154297
85.8 12.6725807189941
86.1 8.54236602783203
86.8 48.97265625
87.0 121.086357116699
87.7 2.73728084564209
87.9 129.739791870117
88.1 128.313781738281
89.0 760.576904296875
89.8 36.352970123291
89.9 4.25572204589844
90.1 47.1134147644043
90.9 44.7462997436523
91.0 205.389099121094
92.0 27.658863067627
92.1 9.57842636108398
92.2 16.6473178863525
92.9 65.1027145385742
93.9 43.8829498291016
94.9 228.89599609375
96.0 121.585998535156
96.1 28.9284057617188
97.0 279.696929931641
97.9 46.5703582763672
98.1 2.30009460449219
98.3 5.82794094085693
98.6 18.5042896270752
99.0 1.81382751464844
99.7 15.7271022796631
99.9 41.6711769104004
100.1 4.10437202453613
100.9 188.641220092773
101.1 142.831604003906
101.2 36.3100204467773
101.8 96.0078048706055
102.0 157.41194152832
102.1 27.1276302337646
102.9 195.553909301758
103.8 57.0666770935059
104.8 35.5707778930664
105.1 55.9496650695801
106.0 17.1992568969727
106.3 13.5722723007202
106.7 1.92445755004883
106.9 91.8743591308594
107.0 346.694519042969
107.8 78.290901184082
108.2 595.202575683594
109.0 27823.20703125
110.0 2233.76782226563
111.0 154.609619140625
111.9 61.2659111022949
112.1 49.9293594360352
112.7 54.4623069763184
113.1 38.3276443481445
113.8 62.4743957519531
114.0 101.832931518555
114.1 282.524139404297
115.0 884.41796875
116.1 473.489685058594
117.0 242.841552734375
118.0 86.9848480224609
118.7 31.1841068267822
118.8 51.6453170776367
119.8 19.7683258056641
120.1 6.08344602584839
120.9 115.275100708008
121.9 69.7647094726563
122.1 6.38768815994263
122.8 89.2352523803711
123.0 8.974609375
123.8 0.805395126342773
123.9 21.8373527526855
124.1 27.7918853759766
124.4 13.0244808197021
124.7 22.4561958312988
124.8 18.4929809570313
125.2 15.3764009475708
125.8 50.3801536560059
125.9 30.6484069824219
126.1 28.9226951599121
126.6 21.3668403625488
126.8 38.8232955932617
127.1 216.791244506836
128.0 488.055511474609
129.0 248.076019287109
129.1 207.483810424805
129.9 222.282211303711
130.0 76.8225402832031
130.8 35.2307052612305
131.1 32.3284645080566
132.0 45.3772277832031
132.9 3.11572265625
133.9 67.6636581420898
134.8 68.9579086303711
135.0 138.704528808594
137.0 990.984375
138.0 1.337158203125
138.9 23.3337020874023
139.0 368.232055664063
139.9 116.912689208984
140.0 24.5945892333984
140.9 191.890487670898
141.7 35.5332145690918
142.0 207.453384399414
142.1 9.09939956665039
142.3 15.5160989761353
143.0 618.946166992188
143.1 3.51369476318359
144.0 760.147888183594
145.0 25.1022644042969
145.1 35.9010696411133
145.7 5.37524890899658
145.9 24.8375091552734
147.0 154.318267822266
147.8 4.26420927047729
148.6 19.7301769256592
148.8 19.8011646270752
149.1 35.6242752075195
149.9 50.8937301635742
150.1 20.5652198791504
150.9 3.54568481445313
151.0 148.094787597656
151.9 68.6613388061523
152.0 226.461639404297
153.0 166.706497192383
153.9 292.993316650391
154.0 94.6775512695313
154.1 110.671684265137
155.0 467.63134765625
155.9 126.989837646484
156.0 32.6618919372559
157.0 500.272216796875
158.1 146.853378295898
159.0 142.34375
159.8 46.4819946289063
160.9 123.186492919922
161.6 15.5011606216431
162.0 33.2400703430176
163.9 98.4060516357422
164.1 34.066577911377
165.0 118.421569824219
165.9 94.5340728759766
166.0 208.073150634766
166.1 27.3860511779785
167.0 1410.26623535156
167.9 155.177642822266
168.0 320.195404052734
169.0 233.840744018555
169.8 21.5610275268555
170.0 147.108016967773
170.2 22.268798828125
170.8 60.9534301757813
170.9 183.175720214844
171.8 18.421760559082
172.9 79.9370422363281
173.1 19.0071887969971
173.7 18.7006015777588
174.1 21.8633003234863
174.8 5.24128818511963
175.0 104.6376953125
175.1 11.5076236724854
175.8 4.28316116333008
176.0 41.5275688171387
176.1 5.69429540634155
176.3 11.2022800445557
176.7 25.5276947021484
177.1 57.2415390014648
178.0 15.1311740875244
178.1 52.1209297180176
179.1 72.1958618164063
179.8 9.95780181884766
180.0 241.248687744141
180.1 528.890869140625
180.9 36.0918579101563
181.0 118.107925415039
181.1 147.830352783203
181.9 27.4093170166016
182.0 447.242156982422
182.1 740.740234375
182.7 4.20157241821289
182.9 115.890151977539
183.0 126.969757080078
183.1 19.8973426818848
183.8 45.1504440307617
183.9 197.186401367188
184.2 57.8176307678223
185.0 385.041290283203
185.7 1.30513954162598
186.0 48.3911437988281
187.1 15.0914783477783
188.0 21.4441108703613
188.7 23.737190246582
189.2 12.2849273681641
189.8 11.0023221969604
189.9 5.52301025390625
191.0 271.144104003906
191.8 34.0099143981934
191.9 140.741439819336
192.9 119.160827636719
193.7 6.44401168823242
193.9 188.049987792969
194.0 36.6135787963867
194.9 105.036499023438
195.0 3.227783203125
195.8 64.058837890625
195.9 98.1311645507813
196.0 75.8140563964844
196.9 160.226867675781
197.8 53.009521484375
198.0 130.192169189453
198.8 140.574615478516
199.8 31.5383834838867
200.8 208.803527832031
201.0 49.5373916625977
201.9 1.50918960571289
202.0 89.8890991210938
202.9 119.390090942383
203.9 79.3980484008789
204.0 126.999984741211
204.7 48.0243835449219
205.8 15.0438747406006
205.9 5.17761039733887
206.1 4.10633373260498
206.9 170.798675537109
207.0 30.004150390625
208.1 65.7568054199219
209.0 221.078506469727
210.0 267.507507324219
210.1 581.588256835938
212.0 216.689270019531
212.1 7.4898681640625
212.8 49.1519546508789
212.9 148.868774414063
213.9 70.0096893310547
214.1 17.5399284362793
215.0 105.857421875
215.9 246.265594482422
217.0 161.413757324219
217.7 15.2823047637939
217.9 129.330017089844
218.9 1310.32653808594
219.6 23.7719688415527
219.9 254.560791015625
220.1 27.4965553283691
220.8 203.336486816406
221.0 120.088912963867
221.7 24.7813529968262
221.9 163.299682617188
222.0 409.144927978516
223.0 183.128295898438
223.1 91.9608306884766
223.8 71.7827301025391
224.0 284.176544189453
224.1 163.507232666016
224.9 191.861312866211
225.0 441.847778320313
225.1 167.306854248047
226.1 281.359313964844
226.9 82.3220367431641
227.0 15.6399993896484
228.9 69.4030609130859
229.2 60.7963371276855
229.9 75.0907592773438
230.0 38.0983810424805
230.1 20.7315902709961
231.0 120.837348937988
231.2 54.3049163818359
232.0 107.537750244141
232.1 2962.5166015625
233.0 1063.7431640625
234.0 13.408935546875
234.9 18.6480712890625
235.0 31.1435852050781
235.1 58.945240020752
235.9 148.156555175781
237.0 178.83642578125
238.0 333.334503173828
238.8 50.4664535522461
238.9 278.968505859375
239.9 22.8571319580078
240.0 129.298370361328
240.9 311.950622558594
241.7 3.17299842834473
242.0 8.79911804199219
242.7 1.41707801818848
243.0 46.0232925415039
243.9 21.6560077667236
244.1 6.84389066696167
244.7 12.3183059692383
244.8 65.9334106445313
246.1 36.5624885559082
246.8 40.5863037109375
247.0 34.3777618408203
247.2 38.7404899597168
247.9 15.5160417556763
248.1 10.8792009353638
248.9 63.6381988525391
249.0 37.9558868408203
249.2 17.5080375671387
249.9 102.065277099609
250.1 18.6243495941162
250.9 112.550064086914
251.1 82.7046661376953
252.1 10141.62890625
252.9 175.297698974609
253.1 1886.32702636719
254.0 210.837203979492
254.1 69.4113159179688
254.7 19.6256999969482
254.9 46.8378753662109
255.0 21.4430732727051
255.2 26.01930809021
256.6 10.9511051177979
256.7 10.5507478713989
256.9 72.8059387207031
258.0 7.73140859603882
258.9 46.4649200439453
259.1 77.9334564208984
259.9 7.15761852264404
260.9 20.6847610473633
261.7 30.5943470001221
262.0 13.3080883026123
262.9 10.4654293060303
263.2 13.6058197021484
264.1 11.9875383377075
265.0 28.3883018493652
265.1 45.0212326049805
266.0 176.438690185547
266.1 112.492485046387
266.8 26.3977832794189
267.0 903.505065917969
267.1 497.514129638672
267.8 20.8615379333496
268.0 88.913818359375
268.1 115.081214904785
268.2 9.4757137298584
268.7 14.8620929718018
269.0 73.5201873779297
269.9 51.8869247436523
270.1 9.94221782684326
271.0 363.603302001953
271.9 102.431106567383
272.7 14.4629783630371
272.9 227.528259277344
273.7 28.9366722106934
273.9 8.78330993652344
274.0 50.4139709472656
274.8 76.7754516601563
275.0 176.90266418457
276.0 277.452270507813
276.1 176.111724853516
276.6 29.2920532226563
277.0 288.670654296875
277.1 20.1147041320801
277.7 14.2990980148315
277.9 61.7352256774902
278.8 146.790740966797
279.1 40.1214218139648
279.9 23.0825691223145
280.8 79.7552947998047
281.0 51.6724243164063
282.0 34.0831680297852
282.2 21.8897838592529
283.1 81.92138671875
285.1 51.8181419372559
286.1 14.0835800170898
287.1 1137.17492675781
288.0 276.110260009766
289.0 72.2607421875
290.0 515.421997070313
290.1 153.507019042969
291.1 965.092651367188
291.8 5.38696098327637
292.0 138.180297851563
292.1 109.738540649414
292.9 1712.29809570313
294.0 129.032211303711
294.8 146.527450561523
296.0 61.5555114746094
296.9 249.036270141602
297.7 9.39474868774414
298.8 39.8115921020508
300.9 9.35610008239746
301.2 32.9371566772461
304.0 12.6494245529175
305.0 43.9978065490723
306.0 157.767974853516
306.1 286.867248535156
307.0 99.3469619750977
307.1 106.576126098633
308.0 170.032455444336
308.1 101.29736328125
309.0 90.0670700073242
309.1 23.8168258666992
311.0 118.379470825195
315.0 17.3510227203369
316.1 37.8099136352539
317.0 12.7497529983521
317.9 13.4596004486084
318.0 15.3662099838257
318.9 30.2387542724609
319.0 25.118070602417
319.2 39.3666381835938
319.7 12.1419849395752
321.2 14.2824077606201
322.2 29.8172740936279
322.9 73.5920562744141
323.1 23.7973175048828
328.8 9.72566318511963
329.2 12.460036277771
330.0 93.0382080078125
330.2 377.467071533203
330.8 35.8337707519531
331.0 41.6699600219727
331.2 60.2643241882324
332.0 133.205276489258
332.1 31.5131416320801
332.9 109.331260681152
333.1 42.1156349182129
334.0 57.3117904663086
334.1 2029.705078125
335.1 324.407989501953
335.2 271.836120605469
335.3 30.9506778717041
335.9 28.0162792205811
336.1 57.255012512207
336.8 12.6645975112915
344.8 19.5938873291016
346.9 9.21816635131836
347.9 15.0091886520386
348.0 42.5712699890137
348.2 11.6452503204346
349.0 46.3457107543945
349.2 1423.39416503906
349.3 88.4326248168945
350.0 82.5199508666992
350.1 200.825561523438
350.2 41.6862602233887
350.4 37.2616157531738
351.1 45.9273681640625
351.3 12.4724426269531
353.8 10.7671976089478
366.9 1.93957138061523
367.0 17.95973777771
367.2 27.3290100097656
370.8 16.3957328796387
371.0 1.25706195831299
371.8 12.2036762237549
401.1 39.2654609680176
410.1 15.291579246521
