#"+EI Scan (rt: 2.713-2.789 min, 14 scans) R8M2.D  Subtract "
#Point,X(Thompsons),Y(Counts)
40.0 72.8584442138672
40.1 107.841171264648
41.0 894.845092773438
42.0 84.6509704589844
42.1 43.3550109863281
43.0 437.525939941406
44.1 275.327331542969
45.1 133.26448059082
46.0 6.46907043457031
47.0 226.94287109375
48.9 16.4140739440918
49.9 22.7335262298584
50.0 124.188858032227
51.0 271.245483398438
51.8 24.5288581848145
52.0 21.5955791473389
53.0 186.072326660156
53.2 37.1677589416504
53.9 18.3507461547852
54.1 66.9536285400391
55.0 728.216369628906
55.8 14.4527273178101
56.1 129.458206176758
56.9 261.557952880859
57.8 129.867324829102
58.1 39.3466033935547
59.0 87.99072265625
60.0 115.945304870605
60.1 17.2184371948242
61.0 34.9966163635254
61.2 27.6315422058105
62.0 157.798828125
63.0 352.4638671875
63.2 45.6828269958496
64.1 101.209106445313
64.2 15.1903305053711
64.8 78.9777145385742
65.0 35.9851684570313
65.2 96.0301895141602
65.8 11.8587188720703
67.1 221.200531005859
67.2 21.0558643341064
68.0 81.1554794311523
68.9 93.5131683349609
69.0 285.311492919922
69.7 18.5720615386963
69.9 10.5185050964355
70.0 52.5333099365234
70.9 55.7199440002441
71.2 15.275429725647
73.9 33.5275001525879
74.0 34.0326843261719
74.9 94.7960357666016
75.0 140.144348144531
75.8 27.3610553741455
75.9 97.3777465820313
77.0 454.1943359375
78.0 54.5791015625
79.1 437.971893310547
79.8 14.1439609527588
80.0 47.3954086303711
81.0 380.34375
82.0 196.948654174805
83.0 2258.51586914063
83.9 142.192657470703
84.1 24.1105823516846
84.8 77.7768402099609
85.0 34.2800598144531
86.0 35.9966888427734
86.1 28.1001644134521
86.9 31.8279151916504
87.0 58.840705871582
87.8 55.5812339782715
88.0 236.382751464844
88.2 24.0105590820313
89.0 44.0245971679688
89.0 419.787414550781
89.1 56.3828239440918
89.9 92.4643707275391
89.9 42.4732971191406
90.9 47.1888771057129
91.0 157.465209960938
92.0 27.2456245422363
93.0 293.099029541016
93.9 15.3620262145996
94.0 11.1090717315674
94.8 26.3536720275879
94.9 92.6937408447266
95.0 22.6527252197266
96.1 224.403045654297
96.2 52.4218902587891
96.8 112.624740600586
97.0 171.06005859375
98.2 60.9841690063477
98.3 11.2693862915039
100.0 47.8232688903809
100.1 22.0645942687988
100.9 194.260955810547
101.1 89.2128143310547
101.9 123.33113861084
102.0 175.748382568359
102.6 27.3911380767822
102.8 73.64453125
103.1 29.4987640380859
103.7 11.4933977127075
103.9 18.5665397644043
104.2 14.8488273620605
104.9 61.500129699707
105.9 22.5867500305176
106.0 67.4759674072266
106.1 0.444034576416016
107.0 290.929321289063
107.1 282.606872558594
108.0 83.1142654418945
108.1 301.851776123047
108.3 104.218002319336
109.0 22878.0625
110.0 1944.31079101563
111.0 131.015426635742
111.1 13.2429180145264
112.0 3.47074031829834
112.7 7.69055414199829
112.9 83.0819396972656
113.9 175.5869140625
114.1 220.832504272461
114.8 76.820442199707
115.0 782.849365234375
115.7 9.62285804748535
115.8 56.6995315551758
116.0 150.280807495117
116.1 34.2978057861328
116.2 85.9223556518555
117.0 82.3342895507813
118.2 23.5476379394531
118.8 73.2629547119141
119.1 49.0810737609863
119.7 15.6394710540771
120.0 25.6242198944092
121.1 33.7780952453613
121.2 25.4855213165283
121.8 9.93635368347168
122.0 17.4569110870361
122.6 11.4959659576416
122.8 31.9373931884766
123.1 30.3902397155762
123.7 30.6498851776123
124.9 54.9332122802734
125.0 165.384155273438
125.7 16.8962478637695
125.9 18.2141170501709
126.0 119.438171386719
126.8 28.9320526123047
127.0 228.14811706543
127.6 11.6824750900269
127.9 161.549026489258
128.0 311.205047607422
129.0 372.393829345703
129.1 15.8405227661133
129.8 16.1716976165771
129.9 159.328216552734
130.1 159.598297119141
131.0 164.354019165039
131.7 8.50230026245117
131.9 5.72176361083984
132.9 116.174476623535
133.1 29.7783756256104
133.6 15.7810316085815
133.7 17.8811912536621
133.8 12.3218650817871
134.1 7.47930717468262
134.3 11.7261590957642
135.0 361.480407714844
135.1 45.6166191101074
135.7 19.8506126403809
136.0 182.376312255859
137.0 344.451171875
138.9 557.070922851563
140.0 107.093055725098
140.1 13.4835605621338
141.0 471.466247558594
141.7 13.9665355682373
142.1 95.2159042358398
142.8 11.6929016113281
143.0 478.318237304688
144.0 510.784484863281
144.1 94.3373413085938
144.8 23.4170227050781
145.0 68.0324401855469
146.0 19.6150512695313
146.7 13.710015296936
146.8 22.4747314453125
147.1 16.4082317352295
149.1 55.9022827148438
149.9 12.9358596801758
150.9 9.98904418945313
151.0 104.680770874023
151.9 129.670791625977
152.1 103.602561950684
152.7 3.40169620513916
152.9 65.4257507324219
153.0 76.0626678466797
153.1 5.98354196548462
153.8 64.6168365478516
154.0 13.5097427368164
154.1 210.742218017578
154.2 25.5888233184814
155.0 376.597778320313
156.0 66.9451293945313
156.1 308.62890625
156.9 393.400085449219
157.8 28.9654445648193
157.9 76.2728424072266
158.0 2.57682800292969
159.0 49.28955078125
159.9 266.198516845703
160.8 60.6380081176758
160.9 12.4353332519531
161.9 16.4785423278809
162.1 24.3253841400146
163.1 82.6946258544922
163.9 119.7109375
164.1 14.8194265365601
165.0 195.193634033203
165.1 42.788459777832
165.7 20.5180110931396
166.0 38.1997032165527
166.2 98.3173751831055
166.3 11.4410238265991
166.9 15.4436950683594
167.0 745.590576171875
167.1 394.951995849609
167.9 79.3351211547852
168.0 159.428283691406
168.1 22.5617065429688
168.8 19.664306640625
169.1 193.571472167969
169.6 11.4483509063721
170.0 120.5048828125
170.1 72.9465942382813
170.8 47.1768493652344
171.0 74.9699554443359
171.9 14.0515556335449
172.1 30.3434524536133
173.0 37.0528945922852
173.2 30.1087856292725
174.0 1.15475654602051
174.8 16.5378303527832
174.9 1.40682315826416
175.9 13.9525527954102
177.0 91.2605285644531
177.9 33.6900329589844
178.0 25.4388904571533
178.8 3.61658000946045
179.0 35.6651840209961
179.1 75.5729598999023
179.8 88.9004058837891
180.0 365.666320800781
180.1 163.888442993164
181.0 404.323913574219
181.9 107.580429077148
182.1 950.289306640625
182.8 34.1955032348633
182.9 117.003295898438
183.1 102.727890014648
183.9 31.5779857635498
184.0 63.189868927002
184.1 132.272094726563
184.8 178.514129638672
185.1 36.536678314209
185.7 38.0348434448242
185.9 33.4784507751465
186.7 42.193603515625
187.0 68.5006256103516
187.1 15.1132526397705
187.8 3.51433753967285
188.1 15.6680631637573
188.9 79.1892700195313
189.7 12.0988397598267
190.0 46.7595024108887
191.0 314.17529296875
191.8 13.5909814834595
191.9 24.0632019042969
192.1 8.85216522216797
192.2 11.0446271896362
192.7 30.2355098724365
192.9 34.3957366943359
193.1 49.4849739074707
193.8 59.7890014648438
193.9 113.883674621582
194.0 66.6748046875
194.8 227.147979736328
196.0 166.106658935547
196.1 107.915618896484
196.9 49.0489654541016
196.9 126.507202148438
198.0 220.768783569336
198.1 18.0642261505127
199.1 19.3082580566406
199.7 2.12965679168701
200.6 25.3928489685059
200.9 27.4776153564453
202.1 41.8175010681152
202.9 87.6671142578125
203.0 36.2991104125977
204.0 73.4643249511719
204.1 46.1792106628418
204.7 17.0993709564209
206.0 56.2699584960938
207.0 107.583862304688
207.9 60.8067779541016
208.1 100.872581481934
208.2 28.0448875427246
208.9 43.0296249389648
209.0 88.5472564697266
209.8 18.4914951324463
210.0 568.363464355469
210.2 218.61491394043
211.0 199.97900390625
211.8 104.76879119873
211.9 47.1640014648438
213.0 152.03515625
213.8 97.0126647949219
214.0 36.1033477783203
215.0 196.39453125
216.0 32.6422576904297
218.0 41.3064117431641
218.9 108.214477539063
219.9 5.7796630859375
220.0 92.3427658081055
220.9 136.845062255859
221.1 0.762939453125
221.8 48.9340972900391
221.9 390.337860107422
222.1 157.383590698242
222.2 57.4653396606445
222.9 227.500900268555
223.7 11.0961713790894
223.9 12.4417848587036
224.0 277.127532958984
224.2 36.0964508056641
225.1 407.503540039063
225.2 59.5042304992676
226.0 238.094589233398
226.7 17.0276565551758
227.0 56.1628570556641
227.1 8.6474552154541
227.3 12.4940719604492
228.2 11.1566028594971
228.9 144.745025634766
229.8 6.55097770690918
230.0 6.29198455810547
230.2 10.0607376098633
230.7 14.2055788040161
230.8 26.6523532867432
231.1 41.2794799804688
231.8 20.774356842041
232.1 2019.10778808594
233.0 267.61669921875
233.9 163.910430908203
234.8 27.7584133148193
236.0 36.0138473510742
237.0 41.30126953125
237.8 12.8754806518555
238.0 65.8019104003906
239.0 113.024536132813
239.8 6.06770515441895
240.0 49.6544075012207
240.1 34.7038192749023
240.9 132.569213867188
241.9 19.0811157226563
242.0 25.324577331543
243.3 10.8390760421753
244.1 27.3069972991943
244.9 11.0876083374023
245.0 31.5809764862061
245.1 3.26074695587158
247.0 21.7341804504395
248.7 12.0520620346069
249.0 11.6619186401367
249.1 13.3221349716187
249.9 23.1531295776367
250.1 24.9972362518311
250.9 95.3070831298828
251.1 18.5397281646729
252.1 7920.0234375
253.0 1550.58728027344
253.2 20.9706974029541
253.9 166.501617431641
254.1 120.069107055664
254.7 14.9712753295898
255.0 54.5652694702148
256.1 13.3448705673218
256.8 57.0832061767578
257.0 38.3202934265137
257.3 14.5625171661377
258.8 12.3478631973267
259.0 20.5740013122559
259.9 25.7524757385254
260.8 78.125
261.0 11.1846761703491
262.9 4.27646827697754
264.8 12.142858505249
266.0 148.278060913086
266.1 34.279468536377
266.3 24.7699413299561
266.9 83.6587905883789
267.1 921.997680664063
267.9 87.5673980712891
268.0 57.4720993041992
268.7 43.1577377319336
269.2 25.2044258117676
269.8 12.7257699966431
270.2 14.1327028274536
270.8 71.8048858642578
271.0 147.773971557617
272.0 61.3154907226563
272.9 257.565063476563
273.8 4.68484497070313
274.1 6.75943565368652
274.7 5.85795211791992
275.0 6.93159484863281
275.1 87.7863922119141
275.9 9.46382141113281
276.0 293.928863525391
276.1 105.699653625488
277.0 190.221405029297
277.7 27.6703319549561
277.8 36.2859420776367
278.2 21.9332904815674
278.3 14.8191967010498
278.7 8.29405975341797
279.2 22.7170963287354
279.8 14.8067121505737
280.1 28.3069591522217
280.9 98.5561981201172
281.0 1.28477096557617
282.9 13.8829011917114
283.1 3.03900527954102
284.9 31.4761199951172
285.0 146.640747070313
285.9 44.0076217651367
286.0 6.8089599609375
287.1 483.157043457031
287.2 238.239501953125
287.8 35.9733390808105
288.0 48.6003074645996
288.1 63.3866348266602
288.9 123.57373046875
290.0 480.086364746094
290.1 188.099380493164
290.9 3.6304931640625
291.0 193.262893676758
291.1 413.386901855469
292.1 120.99488067627
292.2 48.5812797546387
292.9 261.542236328125
293.8 11.6122131347656
295.1 118.259010314941
296.1 14.7910470962524
296.7 32.5741233825684
296.9 38.287109375
297.5 11.4585123062134
299.0 22.3330154418945
300.8 12.9566307067871
301.9 11.1629724502563
302.9 19.4716682434082
304.7 15.0590486526489
305.0 2.74349308013916
305.1 23.7809734344482
306.0 97.2819290161133
306.1 313.426208496094
306.3 20.748872756958
306.8 18.0137519836426
307.1 69.2836380004883
308.0 147.790328979492
308.2 70.1093368530273
309.0 14.8557043075562
312.9 16.0373382568359
314.9 10.9222984313965
315.1 46.7873458862305
315.9 11.0470485687256
316.8 12.6466121673584
319.0 45.0012969970703
319.1 49.6446113586426
323.1 11.8813571929932
323.2 8.73251152038574
326.7 11.1822528839111
326.9 6.35959243774414
327.0 11.6471185684204
328.6 12.1208333969116
329.9 11.3280029296875
330.1 233.153472900391
330.2 75.1460494995117
330.8 7.61627292633057
331.0 50.2995872497559
331.2 58.3022384643555
332.0 132.06657409668
332.2 21.2740020751953
332.9 64.4625396728516
333.1 43.8655319213867
333.9 27.2027988433838
334.1 1036.60632324219
334.2 674.55712890625
334.3 28.4722881317139
334.9 37.6250534057617
335.1 401.777008056641
344.9 13.1591901779175
348.2 33.342586517334
349.1 472.927551269531
349.2 687.834350585938
350.0 193.250091552734
350.2 76.0843505859375
350.3 71.4231491088867
351.0 6.95463705062866
352.7 26.9231224060059
352.9 39.3649673461914
362.9 24.3100452423096
365.0 12.2888345718384
366.8 8.8040714263916
367.1 2.3425407409668
370.9 20.243745803833
386.9 11.284140586853
400.8 20.3948078155518
401.0 28.4965076446533
401.2 20.8053131103516
