#"+EI Scan (rt: 3.209-3.273 min, 12 scans) R6M2.D  Subtract "
#Point,X(Thompsons),Y(Counts)
40.1 225.98974609375
41.1 2626.09106445313
41.2 145.198150634766
42.1 583.20068359375
43.1 3882.525390625
44.0 455.439392089844
45.0 519.131713867188
45.8 35.0350685119629
46.0 45.3684120178223
46.2 32.2743034362793
48.9 72.1301879882813
49.9 0.390064239501953
50.0 430.554870605469
51.0 160.118621826172
51.0 542.473327636719
51.8 79.5152359008789
52.0 129.774826049805
52.1 72.3288116455078
53.0 272.953308105469
53.1 103.470825195313
53.9 119.817031860352
54.1 268.983917236328
55.0 744.406005859375
55.1 1048.21472167969
55.9 33.0643920898438
56.0 793.761413574219
56.1 460.8984375
57.0 1432.06689453125
58.0 209.369659423828
58.1 54.0500640869141
59.0 1830.64453125
59.9 317.710998535156
60.8 22.3348541259766
61.0 82.9742584228516
61.1 13.1601219177246
62.0 1019.41479492188
63.0 1707.24096679688
63.9 196.416442871094
64.0 179.048324584961
64.2 19.5026931762695
64.8 12.5214176177979
65.0 156.773406982422
65.1 127.619148254395
65.9 50.5540390014648
66.1 69.8231201171875
66.9 102.701171875
67.1 30.9286422729492
67.9 38.4599075317383
68.0 342.303955078125
68.1 40.004524230957
68.9 6.28005981445313
69.0 943.509765625
69.9 352.52685546875
70.1 1370.59985351563
71.1 2687.84912109375
71.9 13.5614671707153
72.1 987.76318359375
73.0 838.406494140625
74.0 49.3751525878906
74.1 368.899627685547
74.2 75.9487915039063
75.0 1487.88513183594
76.0 1483.89440917969
77.0 2558.9091796875
78.0 730.13818359375
79.0 264.662231445313
79.9 120.955825805664
81.0 830.622314453125
81.9 142.612503051758
82.1 361.258819580078
83.0 11048.642578125
83.8 50.7968635559082
84.0 504.583953857422
84.1 268.163543701172
84.9 35.5780792236328
85.0 354.761932373047
86.0 420.607574462891
86.1 184.249893188477
86.9 569.130676269531
87.1 483.830841064453
88.0 6882.81298828125
89.0 3686.62329101563
90.0 3446.14575195313
91.0 546.023803710938
91.1 178.413070678711
91.8 37.8754501342773
91.9 120.86213684082
92.7 39.7848625183105
93.1 112.283294677734
93.8 28.3177108764648
94.0 279.273132324219
95.0 719.645385742188
95.1 455.887329101563
96.0 711.358154296875
96.1 436.653259277344
96.7 16.1954021453857
97.0 129.324951171875
97.1 141.179946899414
97.9 165.475296020508
98.0 245.076431274414
98.8 25.1951389312744
98.9 308.3671875
99.7 29.2534484863281
99.9 152.772262573242
100.1 175.36540222168
100.8 28.7926979064941
100.9 155.536575317383
101.0 246.366622924805
101.1 37.2318115234375
101.9 202.081512451172
102.0 3459.42504882813
102.9 148.842056274414
103.0 1993.01721191406
104.0 203.142425537109
104.1 1141.60925292969
105.0 986.262756347656
105.1 42.4793815612793
105.9 89.3650741577148
106.1 179.288604736328
107.0 2709.15576171875
107.1 182.727447509766
108.1 3708.97827148438
109.0 183761.09375
110.0 14445.041015625
111.0 611.45751953125
111.8 87.3804016113281
112.1 41.73388671875
112.3 24.1395626068115
112.9 160.753143310547
113.9 79.4240112304688
114.0 202.039978027344
114.2 38.0422172546387
115.0 197.148986816406
115.1 324.155792236328
116.0 461.304809570313
116.1 238.299118041992
117.0 1270.81042480469
117.9 45.7610473632813
118.0 818.003601074219
119.0 329.539215087891
119.7 12.7283782958984
119.9 46.7671508789063
120.0 61.6705436706543
120.1 28.6738471984863
120.9 36.8029251098633
121.0 60.3951568603516
121.1 135.616912841797
121.9 442.787658691406
122.0 502.951080322266
122.9 215.708618164063
123.1 33.3851890563965
123.9 120.143325805664
124.0 44.831600189209
124.9 208.29362487793
125.0 52.0496215820313
125.7 13.414776802063
125.9 134.338500976563
126.0 44.5868225097656
126.2 23.3616027832031
126.8 70.8066558837891
127.0 94.9437637329102
127.8 18.325834274292
128.0 400.329650878906
129.0 3102.53515625
129.8 3.94977617263794
129.9 217.860000610352
130.0 588.37646484375
130.9 580.711547851563
131.0 1010.85052490234
131.9 97.8682022094727
132.0 323.185211181641
133.0 244.649230957031
133.1 18.0359649658203
133.8 34.0241012573242
133.9 134.185272216797
134.0 79.1663208007813
134.8 146.557922363281
135.0 467.097229003906
136.0 77.1019134521484
137.0 3451.955078125
138.0 530.0595703125
139.1 319.655914306641
139.9 69.3403701782227
140.0 45.2235717773438
140.1 19.008508682251
141.0 386.04541015625
141.9 139.803161621094
142.1 42.5782508850098
142.9 536.947387695313
143.1 88.1106262207031
144.0 2551.82763671875
145.0 16151.4072265625
145.8 9.43536567687988
146.0 528.796936035156
146.0 1350.66479492188
146.8 77.5796051025391
146.9 119.486099243164
147.8 33.1965789794922
147.9 80.0752639770508
148.8 6.46289825439453
148.9 101.271957397461
149.9 119.83943939209
150.2 52.3102798461914
150.3 15.3294639587402
151.0 548.453247070313
152.0 201.735580444336
153.0 184.433639526367
153.1 9.19132614135742
153.8 26.2295417785645
154.0 108.397155761719
155.0 529.902648925781
156.0 344.526062011719
157.0 621.812377929688
157.7 8.10454940795898
158.0 349.747131347656
158.1 52.8678245544434
159.0 1058.35986328125
160.0 348.579559326172
160.9 73.8362884521484
161.0 29.3678741455078
161.6 13.6232442855835
161.8 47.6491775512695
162.0 58.4863967895508
162.9 119.385040283203
163.0 105.318069458008
163.8 14.6736183166504
164.0 64.1842651367188
164.1 40.4894142150879
164.7 41.556770324707
164.9 75.4972229003906
165.0 13.3638916015625
165.9 5.98573303222656
166.0 56.7256889343262
166.2 42.2654762268066
166.8 59.0036964416504
166.9 101.763854980469
167.9 137.770721435547
168.0 120.23908996582
168.9 400.560211181641
169.0 181.529113769531
170.0 696.817260742188
170.1 232.897033691406
170.8 89.6803588867188
171.0 282.175262451172
172.0 1734.69030761719
173.0 936.71533203125
173.8 68.2716979980469
174.0 80.5094451904297
174.1 196.007675170898
174.8 29.193941116333
174.9 124.349601745605
175.1 168.724868774414
175.8 114.540260314941
175.9 33.2322654724121
176.0 330.373199462891
176.1 69.9453811645508
176.9 1.87252044677734
177.0 212.285125732422
177.1 271.734344482422
178.0 93.1437454223633
178.1 130.573471069336
178.7 12.5084571838379
178.8 43.2314910888672
179.0 60.9484558105469
179.1 61.7317161560059
179.9 12.813060760498
180.0 167.880569458008
180.6 36.8519706726074
180.8 24.4531555175781
181.0 82.7132873535156
181.1 133.905349731445
182.0 171.181396484375
182.1 50.5765800476074
182.9 129.360961914063
183.0 31.0209312438965
183.8 4.30560874938965
183.9 107.32356262207
184.1 73.0412826538086
184.9 231.027496337891
185.0 177.476928710938
185.9 40.5765075683594
186.0 138.803924560547
186.0 83.3372497558594
186.7 21.0308418273926
186.9 103.432495117188
187.0 71.0104293823242
188.0 104.596199035645
188.1 61.528938293457
188.7 14.6092376708984
188.8 35.8443908691406
189.0 87.9334259033203
189.9 30.0316333770752
190.8 22.0931549072266
190.9 84.2920532226563
192.0 71.3969268798828
193.0 187.819091796875
193.1 31.9539947509766
193.9 280.706085205078
194.0 88.892822265625
195.0 996.4580078125
196.0 1317.17309570313
196.9 264.533935546875
197.0 829.411193847656
198.0 559.176574707031
198.1 348.576782226563
198.9 232.708953857422
199.0 251.146881103516
199.8 128.403625488281
200.0 511.7666015625
200.9 303.739624023438
201.8 8.97714805603027
201.9 31.55224609375
202.1 91.563591003418
202.8 56.2893676757813
202.9 49.7373657226563
203.0 14.0268249511719
203.8 0.0551376342773438
203.9 43.7623443603516
204.0 8.56652641296387
205.0 486.171997070313
205.9 114.205543518066
206.0 57.3712043762207
207.0 30.1312866210938
207.1 143.237930297852
207.7 17.6377658843994
207.9 90.6421432495117
208.0 23.4857025146484
208.7 52.1386184692383
209.0 153.325927734375
209.9 55.8242607116699
210.0 143.050323486328
210.1 17.3473796844482
211.0 694.79345703125
212.0 355.980529785156
212.9 214.658874511719
214.0 367.505981445313
214.0 226.026000976563
215.0 2442.5234375
216.0 303.283325195313
217.0 559.274169921875
217.8 79.9382934570313
218.0 18.515983581543
218.9 1432.68347167969
220.0 129.617370605469
220.8 135.111450195313
220.9 17.9380111694336
221.9 122.805267333984
222.0 87.0324935913086
222.1 57.1419563293457
223.0 3249.48046875
224.1 1535.58959960938
224.2 46.771915435791
225.0 3068.2451171875
226.0 374.028991699219
226.1 737.857177734375
226.2 21.7320671081543
226.8 18.0203742980957
226.9 311.080444335938
228.0 183.155395507813
228.1 78.5657653808594
228.9 286.254638671875
229.8 18.1565399169922
229.9 67.7171478271484
230.0 14.9325256347656
230.1 6.66009902954102
230.8 16.0877952575684
231.0 28.9463195800781
232.1 117.101692199707
232.2 32.0212783813477
233.0 1172.0830078125
234.0 473.410766601563
234.9 406.983001708984
235.8 143.624359130859
237.0 1115.431640625
237.9 726.688110351563
239.0 521.762145996094
239.9 105.462944030762
240.0 418.125183105469
240.2 77.2936935424805
240.9 19.6904907226563
241.0 343.049682617188
241.6 13.2257432937622
241.8 1.76019859313965
242.0 294.939086914063
242.1 148.737167358398
242.7 0.0626945495605469
242.9 76.5279083251953
243.1 50.7381973266602
243.8 13.5225381851196
244.7 36.9359283447266
244.9 12.1073150634766
245.2 13.3395566940308
246.0 96.8413162231445
246.8 42.7321281433105
247.0 73.3531799316406
247.2 41.254638671875
247.9 5.79079627990723
248.0 20.651798248291
248.3 10.4225540161133
248.5 14.1125631332397
248.8 60.9368324279785
248.9 73.9404144287109
249.0 8.44887542724609
249.2 76.130126953125
249.8 14.5785646438599
249.9 63.7974548339844
250.0 77.9883041381836
250.2 30.0496425628662
250.4 47.3463287353516
250.9 62.8406372070313
251.1 1045.44555664063
251.2 147.973739624023
252.0 1330.41076660156
253.1 143101.6875
254.1 24559.88671875
254.9 134.601791381836
255.1 2179.32543945313
256.0 145.70442199707
256.1 102.197257995605
256.7 27.5835857391357
256.9 124.06014251709
257.9 33.6201362609863
258.7 45.9600791931152
258.9 39.9745979309082
259.0 28.8396606445313
260.8 34.3347778320313
260.9 30.919506072998
262.8 31.0157871246338
263.0 33.2352142333984
263.9 18.6302719116211
264.1 20.638463973999
264.3 16.4441242218018
264.8 17.8477592468262
265.0 116.744743347168
265.8 83.3230361938477
265.9 152.138137817383
266.1 66.5297164916992
266.9 6.3724365234375
267.0 285.213134765625
267.2 166.827819824219
267.9 87.7062149047852
268.0 14.2851371765137
268.1 217.181076049805
269.1 14314.03125
270.1 2865.43310546875
271.0 234.383636474609
271.1 44.0391464233398
271.8 28.4793357849121
271.9 53.1673812866211
272.0 29.1738471984863
272.6 49.9529113769531
272.9 43.6073303222656
273.0 12.2060699462891
273.2 39.4452171325684
273.9 38.0566558837891
274.0 4.02744007110596
274.8 134.334320068359
275.1 73.9878005981445
275.9 88.0141296386719
276.8 29.3345413208008
277.0 71.9921875
277.9 9.05764579772949
278.8 14.7783393859863
279.0 114.805206298828
279.0 6.08901596069336
279.8 23.0625076293945
279.9 78.9593811035156
280.1 93.2017822265625
281.0 303.270538330078
281.1 214.407043457031
282.0 142.327423095703
282.2 119.009330749512
282.8 19.0467700958252
284.1 9.16731262207031
284.8 121.592208862305
285.8 8.66360855102539
286.1 43.3917274475098
286.9 73.4147033691406
288.0 447.072479248047
288.1 3574.330078125
289.0 1568.73937988281
289.9 162.037475585938
290.0 101.653915405273
290.7 17.1213092803955
290.8 21.2000427246094
290.9 178.935241699219
291.9 8.95111083984375
292.2 17.0016422271729
292.9 490.881591796875
294.0 244.868927001953
295.1 1773.34838867188
295.9 23.8678932189941
296.0 100.719718933105
296.2 618.1103515625
296.8 55.4535064697266
296.9 126.955596923828
297.1 34.1554107666016
297.9 2.09377288818359
298.1 23.3282585144043
299.0 86.1613464355469
299.2 14.6121988296509
299.9 16.3291873931885
300.7 1.43864059448242
300.9 21.5662994384766
302.0 39.8084945678711
302.7 4.26590204238892
302.9 34.7818489074707
303.0 12.4508323669434
303.9 6.6666431427002
304.7 8.5629768371582
304.9 36.9525985717773
305.1 28.6385097503662
306.0 85.8414077758789
306.1 62.4183006286621
306.9 98.4064636230469
307.1 103.929336547852
307.2 15.2890853881836
307.8 33.3031806945801
308.0 90.9358520507813
308.1 127.216255187988
308.9 112.399681091309
309.0 153.634399414063
309.1 116.340553283691
309.9 66.8691940307617
310.1 20.203483581543
311.0 40.8373832702637
311.9 24.4108791351318
314.7 53.6422271728516
314.9 55.9241638183594
315.1 29.0736694335938
319.0 36.0861740112305
321.9 55.973949432373
322.2 86.7692489624023
322.3 23.2149524688721
323.0 118.318695068359
323.1 378.953399658203
324.1 67784.21875
325.1 14981.0546875
326.0 100.378601074219
326.1 1845.31677246094
326.9 48.0944938659668
327.0 82.7520065307617
327.2 34.5990180969238
328.6 13.4264631271362
328.9 20.8031730651855
330.7 24.8620262145996
331.0 54.8806266784668
331.1 8.92248153686523
331.9 16.68039894104
333.0 25.3055591583252
334.9 28.7219696044922
335.9 13.0908241271973
336.0 72.8123931884766
336.2 45.6202354431152
336.4 13.4359350204468
336.8 14.2735528945923
337.1 11.7680473327637
337.9 38.2585678100586
338.1 18.2420520782471
338.2 59.7969970703125
338.9 20.3948974609375
339.2 62.6623039245605
340.9 51.2905158996582
344.9 20.7710418701172
348.9 46.7605285644531
349.7 13.7593727111816
349.9 55.6189651489258
350.9 65.8113861083984
351.0 250.21142578125
351.2 146.68342590332
351.9 47.6603546142578
352.1 253.464111328125
352.2 286.770294189453
353.1 164.256057739258
353.2 106.982795715332
353.9 23.413366317749
354.0 272.585266113281
354.1 494.926391601563
354.3 29.0741958618164
354.9 29.0875644683838
355.0 243.974014282227
355.1 387.889953613281
355.2 92.5144653320313
355.8 12.9371881484985
355.9 18.2691555023193
356.0 84.4898376464844
356.4 19.2502155303955
356.9 12.7984437942505
363.0 2.59195685386658
364.1 14.1204614639282
364.9 27.1961345672607
367.0 2.34038543701172
367.1 35.2590675354004
367.9 13.2423448562622
368.0 13.0686302185059
374.9 53.0924491882324
379.0 16.0977516174316
380.1 15.582501411438
382.1 84.6585922241211
383.3 13.6600275039673
396.1 16.6523704528809
396.2 13.5083274841309
397.2 2670.40893554688
397.8 36.9555282592773
398.1 299.607513427734
398.2 370.939575195313
399.1 60.860164642334
401.1 26.1199703216553
403.1 12.7771368026733
