#"+EI Scan (rt: 4.025-4.095 min, 13 scans) R7M2.D  Subtract "
#Point,X(Thompsons),Y(Counts)
40.1 1933.20422363281
41.1 54084.26171875
42.1 6755.8994140625
43.1 46448.1875
44.0 2992.794921875
45.0 1926.94750976563
45.9 8.24310874938965
46.0 453.503051757813
46.2 220.7109375
47.0 10862.5361328125
48.0 144.902450561523
48.1 58.2448043823242
48.2 40.6522483825684
48.9 61.1404418945313
49.1 101.771087646484
50.0 749.630859375
50.1 345.256469726563
51.0 3194.42138671875
52.0 721.764770507813
52.0 643.717529296875
53.1 4220.8916015625
54.1 2683.0166015625
55.1 22028.6640625
56.1 5462.22216796875
56.9 28.5749130249023
57.0 1517.39379882813
57.9 12.9947738647461
58.1 632.221313476563
58.3 70.8319702148438
59.0 25586.255859375
60.0 1822.61975097656
61.0 3806.21118164063
62.0 2350.564453125
62.1 479.884124755859
63.0 4896.94287109375
64.0 397.140686035156
64.1 1053.18273925781
65.0 2499.080078125
65.9 108.70654296875
66.0 272.162902832031
66.1 176.93408203125
67.0 3357.39526367188
67.9 109.432281494141
68.1 1477.07385253906
68.2 55.800407409668
69.1 15000.5185546875
70.1 3748.4365234375
71.0 1148.10717773438
71.1 414.089874267578
72.0 954.516052246094
72.1 730.763366699219
73.1 4944.9443359375
74.0 2210.05297851563
75.0 6230.95751953125
76.0 6091.716796875
77.0 14782.0693359375
78.0 6435.1728515625
79.0 1520.25915527344
79.8 84.9625778198242
79.9 81.8567886352539
80.1 173.694686889648
81.0 1275.72314453125
82.0 446.226348876953
82.1 831.45751953125
83.0 3993.46655273438
84.0 306.526885986328
84.1 779.141296386719
84.2 51.822868347168
85.0 1640.24450683594
85.1 53.9909019470215
85.7 28.3975582122803
85.9 594.671447753906
86.1 107.363059997559
87.0 3377.638671875
87.1 750.245666503906
88.0 11064.677734375
89.0 34818.93359375
90.0 5934.60546875
91.0 2797.15551757813
91.8 52.0089912414551
91.9 185.643112182617
92.0 247.301345825195
92.1 204.175598144531
92.2 10.7029609680176
93.0 105.308410644531
93.1 53.6612243652344
93.9 157.917709350586
94.1 25.2258758544922
94.2 19.0586605072021
94.9 157.60417175293
95.1 131.16716003418
95.9 113.956199645996
96.1 185.608154296875
97.0 510.160095214844
97.1 22.9418563842773
98.0 1069.57775878906
98.0 1315.79077148438
98.7 27.5700340270996
98.9 72.0763626098633
99.0 1073.88903808594
99.2 15.1573143005371
99.9 477.458160400391
100.0 1254.38232421875
101.0 15761.3779296875
102.0 39989.9140625
102.9 67.5945587158203
103.0 18513.48828125
104.0 3232.06396484375
104.9 80.6369018554688
105.0 210.9287109375
105.1 312.052154541016
105.6 18.0286407470703
105.9 28.7396583557129
106.0 920.685791015625
106.1 145.60498046875
106.7 104.328094482422
106.9 206.913452148438
107.0 189.648773193359
107.8 59.1940803527832
107.9 104.50365447998
108.2 39.5024833679199
109.0 2084.30712890625
109.9 216.0322265625
110.0 271.274108886719
110.9 26.3765869140625
111.0 127.249649047852
111.1 83.6807632446289
111.8 74.0635757446289
112.0 66.0805740356445
112.1 424.439086914063
113.0 1125.21496582031
113.2 682.586181640625
114.0 18464.40625
115.0 59591.640625
116.0 104448.953125
117.0 18218.87890625
118.0 6785.5087890625
119.0 949.536499023438
119.8 80.5553131103516
120.0 48.8881988525391
120.1 110.761688232422
120.4 35.3872528076172
120.7 79.8142700195313
120.9 25.3131065368652
121.0 218.111557006836
121.3 25.2708625793457
121.6 25.4238185882568
121.8 24.3466186523438
121.9 76.5457458496094
122.0 34.5647659301758
122.7 46.3749961853027
122.8 50.7407989501953
123.0 140.019897460938
123.7 36.0714111328125
124.1 51.9107475280762
124.9 338.562316894531
125.5 29.4032020568848
125.8 37.0585899353027
126.0 462.052856445313
126.1 568.132385253906
126.9 31.5908050537109
127.0 4786.06396484375
128.0 48864.8359375
129.0 87627.640625
130.0 82337.71875
131.0 13539.8837890625
132.0 3786.681640625
133.0 360.4921875
133.1 695.455810546875
133.9 237.33349609375
134.1 125.428955078125
134.3 28.1426868438721
134.9 141.914123535156
135.0 601.724548339844
135.8 8.98763275146484
136.0 227.386581420898
136.1 214.298828125
137.0 12202.62890625
138.0 1206.65393066406
139.0 1218.66662597656
140.0 771.881530761719
140.1 2181.8173828125
141.0 4959.86474609375
142.0 9429.2392578125
143.0 87667.578125
144.0 306009.6875
145.0 34805.6796875
146.0 3070.56982421875
146.1 1049.64855957031
147.0 119.631683349609
147.1 639.162353515625
148.0 1145.83349609375
148.1 953.585815429688
148.8 162.225555419922
149.0 212.953521728516
149.7 19.4272747039795
149.9 110.464302062988
150.0 86.0220642089844
150.1 31.8509330749512
151.1 158.233322143555
151.3 233.941497802734
151.6 1940.72839355469
151.8 1253.275390625
152.0 56.5765800476074
152.9 60.4521026611328
153.0 1629.55554199219
154.1 8166.5302734375
155.0 14824.955078125
156.1 16235.2412109375
157.0 25549.263671875
158.0 10854.6611328125
158.1 3434.6259765625
159.0 5835.57958984375
159.9 471.900848388672
160.0 3715.72485351563
160.9 220.68132019043
161.0 663.938293457031
161.1 49.7411460876465
161.8 19.6874008178711
161.9 193.475006103516
162.0 112.981857299805
162.1 123.02360534668
163.0 680.53857421875
163.6 23.8580741882324
163.9 52.0447692871094
164.0 93.2600936889648
164.1 127.343635559082
164.9 133.47004699707
165.1 239.493911743164
165.9 180.438339233398
166.0 663.419494628906
166.1 100.41716003418
167.0 4716.892578125
168.1 5488.380859375
168.9 55.732421875
169.1 3413.64501953125
170.1 22795.44140625
171.0 8922.2197265625
172.1 2105.73486328125
172.1 2206.17260742188
173.1 85782.5546875
174.1 28686.0546875
175.1 3370.55590820313
175.9 92.9163665771484
176.0 2935.47412109375
176.7 2.65835857391357
176.9 190.538879394531
177.0 255.429809570313
177.2 55.8031959533691
178.0 171.731384277344
178.1 73.0121383666992
178.7 1.73604011535645
178.9 210.629119873047
179.0 268.449188232422
180.0 229.069351196289
180.1 863.572937011719
181.0 816.599426269531
181.1 299.705780029297
181.8 28.3004417419434
181.9 11.667854309082
182.1 2745.93530273438
183.1 2921.515625
184.0 12162.5341796875
185.1 4561.47412109375
186.0 108.961715698242
186.1 2325.63232421875
187.0 510.84765625
187.1 1155.02319335938
187.8 22.6789855957031
188.0 604.193481445313
188.1 379.973999023438
188.9 159.207015991211
189.0 255.064788818359
189.2 12.085132598877
190.0 231.553375244141
191.0 531.754699707031
191.8 18.9586887359619
191.9 89.3334808349609
192.0 169.460266113281
192.1 22.4188022613525
193.0 584.189392089844
193.8 70.0088500976563
194.0 351.206024169922
194.1 53.7023582458496
194.9 192.544189453125
195.0 1038.79736328125
195.9 163.986999511719
196.1 989.881652832031
197.0 1355.81872558594
198.1 4216.21728515625
199.0 2649.92529296875
200.1 1641.82666015625
201.0 760.288330078125
201.1 1626.60278320313
201.9 129.643737792969
202.1 1046.46398925781
202.2 69.1664657592773
203.0 1578.01245117188
204.1 12092.1806640625
205.1 9717.5244140625
205.9 27.2291030883789
206.1 1964.60034179688
206.1 2603.28393554688
207.0 1960.87255859375
207.9 105.213363647461
208.0 254.244445800781
208.8 31.3955135345459
209.0 511.216613769531
209.1 79.9502029418945
209.9 161.47412109375
210.0 1211.74633789063
210.2 50.6472930908203
211.0 3967.78759765625
212.1 13098.5791015625
213.1 3145.447265625
214.1 3108.68505859375
215.0 7232.3798828125
216.0 1561.16198730469
217.0 1148.0458984375
218.0 347.369659423828
218.1 131.641677856445
219.0 1592.5419921875
220.0 392.133728027344
221.0 667.699096679688
221.8 13.5483245849609
221.9 36.8604125976563
222.0 208.543243408203
222.4 26.2453994750977
222.6 34.5555877685547
223.0 147.655181884766
223.0 384.783355712891
223.7 4.01849842071533
223.9 65.4093170166016
224.0 155.168334960938
224.2 55.160270690918
224.4 26.8135681152344
224.9 135.214569091797
225.0 49.2182312011719
225.1 430.417510986328
225.8 116.048774719238
226.0 335.755950927734
226.1 143.711242675781
226.3 141.203765869141
227.1 1622.02124023438
227.1 2334.24829101563
228.1 2468.32250976563
228.8 22.4614410400391
228.9 36.7930908203125
229.1 1805.37548828125
230.1 14293.095703125
231.1 11595.7958984375
232.1 1036210.4375
233.1 177513.640625
234.1 16828.53515625
235.0 1581.26171875
235.8 64.6782073974609
235.9 133.28141784668
236.1 105.68049621582
237.0 3332.708984375
237.9 398.636199951172
238.0 471.632568359375
239.0 1186.57958984375
239.8 14.0184621810913
239.9 17.0123977661133
240.0 301.656951904297
241.0 669.640075683594
241.9 21.8459491729736
242.0 309.944213867188
242.1 70.0932769775391
242.3 25.4634132385254
242.6 10.789101600647
243.0 349.774047851563
243.2 155.792083740234
243.3 22.3455486297607
244.0 179.166900634766
244.1 1768.27795410156
245.0 1013.61242675781
245.1 3866.61743164063
245.9 22.0316028594971
246.0 78.837272644043
246.1 2977.59594726563
247.1 10858.521484375
248.1 381276.03125
249.1 61942.0390625
250.1 5771.8203125
250.9 12.0342082977295
251.0 333.255737304688
251.1 187.446884155273
251.7 12.0895376205444
251.9 53.646053314209
252.0 46.6635551452637
253.0 483.72216796875
253.1 197.500350952148
253.8 11.3543910980225
254.1 166.369705200195
254.2 13.2385120391846
254.8 72.0341644287109
255.0 163.357955932617
255.1 20.9593162536621
256.1 127.838241577148
256.3 20.8343315124512
256.6 44.1117324829102
256.8 72.7928161621094
257.0 213.52018737793
257.1 13.7128114700317
257.2 18.2728710174561
257.8 17.3953075408936
258.0 16.5627574920654
258.1 458.886596679688
259.1 2875.63818359375
260.1 11455.857421875
261.0 310.285552978516
261.1 1802.27404785156
261.9 34.7072868347168
262.1 393.516754150391
262.3 49.0900115966797
262.9 69.6676559448242
263.0 167.855941772461
263.1 24.9373607635498
263.2 13.3153343200684
264.0 27.3089179992676
264.1 81.1619338989258
264.8 68.264892578125
264.9 78.9814147949219
265.3 13.268482208252
266.1 16.6643505096436
267.0 231.127151489258
267.1 140.450790405273
267.5 12.3667860031128
268.0 127.519966125488
268.1 13.3204660415649
268.8 46.3989715576172
268.9 63.4496536254883
269.1 157.553604125977
269.9 49.9742050170898
270.0 113.486038208008
271.0 53.44921875
271.1 1223.80444335938
271.9 136.920684814453
272.0 264.693176269531
273.1 1195.353515625
273.8 7.14775848388672
273.9 100.617492675781
274.0 278.022399902344
274.3 48.505069732666
274.9 221.157180786133
275.0 216.274780273438
275.9 132.758682250977
276.0 220.093338012695
276.1 229.439117431641
276.9 317.685821533203
277.1 199.742553710938
277.9 28.7781066894531
278.0 242.1279296875
279.0 67.0669479370117
279.1 128.72737121582
280.0 76.0535278320313
280.1 41.1702270507813
280.8 22.9464149475098
281.0 219.804382324219
281.2 53.939323425293
281.8 18.1087551116943
282.0 64.1408386230469
282.3 13.3206214904785
282.9 36.9133453369141
283.0 179.236053466797
283.2 58.3835182189941
283.9 52.7854461669922
284.1 45.6980438232422
284.2 32.9737205505371
285.0 241.674896240234
285.1 860.224243164063
286.1 584.5966796875
286.2 116.15510559082
287.1 15315.9873046875
288.1 7709.45947265625
288.2 331.905578613281
289.0 2408.35107421875
289.7 16.8801441192627
289.9 91.9520874023438
290.1 481.538757324219
291.0 296.852325439453
292.1 57.533935546875
293.0 1054.00317382813
294.0 422.403930664063
294.7 130.416534423828
294.8 59.1928939819336
294.9 165.304504394531
296.0 156.175186157227
297.0 648.304321289063
297.8 109.979499816895
298.0 15.1973724365234
298.1 16.9966087341309
299.0 161.900146484375
299.1 33.4182739257813
300.0 104.846549987793
300.2 21.1223220825195
301.1 1414.33557128906
302.0 207.818771362305
302.1 908.196350097656
302.2 259.424591064453
303.2 14517.6591796875
304.0 67.3533020019531
304.2 3219.76416015625
305.0 89.929313659668
305.1 275.278930664063
305.2 220.922576904297
305.9 14.3354396820068
306.1 20.3308982849121
306.8 25.2701206207275
306.9 94.2096939086914
307.1 28.6574363708496
307.1 59.18505859375
307.7 14.9489374160767
307.8 11.8625202178955
308.0 53.4702606201172
308.8 18.1367778778076
309.1 72.2851181030273
310.0 34.4951362609863
310.1 110.650672912598
311.0 73.3056793212891
311.1 151.701232910156
311.2 29.7541313171387
312.1 50.3623237609863
313.0 38.8897018432617
313.2 55.6236534118652
313.8 18.831449508667
314.2 103.86604309082
315.1 12692.1376953125
316.1 1075.25964355469
316.1 1758.34838867188
317.1 158.40055847168
317.2 328.507598876953
318.0 42.0105361938477
318.2 72.1965408325195
318.9 16.8332347869873
319.1 323.190063476563
319.2 62.4142913818359
320.1 8213.3876953125
320.9 107.521469116211
321.1 1788.04235839844
322.0 32.4185943603516
322.1 129.238052368164
322.2 12.3637428283691
322.9 15.0895385742188
323.1 48.4541473388672
323.9 36.1843643188477
324.0 60.250617980957
324.2 29.662841796875
324.9 15.1369781494141
325.1 24.9992637634277
325.2 41.4674339294434
326.7 26.6911182403564
326.8 23.508472442627
327.1 64.0713729858398
327.2 13.2232837677002
327.8 70.2465667724609
328.0 104.862075805664
328.1 48.603702545166
329.0 426.933654785156
329.2 485.701019287109
330.1 2346.2783203125
330.3 54.9208106994629
331.0 109.113372802734
331.1 3093.015625
331.2 1113.94909667969
332.0 32.5942878723145
332.2 1008.42034912109
333.0 49.3825531005859
333.2 1193.27905273438
334.0 97.0146865844727
334.1 57.5592575073242
334.2 119.538856506348
334.4 60.8091239929199
334.6 16.0081768035889
334.8 41.9991798400879
334.9 8.83803272247314
335.7 14.5024194717407
335.9 14.8974189758301
336.0 71.8620300292969
336.1 45.6392364501953
336.2 23.4394569396973
336.8 29.3928031921387
337.2 14.7599115371704
338.9 11.7633371353149
339.2 18.9153308868408
340.0 15.7504081726074
340.1 15.6927690505981
340.9 11.9193134307861
341.1 37.5803298950195
341.2 51.7470283508301
342.1 541.090576171875
342.2 91.2446441650391
342.9 17.8841400146484
343.1 247.440948486328
343.3 22.3980369567871
344.0 20.2903270721436
344.2 1029.57458496094
344.2 243.277313232422
345.0 65.0127716064453
345.2 4581.3974609375
346.1 349.879730224609
346.2 730.705932617188
346.9 119.754028320313
347.1 349.556579589844
347.2 191.286514282227
348.1 91.1393585205078
348.2 35.3062362670898
348.9 84.0982666015625
349.2 56.6673965454102
349.9 55.274974822998
350.1 51.1251068115234
351.0 22.0524482727051
351.1 51.1454887390137
353.0 41.2246704101563
353.1 20.428295135498
354.0 12.0386943817139
354.2 15.735405921936
354.9 58.45166015625
355.0 16.4780540466309
356.9 15.5368452072144
357.0 16.1432323455811
357.2 14.6890926361084
358.9 45.0982933044434
359.9 14.8735961914063
360.1 80.6486358642578
360.2 18.7365589141846
360.4 22.9221363067627
361.0 74.2963562011719
361.1 663.116333007813
361.2 657.882934570313
362.2 76232.9140625
363.1 230.422393798828
363.2 16963.1953125
364.1 242.871765136719
364.2 2068.3076171875
365.0 20.4858169555664
365.2 222.730743408203
366.8 23.7974681854248
366.9 62.0298500061035
367.0 5.65732669830322
367.2 8.6056079864502
368.0 12.5499868392944
370.8 86.3629989624023
372.1 16.7256889343262
374.1 20.9519538879395
374.2 32.3390579223633
375.0 30.8479804992676
376.1 25.9901638031006
376.3 30.2962837219238
379.2 15.8279399871826
387.0 15.6094341278076
389.0 21.764518737793
390.9 14.8315544128418
391.8 15.8147563934326
400.8 10.4058208465576
400.9 8.96163749694824
408.9 42.3798751831055
442.1 12.3944635391235
