#"+EI Scan (rt: 4.514-4.590 min, 14 scans) R9M2.D  Subtract "
#Point,X(Thompsons),Y(Counts)
40.1 901.377258300781
41.1 19152.1640625
42.0 1840.544921875
42.1 32.3434867858887
43.1 7288.689453125
44.0 14824.58203125
45.0 886.545227050781
45.2 25.5208473205566
45.9 69.3869247436523
46.0 108.05810546875
46.2 22.858211517334
47.0 77.1103973388672
48.9 29.2736492156982
49.0 45.2451095581055
49.8 25.0649757385254
50.0 421.967712402344
51.0 760.5712890625
51.1 481.583160400391
51.9 134.126159667969
52.0 606.531311035156
53.0 3196.50170898438
54.1 2419.86596679688
54.2 132.738983154297
55.1 39896.46875
56.1 4738.751953125
57.1 2700.72412109375
57.8 17.9891700744629
58.0 180.095932006836
58.1 143.595962524414
58.2 67.0741806030273
59.0 2003.39990234375
59.9 39.4927062988281
60.0 63.5201721191406
60.7 16.4333076477051
60.9 66.6852874755859
61.0 137.309112548828
61.1 0.210227966308594
61.9 331.023132324219
62.0 355.345703125
63.0 1092.36059570313
63.1 71.9724044799805
64.0 464.522705078125
64.1 112.514472961426
65.0 1234.17895507813
65.1 316.482299804688
65.9 149.629043579102
66.0 485.889709472656
66.3 11.5854940414429
67.1 5627.556640625
68.0 1202.88049316406
69.0 3185.1396484375
70.0 2247.513671875
71.0 565.143188476563
71.1 1117.92468261719
72.1 10025.6845703125
73.0 2175.79272460938
74.0 246.858901977539
74.1 197.132431030273
75.0 1368.05773925781
76.0 3214.83032226563
76.1 73.1467437744141
77.0 8948.4814453125
78.0 2419.6123046875
79.0 1801.17309570313
79.0 425.991088867188
80.1 549.606140136719
80.2 81.654167175293
81.0 2183.61108398438
81.8 47.349739074707
82.0 502.982757568359
82.2 194.859649658203
83.1 2799.41772460938
83.1 3215.720703125
83.9 85.1395034790039
84.1 972.126586914063
84.9 73.5042724609375
85.1 435.517333984375
85.9 185.164749145508
86.0 567.606079101563
86.2 32.3497543334961
87.0 773.675720214844
87.1 24.6327667236328
88.0 6386.1474609375
89.0 5279.716796875
90.0 10156.943359375
91.1 2631.87841796875
91.8 25.4386138916016
92.0 347.341064453125
92.1 209.95768737793
93.0 808.481750488281
93.1 167.330490112305
93.9 195.911392211914
94.1 248.610870361328
94.2 67.9800262451172
95.1 2725.8857421875
95.8 37.449348449707
96.0 526.582214355469
96.1 37.1414566040039
97.1 3376.2939453125
98.0 255.526107788086
98.0 1509.26794433594
99.0 237.180252075195
99.1 144.190811157227
99.6 11.2339010238647
99.8 23.506404876709
99.9 171.262649536133
100.1 300.138122558594
100.5 11.438214302063
100.9 160.906112670898
101.0 547.195861816406
101.2 94.166145324707
102.0 7446.51611328125
103.0 29668.375
104.0 8935.9853515625
104.9 491.647918701172
105.1 803.895263671875
105.9 26.177131652832
106.0 99.3546676635742
106.1 109.051887512207
106.8 74.3913192749023
106.9 55.8831634521484
107.1 80.1418228149414
107.4 42.7489814758301
107.7 42.5393562316895
107.9 64.6602935791016
108.0 15.0659341812134
108.2 71.9873046875
109.0 755.093017578125
109.8 19.2364044189453
110.0 125.177459716797
110.1 34.1188583374023
110.9 21.0734634399414
111.0 38.1296691894531
111.2 19.7247619628906
112.1 13.3291597366333
112.9 56.5070571899414
113.0 90.9604644775391
113.2 10.8338527679443
113.9 235.919998168945
114.0 139.431594848633
114.2 25.2788677215576
114.9 2.53651428222656
115.0 2074.953125
115.7 13.9219160079956
116.0 1072.931640625
116.1 341.490875244141
117.0 5975.35498046875
118.0 814.419982910156
118.1 1995.98754882813
119.0 983.3134765625
119.9 36.9964904785156
120.1 141.967361450195
120.9 57.5616264343262
121.1 34.9876823425293
121.4 18.2575187683105
122.0 76.090950012207
122.9 11.619873046875
123.1 144.530578613281
123.8 0.473812103271484
124.5 33.9558792114258
124.8 21.1315231323242
124.9 67.2729187011719
126.0 54.1224403381348
126.1 141.835983276367
126.8 53.2494239807129
126.9 326.437591552734
127.0 445.948211669922
127.2 40.0773735046387
127.9 90.4478530883789
128.0 1692.41381835938
129.0 10010.044921875
130.0 160.984466552734
130.0 11902.4072265625
131.1 32053.14453125
131.9 58.2218475341797
132.0 5625.47314453125
133.0 917.565124511719
133.8 72.1040878295898
134.0 45.6601028442383
134.3 13.8640365600586
135.0 466.158325195313
135.8 51.1945686340332
135.9 1.46802520751953
136.2 39.3496131896973
137.0 5256.2763671875
138.0 517.008361816406
139.0 283.457000732422
139.8 82.4699783325195
139.9 81.9015579223633
140.1 232.396713256836
140.2 76.0580215454102
140.9 654.133605957031
141.9 278.912353515625
142.1 550.509948730469
142.3 26.9634971618652
143.0 2059.1064453125
144.0 6833.1787109375
145.0 127862.5078125
146.0 12934.822265625
147.0 1458.08178710938
147.1 20.7270240783691
147.8 39.5023651123047
148.0 107.268447875977
148.2 18.550817489624
148.8 37.9978408813477
148.9 75.5950622558594
151.0 144.432281494141
151.1 180.265670776367
151.8 70.1960754394531
152.0 129.412231445313
153.1 369.240936279297
153.8 12.4802179336548
153.9 93.7984466552734
154.1 354.905151367188
155.0 2453.962890625
156.0 1650.8994140625
157.0 2957.37475585938
158.0 4670.7490234375
159.0 4065.20556640625
160.0 850.849548339844
161.0 1211.84313964844
161.8 13.7556781768799
161.9 104.527694702148
162.0 110.005874633789
162.9 211.459060668945
163.7 31.5176296234131
163.8 34.9405555725098
163.9 66.5909042358398
164.9 34.0277557373047
165.0 165.03596496582
165.9 49.6098556518555
166.1 83.640739440918
166.9 64.3063659667969
167.0 367.083312988281
167.8 12.6609477996826
167.9 88.4824600219727
168.0 525.047546386719
168.1 78.3455505371094
169.0 87.6277236938477
169.0 2005.341796875
170.0 530.002502441406
170.1 337.295318603516
171.0 1603.76184082031
171.1 234.091033935547
171.9 37.2400817871094
172.0 817.195617675781
172.2 84.9178466796875
172.7 34.0398864746094
172.9 115.666244506836
173.0 681.329223632813
174.0 1861.17517089844
174.1 1990.92980957031
175.0 432.114807128906
175.1 1494.2880859375
176.0 159.656158447266
176.2 106.255805969238
177.0 200.603775024414
178.0 50.9424133300781
178.9 63.5685005187988
179.3 17.5271434783936
179.9 51.3332862854004
180.0 133.911895751953
180.2 30.1327266693115
181.0 338.832946777344
181.8 32.0919532775879
181.9 124.087043762207
182.1 292.831115722656
183.0 820.246032714844
183.2 133.574752807617
183.8 21.5562610626221
183.9 147.377731323242
184.0 233.998001098633
184.1 119.923042297363
185.0 999.478454589844
185.1 684.338928222656
186.0 2705.04418945313
186.8 25.1977252960205
186.9 36.9421691894531
187.0 559.553405761719
187.9 34.7442626953125
188.0 77.6161270141602
188.1 69.4871292114258
188.2 15.8156452178955
188.8 17.4612712860107
188.9 136.046615600586
190.0 31.1638584136963
190.8 24.4266967773438
191.0 327.802642822266
191.9 65.4390563964844
192.1 49.9295234680176
192.9 334.890930175781
193.9 134.680862426758
194.0 22.4479522705078
194.2 18.6662425994873
195.0 735.266967773438
195.9 55.7703399658203
196.0 248.202651977539
197.0 612.644226074219
197.9 43.7852363586426
198.0 292.463348388672
198.1 28.4456920623779
199.0 557.857421875
199.8 32.4293327331543
199.9 278.959869384766
200.0 319.200744628906
201.0 847.803527832031
201.7 22.3698043823242
201.9 117.431205749512
202.0 86.071174621582
202.7 73.5513381958008
203.2 13.8395528793335
203.7 57.8126945495605
203.9 62.9655075073242
204.8 7.02443695068359
204.9 51.1611862182617
205.0 45.7586898803711
206.0 36.9188423156738
206.1 31.6129589080811
207.0 518.450561523438
207.8 70.815299987793
208.1 194.777542114258
208.8 31.7297687530518
209.1 58.3724555969238
209.9 24.1800193786621
210.0 280.501037597656
210.1 352.504119873047
210.2 108.187309265137
211.0 1556.78369140625
211.1 295.165710449219
212.1 2330.4599609375
212.9 13.1923980712891
213.0 1631.46740722656
214.0 1130.44421386719
214.1 147.26155090332
215.0 2879.5673828125
215.9 147.858139038086
216.0 1517.40393066406
217.0 663.173828125
218.0 149.560852050781
218.9 739.020385742188
219.8 36.3159408569336
220.0 131.022262573242
220.1 21.7359409332275
220.7 35.8257026672363
220.8 95.8280410766602
220.9 24.5606689453125
221.6 28.615779876709
221.8 11.8689603805542
221.9 65.1836776733398
222.9 226.429092407227
223.0 0.154060363769531
223.9 34.9390640258789
224.1 31.5045108795166
224.7 1.90061569213867
225.0 287.155212402344
225.2 33.0652122497559
225.9 80.7080001831055
226.0 106.82283782959
226.1 92.7852783203125
226.7 46.5252342224121
226.8 62.8345947265625
227.0 136.131881713867
227.1 54.4509506225586
227.2 11.5532550811768
228.0 458.580993652344
228.1 4756.19775390625
229.1 1483.99365234375
229.1 1994.12536621094
229.7 17.5840911865234
230.0 154.403182983398
230.1 503.72509765625
230.9 156.954360961914
231.0 22.0370979309082
231.2 13.4539594650269
232.0 180.051818847656
232.1 548.325378417969
233.0 1548.5390625
234.0 248.561584472656
234.1 255.382568359375
234.9 130.835723876953
235.0 114.080474853516
235.7 38.1741065979004
235.9 78.6574020385742
236.1 130.281112670898
237.0 1486.5361328125
237.7 66.8826141357422
238.0 180.344970703125
238.0 323.761810302734
238.2 104.404502868652
239.1 3791.09912109375
239.1 351.600189208984
240.1 3387.7646484375
241.1 240698.609375
242.1 41880.765625
243.0 47.2992630004883
243.1 4066.77905273438
243.9 13.0704622268677
244.1 217.580535888672
244.2 131.751068115234
244.8 53.4553031921387
244.9 62.4460029602051
245.2 18.3623790740967
245.9 12.4241743087769
247.0 57.2430801391602
248.0 201.595138549805
248.2 33.9152374267578
249.0 97.3941192626953
249.2 17.6696472167969
249.3 14.2553482055664
250.0 13.9899215698242
250.4 11.0013132095337
250.7 41.5192604064941
250.9 12.5467891693115
251.2 19.234899520874
251.9 15.5576829910278
252.1 14.9122972488403
252.2 13.6325483322144
253.0 255.139801025391
253.1 437.031585693359
253.8 13.7521734237671
254.0 258.244567871094
254.2 61.9122657775879
255.0 251.460998535156
255.1 463.30908203125
256.1 737.539367675781
256.2 1325.8408203125
257.1 1816.86633300781
257.9 53.6895141601563
258.1 254.94856262207
258.2 42.6389999389648
259.0 128.543045043945
260.0 26.2212924957275
260.9 33.4791717529297
264.8 11.4013376235962
266.8 47.378101348877
266.9 12.614068031311
267.1 125.942405700684
267.2 47.8737907409668
267.9 69.3923568725586
268.1 544.999877929688
268.2 89.6719131469727
268.4 16.178316116333
269.0 129.772796630859
269.1 316.888244628906
269.9 75.1623229980469
270.1 182.152740478516
270.3 54.6153831481934
271.0 279.570556640625
271.8 51.6890525817871
271.9 63.4133224487305
273.0 388.671447753906
273.2 125.559005737305
274.1 140.625366210938
274.9 133.237167358398
275.7 16.8165321350098
275.9 29.2144794464111
276.0 12.5449171066284
276.2 30.5052089691162
276.9 214.933059692383
277.9 58.6440849304199
278.2 19.6213798522949
278.6 3.02458000183105
278.8 4.89956665039063
279.0 54.9403839111328
279.7 13.4386539459229
279.9 72.6283874511719
280.0 86.3163375854492
280.2 76.5540924072266
280.8 153.387054443359
281.0 63.2746658325195
282.0 29.7202053070068
282.1 126.102195739746
283.0 79.2586288452148
283.2 135.888168334961
283.3 30.1062908172607
284.1 80.5150833129883
284.2 35.0018272399902
284.9 474.291229248047
285.7 18.759349822998
285.8 23.1260185241699
286.0 47.3163986206055
286.8 32.0751266479492
286.9 41.9741821289063
287.0 21.4733734130859
289.0 518.536010742188
289.7 12.1874856948853
289.9 61.0401992797852
290.1 48.2589263916016
290.8 63.0282516479492
291.1 137.769638061523
291.9 17.8335571289063
292.9 183.00732421875
293.0 400.285430908203
293.7 35.9310035705566
294.0 289.715454101563
295.1 1779.70336914063
295.2 132.063842773438
296.1 1107.35437011719
296.2 65.3769149780273
296.9 202.394668579102
297.0 161.346282958984
297.2 177.473526000977
297.8 4.46115875244141
297.9 123.794876098633
298.1 61.3066787719727
298.2 11.6614856719971
298.4 18.3986682891846
298.9 75.3389511108398
299.1 11.8033056259155
300.8 33.8599090576172
301.0 36.8396530151367
302.9 9.02267646789551
303.3 15.0079641342163
304.7 12.3534479141235
305.9 14.4637145996094
306.1 48.3522262573242
306.7 14.8920583724976
306.9 158.534774780273
307.1 92.7564010620117
307.6 11.3419857025146
307.9 16.9925098419189
308.1 34.0307540893555
308.2 26.9395008087158
308.6 20.7657032012939
308.8 97.6029205322266
309.0 18.2395401000977
309.1 16.2442417144775
310.1 273.781402587891
310.2 612.725708007813
311.0 172.804977416992
311.2 1012.91937255859
312.2 150018.375
313.2 33729.890625
314.2 3617.03881835938
314.7 20.9596557617188
315.0 154.633438110352
315.2 178.323577880859
319.0 15.7769536972046
319.1 13.4855489730835
322.9 39.8526420593262
323.1 202.137939453125
323.3 38.9692687988281
323.9 22.8073635101318
324.1 254.367919921875
324.2 105.55818939209
324.9 12.8064126968384
325.0 50.732536315918
325.1 56.5988655090332
326.2 33.8438682556152
326.8 11.8788051605225
327.0 28.469575881958
327.1 24.9491443634033
327.3 12.0500192642212
328.9 23.385555267334
330.9 12.6407375335693
331.0 30.5031909942627
331.8 10.799840927124
332.9 12.5445470809937
335.1 12.8038320541382
335.2 12.7169494628906
336.1 269.195556640625
336.2 271.343566894531
336.3 21.7277069091797
336.9 28.9396877288818
337.0 61.2706565856934
337.1 171.226684570313
337.3 3.0941743850708
338.2 644.317504882813
338.3 40.1150588989258
338.8 26.3096885681152
339.0 142.280044555664
339.2 426.511138916016
339.9 36.8974571228027
340.1 51.1368751525879
340.2 34.9429092407227
341.1 196.998916625977
341.2 218.534408569336
342.1 60.259838104248
342.3 25.7559795379639
347.0 11.8749094009399
348.0 28.3039207458496
348.9 105.875633239746
349.3 12.7993402481079
350.7 17.4890193939209
350.9 17.934476852417
351.1 57.295711517334
352.8 64.8869705200195
353.0 30.6389007568359
353.8 11.5591058731079
353.9 12.5496950149536
354.9 12.8111619949341
355.0 22.83762550354
355.2 18.9655151367188
356.0 87.3796768188477
356.2 528.072998046875
356.3 234.095123291016
357.1 155.946807861328
357.2 101.213455200195
357.9 13.0506191253662
358.1 12.6615419387817
363.0 12.5170259475708
366.9 48.9503936767578
370.9 16.3262920379639
371.0 53.8681716918945
401.2 16.0850238800049
