#"+EI Scan (rt: 5.354-5.459 min, 19 scans) R7M2.D  Subtract "
#Point,X(Thompsons),Y(Counts)
40.1 66.7907104492188
40.9 45.9745140075684
41.0 471.022521972656
41.1 275.829620361328
41.9 10.8384504318237
42.0 46.8244781494141
42.1 141.403915405273
43.0 705.203430175781
44.0 2467.20483398438
44.9 25.5653133392334
45.0 260.474212646484
46.0 20.0907230377197
46.1 11.895562171936
46.9 101.859069824219
47.9 8.35344696044922
48.8 8.70275115966797
48.9 34.8061141967773
49.0 38.613109588623
50.0 180.0498046875
50.1 53.1886558532715
51.0 539.529602050781
51.8 22.6893177032471
51.9 77.8647003173828
52.1 120.892395019531
53.0 282.080932617188
53.2 23.0420780181885
53.9 166.66828918457
54.1 157.820907592773
55.1 885.625610351563
56.0 573.034362792969
57.0 292.125122070313
57.0 495.3662109375
57.7 8.49934101104736
57.8 46.9123001098633
58.0 181.501388549805
59.0 821.494140625
60.0 147.247863769531
60.1 12.9012794494629
60.8 42.9288597106934
61.0 115.940895080566
61.1 19.508337020874
62.0 582.350891113281
62.1 77.5820541381836
63.0 836.5869140625
63.1 242.236923217773
63.9 233.018997192383
64.2 19.8270244598389
64.9 128.391937255859
65.9 20.1509304046631
66.0 54.0219268798828
66.1 51.0513076782227
67.0 272.241485595703
67.2 27.6544990539551
67.9 119.238639831543
68.0 131.702255249023
68.7 20.5182609558105
69.0 402.464904785156
69.1 81.5989761352539
70.0 341.396942138672
70.1 506.227844238281
70.8 9.02108860015869
70.9 158.384536743164
71.1 62.1353149414063
71.9 27.8967742919922
72.1 1462.19067382813
73.0 570.7431640625
73.9 77.0042419433594
74.1 35.89111328125
74.2 22.7253131866455
75.0 1638.57971191406
75.9 16.3951778411865
76.0 437.427093505859
76.1 486.295074462891
77.0 1606.1875
78.0 713.53369140625
79.0 156.004699707031
79.1 183.106811523438
79.8 42.7724227905273
80.1 4.28433990478516
80.2 14.6593036651611
81.0 300.955322265625
81.8 54.5954780578613
82.0 234.300415039063
83.0 5095.9560546875
83.9 83.3554077148438
84.0 260.828155517578
84.9 198.689102172852
85.0 140.185791015625
85.7 15.2168550491333
86.0 92.0514144897461
86.1 64.6100006103516
86.9 109.897705078125
87.0 101.614044189453
87.1 123.058052062988
88.0 3191.56225585938
88.9 69.865478515625
89.0 2018.09790039063
90.0 1255.80322265625
90.1 457.349243164063
90.9 162.473510742188
91.0 396.185913085938
91.8 10.1923542022705
91.9 79.5771865844727
92.0 21.3478717803955
93.0 54.3843841552734
93.2 17.6962413787842
93.7 9.19228458404541
93.8 11.6089744567871
93.9 84.4539413452148
94.0 69.1657943725586
94.3 20.9232616424561
94.9 57.6500511169434
95.0 50.78173828125
95.1 382.672058105469
95.8 15.5409212112427
96.0 341.169952392578
96.9 240.458206176758
97.2 40.874641418457
97.9 38.2722244262695
98.0 63.0405464172363
98.1 168.244369506836
98.8 8.57888603210449
98.9 107.08570098877
99.1 74.1428146362305
99.7 31.79443359375
99.9 37.845947265625
100.0 82.1493225097656
100.8 23.6619510650635
100.9 126.787506103516
101.1 130.69889831543
101.9 45.3075790405273
102.0 1598.40380859375
102.8 106.192794799805
103.0 374.745788574219
103.1 370.903625488281
103.7 8.67502403259277
103.9 98.5134506225586
104.0 335.6591796875
104.1 156.979782104492
104.8 61.0338020324707
104.9 105.645408630371
105.0 184.442474365234
105.6 9.58317852020264
106.0 53.4651565551758
106.2 61.0021209716797
107.0 1227.10180664063
107.1 7.67375183105469
107.9 43.7616157531738
108.0 26.0546550750732
108.1 1198.7919921875
109.0 73492.109375
110.0 5916.3466796875
111.0 30.1239318847656
111.1 130.490325927734
111.9 54.8896293640137
112.1 40.6095275878906
112.7 36.3235206604004
113.0 223.596603393555
113.6 8.50633144378662
114.0 121.065315246582
114.2 40.2759437561035
114.9 191.992462158203
115.1 17.0227966308594
115.8 44.5328941345215
115.9 18.5274753570557
116.0 253.412933349609
116.2 52.9685707092285
116.9 67.6024017333984
117.0 565.387817382813
117.9 317.124786376953
118.0 277.401000976563
118.2 21.3400821685791
119.0 182.489212036133
119.1 104.555908203125
119.8 37.4517860412598
120.0 18.4787998199463
120.8 157.785064697266
121.0 132.840347290039
121.1 39.4265289306641
121.9 245.439147949219
122.1 173.132888793945
122.9 152.020111083984
123.0 30.0201606750488
123.9 18.3872489929199
124.1 37.475944519043
124.2 8.23880290985107
125.0 235.968902587891
125.8 47.3686637878418
126.0 42.0767936706543
126.3 11.6664094924927
126.6 21.1319637298584
126.8 75.2466201782227
126.9 255.695281982422
127.9 26.8587646484375
128.1 136.192092895508
128.9 631.608703613281
129.0 607.387634277344
129.8 79.6622161865234
129.9 86.6835556030273
130.0 15.2985992431641
130.1 44.3936958312988
131.0 439.450256347656
131.1 452.789794921875
131.8 17.7521648406982
132.0 183.076232910156
132.1 135.25422668457
132.9 83.8432846069336
133.0 110.0458984375
133.9 109.225997924805
134.0 83.4671401977539
134.8 50.0916366577148
135.0 451.53125
135.8 101.898002624512
135.9 45.1861114501953
137.0 1916.484375
137.9 264.864776611328
138.1 231.050109863281
138.9 158.014602661133
139.1 111.632904052734
139.7 24.0857257843018
140.9 1038.14733886719
141.7 11.8513679504395
141.9 97.0467300415039
142.0 138.887405395508
142.8 36.949649810791
143.0 148.853332519531
143.1 285.547576904297
144.0 354.081878662109
144.1 239.391586303711
144.3 21.6178798675537
145.0 6958.7919921875
146.0 717.378479003906
146.1 154.200332641602
146.9 173.590377807617
147.0 113.306541442871
147.7 8.49982452392578
148.1 33.2891693115234
148.8 116.460372924805
149.1 42.7291984558105
149.8 20.7080535888672
150.1 35.0723304748535
151.0 481.861938476563
152.0 152.726364135742
152.1 20.387035369873
152.8 70.6286773681641
153.1 138.563568115234
153.8 11.6555938720703
153.9 76.4336090087891
154.0 65.9893569946289
154.1 10.3307218551636
155.0 700.80859375
155.9 232.389907836914
156.0 164.088180541992
157.0 538.413330078125
157.9 49.5655517578125
158.0 104.296890258789
159.0 1037.0205078125
160.0 292.626373291016
161.0 362.867095947266
161.1 45.0259056091309
161.9 21.6151313781738
162.0 25.7838039398193
162.9 106.553955078125
163.7 10.8725967407227
163.8 92.517822265625
165.0 170.074417114258
165.7 18.974328994751
165.8 19.0839996337891
166.0 27.5045070648193
166.8 229.9130859375
167.1 129.593215942383
167.9 116.760108947754
168.0 128.615036010742
168.2 29.2396373748779
168.9 287.180053710938
169.0 37.0106048583984
169.9 412.003601074219
170.1 151.836959838867
170.8 130.074401855469
170.9 24.3749389648438
171.0 245.810928344727
171.8 43.7436637878418
172.0 163.787750244141
172.1 61.6461067199707
172.2 62.794677734375
173.0 443.977508544922
173.1 117.922546386719
173.9 22.5513763427734
174.0 153.703262329102
175.0 134.684844970703
175.1 38.3469276428223
176.1 172.908294677734
176.9 83.1667861938477
177.0 92.5524291992188
177.1 42.3546981811523
178.0 74.4762420654297
178.1 70.5023803710938
178.8 9.33327293395996
178.9 77.0233917236328
179.0 78.3973846435547
179.8 42.2727813720703
180.0 57.198974609375
180.1 41.2774543762207
180.6 8.73025226593018
180.8 371.687225341797
181.1 35.7072982788086
181.6 11.6821451187134
181.8 49.7053337097168
182.0 90.0302963256836
182.1 31.5444087982178
182.8 107.882286071777
182.9 8.72816944122314
183.0 135.831878662109
183.7 8.98993682861328
183.8 62.5864372253418
184.0 25.4426307678223
184.8 264.967376708984
185.0 137.687789916992
185.6 15.7585000991821
185.8 97.7976303100586
186.0 513.169616699219
186.4 10.8211526870728
186.8 78.4779663085938
187.0 148.291839599609
187.9 10.8896656036377
188.1 47.8740539550781
188.9 139.922805786133
189.0 24.586088180542
191.0 445.8154296875
191.1 72.1110534667969
191.7 28.2761993408203
191.9 126.500793457031
192.0 31.9222888946533
192.8 189.19482421875
193.0 134.094848632813
193.6 11.4846878051758
193.8 34.3811454772949
193.9 76.2136077880859
194.1 139.962768554688
194.9 328.306365966797
195.0 108.656372070313
195.8 67.939079284668
195.9 223.355758666992
196.0 314.017974853516
197.0 1176.12219238281
197.9 170.031097412109
198.1 204.142074584961
198.7 69.5079040527344
198.9 256.984771728516
199.1 47.5841178894043
199.8 96.4873275756836
200.0 183.326965332031
200.1 27.1481838226318
200.2 24.6361999511719
200.9 774.977722167969
201.7 11.5584354400635
201.9 0.617561340332031
202.8 190.2021484375
203.6 8.8731050491333
203.9 47.2686805725098
204.1 10.4204378128052
204.7 25.7621421813965
204.8 45.7423782348633
205.0 27.4644622802734
205.9 40.8369026184082
207.0 551.75146484375
207.8 49.4349098205566
208.0 213.208374023438
208.1 111.780349731445
208.8 62.0445251464844
209.0 37.9968872070313
209.1 68.4592514038086
209.2 11.2509536743164
209.8 57.9104270935059
210.0 58.3583908081055
210.2 8.36735725402832
211.0 755.03271484375
211.9 305.921478271484
213.0 452.888122558594
213.8 14.9789447784424
214.1 242.615829467773
215.0 456.62109375
216.0 120.388977050781
216.9 645.968933105469
217.7 33.515380859375
218.0 71.4787826538086
218.8 438.778533935547
219.8 56.9313011169434
220.0 301.831634521484
221.0 82.63818359375
221.6 10.851279258728
221.8 13.7059869766235
221.9 43.3947067260742
222.0 71.6757965087891
222.1 18.6674480438232
223.0 1349.91650390625
223.8 49.9773216247559
224.0 369.813385009766
224.1 356.768005371094
224.3 44.5830001831055
224.9 238.521087646484
225.1 859.783996582031
225.9 122.153694152832
226.0 365.391662597656
227.0 216.461318969727
227.1 48.8746147155762
227.8 10.3917207717896
228.0 39.7674789428711
229.0 166.013122558594
229.8 22.6982288360596
229.9 135.822128295898
230.1 38.223217010498
230.8 35.533863067627
230.9 55.4704513549805
231.2 31.9537925720215
232.0 48.8784637451172
232.2 18.8973484039307
233.0 653.595703125
233.9 285.681396484375
234.1 136.071975708008
234.8 30.0977935791016
234.9 278.778564453125
235.1 48.4416236877441
235.8 50.0085029602051
236.0 16.7996215820313
237.0 350.04052734375
237.8 191.733535766602
239.0 616.789733886719
239.8 52.4315299987793
240.0 15.3910140991211
240.6 13.3650569915771
241.0 125.875671386719
241.1 533.23388671875
241.9 94.6262969970703
242.1 179.723892211914
242.2 9.78627872467041
242.5 9.52207660675049
242.8 31.9986572265625
243.0 95.1004638671875
244.8 21.5053615570068
244.9 99.6941299438477
246.0 11.7073774337769
246.8 8.54544925689697
247.0 29.0423069000244
247.8 25.3796844482422
248.0 24.2744903564453
248.1 34.0566864013672
248.8 27.3193550109863
249.0 52.576847076416
249.7 13.9956588745117
249.9 27.3420829772949
250.2 50.230541229248
250.8 66.2415771484375
250.9 274.019134521484
251.1 195.08659362793
251.2 8.83069610595703
252.0 153.904006958008
252.1 469.445526123047
253.1 47965.53125
254.1 8472.6884765625
254.9 112.969673156738
255.0 333.337097167969
255.0 402.339141845703
255.8 33.4087829589844
256.0 13.0042610168457
256.7 35.5834884643555
256.9 0.640457153320313
257.0 121.005912780762
257.2 9.48592662811279
258.0 20.8045291900635
258.8 7.95751237869263
259.0 19.087251663208
260.7 17.7479801177979
260.8 24.5484046936035
261.0 17.7722015380859
261.1 8.45619487762451
262.8 12.4171562194824
263.8 11.5466728210449
265.0 42.7806205749512
267.1 79.7610473632813
268.0 20.5661010742188
268.1 22.1252422332764
269.0 540.857482910156
269.2 52.8948707580566
269.9 35.8184432983398
270.1 99.5939178466797
270.7 51.1120872497559
270.8 60.0989685058594
271.2 8.5723180770874
271.7 11.4971570968628
272.9 296.150817871094
273.6 10.1960563659668
273.8 52.9309577941895
274.5 15.092134475708
274.8 191.551025390625
275.0 81.986946105957
276.9 240.069671630859
277.8 48.5292015075684
277.9 141.782119750977
278.0 59.5354919433594
278.2 10.6622848510742
278.7 10.1992998123169
278.8 114.461570739746
279.0 19.4881973266602
279.8 7.916428565979
280.0 36.1811981201172
280.1 39.9972686767578
280.3 10.1369094848633
280.7 17.5867671966553
281.0 258.783935546875
281.1 45.8769226074219
281.2 17.3384780883789
281.9 65.1347961425781
282.0 19.2826595306396
282.7 40.9508781433105
283.0 26.4863586425781
283.1 10.280725479126
284.7 15.087760925293
284.9 151.964782714844
285.0 368.185333251953
285.8 18.0380840301514
285.9 33.8069725036621
286.1 25.2523803710938
286.8 25.8057994842529
286.9 24.4113388061523
287.1 62.549488067627
288.9 477.510803222656
289.9 161.820602416992
290.0 98.9925079345703
291.0 239.145141601563
291.1 35.5755004882813
291.9 27.6951065063477
293.9 499.304168701172
294.8 39.4581451416016
295.0 359.535888671875
295.1 49.2032585144043
295.9 32.2947540283203
296.0 77.1910781860352
296.1 18.2969512939453
296.8 140.602005004883
297.0 222.508987426758
297.7 19.0611572265625
297.9 31.7285861968994
298.0 39.6000213623047
298.8 113.104637145996
298.9 70.9648818969727
301.0 21.3278751373291
302.9 23.5252914428711
303.2 19.157922744751
304.1 8.96131896972656
304.8 37.848949432373
305.0 31.6113662719727
305.2 8.64788150787354
306.0 11.5885105133057
306.1 19.9600353240967
306.8 31.7952690124512
306.9 48.6630973815918
307.0 158.787002563477
307.2 40.1037712097168
308.0 39.3557510375977
308.1 84.7950286865234
308.3 9.77523994445801
308.9 46.4764099121094
309.0 108.12126159668
309.2 35.3316078186035
310.0 11.5285062789917
310.2 13.4596643447876
310.3 12.8531484603882
310.7 8.6470365524292
310.9 90.3307495117188
311.1 11.0822610855103
312.0 30.3983612060547
312.1 168.378448486328
314.9 38.174446105957
315.0 30.4989910125732
315.1 8.90503787994385
315.9 8.44052886962891
319.8 18.9368476867676
320.9 20.820125579834
321.0 117.216987609863
321.1 35.8957138061523
321.8 27.7261962890625
322.0 86.6186599731445
322.1 56.2510719299316
323.0 103.886665344238
323.1 119.30322265625
324.1 25114.94921875
325.0 94.7883148193359
325.1 5888.39453125
326.1 446.549560546875
326.2 359.312347412109
326.9 14.003734588623
327.0 18.3776531219482
327.1 25.743709564209
328.7 8.19260883331299
329.0 8.23680877685547
329.8 12.7069892883301
331.0 11.5635643005371
332.9 23.7389984130859
333.1 17.2331867218018
334.1 7.98016357421875
336.8 9.08121967315674
339.1 36.3636093139648
342.3 10.2781143188477
344.9 10.0489320755005
345.0 11.0948877334595
348.1 19.2688293457031
348.8 55.1775169372559
348.9 54.9749031066895
349.0 36.5412254333496
350.0 65.0625915527344
350.1 222.044464111328
350.2 24.1775169372559
350.9 36.8430557250977
351.0 71.0821075439453
351.1 136.354187011719
352.0 17.6114349365234
352.1 20.8150806427002
352.6 12.2593326568604
355.0 12.4376230239868
355.1 10.9590377807617
358.9 8.00396728515625
366.8 9.3252534866333
366.9 90.888298034668
367.1 10.5593299865723
368.1 13.0066070556641
368.3 12.6286592483521
371.0 9.10782814025879
388.1 9.28194522857666
401.0 20.9775714874268
404.9 8.25217819213867
