#"+EI Scan (rt: 8.898-9.037 min, 25 scans) R5M2.D  Subtract "
#Point,X(Thompsons),Y(Counts)
40.1 282.602966308594
41.1 15445.6796875
42.0 14.603982925415
42.1 775.680725097656
43.1 6363.171875
44.0 722.6787109375
44.9 99.8938140869141
45.0 100.561378479004
45.9 16.5117378234863
46.0 49.4685821533203
46.1 103.877082824707
47.0 4251.9228515625
48.0 90.1669845581055
48.2 11.471152305603
48.8 2.61238813400269
48.9 20.1234455108643
49.0 45.518856048584
49.9 265.839935302734
50.0 1000.90533447266
51.0 2470.724609375
51.9 168.775527954102
52.0 420.921630859375
52.1 205.823852539063
53.0 616.006713867188
53.1 639.125061035156
53.9 107.582801818848
54.0 96.7752532958984
54.3 8.53749084472656
55.0 411.812835693359
55.1 1042.89245605469
55.9 59.0331878662109
56.0 100.346801757813
57.0 330.657684326172
57.2 16.548511505127
57.7 64.5719146728516
57.9 114.027633666992
58.1 69.0974807739258
58.2 5.50536441802979
59.0 3336.26171875
60.0 212.526123046875
60.9 82.2558898925781
61.0 1689.79406738281
62.0 3019.04663085938
62.1 42.1462898254395
63.0 7201.13232421875
63.9 105.239875793457
64.0 822.469055175781
64.1 590.146545410156
65.0 4436.02392578125
65.9 138.718704223633
66.0 270.116729736328
67.0 1084.47290039063
67.9 62.9338569641113
68.1 70.7752838134766
68.2 22.252613067627
69.1 4430.37158203125
69.9 122.293601989746
70.0 88.1659927368164
70.1 46.8644828796387
70.6 13.6710319519043
70.7 4.98624229431152
71.0 101.789886474609
71.2 64.6956481933594
71.8 7.35525846481323
72.0 62.333080291748
72.1 66.6748733520508
72.2 22.8048782348633
73.0 1063.84887695313
74.0 1915.85571289063
75.0 4968.0791015625
75.9 3.68161010742188
76.0 3697.57592773438
77.0 5924.9326171875
78.0 2474.36279296875
79.0 617.515991210938
79.8 3.36567258834839
79.9 36.0561828613281
80.1 1.57862901687622
81.0 493.987060546875
81.8 11.9894237518311
81.9 11.0432510375977
82.1 43.1210174560547
82.9 46.4129791259766
83.0 11.0345420837402
83.2 12.313178062439
83.8 18.1517143249512
83.9 35.6875457763672
84.0 36.0100059509277
84.1 21.6549320220947
84.3 9.90607166290283
84.8 95.3390655517578
85.0 169.090545654297
85.1 46.8375091552734
85.9 126.620277404785
86.0 933.01904296875
86.1 28.3268299102783
87.0 486.739074707031
87.0 2369.7080078125
88.0 7327.63525390625
89.0 26144.5859375
90.0 1014.28564453125
90.0 2107.17041015625
90.8 35.2625427246094
91.0 590.471618652344
91.9 36.590202331543
92.0 69.4418411254883
92.9 34.0528945922852
93.2 14.1158723831177
94.0 28.3662166595459
94.7 27.936710357666
94.9 92.5191955566406
95.8 19.3492050170898
96.0 32.7131881713867
96.1 2.1116943359375
96.9 15.1817321777344
97.0 119.378677368164
97.1 36.4369697570801
97.4 8.26511192321777
97.8 55.5667953491211
97.9 209.88493347168
98.0 122.546127319336
98.8 25.018404006958
98.9 177.540420532227
99.0 260.630645751953
99.7 25.3555488586426
99.9 115.174003601074
100.0 284.552917480469
100.1 220.559051513672
101.0 7567.47900390625
102.0 16620.056640625
103.0 5905.9150390625
103.9 170.151824951172
104.0 641.666381835938
104.9 115.216690063477
105.0 63.3041839599609
105.3 9.62265968322754
105.7 5.87344455718994
105.8 10.1545076370239
105.9 3.98779201507568
106.0 8.73372077941895
106.4 7.02173328399658
106.7 36.2828750610352
106.9 34.1888427734375
107.0 103.168716430664
107.2 46.5470657348633
107.5 8.11420440673828
107.6 39.9438209533691
107.8 46.3433151245117
107.9 32.4390754699707
108.0 6.29051303863525
108.1 45.5651321411133
109.0 693.929809570313
109.9 117.134475708008
110.0 34.5548400878906
110.7 63.9763717651367
111.0 78.3916244506836
111.1 72.12158203125
111.2 9.26212120056152
111.8 42.1436805725098
111.9 11.8874263763428
112.1 118.948829650879
112.2 36.140926361084
112.9 255.025726318359
113.0 4325.26611328125
114.0 13294.6708984375
115.0 130269.0703125
116.0 56609.9921875
117.0 6011.7138671875
117.9 145.373474121094
118.0 265.008483886719
118.1 205.955139160156
118.6 15.0863943099976
118.8 60.3351058959961
118.9 31.5918731689453
119.1 60.6053314208984
119.2 3.83126544952393
120.1 33.7265968322754
120.3 34.1867980957031
120.5 33.4693603515625
120.7 130.396850585938
120.9 16.2063217163086
121.0 72.4881820678711
121.7 7.70410537719727
121.9 25.2419986724854
122.1 3.28203678131104
122.7 1.27728462219238
122.9 32.3369598388672
123.0 2.9449291229248
123.2 12.500376701355
123.8 35.8367767333984
123.9 22.5545387268066
124.8 57.0325012207031
125.0 72.3945465087891
125.1 96.4331817626953
125.9 585.28271484375
126.0 1128.71508789063
127.0 4371.4287109375
128.0 17016.30859375
129.0 27175.85546875
130.0 12237.7890625
131.0 1456.61181640625
131.8 24.9093780517578
132.0 170.177673339844
132.1 79.2703323364258
132.8 42.6546592712402
132.9 310.320495605469
133.7 2.65691184997559
133.9 45.1607856750488
134.0 121.95044708252
134.1 25.472785949707
134.9 350.160339355469
135.0 5.21231079101563
135.7 16.125057220459
136.0 81.0670928955078
136.1 140.997741699219
137.0 5005.87890625
138.0 873.78955078125
138.9 287.459259033203
139.0 136.714599609375
140.0 576.858215332031
140.1 444.219421386719
141.0 911.524780273438
141.1 822.718933105469
141.9 29.3599891662598
142.1 2411.24243164063
143.0 39441.4375
144.0 130739.0546875
145.0 13401.7412109375
145.9 184.281707763672
146.0 1012.98327636719
146.2 22.1526432037354
146.9 158.758361816406
147.0 33.4675598144531
147.8 12.5799579620361
147.9 193.404495239258
148.0 289.843627929688
148.1 58.2417144775391
148.5 11.8761930465698
148.9 102.839538574219
149.0 40.8439788818359
149.2 15.2487449645996
149.4 18.2060108184814
149.5 41.6510353088379
149.7 44.3417472839355
149.9 104.803161621094
150.0 98.7956314086914
150.1 59.539867401123
150.9 234.298690795898
151.0 101.435195922852
151.7 26.00071144104
151.9 173.599502563477
152.0 116.904861450195
152.1 33.2391624450684
152.9 98.5508193969727
153.0 322.594848632813
153.8 0.844220161437988
154.0 555.903686523438
154.1 2102.24536132813
155.0 2633.3701171875
156.0 3812.27954101563
157.0 7464.8154296875
158.0 3164.38793945313
159.0 1583.58984375
160.0 686.267578125
160.7 23.2737312316895
160.9 56.5410614013672
161.0 229.233123779297
161.8 10.4452028274536
161.9 127.809432983398
162.0 61.2443923950195
163.0 511.204406738281
163.9 62.5933036804199
164.0 44.6199760437012
164.1 7.04819869995117
164.3 7.09197282791138
164.8 14.5846824645996
164.9 37.93994140625
165.0 136.908981323242
165.6 6.16209030151367
165.8 50.5287322998047
166.0 224.833679199219
166.1 99.7402267456055
166.3 19.5109615325928
166.9 475.555053710938
167.0 919.085327148438
167.9 27.9848690032959
168.0 1276.515625
168.1 215.913848876953
169.0 445.464996337891
169.1 354.653167724609
170.0 6440.1962890625
170.1 103.114181518555
171.0 1625.046875
171.8 48.8664627075195
171.9 158.194213867188
172.1 162.375869750977
172.2 17.1157302856445
172.7 10.1148929595947
172.8 21.2077026367188
172.9 95.0056076049805
173.1 41.6737327575684
173.9 145.674819946289
174.0 194.917663574219
174.1 38.1845932006836
174.8 40.227481842041
175.0 102.282524108887
175.1 38.6472854614258
175.8 48.9622459411621
176.0 933.261352539063
176.1 283.296020507813
177.0 337.335784912109
177.7 14.8003244400024
177.9 58.9341659545898
178.0 49.3083877563477
178.9 124.593704223633
179.1 15.7331113815308
179.8 89.0842361450195
180.0 129.346267700195
180.1 92.5922393798828
180.2 25.9288692474365
181.0 211.961685180664
181.7 7.36179161071777
181.9 44.3191452026367
182.0 621.012390136719
182.1 9.67294788360596
182.9 298.620574951172
183.0 161.573608398438
184.0 385.521362304688
184.1 1840.21325683594
184.2 17.5977554321289
184.9 276.527709960938
185.0 479.808868408203
185.9 77.3223114013672
186.0 136.414108276367
186.1 56.5066680908203
186.6 2.39795112609863
186.8 109.009452819824
186.9 74.4853057861328
187.1 8.62984657287598
187.7 34.5877075195313
187.9 46.6131439208984
188.1 42.2064437866211
188.2 9.16232204437256
188.6 1.79572200775146
188.8 25.3457984924316
188.9 97.1093902587891
189.0 93.104736328125
189.7 21.2412166595459
189.9 50.774658203125
190.0 6.28800916671753
190.8 92.6071472167969
190.9 128.137359619141
191.9 55.9356002807617
192.0 64.9575042724609
192.8 77.3122177124023
193.0 121.789764404297
193.8 32.9581642150879
193.9 33.0005035400391
194.0 104.211883544922
194.9 18.2811584472656
195.0 242.82356262207
195.8 55.6371536254883
196.0 245.724670410156
196.1 42.9396553039551
197.0 359.538269042969
198.0 299.312347412109
198.1 707.942016601563
199.0 537.541198730469
199.7 6.66549587249756
200.0 255.921661376953
200.1 176.461334228516
201.0 687.383178710938
201.9 25.856029510498
202.0 668.952758789063
202.1 51.5650787353516
203.0 458.866912841797
203.1 72.3754272460938
203.8 1.30425500869751
204.0 262.641479492188
204.1 203.893966674805
204.2 10.4709787368774
204.7 4.74225616455078
204.9 144.776763916016
205.0 96.4067840576172
205.1 69.7856674194336
205.8 15.3640899658203
206.0 20.8764343261719
206.1 22.6666278839111
206.9 160.495941162109
207.0 79.1769409179688
207.9 20.8655090332031
208.0 105.572052001953
208.2 20.1926364898682
208.4 10.6802883148193
208.9 50.2069931030273
209.0 56.0521926879883
209.2 36.9519577026367
209.6 12.7653770446777
209.7 12.5749711990356
210.0 247.917572021484
210.1 243.046524047852
210.2 38.8815994262695
211.0 1161.50964355469
212.1 9592.876953125
213.0 1866.67260742188
213.9 162.862396240234
214.1 390.336944580078
214.2 27.587963104248
215.0 2524.041015625
215.9 48.9015502929688
216.0 499.423645019531
217.0 396.708923339844
217.8 77.4742889404297
218.0 88.3612747192383
218.9 505.836547851563
219.9 322.735260009766
220.8 46.0636215209961
220.9 97.4756927490234
221.9 72.608154296875
222.0 28.1318817138672
223.0 230.897109985352
223.5 9.89303588867188
223.8 11.2329864501953
223.9 64.8073348999023
224.0 57.2877655029297
224.1 31.111177444458
224.4 6.96052408218384
224.7 15.6071300506592
224.9 100.833419799805
225.0 60.1124114990234
225.2 36.0088119506836
225.6 13.4777011871338
225.8 52.8951263427734
225.9 87.6334457397461
226.1 136.115051269531
226.2 128.805541992188
226.4 49.0314064025879
226.6 35.6630363464355
226.9 124.153411865234
227.0 299.445465087891
227.2 64.1114196777344
227.6 37.4897079467773
227.8 34.9617347717285
228.0 398.518402099609
228.1 253.586868286133
228.3 22.9399833679199
228.8 95.6607894897461
229.0 557.727783203125
229.1 108.774353027344
229.2 120.758163452148
230.1 2069.02709960938
230.1 2463.6982421875
231.0 11.6153106689453
231.1 4536.9189453125
232.1 539293.25
233.1 91430.6796875
234.1 8503.6005859375
235.0 427.960815429688
235.1 58.2794227600098
235.9 83.4837341308594
236.0 80.0244827270508
237.0 1288.6953125
238.0 560.785278320313
238.9 401.892822265625
239.9 60.779182434082
240.0 253.900054931641
240.2 5.87783432006836
241.0 401.48876953125
241.1 136.005798339844
241.8 80.0935440063477
242.0 126.307479858398
242.1 148.306304931641
242.7 6.07907581329346
242.9 160.13264465332
243.1 141.410308837891
243.2 6.37314319610596
243.9 80.198127746582
244.0 45.2749252319336
244.1 36.6479949951172
244.7 21.7651767730713
244.9 42.8859367370605
245.1 52.865104675293
245.8 5.72499370574951
246.0 12.2934694290161
246.1 7.26615953445435
246.8 6.01004219055176
246.9 35.3873252868652
248.0 27.8534259796143
248.8 15.8000259399414
248.9 76.9700317382813
249.2 33.0090370178223
250.7 16.8754634857178
250.9 38.8147659301758
251.0 53.6253509521484
251.2 11.0195217132568
251.9 8.02067375183105
252.0 12.4680299758911
252.1 22.3348541259766
252.9 125.502456665039
253.0 119.583267211914
253.8 34.6397933959961
254.0 162.392181396484
254.1 243.418853759766
254.6 5.23410129547119
254.9 70.5975189208984
255.1 94.3410720825195
255.1 44.9092178344727
255.8 7.63818550109863
255.9 102.133346557617
256.0 161.321197509766
256.2 62.3709678649902
256.8 19.6187191009521
257.0 291.276397705078
257.1 2.14472389221191
257.6 7.30872011184692
257.8 5.70213556289673
257.9 52.700553894043
258.0 115.452697753906
258.2 45.911075592041
258.3 13.3862619400024
258.7 39.9651527404785
258.9 67.7110290527344
259.0 16.4694805145264
260.8 3.19795417785645
260.9 17.3208885192871
261.1 33.2793273925781
262.8 13.3334913253784
262.9 14.7305469512939
264.8 4.36109638214111
265.0 15.2815523147583
266.7 18.5147438049316
266.9 29.955379486084
267.0 38.0484886169434
267.2 4.70659446716309
268.0 42.0859909057617
268.6 6.72906637191772
268.9 66.3631744384766
269.0 72.3588485717773
269.8 47.1876335144043
269.9 108.877227783203
270.1 151.168960571289
270.5 6.94212818145752
270.9 104.964538574219
271.0 114.377258300781
271.7 20.9254608154297
271.9 138.393814086914
272.0 73.3914260864258
272.1 52.9981918334961
272.6 11.117636680603
273.0 84.7300338745117
273.7 17.2175884246826
274.0 48.2482032775879
274.8 115.334167480469
275.0 12.538818359375
275.9 80.4817428588867
276.0 52.4666595458984
276.9 173.703247070313
277.8 6.93154430389404
277.9 30.0700988769531
278.1 7.24412679672241
278.7 12.7598876953125
278.8 34.002857208252
279.0 53.6283416748047
279.9 32.728343963623
280.1 19.5030059814453
280.5 7.3895411491394
280.7 32.5762252807617
280.9 26.0450286865234
281.0 56.304256439209
281.2 38.7052803039551
281.9 15.7497978210449
282.0 72.9375686645508
282.4 7.24725198745728
282.7 14.3747901916504
283.0 29.865140914917
283.1 7.11259460449219
283.9 52.1832046508789
284.0 18.6502132415771
284.2 35.6401557922363
285.0 349.967315673828
285.1 160.650512695313
285.9 29.934326171875
286.0 214.128967285156
286.1 64.3387222290039
286.8 36.8316421508789
287.1 49.4786224365234
288.0 5.35123538970947
289.1 623.923889160156
289.9 32.6639556884766
290.0 100.330848693848
290.2 6.18311405181885
290.9 40.7628784179688
291.1 5.49976348876953
291.8 13.3401460647583
292.0 42.6026306152344
292.1 7.39287710189819
293.0 509.552642822266
293.9 148.78889465332
294.0 25.4133758544922
294.8 102.63786315918
294.9 53.9242401123047
295.7 13.3314867019653
295.9 41.64599609375
296.0 5.71022987365723
296.9 270.264556884766
297.7 20.973518371582
297.8 58.7510299682617
298.0 111.462051391602
298.1 11.7407388687134
298.8 16.9413452148438
299.0 54.9970359802246
299.1 27.8718338012695
299.8 8.62826728820801
300.0 933.800476074219
300.1 701.514221191406
300.8 26.6682624816895
300.9 153.064895629883
301.1 243.412887573242
301.3 14.3104362487793
301.7 7.55729913711548
301.9 20.5240478515625
302.1 12.858678817749
302.8 32.1634292602539
302.9 15.2550621032715
303.0 22.8933086395264
304.7 6.85786390304565
306.6 6.36416482925415
306.8 6.3615550994873
307.1 63.099048614502
307.2 9.88401794433594
308.0 3.82970070838928
308.9 8.07332897186279
310.0 10.3937873840332
310.1 15.1253490447998
310.7 0.335031509399414
310.9 39.2894134521484
311.2 7.01908111572266
311.9 15.0330371856689
312.2 12.2606019973755
313.1 7.30857610702515
314.2 9.24365997314453
314.9 60.3512840270996
318.9 29.5277118682861
319.0 13.3868398666382
319.1 9.64450740814209
323.0 11.4771537780762
323.8 7.86196947097778
326.9 3.56596088409424
329.0 17.6670627593994
330.5 7.36232042312622
330.9 8.60103988647461
331.1 40.7781982421875
331.7 7.44838762283325
331.8 5.17399501800537
332.1 7.49714469909668
332.7 9.11282920837402
332.9 35.1532211303711
333.0 13.9094228744507
335.0 12.8006629943848
340.9 4.45235347747803
341.8 11.9842672348022
342.0 41.8473663330078
342.1 31.5413494110107
343.1 8.68497943878174
345.0 53.1248779296875
345.1 6.61826515197754
345.8 22.685941696167
346.0 32.4291610717773
346.1 13.3136348724365
346.2 44.408031463623
346.9 5.60599327087402
347.2 13.7311029434204
348.6 4.99893426895142
348.8 64.480339050293
348.9 8.11960983276367
349.8 19.424768447876
350.8 0.99701189994812
351.1 27.3317527770996
352.8 3.79738521575928
353.0 48.6430587768555
353.1 23.1865329742432
354.0 7.04264068603516
354.2 6.24117374420166
355.0 17.7589702606201
355.1 9.19152355194092
356.0 7.29110527038574
356.7 5.59333896636963
357.1 4.87932252883911
357.3 24.6438617706299
358.0 75.1087951660156
358.1 59.6437644958496
358.3 9.55197238922119
358.9 31.4893169403076
359.1 134.891571044922
359.2 28.2336921691895
360.0 8.41799640655518
360.2 17.2006168365479
362.9 8.69329071044922
366.7 8.53712272644043
366.8 16.2944049835205
367.1 26.1732521057129
370.8 6.56203556060791
370.9 18.5524520874023
371.1 3.85167908668518
374.0 102.69457244873
374.1 360.590972900391
374.3 6.23426675796509
375.0 175.616989135742
375.1 335.128448486328
375.2 328.452026367188
375.9 21.6764602661133
376.1 91.9692611694336
376.3 53.1951560974121
376.9 8.33035945892334
386.9 6.07703065872192
400.9 17.4374504089355
401.1 9.59341239929199
