#"+EI Scan (rt: 8.886-9.020 min, 24 scans) R8M2.D  Subtract "
#Point,X(Thompsons),Y(Counts)
40.1 189.883590698242
41.1 14583.21875
42.0 373.510589599609
42.1 370.727325439453
43.1 5913.76611328125
44.0 1.22015380859375
44.1 355.485229492188
44.9 32.7652282714844
45.0 132.225006103516
45.8 12.1929636001587
46.0 75.3315887451172
46.1 84.5288009643555
46.1 67.2081298828125
47.0 3970.22583007813
48.0 80.6565170288086
48.2 6.84948205947876
48.7 7.96781158447266
48.9 32.2232971191406
49.1 35.7443542480469
49.9 13.6087379455566
50.0 1017.44177246094
50.1 80.5094985961914
51.0 2204.23803710938
51.9 206.255813598633
52.0 488.26171875
52.2 38.4738502502441
53.0 1140.07800292969
53.8 46.4727096557617
54.0 33.3267021179199
54.1 146.490249633789
55.0 1439.12866210938
56.1 152.974761962891
56.8 63.1604499816895
57.0 239.18815612793
57.1 20.1377487182617
57.6 33.0391311645508
57.9 129.39729309082
58.1 126.800247192383
59.0 3083.41552734375
59.9 46.9124298095703
60.0 179.786544799805
60.1 16.9051666259766
61.0 436.918182373047
61.0 1193.72399902344
62.0 2716.96630859375
63.0 6694.26171875
63.9 95.2394638061523
64.0 915.769958496094
64.1 362.670593261719
65.0 3705.95458984375
65.8 9.54252529144287
65.9 172.802047729492
66.0 185.294067382813
66.2 24.6274509429932
67.0 503.716674804688
67.1 420.971649169922
67.8 12.043797492981
68.0 35.6962814331055
68.1 87.3354797363281
68.4 16.7506084442139
69.1 3677.6357421875
69.8 25.6190204620361
70.0 72.8527145385742
70.1 144.61882019043
70.2 49.2996864318848
70.6 7.26398706436157
70.8 1.50297689437866
70.9 37.5983047485352
71.0 59.4088287353516
71.2 20.1098594665527
71.8 8.8956413269043
72.0 77.8057174682617
72.1 50.103832244873
73.0 1107.85400390625
74.0 1064.56994628906
74.0 767.510375976563
75.0 4378.521484375
76.0 3454.34887695313
77.0 5299.33984375
78.0 2382.1923828125
79.0 515.462280273438
79.1 266.324676513672
79.8 37.5379104614258
79.9 1.11367034912109
80.1 51.6246643066406
81.0 412.139770507813
81.8 33.5420379638672
82.1 45.1466445922852
82.3 29.0521850585938
82.7 34.0922050476074
82.9 95.5081405639648
83.0 10.9404697418213
83.2 15.9693422317505
83.4 6.99362230300903
83.6 20.3682842254639
83.9 23.7469425201416
84.9 57.1149139404297
85.0 303.066284179688
85.1 67.5892028808594
85.7 17.7448825836182
86.0 410.604217529297
86.0 592.844909667969
86.9 209.955642700195
87.0 2539.19970703125
88.0 6560.35595703125
89.0 23438.578125
89.9 55.9923095703125
90.0 2642.02465820313
91.0 221.655242919922
91.1 317.092742919922
91.8 14.1051044464111
92.0 94.136833190918
92.9 17.1992568969727
93.1 17.8823909759521
93.2 10.5649728775024
93.9 19.5156345367432
94.0 16.5956745147705
94.2 30.630729675293
94.3 9.85376262664795
94.7 5.54164171218872
94.8 0.0399742126464844
95.0 71.1262893676758
95.6 12.1898422241211
96.0 30.1303482055664
96.1 76.7955780029297
96.2 5.49817943572998
96.9 97.2534484863281
97.1 4.00830841064453
97.5 6.96773195266724
97.6 8.9529972076416
97.8 66.1744766235352
97.9 102.374961853027
98.0 231.404388427734
98.2 24.1484832763672
98.9 87.3617401123047
99.0 341.683532714844
99.8 92.5164031982422
99.9 126.524803161621
100.0 329.802215576172
100.1 38.823657989502
100.2 32.6380157470703
101.0 6589.591796875
102.0 14547.24609375
103.0 5213.30322265625
103.8 9.6275110244751
103.9 141.204528808594
104.0 439.388305664063
104.2 75.6177520751953
104.9 97.0014190673828
105.1 32.7003364562988
105.9 34.6773376464844
106.1 25.3858661651611
106.3 16.879919052124
106.6 17.1299152374268
106.7 21.9424991607666
106.8 46.796085357666
106.9 2.30447006225586
107.1 11.8437442779541
107.2 29.5927753448486
107.6 18.9776973724365
107.7 5.65351581573486
107.8 10.9669246673584
108.0 70.1947860717773
108.1 23.3007278442383
109.0 682.888610839844
109.9 42.4766616821289
110.1 123.652404785156
110.2 31.9118194580078
110.7 16.2104034423828
110.8 116.964263916016
111.0 10.7070617675781
111.2 1.60458660125732
111.4 23.6701507568359
111.5 8.46566867828369
111.8 18.6318378448486
111.9 14.914740562439
112.0 65.9094924926758
112.1 84.9795761108398
113.0 872.199951171875
113.0 3572.42846679688
114.1 12514.5908203125
115.0 122813.015625
116.0 48436.05859375
117.0 2501.24194335938
117.1 2734.88842773438
117.9 158.494552612305
118.0 304.840057373047
118.1 77.9773788452148
118.8 77.9642944335938
119.0 104.643127441406
119.9 19.9750709533691
120.2 58.8480072021484
120.5 27.633092880249
120.7 57.6132583618164
120.9 70.7365951538086
121.1 0.913997650146484
121.7 20.9670600891113
121.9 23.5923385620117
122.0 8.03371715545654
122.2 29.5424957275391
122.9 115.557586669922
123.0 4.79621887207031
123.9 15.6035938262939
124.3 7.06652641296387
124.9 208.365219116211
125.0 26.0158348083496
126.0 898.921813964844
126.1 802.01123046875
126.9 26.4078254699707
127.0 3977.68237304688
128.0 15614.8291015625
129.0 23599.4921875
130.0 1504.36999511719
130.1 9113.8095703125
131.0 916.805419921875
131.1 310.820037841797
131.7 7.42187833786011
131.9 56.7417221069336
132.0 127.976081848145
132.1 11.2330389022827
133.0 248.543579101563
133.1 29.3616180419922
133.7 4.73169231414795
134.0 122.482154846191
134.8 112.319885253906
135.0 119.036422729492
135.1 126.453002929688
135.7 8.21133995056152
135.8 84.2301788330078
136.0 45.2366943359375
136.1 7.05506896972656
137.0 4544.41015625
138.0 487.134826660156
139.0 890.223571777344
139.9 18.0053119659424
140.0 615.163696289063
140.1 252.766906738281
141.0 1052.94201660156
141.1 338.460571289063
141.7 48.0555686950684
141.9 33.5914688110352
142.0 1919.83825683594
142.1 335.551483154297
143.0 35545.5078125
144.0 108412.0078125
145.0 11267.580078125
146.0 594.392822265625
146.0 524.3115234375
146.9 152.707290649414
147.0 85.1490478515625
147.6 12.9468154907227
147.8 7.8140869140625
147.9 175.500534057617
148.0 277.187866210938
148.1 72.2378921508789
149.0 74.2534637451172
149.2 11.7866125106812
149.6 45.6560668945313
150.0 191.594711303711
150.1 83.8783416748047
150.8 69.1593170166016
151.0 187.136901855469
151.0 114.604621887207
151.3 21.6947174072266
151.9 137.478530883789
152.0 228.584625244141
152.1 33.9897956848145
152.9 78.0443649291992
153.0 360.156005859375
154.0 991.759521484375
154.1 1397.31604003906
154.9 134.608505249023
155.0 1721.08312988281
156.1 3457.42919921875
157.0 6182.4912109375
158.0 3036.6513671875
159.0 1678.51318359375
159.9 180.229690551758
160.0 77.4721832275391
160.8 42.9004745483398
160.9 185.642196655273
161.9 14.6349115371704
162.0 114.02904510498
162.9 215.303375244141
163.0 11.0894031524658
163.6 6.77915143966675
163.7 5.63908672332764
163.8 0.917261123657227
163.9 56.1440467834473
164.1 16.340353012085
164.6 9.65635013580322
164.8 27.8024845123291
165.0 158.174530029297
165.7 15.9119644165039
165.9 58.6742172241211
166.0 138.627792358398
166.1 65.4025802612305
167.0 1254.25415039063
168.0 966.585388183594
168.1 483.418914794922
168.9 185.561569213867
169.0 371.938842773438
169.1 140.938766479492
170.1 5510.28662109375
171.0 1414.68310546875
171.9 84.4457626342773
172.0 145.400405883789
172.1 94.097541809082
172.7 7.27057552337646
172.8 55.2533378601074
173.0 20.0733165740967
173.1 19.6642398834229
173.8 8.23474884033203
174.0 179.216247558594
174.1 124.07576751709
174.8 78.1977386474609
174.9 10.0832710266113
175.0 96.6993637084961
175.8 28.9311084747314
176.0 712.318115234375
176.1 275.272796630859
176.2 12.5258140563965
176.8 32.1415138244629
176.9 209.299301147461
177.1 55.240550994873
178.0 63.4570198059082
178.1 10.475564956665
178.7 11.6349792480469
178.9 26.2657165527344
179.0 74.5109329223633
179.7 15.1549482345581
179.9 64.5617904663086
180.0 179.71467590332
180.2 13.740837097168
180.5 11.4882545471191
180.9 204.388977050781
181.0 70.1641387939453
181.9 32.7322387695313
182.0 570.419921875
182.9 48.794864654541
182.9 67.4228744506836
183.0 278.876251220703
183.1 19.113187789917
184.0 358.459259033203
184.1 1697.94165039063
184.9 276.639587402344
185.0 366.56982421875
185.8 28.1264762878418
185.9 119.141677856445
186.0 99.9107284545898
186.2 28.9956569671631
186.8 25.7987594604492
186.9 146.191390991211
187.0 51.3115501403809
187.8 18.6620788574219
187.9 84.512092590332
188.9 171.192672729492
189.1 90.6786804199219
189.7 10.4147043228149
189.9 27.0179824829102
190.1 44.5368041992188
191.0 263.63427734375
191.8 29.1493549346924
192.1 43.7376251220703
192.7 26.162145614624
192.9 154.779357910156
193.8 48.5774230957031
193.9 35.8274116516113
194.0 62.9604911804199
194.7 24.8484783172607
194.9 505.312744140625
195.7 7.3051061630249
195.9 45.6890335083008
196.0 207.627792358398
196.1 59.8514404296875
196.9 560.35595703125
197.8 53.5118179321289
197.9 92.3833160400391
198.0 685.663391113281
198.7 29.0060520172119
199.0 267.073547363281
199.1 62.1300773620605
199.6 9.13304328918457
199.9 182.233001708984
200.1 235.593215942383
201.0 521.517272949219
201.7 23.1401138305664
201.9 120.615097045898
202.0 391.282043457031
202.1 128.093444824219
202.7 4.86866521835327
202.8 158.60563659668
202.9 1.04855346679688
203.0 185.650848388672
203.2 22.721321105957
203.9 140.786163330078
204.1 214.973159790039
204.3 7.92310667037964
204.8 0.222415924072266
204.9 111.134674072266
205.0 234.061630249023
205.3 15.1053266525269
205.7 24.4419097900391
205.9 7.89788150787354
206.1 23.113899230957
207.0 331.404663085938
208.0 105.347579956055
208.8 55.1158294677734
208.9 36.486083984375
209.1 19.8977146148682
209.2 20.077766418457
209.3 7.40991067886353
209.8 32.6038208007813
210.0 253.222137451172
210.1 85.7138977050781
211.0 1169.79516601563
212.1 7811.2763671875
213.0 540.897705078125
213.1 854.135192871094
214.0 267.274475097656
214.1 155.372924804688
215.0 2494.62353515625
216.0 588.159423828125
216.9 161.685241699219
217.0 225.278289794922
217.8 39.0596313476563
218.0 20.2250442504883
218.2 15.0486478805542
218.9 640.875244140625
219.7 15.1440963745117
219.8 146.353164672852
219.9 49.0329742431641
220.7 10.9363508224487
220.9 208.440841674805
221.7 7.75941514968872
221.8 22.3229160308838
221.9 63.5069389343262
222.9 88.4913482666016
223.0 103.133125305176
223.2 11.1895513534546
223.4 8.17603588104248
223.6 23.3821868896484
223.7 70.2490081787109
223.9 73.1543731689453
224.0 62.541389465332
224.1 11.1843252182007
224.3 18.8965377807617
224.8 4.33296012878418
224.9 56.0032348632813
225.0 91.8213729858398
225.1 58.6478576660156
225.2 17.8076152801514
225.7 7.42504072189331
225.8 82.9543075561523
226.0 165.123916625977
226.1 58.8448257446289
226.3 19.5274887084961
226.4 28.7278995513916
226.6 32.4713363647461
226.7 65.4954986572266
226.8 36.9357109069824
227.0 182.162963867188
227.1 128.489654541016
227.2 70.0210037231445
227.3 35.3143730163574
227.6 46.4800415039063
227.9 210.45539855957
228.0 135.547790527344
228.2 359.746856689453
228.5 15.9985513687134
228.8 30.0116844177246
228.9 40.4231109619141
229.0 632.102722167969
229.2 328.604583740234
230.1 1934.34069824219
230.1 2043.353515625
230.7 51.8078536987305
231.1 4035.70849609375
232.1 460237.96875
233.1 77522.3515625
234.1 2785.53759765625
234.1 4663.0263671875
235.0 82.940185546875
235.1 605.691040039063
235.9 31.4222373962402
236.0 45.8049240112305
237.0 1019.8681640625
237.8 69.3046722412109
237.9 386.105010986328
238.9 240.392822265625
239.0 10.3529205322266
239.9 168.192779541016
240.1 161.131423950195
240.3 16.1702136993408
240.9 185.734481811523
241.1 262.588256835938
241.9 44.3281860351563
242.0 217.476974487305
242.1 58.0196647644043
242.8 38.1538009643555
243.0 121.403709411621
243.1 33.5446701049805
243.7 6.98660850524902
243.9 14.5466117858887
244.0 93.9757080078125
244.2 23.1801910400391
244.3 8.6910572052002
244.4 8.99165916442871
244.7 5.96945095062256
244.8 15.1262264251709
245.0 61.5867767333984
245.1 13.4637203216553
246.1 29.8948192596436
246.7 6.41369485855103
246.9 5.25491046905518
247.9 7.03982210159302
248.1 7.97127294540405
248.9 46.1856269836426
249.0 55.2019653320313
250.2 10.3877611160278
250.8 42.960262298584
251.0 71.3233108520508
251.2 8.29384708404541
252.0 10.3078470230103
252.7 15.9634380340576
252.9 73.7096252441406
253.0 129.127197265625
253.1 6.96999359130859
253.3 7.45218849182129
253.6 9.42032337188721
254.0 151.234848022461
254.1 178.090408325195
254.8 34.573917388916
254.9 155.116058349609
255.8 7.91880416870117
256.0 116.163146972656
256.1 113.86743927002
256.2 15.1421241760254
256.9 150.826873779297
257.0 107.361839294434
257.2 20.2670745849609
257.8 64.8878860473633
258.0 75.2247695922852
258.1 40.841552734375
258.6 18.7377529144287
258.8 11.8757915496826
259.0 15.2518539428711
259.1 38.4768333435059
259.9 15.2239990234375
261.0 2.98380255699158
262.9 2.74805784225464
264.9 23.1021499633789
265.9 7.68449783325195
266.1 6.43832397460938
266.9 22.5317764282227
267.0 13.0521936416626
267.2 6.39189720153809
267.9 3.09015583992004
268.1 36.5057334899902
268.7 14.3641319274902
269.0 137.078643798828
269.1 47.3963813781738
269.9 116.872528076172
270.0 101.694122314453
270.1 22.4787578582764
270.9 124.493057250977
271.0 63.0463943481445
271.8 11.462215423584
272.0 75.6774826049805
272.0 88.3512725830078
272.2 14.3865489959717
272.9 42.0588455200195
273.0 145.742156982422
273.1 22.6389312744141
273.8 27.2408332824707
274.0 51.9022216796875
274.7 13.2899532318115
274.8 7.00666809082031
274.9 137.904144287109
275.8 28.4603500366211
276.7 13.7644729614258
276.9 113.11873626709
277.0 48.9270668029785
277.9 12.3055057525635
278.8 128.695602416992
279.2 8.20116233825684
279.7 7.35628271102905
279.8 21.4420375823975
280.0 30.0302982330322
280.2 8.42735195159912
281.0 131.264663696289
282.0 69.5787048339844
282.2 28.0505123138428
282.8 33.2508659362793
282.9 18.0301780700684
283.1 15.1902360916138
283.9 29.0718441009521
284.0 14.0192794799805
284.1 119.412651062012
284.2 15.6848411560059
284.9 24.4095153808594
285.1 411.253601074219
285.8 13.4109220504761
285.9 50.9467926025391
286.0 63.9122695922852
286.2 125.428977966309
286.3 13.0329618453979
286.8 27.9063835144043
286.9 20.3006629943848
287.0 70.3065795898438
287.9 22.1099834442139
288.8 27.4258422851563
288.9 765.444152832031
289.7 14.51198387146
289.8 18.5262641906738
290.0 102.391708374023
290.5 6.37387418746948
290.8 21.8325233459473
290.9 78.8043594360352
291.2 14.540322303772
291.9 24.5700626373291
292.0 17.4913158416748
292.9 424.458679199219
293.7 9.16297149658203
294.0 215.454528808594
294.8 158.348251342773
296.0 14.3765068054199
296.1 37.4865684509277
296.8 58.5257263183594
296.9 111.83708190918
297.0 9.51874160766602
297.9 31.3597602844238
298.0 73.9045333862305
298.1 9.26395702362061
298.8 1.34037733078003
298.9 75.0324172973633
299.1 50.0970840454102
299.9 27.6732330322266
300.1 1516.4892578125
300.8 5.40081644058228
300.9 66.7663040161133
301.0 111.105194091797
301.1 179.662139892578
301.2 51.6609687805176
302.7 6.89142656326294
302.9 28.7998695373535
304.0 6.64238500595093
305.0 15.4922666549683
306.9 54.2785720825195
307.0 0.152793884277344
307.2 14.209602355957
308.9 23.4771709442139
309.1 13.7854452133179
309.8 7.90881156921387
309.9 6.87249040603638
310.1 9.38507175445557
310.9 45.9804306030273
311.0 19.1326599121094
312.0 21.0346965789795
317.9 7.81020307540894
318.7 5.8027081489563
322.8 8.11769008636475
328.9 9.08198165893555
331.0 9.86568069458008
331.2 18.3911209106445
332.9 23.945592880249
339.0 14.192608833313
342.0 26.785177230835
342.1 41.0879249572754
344.7 6.78065061569214
345.0 13.0302362442017
345.9 10.5266971588135
346.2 32.3485679626465
346.3 10.3621425628662
347.1 16.2491703033447
348.1 6.98795318603516
348.6 4.07465410232544
348.8 20.462818145752
349.0 38.2387924194336
349.7 6.51769113540649
351.0 7.97051429748535
352.8 8.19223213195801
352.9 4.58473014831543
353.1 15.2704496383667
354.7 9.68724346160889
354.9 6.54411935806274
355.0 6.65974283218384
356.8 7.06351709365845
356.9 8.63893604278564
357.2 13.9933099746704
357.8 7.89807891845703
358.0 79.9713516235352
358.8 6.05825328826904
359.0 45.6920433044434
359.1 49.1197700500488
359.3 41.3052711486816
362.8 6.97980070114136
366.9 26.5412349700928
367.1 23.3779487609863
367.9 9.12340068817139
368.9 4.88169097900391
370.8 20.9466571807861
371.0 8.74841785430908
374.1 221.051254272461
374.2 197.621932983398
374.3 9.14381980895996
374.5 6.51405668258667
375.0 160.4208984375
375.1 444.381378173828
375.2 145.895889282227
375.8 6.6463475227356
376.0 75.054069519043
376.2 67.0622711181641
376.3 12.8104133605957
377.2 8.13776874542236
401.0 6.95068407058716
