#"+EI Scan (rt: 1.653-1.711 min, 11 scans) R3M3.D  Subtract "
#Point,X(Thompsons),Y(Counts)
40.1 67.7132873535156
41.1 4547.2099609375
42.1 362.450164794922
43.1 3318.18896484375
44.0 155.674926757813
45.0 41.4831390380859
46.0 57.6809463500977
46.8 53.5754127502441
46.9 135.483184814453
49.8 41.999927520752
50.1 35.568229675293
51.0 82.2018737792969
52.0 260.278900146484
53.0 218.428894042969
53.1 771.916931152344
53.8 30.2789878845215
54.0 163.406539916992
55.0 2070.13549804688
56.1 714.472045898438
57.1 781.4482421875
58.0 170.099060058594
59.0 840.8935546875
60.0 94.193603515625
60.8 67.8064804077148
61.9 104.617240905762
62.9 50.5942306518555
63.0 140.386810302734
64.0 190.382858276367
65.0 883.421752929688
65.8 48.6822166442871
66.0 188.140579223633
66.1 54.6823539733887
67.0 1842.31298828125
67.9 262.871551513672
68.1 27.3802185058594
69.1 2331.3505859375
69.9 47.7379379272461
70.1 97.1977691650391
71.1 695.428344726563
71.9 0.663810729980469
72.0 316.99267578125
73.0 849.349609375
73.9 79.4506378173828
74.1 104.910186767578
75.0 324.126953125
76.0 274.687713623047
76.1 0.786041259765625
77.0 2986.185546875
78.0 1145.4892578125
79.0 1950.57495117188
79.9 141.238616943359
80.0 330.219696044922
81.0 2227.732421875
82.0 232.582702636719
82.1 240.602325439453
83.0 81.6309814453125
83.1 604.877502441406
84.1 427.354248046875
85.1 521.15185546875
86.0 126.261856079102
86.9 35.206901550293
87.6 18.0918064117432
87.9 47.4715270996094
89.1 665.082702636719
89.8 30.9232177734375
90.0 582.193420410156
91.0 3778.51123046875
91.8 9.50973701477051
92.0 635.04541015625
93.0 1775.52099609375
93.9 144.765869140625
94.2 200.780471801758
95.0 1325.71337890625
95.8 68.2188720703125
96.0 27.5382995605469
96.1 318.459808349609
97.0 277.5966796875
97.1 192.532348632813
97.9 71.1161422729492
98.1 136.882431030273
98.9 195.299758911133
99.0 165.124664306641
100.2 97.8903503417969
100.3 100.660064697266
100.6 92.409782409668
100.9 121.238563537598
101.9 49.2345428466797
102.0 336.257019042969
103.0 970.536987304688
103.8 58.6304779052734
104.0 342.670806884766
105.0 946.602172851563
105.1 998.273132324219
105.9 121.35831451416
106.0 273.271759033203
106.1 132.581008911133
107.1 2269.85083007813
107.9 200.94841003418
108.1 343.439636230469
109.0 1211.43920898438
110.0 171.24169921875
110.1 117.46501159668
111.0 319.479461669922
111.8 68.0488815307617
112.0 101.62092590332
112.2 61.3207626342773
113.0 144.421478271484
113.1 10.5448913574219
113.8 129.07600402832
114.2 208.534042358398
115.0 2977.28881835938
116.0 610.9130859375
116.1 234.682067871094
117.0 1257.89123535156
117.9 219.944717407227
118.0 92.0178070068359
119.1 1761.10473632813
119.8 173.32145690918
120.0 385.154602050781
120.2 42.1298370361328
121.1 1367.45422363281
122.0 622.765869140625
122.1 142.120056152344
122.8 61.1419525146484
123.0 1184.08422851563
123.8 39.7257690429688
123.9 371.398101806641
124.1 164.753036499023
124.2 20.4242172241211
125.0 488.615844726563
125.9 97.2752075195313
126.1 161.189666748047
127.0 1488.2578125
127.9 41.2306518554688
128.0 2728.34008789063
129.0 2048.55078125
130.0 570.162658691406
130.9 251.557983398438
131.0 1069.021484375
131.8 7.20393371582031
132.0 215.226623535156
132.1 114.610618591309
133.0 1082.50256347656
133.8 40.3207626342773
134.1 347.467468261719
134.2 10.0912284851074
135.0 1098.48718261719
136.0 889.22998046875
137.0 3055.4453125
138.0 371.495727539063
139.0 368.709838867188
140.0 247.910354614258
141.0 2029.79370117188
142.0 888.689147949219
143.0 904.435607910156
143.9 90.9159240722656
144.0 518.713317871094
145.0 1192.955078125
146.0 230.832794189453
146.1 330.468719482422
146.9 226.307525634766
147.0 1451.59191894531
147.8 10.2199516296387
148.0 234.964569091797
148.1 266.322906494141
148.8 133.588806152344
149.0 499.317810058594
149.9 27.0855751037598
150.0 261.447814941406
150.2 21.3754005432129
151.0 610.26513671875
151.9 58.7947998046875
152.0 1069.04016113281
153.0 1173.4482421875
154.0 344.503173828125
154.1 255.978042602539
155.0 1087.97729492188
155.9 184.688415527344
156.1 126.767280578613
157.0 1191.33325195313
158.0 274.028747558594
158.1 179.199737548828
159.0 1664.3232421875
160.0 1025.49951171875
161.0 1635.38195800781
161.8 99.825813293457
161.9 36.3992958068848
162.0 378.811309814453
162.8 134.049041748047
162.9 287.886779785156
163.9 31.5706024169922
164.0 118.588172912598
164.2 22.8872547149658
165.0 583.830932617188
165.1 742.126403808594
165.8 41.014892578125
165.9 109.918869018555
166.1 390.756195068359
166.9 42.3593368530273
167.0 495.381042480469
167.7 20.2010860443115
168.0 393.259704589844
169.0 1155.64343261719
169.7 25.1106758117676
169.9 29.1224060058594
170.0 365.08642578125
170.2 18.632719039917
171.0 1178.56066894531
172.0 444.951416015625
173.0 1632.55578613281
174.0 3383.90356445313
175.0 2163.12255859375
176.0 511.435821533203
176.1 303.835784912109
176.7 7.83261680603027
177.0 491.534759521484
177.7 19.7309322357178
178.0 603.060791015625
178.8 76.1022033691406
179.0 332.997833251953
180.0 128.184143066406
180.1 148.473266601563
180.9 396.447357177734
181.0 348.951049804688
182.0 601.353088378906
182.1 44.6524276733398
183.0 894.658264160156
183.1 135.938385009766
183.9 97.566650390625
184.0 446.060577392578
185.0 688.692016601563
185.7 24.9633808135986
186.0 501.439636230469
187.0 2902.96020507813
188.0 386.927703857422
188.0 669.691162109375
188.9 375.845123291016
189.1 367.159332275391
189.9 83.3531265258789
190.0 178.834671020508
190.2 30.726993560791
191.0 807.695739746094
191.5 18.7007122039795
191.7 63.5655899047852
191.9 63.9592132568359
192.1 9.87761688232422
193.0 2983.263671875
193.9 409.191345214844
194.0 143.103057861328
195.0 301.415893554688
195.8 46.9637870788574
196.0 75.2945251464844
196.1 217.872894287109
197.0 1558.16821289063
198.0 397.404174804688
198.1 223.904525756836
199.0 2045.00866699219
200.0 965.455505371094
200.9 58.5283203125
201.0 1937.17529296875
202.0 855.6357421875
202.7 7.18336296081543
202.9 23.9119567871094
203.0 189.422912597656
203.2 82.8921203613281
203.8 31.5230407714844
203.9 200.654800415039
204.1 8.75467681884766
204.9 191.05224609375
205.1 161.898498535156
205.9 8.45826530456543
206.0 51.9327239990234
207.0 456.320281982422
208.0 252.03010559082
208.9 27.6081237792969
209.1 59.2873840332031
209.3 35.4284858703613
209.9 92.5913009643555
210.0 184.653228759766
210.2 11.9213047027588
211.0 734.09033203125
212.0 504.275146484375
213.0 1218.56665039063
214.0 849.113098144531
215.0 2470.9287109375
216.0 640.288879394531
217.0 3775.45532226563
217.9 206.310821533203
218.0 248.238372802734
218.9 867.481262207031
219.9 293.259490966797
221.0 1132.02734375
221.9 100.675262451172
222.1 95.4207611083984
222.6 27.4338684082031
222.8 121.090698242188
223.8 19.6744232177734
224.1 182.939361572266
224.9 43.2758636474609
225.0 276.983123779297
225.9 84.0611724853516
226.1 122.992347717285
226.3 33.3677406311035
226.8 93.2030715942383
227.1 758.397888183594
228.0 331.208801269531
228.1 243.006332397461
228.2 57.4292259216309
228.9 63.2998046875
229.0 830.978942871094
230.0 497.743560791016
230.2 115.382514953613
231.1 18223.947265625
232.1 3268.1943359375
233.0 1572.01416015625
234.0 427.362548828125
235.0 119.076782226563
236.0 117.006721496582
237.0 1005.78515625
239.0 48.8835983276367
239.8 19.5865936279297
240.9 620.811706542969
242.1 864.050415039063
243.1 6991.60205078125
244.1 1781.86633300781
244.9 14.4851455688477
245.0 299.781829833984
245.1 657.206970214844
246.0 313.094116210938
246.1 494.504577636719
247.0 82.5688018798828
247.3 26.3128986358643
248.1 69.285270690918
249.0 186.154602050781
250.0 21.9006767272949
252.2 15.1386165618896
252.5 16.4054641723633
252.8 87.5434799194336
253.8 32.0845413208008
254.8 30.2615776062012
255.1 496.253540039063
255.9 12.1788415908813
256.0 365.288513183594
256.1 103.13313293457
257.1 2458.42553710938
258.1 2763.03344726563
258.1 2151.59399414063
258.7 17.2037658691406
259.0 339.652313232422
259.1 957.74658203125
260.0 89.2041778564453
260.1 36.3117752075195
260.4 48.0228729248047
261.0 120.271949768066
262.9 12.2920513153076
264.1 14.5053672790527
265.1 49.6509666442871
266.1 16.8136882781982
266.9 145.096572875977
267.4 54.5446929931641
267.9 50.2500991821289
268.1 469.505126953125
268.3 32.567626953125
269.0 48.3014526367188
269.1 138.085311889648
269.6 39.0191497802734
270.0 261.775573730469
270.2 135.794891357422
271.2 10864.3349609375
272.1 1903.90356445313
272.2 870.375915527344
273.1 476.212036132813
273.9 133.025085449219
274.1 31.5093154907227
274.9 511.219635009766
276.1 22.8148155212402
277.0 115.854026794434
277.1 102.084251403809
277.8 18.6529426574707
278.6 6.41659545898438
279.1 53.0107727050781
279.2 18.7396602630615
280.0 33.566764831543
280.1 25.1544189453125
281.1 250.189727783203
281.9 41.5665588378906
283.1 432.495666503906
283.2 194.375869750977
283.9 81.2551879882813
284.1 189.144180297852
285.1 991.054565429688
286.1 282.575805664063
286.2 407.758453369141
287.0 106.21524810791
287.1 98.9732360839844
287.2 38.9987640380859
287.9 78.1474761962891
288.0 41.1838912963867
289.0 203.812438964844
289.8 81.7368621826172
290.0 27.8338012695313
290.8 25.9089374542236
290.9 407.983276367188
291.8 39.6666870117188
292.0 13.2549839019775
293.0 276.782470703125
293.8 106.67756652832
294.0 221.533599853516
294.2 27.997241973877
294.8 71.1808013916016
295.0 625.136901855469
295.3 17.6096324920654
295.5 15.947265625
295.8 18.3076610565186
296.0 277.858367919922
296.4 39.3479537963867
297.0 801.273681640625
298.1 338.497314453125
299.2 19841.111328125
300.2 4440.19873046875
301.0 163.558288574219
301.2 404.372375488281
301.2 110.610275268555
301.9 17.7762126922607
302.7 12.4454746246338
302.9 0.339744567871094
303.0 112.907722473145
304.9 76.2263870239258
305.0 38.1495742797852
307.0 88.5783920288086
307.1 56.0992889404297
307.8 40.3970108032227
308.0 11.9616746902466
308.2 36.0010528564453
309.2 40.2165412902832
310.4 16.6158485412598
310.8 7.2984790802002
310.9 72.9785614013672
311.5 16.5746746063232
312.0 131.280090332031
313.1 103.932312011719
313.2 510.911743164063
314.2 15081.6982421875
315.2 2795.76684570313
315.2 532.147338867188
316.1 399.819244384766
316.3 55.3013038635254
317.1 86.5850830078125
317.2 19.1486682891846
318.8 44.0146026611328
319.0 6.88242721557617
319.2 21.43288230896
323.2 2.11161994934082
326.9 114.589004516602
327.2 12.8123159408569
330.8 27.0495834350586
333.1 59.3347511291504
334.7 70.9347610473633
336.8 15.9295682907104
339.0 29.9893074035645
344.7 18.4300804138184
344.9 49.0825653076172
346.0 21.1216087341309
348.7 43.064037322998
348.9 72.2851104736328
349.1 0.570785522460938
349.8 69.1245956420898
350.0 11.4086112976074
350.9 65.1991119384766
351.0 17.4429359436035
352.7 28.6244945526123
352.8 0.824794769287109
353.8 20.6388473510742
355.0 7.80458545684814
358.9 31.2734813690186
362.7 14.2083616256714
364.0 23.7189388275146
366.9 16.4019889831543
367.2 21.4860916137695
371.8 31.2478694915771
372.1 18.7678241729736
401.1 28.7617778778076
402.9 15.32399559021
404.9 17.6971950531006
415.1 24.1728591918945
465.0 14.8545618057251
