#"+EI Scan (rt: 1.647-1.711 min, 12 scans) R1M3.D  Subtract "
#Point,X(Thompsons),Y(Counts)
40.1 192.012176513672
41.1 4581.5537109375
42.1 412.8291015625
43.1 3835.05517578125
44.0 54.7498779296875
44.9 74.6723327636719
46.0 15.4665689468384
46.3 21.6903667449951
47.0 13.0514984130859
49.8 44.8787460327148
50.0 2.44682312011719
50.9 185.191970825195
51.0 130.881896972656
52.0 198.302734375
53.0 1066.53149414063
53.2 100.705558776855
54.0 123.37720489502
54.1 7.27424621582031
55.1 2543.638671875
56.0 466.345458984375
57.1 1323.95336914063
57.9 6.30455780029297
58.1 247.973419189453
59.0 575.294921875
60.1 1.27045822143555
61.0 139.297729492188
61.8 96.1673812866211
62.0 20.7630462646484
63.0 294.2978515625
63.9 87.8873901367188
64.0 27.0515441894531
64.2 13.5432548522949
65.0 998.231140136719
65.9 209.661224365234
66.0 106.435333251953
67.1 2526.10668945313
68.0 286.987426757813
68.1 17.1302795410156
69.1 2527.9384765625
70.1 511.506103515625
70.2 78.0615768432617
71.1 826.635559082031
72.1 156.779983520508
73.0 598.044921875
74.0 152.373779296875
75.0 493.143646240234
76.0 318.509216308594
77.0 3637.904296875
78.0 858.900390625
79.0 2252.28369140625
79.9 130.844619750977
80.0 386.041778564453
81.0 2248.04150390625
81.9 353.745819091797
82.1 188.972229003906
83.0 1114.19763183594
84.0 42.4552955627441
84.1 187.475982666016
85.0 617.7607421875
85.7 19.6017589569092
86.1 87.0248870849609
86.2 16.0952453613281
86.8 30.5657405853271
87.8 59.7294235229492
88.0 108.12850189209
89.0 190.939483642578
89.1 304.097900390625
89.9 17.7573623657227
90.0 158.529693603516
90.2 69.7420883178711
91.0 4237.37548828125
92.0 401.394104003906
92.1 252.216125488281
93.0 928.162841796875
93.1 586.615417480469
93.9 125.106910705566
94.1 199.100601196289
94.3 60.4267997741699
95.0 1688.72143554688
95.2 85.6210403442383
96.0 371.875244140625
97.1 531.548583984375
98.0 22.7985076904297
98.1 99.3721313476563
98.9 380.417083740234
99.3 75.8273468017578
99.7 7.03269863128662
100.0 87.9815368652344
100.2 136.674789428711
100.4 42.8716621398926
100.7 91.4662170410156
100.8 25.1955051422119
101.0 55.6865081787109
102.0 65.0183410644531
102.1 393.178100585938
102.9 853.227905273438
103.0 166.908355712891
103.8 27.694953918457
104.0 324.106842041016
104.9 20.0379486083984
105.0 2212.51123046875
105.9 107.425682067871
106.0 283.457641601563
106.2 147.973083496094
107.0 2066.62939453125
107.1 445.493316650391
107.8 44.3698616027832
107.9 235.535736083984
108.1 331.561584472656
109.0 1287.724609375
109.8 111.922874450684
110.1 409.194519042969
111.0 208.1318359375
112.1 373.942321777344
113.0 292.433959960938
113.6 48.9444160461426
113.8 51.8432731628418
113.9 34.8120574951172
114.2 100.486968994141
115.0 3395.2998046875
115.7 26.8661403656006
115.9 190.66064453125
116.0 750.275390625
117.0 1376.357421875
117.9 88.8012390136719
118.0 299.950958251953
118.8 82.5121078491211
119.0 473.813018798828
119.1 1210.20764160156
120.1 683.270751953125
120.8 65.3954238891602
121.0 515.45849609375
121.1 974.844482421875
121.8 76.8809814453125
122.0 191.952911376953
122.1 629.665710449219
123.0 1817.49072265625
124.0 596.884704589844
124.1 10.9014205932617
124.7 62.9974174499512
125.0 867.918579101563
125.2 50.5659217834473
125.9 162.326721191406
126.0 40.4709320068359
126.1 14.3996429443359
127.0 1473.08996582031
128.0 2758.7099609375
129.0 2114.43530273438
130.0 550.66650390625
130.1 5.18037414550781
131.0 1842.94140625
131.9 378.974334716797
132.0 135.100601196289
133.0 1443.21423339844
133.8 15.1691284179688
134.0 289.619934082031
134.1 190.47575378418
135.0 1044.59057617188
135.9 356.398773193359
136.1 211.733093261719
137.0 3373.044921875
138.0 361.895263671875
139.0 573.531494140625
139.8 120.153259277344
139.9 58.4267425537109
140.0 13.6519317626953
141.0 2967.29956054688
141.7 52.9489898681641
142.0 870.716003417969
143.0 574.873168945313
143.1 522.727722167969
144.0 717.389282226563
144.1 79.4855880737305
145.1 1406.14489746094
145.8 24.9059677124023
145.9 245.345993041992
146.1 209.109390258789
147.0 1837.8857421875
147.1 207.093627929688
147.8 2.85401916503906
148.0 207.948211669922
148.1 368.909820556641
148.9 74.8117370605469
149.0 451.517120361328
149.2 33.1592674255371
150.0 305.563446044922
150.1 99.3486938476563
151.0 426.353881835938
151.9 11.0900497436523
152.0 1018.26232910156
153.0 1488.12548828125
154.0 840.975646972656
155.0 1541.7734375
155.9 14.398323059082
156.0 438.684204101563
157.0 2123.42065429688
157.9 157.144088745117
158.0 450.687133789063
159.0 1823.740234375
160.0 1056.35021972656
161.0 1709.58508300781
162.0 460.318786621094
162.1 94.0368423461914
162.9 870.69873046875
163.9 31.1063957214355
164.0 145.511505126953
165.0 1683.263671875
166.0 309.927429199219
166.1 371.866241455078
167.0 1498.61779785156
167.7 22.2439212799072
168.0 326.936553955078
168.1 79.0743865966797
169.1 989.706176757813
170.1 375.677398681641
171.0 1376.59802246094
171.1 138.414047241211
171.7 19.8437576293945
171.9 128.545989990234
172.1 354.87841796875
173.0 2160.576171875
173.9 96.4437713623047
174.0 3638.08471679688
175.0 280.300354003906
175.0 2084.53393554688
176.0 704.589599609375
176.2 48.7577247619629
176.9 206.195266723633
177.0 312.400085449219
178.0 483.823455810547
178.9 40.9654846191406
179.0 380.820922851563
179.9 39.9419250488281
180.0 132.933319091797
181.0 933.785766601563
181.9 321.339874267578
182.0 133.094192504883
183.0 1080.96252441406
183.3 36.9140739440918
183.8 56.2064819335938
184.0 294.632446289063
184.1 129.958999633789
184.2 32.7172546386719
185.0 1216.1865234375
185.1 274.098999023438
186.0 517.960815429688
186.1 3.53751373291016
187.0 2782.54223632813
188.0 843.001831054688
188.2 163.322525024414
188.9 154.284271240234
189.1 538.664367675781
190.0 497.189514160156
190.1 42.532585144043
190.9 41.52783203125
191.0 543.908203125
192.0 188.356048583984
192.2 82.6982269287109
193.1 3515.04321289063
194.1 552.373901367188
195.0 1566.16821289063
196.0 89.6802062988281
196.1 333.996368408203
197.0 1019.09484863281
198.0 619.910522460938
199.0 1629.80944824219
200.0 1129.60192871094
201.0 2275.39233398438
202.1 721.660339355469
202.9 117.689781188965
203.0 185.59130859375
203.1 169.189224243164
204.0 80.2118988037109
204.2 63.807071685791
205.0 250.991195678711
205.8 22.7461967468262
206.0 110.365821838379
207.0 641.540893554688
208.0 123.314239501953
208.1 129.501434326172
209.0 127.58837890625
209.1 192.91096496582
210.0 15.7017669677734
210.1 270.713439941406
211.0 1128.96923828125
212.0 118.269348144531
213.0 543.578308105469
213.0 988.5224609375
214.0 890.538452148438
214.1 21.8722229003906
215.0 2610.197265625
216.0 810.328369140625
217.0 1509.49365234375
217.7 5.5436897277832
217.9 89.2521667480469
218.0 407.069488525391
218.9 386.52392578125
219.9 344.717651367188
221.0 955.43359375
221.2 157.107925415039
221.8 46.3447074890137
221.9 23.5090141296387
222.2 153.410537719727
222.8 80.3622512817383
224.0 35.0296783447266
224.1 168.900405883789
225.0 328.266174316406
225.9 38.7911758422852
226.1 390.592742919922
227.0 383.540649414063
227.1 335.676330566406
227.9 230.598526000977
228.1 326.613952636719
228.9 165.665603637695
229.0 929.03125
230.0 383.851287841797
230.1 192.411209106445
231.1 20164.34765625
232.0 403.492218017578
232.1 3307.23120117188
233.0 1333.96875
234.0 414.429321289063
235.1 175.646545410156
235.8 42.0082778930664
237.0 343.892578125
239.7 30.7218933105469
240.1 139.317810058594
240.9 100.138488769531
241.0 341.973449707031
242.0 97.5931015014648
242.1 855.766540527344
243.1 8143.05712890625
244.0 911.244445800781
244.1 989.192260742188
245.1 1633.6123046875
245.8 13.7574224472046
246.1 750.785095214844
246.2 152.978439331055
246.8 77.8204727172852
247.1 256.229370117188
247.9 32.9897117614746
248.0 15.2112283706665
248.7 12.9549360275269
249.1 19.8287792205811
250.7 41.5714111328125
251.0 45.8468170166016
252.8 42.5987434387207
253.1 36.6191635131836
253.3 20.0555171966553
253.9 71.7303161621094
254.0 22.840690612793
254.3 32.6510848999023
255.0 58.6701507568359
255.1 326.015258789063
256.0 129.772506713867
256.1 307.184967041016
256.9 136.375106811523
257.1 2353.76904296875
258.1 5401.30517578125
259.0 30.0957260131836
259.1 989.126770019531
259.2 241.200439453125
260.0 168.193161010742
260.2 61.1772155761719
260.5 15.1898183822632
260.9 97.9849243164063
261.7 13.7281866073608
262.7 7.25558280944824
263.1 59.3469123840332
264.8 43.6001014709473
265.0 26.1009979248047
266.6 20.6084403991699
267.2 64.3054656982422
268.1 245.135101318359
268.2 231.795486450195
269.0 277.82666015625
269.1 209.119155883789
270.1 383.459777832031
271.1 12457.18359375
272.1 3026.84375
273.0 1284.90100097656
274.1 36.5893135070801
274.9 258.681762695313
275.8 36.415641784668
276.1 15.5964241027832
277.1 103.764152526855
277.6 17.2477607727051
278.0 108.34423828125
279.9 96.0219802856445
281.0 255.93994140625
281.1 43.7627029418945
281.3 19.8658866882324
281.7 30.3765048980713
281.8 70.5451889038086
282.2 100.410461425781
282.3 18.4067935943604
282.7 3.7081413269043
283.0 265.055358886719
283.2 341.800750732422
283.3 79.9070739746094
283.9 16.6753883361816
284.0 128.6005859375
284.1 187.244583129883
285.1 1326.53442382813
286.0 173.924667358398
286.1 182.714340209961
286.2 414.138275146484
286.9 30.5290374755859
287.1 45.6036682128906
289.0 248.8544921875
289.9 390.526428222656
290.9 184.880462646484
291.9 81.0230331420898
293.0 306.030883789063
293.9 111.553680419922
294.9 82.6351318359375
295.0 902.904174804688
295.7 28.6558055877686
295.8 16.5006942749023
297.2 243.7626953125
297.8 32.1920394897461
297.9 103.65958404541
298.2 308.744750976563
299.2 21586.951171875
300.1 105.267852783203
300.2 4499.79833984375
301.0 118.782531738281
301.1 462.3916015625
302.9 67.6914520263672
304.0 27.4756755828857
305.0 53.104808807373
305.1 29.97705078125
306.7 29.9806289672852
306.8 29.2835388183594
307.1 23.8465423583984
307.9 42.5590438842773
308.1 22.5828647613525
308.8 17.5807247161865
309.0 41.7559356689453
311.0 87.666259765625
311.2 10.5429878234863
311.9 68.2997512817383
313.0 113.254791259766
313.1 396.012054443359
313.3 37.3837242126465
314.2 15605.2734375
315.2 3977.0400390625
316.2 517.625610351563
317.1 26.0564270019531
318.7 15.2243223190308
321.0 20.5351181030273
322.8 2.75502872467041
324.9 4.10282897949219
326.3 12.9893808364868
326.9 58.9504547119141
327.6 29.6997528076172
328.1 32.2019500732422
328.8 19.9453182220459
330.1 16.0231704711914
331.0 69.8489074707031
332.9 15.7521438598633
334.9 11.2595634460449
337.1 24.3790454864502
340.8 16.4003524780273
343.2 20.4809627532959
344.7 17.1904830932617
345.2 17.7755069732666
346.9 14.235276222229
347.9 20.5819816589355
348.9 5.14344787597656
349.0 63.3690910339355
349.9 32.5626335144043
350.8 5.36227703094482
351.1 28.7547473907471
352.9 119.03946685791
354.9 50.1259155273438
358.8 13.3536100387573
361.0 14.2255392074585
362.8 5.77273464202881
366.9 39.9976577758789
368.9 43.0900573730469
372.9 14.3654184341431
375.2 12.7942495346069
381.0 15.3992910385132
386.9 3.1686429977417
387.0 17.8598175048828
391.0 16.8548488616943
398.1 14.1515579223633
400.9 59.3901443481445
401.1 38.7099723815918
407.3 14.9854593276978
408.8 32.6949462890625
409.0 45.7487411499023
413.2 13.377384185791
464.8 13.827205657959
