#"+EI Scan (rt: 1.647-1.705 min, 11 scans) R10M3.D  Subtract "
#Point,X(Thompsons),Y(Counts)
40.1 144.978546142578
41.1 3794.3798828125
42.1 598.458984375
43.1 2881.0478515625
44.9 48.5894927978516
46.8 13.1692066192627
47.1 22.3995666503906
48.9 5.79140090942383
49.1 17.2940692901611
49.8 24.135082244873
50.0 81.2189636230469
51.0 271.770660400391
52.0 128.471038818359
53.0 566.652221679688
53.1 357.623779296875
54.1 155.789337158203
55.0 1871.68920898438
56.0 489.2822265625
57.1 436.8359375
57.9 26.4946670532227
58.0 55.4733581542969
58.2 71.4177703857422
59.0 1303.234375
59.9 30.9330215454102
60.0 80.8741760253906
60.9 101.559196472168
61.0 22.4936370849609
61.8 7.33006381988525
62.1 72.6899795532227
62.8 32.4868621826172
63.0 145.435623168945
63.9 234.447204589844
64.2 15.17165184021
65.0 927.562805175781
66.1 316.733093261719
67.1 1816.88159179688
67.8 58.6339378356934
68.0 97.2959594726563
68.1 31.6820526123047
69.0 1910.45056152344
70.1 513.06591796875
71.1 558.347717285156
71.9 56.8674087524414
72.2 88.2465896606445
73.0 534.444580078125
73.8 17.4683418273926
73.9 333.373870849609
75.0 1.77197265625
76.0 159.245666503906
76.1 94.4513549804688
77.0 2521.9931640625
78.0 827.64306640625
79.0 1481.93896484375
79.9 39.1647071838379
80.0 273.402893066406
81.0 1413.2900390625
81.9 152.036560058594
82.0 120.057998657227
83.0 665.356811523438
84.0 16.0640716552734
84.1 205.047760009766
85.1 1191.04077148438
85.8 86.4546203613281
86.0 15.6973266601563
86.1 63.2224578857422
86.8 32.9410133361816
86.9 13.83740234375
87.9 8.52058410644531
88.0 18.4306030273438
88.9 115.55736541748
89.0 287.942016601563
89.9 11.7999496459961
90.0 53.1069641113281
90.9 158.452362060547
91.0 3139.79418945313
91.9 119.30256652832
92.1 419.159851074219
92.2 25.1639747619629
93.0 1056.16821289063
93.8 28.6201934814453
94.0 159.450012207031
94.1 197.052734375
94.9 274.452606201172
95.1 754.928283691406
96.1 276.145141601563
97.0 131.601119995117
97.1 218.807968139648
97.9 90.7500381469727
98.2 58.3904724121094
98.8 53.2491989135742
99.1 367.536865234375
99.9 62.5032844543457
100.3 68.4527206420898
100.5 36.9536819458008
100.7 11.0422992706299
101.1 70.9337692260742
101.2 73.2266693115234
101.7 44.7154808044434
101.9 124.535873413086
102.0 62.602855682373
102.2 48.302375793457
103.0 905.719970703125
103.9 70.3356552124023
104.0 176.134414672852
104.9 31.902099609375
105.1 1587.51574707031
105.9 183.256729125977
106.0 227.845474243164
106.2 105.905975341797
107.0 1800.05834960938
108.0 256.694030761719
108.1 227.274200439453
109.0 568.65966796875
110.1 108.043106079102
110.9 221.393463134766
111.0 106.828002929688
111.8 33.0015830993652
111.9 79.5899658203125
113.0 64.1686706542969
113.1 114.691284179688
113.7 20.3742733001709
113.8 49.9183387756348
114.3 112.854049682617
115.0 2575.37622070313
116.0 511.118774414063
116.1 297.207977294922
117.0 197.624877929688
117.1 804.542602539063
117.9 101.699714660645
118.1 211.494201660156
119.1 1382.56457519531
120.0 363.865783691406
120.2 118.99072265625
121.1 1193.21459960938
121.7 23.9341316223145
122.0 337.630950927734
122.1 187.39421081543
122.9 150.6064453125
123.0 677.486267089844
123.9 115.15697479248
124.0 205.073181152344
124.2 75.1787567138672
124.8 41.4281768798828
124.9 316.178344726563
126.1 183.866333007813
127.0 430.887603759766
127.0 726.289794921875
128.0 1958.96948242188
129.0 1369.1103515625
129.8 142.531280517578
130.0 299.419219970703
130.8 26.8195114135742
131.0 896.715026855469
131.1 77.0436859130859
131.9 249.659225463867
132.1 116.253395080566
133.0 625.082946777344
133.8 23.4633274078369
134.0 342.237365722656
134.1 4.64684295654297
134.4 33.8283500671387
135.0 689.352172851563
136.0 473.976013183594
137.0 2583.09765625
137.9 221.437927246094
138.0 158.447021484375
138.9 104.715324401855
139.0 82.9692993164063
139.9 3.72621917724609
140.0 198.682205200195
141.0 1156.32653808594
142.0 595.768981933594
142.1 24.233585357666
142.8 9.84175109863281
143.0 479.017761230469
143.1 37.5298767089844
143.9 177.008880615234
144.0 417.134460449219
145.0 1081.34411621094
146.1 314.116394042969
147.0 1591.80395507813
147.8 128.456283569336
148.1 306.241424560547
149.0 355.651275634766
149.8 59.9518547058105
150.0 168.284271240234
150.2 47.2700042724609
151.0 448.655456542969
152.0 942.65673828125
153.0 911.314147949219
154.0 423.231567382813
154.2 49.4047241210938
155.0 965.223510742188
156.0 357.870574951172
157.0 925.548583984375
158.0 131.777542114258
158.0 411.443115234375
159.0 1216.0166015625
159.9 587.019653320313
160.0 260.794952392578
161.0 1737.29064941406
162.0 312.958435058594
162.1 104.092636108398
163.0 529.382019042969
163.9 196.823577880859
164.1 54.7000122070313
164.7 86.7102737426758
165.0 945.099853515625
166.0 365.780029296875
167.0 909.852844238281
167.9 174.064880371094
168.0 164.458755493164
168.9 139.936828613281
169.0 468.298583984375
169.9 134.908218383789
170.1 229.698623657227
170.2 28.3152084350586
170.9 88.6503295898438
171.1 436.506225585938
171.7 44.5925788879395
171.9 45.3902435302734
172.0 134.853515625
172.2 63.3890495300293
173.0 840.625671386719
173.1 562.079772949219
174.0 2632.54663085938
174.9 1.65425491333008
175.0 1606.66296386719
175.9 147.277679443359
176.0 476.378356933594
176.9 516.910583496094
177.9 129.037109375
178.0 474.361450195313
178.7 84.6249694824219
178.9 102.169609069824
179.1 282.326751708984
180.0 154.822296142578
181.0 561.799072265625
181.9 316.0380859375
182.0 94.9571990966797
183.1 869.803771972656
184.0 256.063812255859
184.1 87.3636703491211
185.0 917.196594238281
185.8 5.63339233398438
186.0 388.33984375
186.9 20.6177368164063
187.0 1823.12243652344
187.9 122.266342163086
188.1 669.694458007813
189.0 659.354431152344
189.9 152.496734619141
190.0 79.523078918457
190.1 127.361541748047
191.0 316.507385253906
191.1 43.7728729248047
192.0 136.880432128906
192.2 42.5226745605469
193.1 1929.31591796875
194.0 534.195983886719
194.2 54.7128944396973
194.8 107.551139831543
195.0 370.775665283203
196.0 352.432556152344
197.0 498.918823242188
198.0 260.456146240234
199.0 1751.59912109375
200.0 281.964569091797
200.1 485.960327148438
201.0 2155.40771484375
202.0 35.7257232666016
202.1 484.826843261719
202.3 31.8549251556396
202.9 218.734771728516
203.0 20.7157897949219
204.0 53.9325180053711
204.5 15.1965084075928
204.9 137.080047607422
205.1 38.3107223510742
206.0 0.172126770019531
206.2 59.8910369873047
207.0 496.663391113281
208.1 219.118225097656
208.9 144.553436279297
209.1 54.2200622558594
209.9 14.2898368835449
210.0 81.7294006347656
210.2 51.0585594177246
211.0 798.02978515625
212.0 403.150451660156
213.0 1139.28002929688
214.0 736.673583984375
215.0 2090.6904296875
216.0 480.7958984375
217.0 1374.81994628906
218.0 239.381561279297
218.9 519.181884765625
220.0 269.855072021484
220.9 119.989288330078
221.0 207.072692871094
221.2 80.7807235717773
221.9 57.5608825683594
222.0 70.7517471313477
222.9 15.7818298339844
224.0 65.5862197875977
224.1 67.1030349731445
224.6 14.0812959671021
224.9 182.066284179688
225.1 14.4465484619141
225.8 97.4410858154297
226.1 89.9290618896484
226.2 113.441955566406
227.1 229.686767578125
227.2 295.908721923828
227.5 28.7066211700439
227.7 17.7761821746826
228.0 180.780258178711
228.1 298.653259277344
228.4 24.1783466339111
228.9 97.9075241088867
229.0 447.792663574219
229.2 128.970840454102
230.0 334.401489257813
230.1 209.099639892578
231.1 14102.9228515625
232.0 110.025382995605
232.1 2509.7958984375
233.0 978.11181640625
234.0 464.497680664063
235.0 97.1629943847656
235.7 15.0130681991577
236.1 38.729564666748
237.0 636.439453125
237.9 1111.548828125
238.8 67.9376068115234
238.9 112.906066894531
239.9 183.614318847656
241.0 212.396423339844
241.1 121.679206848145
241.9 33.7421722412109
242.0 527.544250488281
242.2 64.631217956543
243.1 5326.7626953125
244.0 42.0361137390137
244.1 1280.85473632813
245.1 1223.93957519531
245.9 92.3661422729492
246.1 505.172180175781
246.3 18.846700668335
246.8 9.70645904541016
247.0 145.189315795898
247.2 59.0697135925293
249.9 18.4635848999023
250.8 61.6351585388184
251.3 13.9868869781494
252.7 14.0649909973145
253.0 96.2287292480469
253.3 16.8575286865234
254.1 25.9359474182129
254.2 3.31227397918701
255.0 465.261901855469
255.2 29.9759635925293
256.1 351.27001953125
257.0 184.74543762207
257.1 1614.60693359375
258.1 353.772644042969
258.2 3166.86401367188
258.9 21.1889533996582
259.0 29.8979110717773
259.1 932.647766113281
259.9 18.4666290283203
260.0 28.4713325500488
260.1 107.798362731934
261.1 10.8902397155762
262.6 14.0583200454712
262.9 53.7078742980957
263.0 1.77260208129883
264.5 21.0696792602539
264.7 31.5535507202148
266.7 25.5371150970459
267.1 145.566299438477
268.0 105.052337646484
268.1 210.948181152344
268.8 78.0213165283203
268.9 24.9174041748047
269.0 73.2310791015625
269.2 55.8860206604004
269.9 61.5822219848633
270.0 47.6689987182617
270.2 265.737670898438
271.1 9117.28125
272.1 2089.12133789063
273.0 718.5
273.2 101.11661529541
273.9 46.9244422912598
274.1 43.850643157959
274.7 70.6435470581055
274.8 396.442993164063
275.1 82.422492980957
275.7 16.5756092071533
275.9 147.055786132813
276.8 13.4834289550781
277.0 79.9668579101563
277.8 14.1096258163452
277.9 70.509521484375
278.8 2.20515441894531
278.9 71.3009643554688
279.1 10.5530033111572
280.0 25.3421764373779
280.2 19.7723178863525
281.0 98.8985290527344
281.1 268.422973632813
281.3 21.1098709106445
281.7 14.9377288818359
281.9 39.5161972045898
282.1 47.5949020385742
282.9 59.2928771972656
283.0 71.9326782226563
283.1 160.947174072266
283.2 169.193710327148
284.2 116.405632019043
284.3 40.8707504272461
285.1 803.930603027344
285.9 35.5826416015625
286.1 384.151580810547
286.2 122.618339538574
287.1 96.8140182495117
289.0 325.571533203125
290.0 277.991302490234
290.1 28.4384536743164
290.7 20.5079879760742
291.0 218.533264160156
292.1 16.3248100280762
293.0 325.33935546875
293.8 108.96321105957
295.0 497.304229736328
295.8 64.0255584716797
296.0 37.0729675292969
296.8 119.282516479492
297.2 565.752075195313
297.8 34.7841949462891
298.1 291.580444335938
298.2 57.2903060913086
299.2 15831.201171875
300.0 37.95947265625
300.2 3697.73657226563
300.3 43.1301918029785
301.0 115.227416992188
301.1 365.841522216797
302.0 21.3689765930176
302.9 41.5476379394531
303.1 25.9105529785156
303.9 13.9251613616943
304.9 20.0084762573242
305.1 29.4119853973389
306.9 38.245677947998
307.0 38.3323745727539
307.9 21.859525680542
308.0 15.1699819564819
309.0 17.9728488922119
310.8 42.694507598877
311.8 15.8055334091187
311.9 54.1879196166992
313.0 34.7068977355957
313.1 401.724731445313
314.2 12318.357421875
315.1 1321.8291015625
315.2 1428.84765625
315.9 22.114538192749
316.1 43.0875854492188
316.3 325.980224609375
317.0 22.9361019134521
317.3 14.5442199707031
318.7 14.9139823913574
318.9 15.1088628768921
322.9 24.797046661377
325.0 33.6625022888184
326.8 14.0663909912109
327.1 55.1749687194824
330.7 49.729663848877
330.8 10.9491519927979
331.0 63.1895599365234
332.9 22.1717414855957
333.1 21.3444709777832
339.1 15.3667840957642
344.9 62.4291343688965
345.9 14.6566648483276
348.9 171.705322265625
349.9 52.4834442138672
350.9 8.6993522644043
351.2 17.5473251342773
352.7 36.2841415405273
354.0 4.69561862945557
355.0 9.86693286895752
359.0 15.0158815383911
359.3 17.0689907073975
365.0 27.7344417572021
366.8 32.6206588745117
367.2 30.6765022277832
370.7 21.7120819091797
370.8 17.4770088195801
381.0 13.7060823440552
387.0 16.1426563262939
394.9 15.0166358947754
401.1 14.2244997024536
404.8 16.5579395294189
412.9 19.209285736084
