#"+EI Scan (rt: 2.358-2.422 min, 12 scans) R5M3.D  Subtract "
#Point,X(Thompsons),Y(Counts)
40.1 275.845550537109
41.1 14311.27734375
42.0 1731.77282714844
43.0 1279.69921875
43.1 1217.78381347656
44.0 612.503173828125
45.0 402.153503417969
46.0 81.2290954589844
46.1 92.3448486328125
47.0 913.010864257813
47.1 595.648620605469
47.9 26.0730304718018
48.9 14.7438125610352
49.0 38.5802154541016
50.0 197.654846191406
50.1 254.720932006836
50.9 222.305236816406
51.0 702.326538085938
51.9 36.2727203369141
52.0 401.043792724609
53.1 1211.92639160156
53.9 166.778594970703
54.1 284.075286865234
55.1 2697.58715820313
56.1 1132.60339355469
57.1 15169.384765625
58.0 434.750366210938
58.1 397.230773925781
59.0 6987.92578125
60.0 585.751770019531
61.0 1328.12524414063
61.1 54.5245208740234
61.9 424.665161132813
62.0 322.529571533203
62.7 40.3758697509766
63.0 878.322631835938
63.1 89.1116409301758
64.0 580.846618652344
65.0 499.12158203125
65.1 137.484512329102
65.9 93.9721908569336
66.1 248.627883911133
67.0 1343.90246582031
67.9 144.063507080078
68.1 841.196228027344
69.1 6732.16650390625
70.1 2290.57983398438
71.1 579.141845703125
71.8 11.7803592681885
72.0 52.8981742858887
72.1 99.6222305297852
73.0 3021.5908203125
74.0 402.660400390625
74.1 209.448638916016
75.0 1117.07922363281
76.0 1422.93884277344
76.1 1384.77490234375
77.0 5257.8974609375
78.0 1637.181640625
79.0 134.449523925781
79.1 146.928802490234
79.8 17.9645538330078
79.9 14.2112655639648
80.1 66.0667953491211
81.0 582.59716796875
82.0 332.4541015625
82.1 382.307159423828
83.0 2370.01953125
84.0 798.173706054688
84.1 523.915283203125
85.0 131.500915527344
85.1 1364.93896484375
86.0 1090.49194335938
87.0 1074.56018066406
88.0 6396.94482421875
89.0 4852.68359375
90.0 9741.6552734375
90.9 30.6812133789063
91.0 1636.68029785156
91.9 118.337265014648
92.0 403.914978027344
92.8 43.2222023010254
92.9 173.650024414063
93.6 13.9991683959961
93.9 68.3565826416016
94.0 67.8273391723633
95.0 75.5547485351563
95.1 257.143371582031
95.7 31.3091373443604
95.9 111.469108581543
96.0 258.034606933594
96.2 61.4929962158203
97.0 392.496398925781
97.7 55.4542198181152
97.8 135.627182006836
98.1 80.0478973388672
98.6 29.8419418334961
98.9 170.539001464844
99.1 86.8157958984375
99.2 54.9845199584961
99.8 29.4941902160645
100.0 165.806213378906
100.1 94.6636199951172
101.0 998.861999511719
102.0 6742.328125
103.0 21290.919921875
104.0 6176.95361328125
105.0 604.144592285156
105.1 312.162719726563
106.0 179.116485595703
106.4 45.3895263671875
106.8 117.305969238281
107.0 84.8339080810547
107.9 2.01211547851563
108.0 75.3063812255859
108.1 37.8197174072266
109.0 364.62646484375
109.9 40.4825744628906
110.0 20.1144027709961
111.0 56.6650085449219
111.2 103.125442504883
111.9 11.2879915237427
112.1 885.986206054688
113.1 468.247528076172
113.6 109.415260314941
113.9 387.628753662109
114.0 611.05419921875
114.8 82.8050384521484
115.0 558.979858398438
115.1 300.252746582031
116.0 1818.0302734375
116.2 41.6424522399902
117.0 5769.69384765625
118.0 2564.6591796875
119.0 304.660522460938
119.1 232.934631347656
119.8 29.0461578369141
119.9 4.50718307495117
120.1 92.921745300293
120.3 129.473098754883
120.6 34.6377105712891
120.9 255.770294189453
121.0 151.395401000977
121.8 21.8381385803223
122.0 82.0416717529297
122.2 80.5712738037109
122.9 183.976257324219
123.7 67.897705078125
123.9 47.9064598083496
124.1 20.4531688690186
124.2 21.0067501068115
124.9 175.542053222656
124.9 94.9377136230469
125.9 107.117195129395
126.1 35.3079109191895
127.0 388.865386962891
127.1 325.101531982422
128.0 1127.84594726563
129.0 4678.28857421875
129.0 5370.1328125
130.1 9917.90234375
131.0 52433.05859375
132.0 5621.99560546875
132.1 267.823089599609
133.0 111.588073730469
133.1 604.717407226563
133.9 107.561820983887
134.1 29.5360488891602
134.2 27.2769203186035
134.4 30.0061550140381
134.9 11.5966186523438
135.0 269.889923095703
135.8 26.1440696716309
135.9 73.6014556884766
136.1 111.131744384766
137.0 4936.314453125
138.0 254.3408203125
139.0 247.229431152344
140.0 199.641204833984
140.1 155.825744628906
140.9 369.320861816406
141.0 83.0845947265625
141.7 19.5474147796631
141.9 380.764923095703
142.0 404.544311523438
143.0 3013.06372070313
144.1 7871.451171875
145.0 55364.65625
146.0 5748.36474609375
147.0 522.530700683594
147.1 93.1697311401367
148.0 101.105941772461
148.1 401.740112304688
149.0 42.0992584228516
149.1 348.475036621094
149.2 102.782752990723
150.0 127.179718017578
150.1 57.7832946777344
151.0 448.413391113281
151.6 14.1467943191528
151.9 59.7260284423828
152.0 5.27909851074219
152.2 5.07102870941162
153.0 436.524688720703
153.8 37.0427284240723
154.0 336.892639160156
155.0 2010.56713867188
156.0 1845.70263671875
157.0 4594.380859375
158.0 3746.6416015625
159.0 2434.27734375
160.0 304.163757324219
160.1 129.064834594727
160.9 89.3088836669922
161.0 379.698516845703
161.8 36.6342430114746
162.0 79.2717742919922
162.8 350.853729248047
163.7 8.26457023620605
163.9 63.2772674560547
163.9 65.5686187744141
164.9 142.339050292969
165.0 81.0639495849609
165.2 26.2041149139404
165.7 39.3894233703613
165.9 32.0151557922363
166.0 23.8684024810791
166.9 89.9081420898438
167.1 299.222229003906
167.7 1.28333377838135
168.0 670.864624023438
168.1 3.00397682189941
169.0 982.787841796875
169.1 11.693395614624
170.0 830.684448242188
170.1 112.266235351563
171.0 8125.9853515625
171.9 177.323455810547
172.0 1451.89306640625
172.9 187.483856201172
173.0 411.474060058594
173.9 272.730804443359
174.0 1634.48022460938
174.7 14.7555627822876
174.9 312.418090820313
175.0 474.143890380859
175.2 18.7536392211914
175.9 98.1677474975586
176.0 272.973510742188
176.1 86.1203842163086
176.7 3.49278831481934
177.0 591.207092285156
178.0 22.9063491821289
178.0 106.301147460938
178.2 41.8345832824707
178.8 83.7452239990234
178.9 36.5163955688477
179.0 61.1674995422363
179.9 131.958679199219
180.7 36.1833572387695
181.0 315.393829345703
181.7 26.4235019683838
181.9 56.3189926147461
182.0 119.944839477539
182.1 60.1078643798828
182.8 43.7812652587891
183.0 207.945770263672
183.1 253.054611206055
183.9 229.948364257813
184.1 440.630859375
184.9 3.671142578125
185.0 1773.57702636719
186.1 2835.55346679688
187.0 223.233825683594
187.1 389.765014648438
187.9 74.9892730712891
188.0 61.2758979797363
188.1 108.059646606445
188.8 86.6197662353516
189.0 161.199478149414
189.1 49.6109848022461
189.9 57.1304512023926
190.0 70.4595031738281
190.7 22.0440845489502
190.9 291.597808837891
191.7 73.4125747680664
192.0 0.426132202148438
192.1 30.0239925384521
192.8 79.9519958496094
193.8 94.2600555419922
193.9 24.8194580078125
194.1 5.94766616821289
195.0 488.493316650391
196.0 199.72216796875
196.1 45.0247497558594
196.9 585.064208984375
197.9 229.743927001953
198.1 55.6677131652832
198.8 315.272583007813
199.0 49.9871826171875
199.9 97.543342590332
200.1 888.964599609375
201.0 2977.21875
202.0 514.0986328125
202.1 71.8930969238281
203.0 1326.71215820313
203.1 60.1608200073242
203.8 8.66827392578125
203.9 198.40087890625
204.0 81.3046340942383
205.0 392.945373535156
206.1 1134.6044921875
206.2 168.870391845703
207.0 416.637512207031
207.8 110.897308349609
208.1 68.6333770751953
208.9 85.4110870361328
209.1 59.3913421630859
209.8 27.7681159973145
209.9 64.3045272827148
211.0 833.17578125
212.0 902.103149414063
212.2 155.403198242188
213.1 5200.02392578125
214.1 2575.68286132813
215.0 2255.49609375
216.0 310.584503173828
217.0 641.793701171875
217.9 243.308151245117
219.0 728.159423828125
219.8 174.338760375977
220.7 52.0811500549316
220.9 143.494293212891
221.8 30.7621021270752
222.0 29.6806030273438
222.9 280.089599609375
223.1 53.6007080078125
223.7 59.4736442565918
224.0 177.155654907227
224.9 0.0882110595703125
225.1 100.604553222656
225.6 22.4973087310791
226.1 596.10693359375
227.0 70.150634765625
227.1 212.342620849609
228.0 262.245025634766
228.1 233.675094604492
228.8 42.0094223022461
229.0 246.234191894531
229.1 104.1201171875
230.0 282.768981933594
230.1 126.034713745117
231.0 1253.91845703125
231.1 804.916687011719
232.1 1096.62231445313
233.1 189757.359375
234.1 31762.13671875
235.0 2946.08251953125
236.1 206.576095581055
237.0 1481.1748046875
238.0 218.974609375
239.0 286.193237304688
239.8 28.1473712921143
239.9 157.117218017578
240.0 22.8303680419922
240.9 51.9931640625
241.0 211.580581665039
241.9 298.585327148438
242.0 35.6539344787598
242.2 20.1461963653564
242.7 15.4894132614136
242.9 2.65031433105469
243.1 104.928024291992
243.3 44.2062530517578
243.7 22.6385326385498
243.9 106.087257385254
244.0 127.000038146973
244.1 31.7224712371826
244.2 14.7178688049316
245.0 266.467895507813
245.1 20.9207229614258
246.1 16582.0390625
247.1 2925.39697265625
247.9 149.709182739258
248.1 285.820617675781
249.0 125.649002075195
249.1 46.6530952453613
250.0 102.806632995605
250.1 165.292572021484
250.7 14.8069610595703
251.0 41.312198638916
251.1 28.8156242370605
251.8 27.1486930847168
251.9 49.9639778137207
252.0 11.0790510177612
252.1 9.98676681518555
252.8 61.9481887817383
253.0 54.3946151733398
253.2 10.4972448348999
254.0 59.531192779541
254.1 21.4647693634033
254.7 25.9092502593994
254.9 136.462890625
255.0 16.3739204406738
255.9 9.37497711181641
256.1 14.6422071456909
256.8 109.846374511719
257.0 20.0272750854492
257.9 65.0950012207031
258.0 149.421829223633
258.2 44.2587089538574
258.6 35.1176795959473
258.9 89.7276611328125
259.1 51.3492774963379
259.2 17.2037868499756
259.8 25.5507259368896
259.9 64.7256698608398
260.1 161.884536743164
260.2 46.7330322265625
260.3 23.3758487701416
261.0 182.333099365234
261.1 285.352416992188
262.1 906.077697753906
262.9 57.8713264465332
263.1 153.894424438477
263.2 14.1390790939331
263.6 16.521505355835
264.0 9.76773738861084
264.1 19.799108505249
264.8 20.2805595397949
264.9 14.1965751647949
265.0 356.863464355469
265.2 20.9412479400635
265.8 32.760196685791
266.0 26.9081935882568
266.2 13.2770299911499
267.0 48.6753196716309
267.3 19.4402389526367
267.9 130.994705200195
268.1 58.8593826293945
268.3 23.1901721954346
269.0 917.520141601563
269.2 27.0633316040039
270.1 4004.30078125
271.0 921.385192871094
272.0 234.086547851563
272.1 482.159118652344
272.9 285.917419433594
273.0 81.6096496582031
273.9 21.2212219238281
274.0 193.398010253906
274.3 18.949613571167
274.9 134.493621826172
275.0 132.850051879883
275.9 87.6150131225586
276.1 69.8572616577148
276.8 15.7396545410156
277.0 66.9740295410156
278.0 527.973266601563
278.1 370.044097900391
278.7 10.1014442443848
278.9 140.077896118164
279.0 41.5238952636719
279.9 43.5138320922852
280.0 17.2439498901367
280.7 50.5921211242676
281.0 103.752426147461
281.9 18.8013687133789
282.1 116.054885864258
282.8 10.346607208252
283.0 57.1615219116211
283.1 65.0657653808594
284.1 12.149284362793
285.0 161.586517333984
285.2 79.7774353027344
286.0 106.450668334961
286.1 168.851516723633
286.3 20.4713115692139
286.6 40.2813377380371
287.0 50.2340393066406
287.1 74.21484375
287.9 12.9950218200684
288.1 181.495742797852
289.1 31431.361328125
290.1 5804.22216796875
291.0 344.639221191406
291.1 386.368408203125
291.9 118.169509887695
293.0 442.147552490234
293.8 60.2204971313477
295.0 286.984832763672
295.8 2.93378925323486
295.9 51.6421127319336
296.8 230.571090698242
296.9 15.830192565918
298.1 264.110809326172
298.1 69.768310546875
298.7 12.0322427749634
299.0 119.235855102539
299.9 8.30856800079346
300.1 113.139305114746
300.2 22.3836879730225
300.8 41.4059677124023
301.0 175.715484619141
301.2 191.256790161133
301.3 18.5123195648193
302.1 1382.45947265625
302.9 4.30002212524414
303.1 784.925170898438
303.2 270.925109863281
304.1 230.997085571289
304.2 31.5293617248535
304.9 16.5520172119141
304.9 39.8905143737793
305.9 8.94228935241699
306.9 43.5903396606445
308.1 15.2853240966797
308.2 17.9787044525146
309.9 12.6980819702148
310.2 14.6732416152954
310.8 18.2402191162109
311.0 151.185913085938
311.1 41.6695365905762
311.9 19.9272155761719
312.8 12.7600584030151
314.7 65.5273361206055
314.8 15.3928871154785
315.0 22.1943893432617
315.8 12.5709075927734
315.9 41.333568572998
316.1 138.415679931641
316.2 78.8668899536133
316.9 12.8564958572388
317.1 32.1188468933105
317.2 171.582458496094
318.2 19625.427734375
319.1 198.501937866211
319.2 3937.2724609375
320.1 480.861206054688
320.1 1271.49914550781
321.1 35666.37109375
322.1 6811.806640625
323.0 3.81892704963684
323.1 747.14794921875
323.2 45.0153923034668
323.9 63.3257751464844
325.0 89.6170883178711
325.1 23.6587982177734
326.0 14.3812456130981
326.1 48.7702445983887
326.9 21.866756439209
327.1 23.0261363983154
328.0 61.981559753418
328.8 25.80348777771
329.0 27.5688056945801
329.2 36.5496597290039
329.9 43.1721153259277
330.0 82.8488540649414
330.1 1165.654296875
330.3 51.0343208312988
330.5 19.3009738922119
331.0 203.116851806641
331.1 91.837287902832
332.4 20.3800144195557
332.9 9.38521575927734
333.0 27.5555839538574
333.9 53.185115814209
334.1 82.6155395507813
334.2 44.5908622741699
334.5 22.2453556060791
334.7 2.03644180297852
334.8 18.1439304351807
335.0 4.18391036987305
335.1 36.9645881652832
335.7 10.4264430999756
336.8 15.7171392440796
341.1 13.6310529708862
341.8 22.2302875518799
342.1 16.829870223999
344.0 30.5163497924805
344.2 30.060302734375
344.8 42.9621200561523
345.0 68.0453948974609
345.1 91.5957336425781
346.1 228.715698242188
346.9 35.0412292480469
347.0 51.9849853515625
347.2 39.7018051147461
348.0 33.259952545166
348.1 86.8327102661133
348.3 15.3812208175659
348.9 85.854866027832
349.0 37.4671630859375
349.8 65.7295455932617
349.9 13.7417345046997
350.0 26.0637950897217
350.7 2.86865520477295
350.8 69.9764938354492
351.0 2.31041574478149
352.6 17.7101364135742
352.9 83.9343109130859
357.0 50.6519088745117
357.3 53.8493232727051
357.4 14.7551488876343
358.0 14.5547065734863
358.2 14.9133787155151
358.8 19.7098789215088
359.1 31.5793361663818
359.3 49.8887329101563
359.9 39.8834915161133
362.0 54.9384346008301
362.1 805.685546875
362.2 303.892547607422
362.9 36.985782623291
363.0 150.598861694336
363.1 57.924243927002
364.6 12.972357749939
366.9 54.8211631774902
370.0 17.4506092071533
370.6 12.6405305862427
374.8 14.6682691574097
376.2 27.3802490234375
377.1 116.464866638184
377.2 2095.10180664063
378.1 335.450469970703
378.2 316.613433837891
378.9 30.67258644104
379.1 32.5500755310059
379.2 55.7141456604004
469.1 19.1307735443115
