#"+EI Scan (rt: 3.459-3.523 min, 12 scans) R9M3.D  Subtract "
#Point,X(Thompsons),Y(Counts)
40.1 282.262023925781
41.1 7885.65478515625
42.1 727.512939453125
42.2 64.0817337036133
43.1 13087.1142578125
44.0 384.014343261719
44.8 18.3696575164795
45.0 15.0308227539063
45.2 31.3225479125977
45.9 14.7828025817871
47.0 102.61051940918
48.9 77.2341232299805
49.0 33.4090690612793
49.1 12.5314016342163
50.1 773.88330078125
50.9 291.07763671875
51.0 969.10595703125
52.0 479.675354003906
53.0 635.1640625
53.8 7.07720184326172
54.0 184.678466796875
54.1 75.4706344604492
55.0 2163.91162109375
56.1 417.246673583984
57.1 652.213989257813
57.9 52.08642578125
58.0 58.9656219482422
59.0 1241.12255859375
60.0 165.647888183594
60.9 92.3327484130859
61.0 45.4567184448242
61.1 18.2059307098389
62.0 1512.53540039063
63.0 4637.95703125
63.8 23.3602466583252
64.0 582.885437011719
64.0 470.371917724609
65.0 994.376159667969
65.1 416.446166992188
66.0 282.697875976563
67.0 213.992950439453
67.2 34.2100219726563
68.0 72.7162628173828
68.1 48.7938499450684
69.0 570.426330566406
70.0 186.045471191406
70.3 35.9179954528809
70.9 103.447357177734
71.1 262.570404052734
71.8 6.82076835632324
71.9 18.9311428070068
72.1 94.6159057617188
73.0 1174.123046875
73.9 166.529403686523
74.0 552.611206054688
75.0 2731.1201171875
76.0 1940.1708984375
76.1 333.915344238281
77.0 3647.37109375
78.0 1831.71337890625
78.9 274.204498291016
79.8 12.7591905593872
79.9 10.0985908508301
80.3 5.10741519927979
81.0 292.111999511719
81.7 33.0991058349609
81.9 18.0166931152344
82.1 97.9225311279297
82.9 184.077392578125
83.4 40.7415351867676
84.0 123.326812744141
84.9 114.377952575684
85.0 91.1380767822266
85.8 13.4453172683716
86.0 321.342468261719
86.1 119.05638885498
86.9 15.2492141723633
87.0 1153.63134765625
87.2 14.6139106750488
88.0 3020.0244140625
89.0 20875.298828125
90.0 4762.9921875
91.0 976.724853515625
91.9 104.333541870117
92.9 27.3644599914551
93.2 33.3122520446777
93.8 52.4650115966797
93.9 40.1754913330078
94.1 28.8190746307373
94.2 49.7880477905273
94.5 55.857837677002
94.6 196.916702270508
94.8 91.3358688354492
94.9 93.368537902832
95.2 72.8928909301758
95.4 99.7914428710938
95.8 96.7261047363281
96.2 25.9992828369141
96.4 22.4355545043945
96.7 9.34838962554932
96.9 39.5334091186523
97.1 60.4021911621094
97.7 24.0957126617432
97.8 71.0516357421875
98.0 161.426879882813
98.9 81.8340682983398
99.0 4599.29931640625
100.0 506.743072509766
100.1 162.605819702148
101.0 5871.91015625
102.0 11344.078125
103.0 4846.48486328125
103.9 346.715728759766
104.1 309.125427246094
104.9 117.348731994629
105.2 46.4126625061035
105.8 33.7449493408203
106.0 5.59328079223633
106.1 24.4706592559814
106.9 108.155700683594
107.4 52.4100646972656
107.5 53.5475616455078
107.7 15.8073043823242
107.8 29.158203125
108.2 20.7168426513672
108.3 33.4580192565918
109.0 1427.82482910156
109.8 21.5477981567383
110.0 247.306427001953
110.1 13.6605033874512
111.0 218.348205566406
111.1 61.2183418273926
111.8 45.0884094238281
111.9 45.8140258789063
112.1 13.4052667617798
112.3 30.1533813476563
112.9 162.525390625
113.1 451.667785644531
114.0 323.302642822266
114.0 3793.86547851563
115.0 12033.640625
116.0 22863.796875
117.0 742.108276367188
117.1 1933.38977050781
117.8 36.7186470031738
117.9 552.085388183594
118.0 37.8246307373047
118.7 33.1351737976074
119.9 13.7333517074585
120.1 42.0535125732422
120.3 43.3912544250488
120.5 175.751937866211
120.6 15.8297863006592
120.8 94.565071105957
121.0 134.161468505859
121.3 30.9387454986572
121.4 23.2711505889893
121.6 35.1188507080078
122.1 34.7927131652832
122.9 6.41261291503906
123.0 159.310424804688
123.1 111.557144165039
123.4 68.9702224731445
123.6 56.1425933837891
123.8 16.3316974639893
124.1 828.884338378906
125.0 39753.71484375
126.0 3854.5732421875
127.0 14443.3466796875
128.0 10737.6669921875
129.0 16408.19921875
130.0 10576.6162109375
131.0 1291.99243164063
131.1 77.537841796875
131.8 4.59465789794922
132.0 237.057922363281
132.2 22.9017772674561
132.9 255.829055786133
133.6 17.6889057159424
133.9 4.68858909606934
134.0 44.9429588317871
134.3 13.0567407608032
134.9 1.02901458740234
135.0 376.44384765625
135.7 44.6539421081543
137.0 3615.5361328125
138.0 1461.86975097656
139.0 1132.55346679688
139.8 15.6774787902832
140.0 508.101257324219
140.1 293.140502929688
141.0 1260.04028320313
142.1 1409.60266113281
143.0 11354.064453125
144.0 64957.96875
145.0 6591.58447265625
145.9 121.657318115234
146.0 157.690780639648
146.1 215.282791137695
146.9 78.3283386230469
147.9 37.7750244140625
148.1 101.780075073242
148.8 16.5804100036621
148.9 127.111503601074
149.0 0.041290283203125
149.1 40.5377388000488
149.7 38.9860572814941
149.9 401.882965087891
150.0 235.542205810547
150.8 39.802547454834
151.0 915.41650390625
152.0 856.429809570313
152.9 101.862693786621
153.0 174.037994384766
153.1 55.4973602294922
154.0 1613.63110351563
155.0 991.44580078125
156.0 979.384216308594
156.1 1008.8291015625
157.0 3064.42846679688
157.9 70.1842041015625
158.0 1660.78198242188
159.0 812.9951171875
159.9 45.3985595703125
160.0 135.693069458008
160.7 37.7566871643066
160.9 8.14776611328125
161.0 102.868103027344
161.1 50.0050086975098
161.8 19.3918323516846
161.9 154.804397583008
162.9 197.385620117188
163.0 220.668701171875
163.8 3.99835109710693
163.9 196.308151245117
164.0 148.588500976563
164.1 19.3865165710449
164.8 9.68464183807373
164.9 200.190704345703
165.0 318.129150390625
165.9 13.2106266021729
166.1 329.233612060547
166.1 98.9475250244141
166.9 166.980758666992
167.1 278.561492919922
168.0 622.416137695313
169.0 215.072219848633
169.1 190.937591552734
170.0 252.606842041016
170.1 2521.40356445313
171.0 831.987243652344
172.0 194.4560546875
172.1 92.2690963745117
172.2 22.4173183441162
172.9 29.1305847167969
173.1 44.1971168518066
173.7 7.39334154129028
173.9 68.7067184448242
174.1 187.350219726563
174.7 51.2079887390137
174.8 123.700469970703
175.0 107.70393371582
175.1 79.5996704101563
176.0 1003.60144042969
176.1 942.220031738281
177.0 298.152130126953
177.1 734.431823730469
177.8 28.541618347168
178.0 1106.74609375
179.0 338.588714599609
179.2 58.3546752929688
179.9 92.9377365112305
180.0 164.867263793945
181.0 136.099029541016
182.0 432.205200195313
182.8 32.4943428039551
182.9 169.032012939453
183.7 5.52814960479736
184.0 1101.6484375
184.1 133.482330322266
185.0 627.515014648438
185.1 117.956428527832
186.0 507.256317138672
186.1 203.287246704102
186.9 42.6646728515625
187.0 293.47802734375
187.1 27.2398414611816
187.9 77.637939453125
188.1 366.208770751953
188.3 24.5976886749268
189.0 1172.70983886719
189.9 284.385681152344
190.1 234.204711914063
190.9 501.658905029297
191.7 3.69056510925293
192.0 225.14338684082
193.0 420.257293701172
194.0 98.133903503418
194.1 45.5659866333008
194.7 30.1755828857422
195.1 361.975341796875
195.7 38.4115829467773
195.8 111.204780578613
196.2 9.52600765228271
196.3 14.7432527542114
196.9 433.018341064453
198.0 258.402465820313
198.1 147.093688964844
198.9 395.638793945313
199.9 54.5876007080078
200.1 302.273864746094
200.9 68.8433532714844
201.0 309.256958007813
202.0 797.174621582031
202.9 77.9183502197266
203.1 1046.99426269531
204.0 2076.6162109375
204.1 1048.33740234375
205.0 857.699890136719
205.1 749.296569824219
205.7 31.9272689819336
206.0 790.636657714844
206.2 73.5195846557617
207.0 361.161743164063
207.1 21.8752746582031
207.9 42.0784912109375
208.0 19.4918098449707
208.3 80.1007995605469
209.0 232.395202636719
209.2 38.0762672424316
209.9 114.372131347656
210.0 305.341857910156
210.1 16.6216201782227
211.0 887.674560546875
211.8 17.4679145812988
212.1 1959.58703613281
212.3 99.1545791625977
213.1 2621.17822265625
214.1 250150.171875
215.1 48430.46875
216.1 6300.3212890625
217.0 2689.2216796875
218.0 1962.63598632813
219.0 987.197509765625
220.0 229.948532104492
221.0 337.547454833984
221.7 7.29951190948486
221.9 87.5935897827148
222.1 9.09643268585205
223.0 273.099975585938
223.6 14.5771570205688
223.7 17.6557006835938
223.9 48.8146896362305
224.9 228.446350097656
225.8 14.6623525619507
225.9 34.1675643920898
226.0 61.8809623718262
226.2 13.0559072494507
226.6 16.0634841918945
226.8 22.6312026977539
227.0 20.7756576538086
227.1 123.007247924805
227.8 29.9283332824707
228.0 116.883926391602
228.1 110.785972595215
228.9 53.4081420898438
229.0 175.80029296875
229.7 5.59881591796875
230.1 839.335815429688
230.9 95.5551452636719
231.1 161.767181396484
232.0 498.124267578125
232.1 478.794036865234
233.0 964.86865234375
234.0 270.942443847656
234.9 121.066162109375
235.0 125.576683044434
235.9 3.99420166015625
236.0 282.633819580078
237.0 1022.6064453125
237.9 148.568969726563
238.0 86.4163131713867
238.7 32.6766395568848
239.0 242.9599609375
239.8 18.0491161346436
239.9 73.9282836914063
240.0 268.983856201172
240.1 49.7342567443848
240.7 25.8213195800781
241.0 330.1591796875
241.6 15.235556602478
242.0 90.9879455566406
242.1 91.8282318115234
242.9 140.161071777344
243.1 26.1556529998779
243.2 24.9712295532227
243.8 32.7999610900879
244.0 52.6275062561035
244.1 101.190338134766
244.7 14.9913558959961
244.9 15.4509773254395
245.0 146.434844970703
246.1 560.212341308594
246.9 46.2795639038086
247.1 214.76953125
247.8 26.7950916290283
248.0 39.7535362243652
248.9 44.2679290771484
249.0 34.700569152832
249.8 35.8527069091797
250.9 18.090461730957
251.0 23.8502330780029
251.1 23.8027000427246
252.0 44.2581024169922
252.2 21.5397472381592
253.1 595.70751953125
253.8 15.692569732666
253.9 15.3749227523804
254.0 294.938018798828
254.2 15.344633102417
254.7 13.6870088577271
255.0 92.1935043334961
255.9 13.4120302200317
256.0 137.573150634766
256.6 25.0750122070313
256.9 78.5746231079102
257.1 8.85941696166992
257.9 41.2460327148438
258.1 10.9721221923828
259.0 118.908226013184
259.9 44.1429328918457
260.1 141.965042114258
260.3 18.7355670928955
260.9 67.2937316894531
262.9 41.055591583252
263.8 48.8128776550293
263.9 41.1295890808105
264.1 17.8960247039795
264.8 52.8420829772949
264.9 14.1805658340454
265.0 18.745792388916
265.9 56.2899017333984
266.0 330.291320800781
266.9 79.9914169311523
267.0 34.732421875
267.7 26.7919921875
267.9 31.1152782440186
268.1 135.129241943359
268.2 16.0751609802246
269.0 85.8823928833008
269.1 14.986930847168
269.9 99.4515533447266
270.0 17.5363254547119
271.0 150.840316772461
271.9 30.1582527160645
272.0 22.0111484527588
272.8 21.7686176300049
273.0 155.159820556641
273.9 127.993461608887
274.1 149.045364379883
274.8 83.8809051513672
275.0 77.1026611328125
275.1 136.669738769531
276.0 174.752395629883
276.1 171.811721801758
276.6 2.41815948486328
276.9 150.641830444336
277.1 55.9207572937012
277.9 49.8174324035645
278.0 11.2495441436768
278.9 94.2490081787109
279.2 2.26693534851074
279.8 14.9023599624634
279.9 16.5593166351318
280.0 30.4198226928711
280.9 105.910842895508
281.0 39.7691802978516
281.1 20.606876373291
282.0 1313.4091796875
282.2 14.743091583252
282.9 158.562652587891
283.1 63.4533538818359
283.8 32.6333503723145
283.9 191.404434204102
284.1 203.686340332031
284.2 48.8263740539551
285.0 348.384521484375
285.8 49.3494338989258
286.8 39.505989074707
287.2 68.1966552734375
288.1 118.989791870117
288.3 46.7509269714355
289.0 187.559997558594
289.9 13.1169586181641
290.1 32.7466239929199
291.0 115.211883544922
292.1 19.7797546386719
292.3 17.1230659484863
292.8 102.112663269043
293.0 486.960205078125
293.9 248.097518920898
294.8 132.152954101563
295.9 28.9852542877197
297.0 222.795654296875
297.9 1.99454116821289
298.1 13.0627412796021
299.0 23.9692230224609
300.1 80.9114303588867
300.2 72.0689392089844
300.9 28.0375671386719
301.0 44.3228034973145
301.1 51.2445182800293
301.2 15.3366460800171
301.3 15.3366537094116
302.0 17.1693859100342
302.8 12.1631298065186
302.9 23.8857440948486
303.1 338.673583984375
304.1 1194.97839355469
304.9 39.8264427185059
305.1 296.739410400391
305.2 32.8896751403809
306.1 22.4606685638428
306.8 22.1512966156006
307.0 18.7346611022949
307.1 73.9138717651367
307.9 13.5493469238281
309.0 6.24397945404053
309.9 24.1198177337646
310.1 43.249813079834
311.0 31.6082572937012
311.1 59.6372146606445
312.0 15.0929365158081
313.2 44.6351737976074
314.7 16.8732070922852
315.0 30.6043357849121
318.9 33.8369636535645
321.0 129.572799682617
321.2 59.1384239196777
321.3 16.3618583679199
322.1 28.8252182006836
322.3 17.3606510162354
323.1 281.594146728516
323.2 222.956100463867
323.9 34.3692169189453
324.1 79.0006637573242
324.4 18.5384330749512
324.9 47.1144676208496
325.1 133.059143066406
328.8 16.8325462341309
330.8 15.0006589889526
332.7 13.4709243774414
335.0 155.981750488281
335.1 111.998031616211
335.9 14.0507926940918
336.1 61.4935913085938
336.3 16.599084854126
338.1 44.5495338439941
338.2 15.1063804626465
339.1 4086.88354492188
340.0 405.18310546875
340.1 521.695373535156
340.9 120.962837219238
341.1 1202.13195800781
341.2 122.986015319824
341.9 51.9055061340332
342.0 93.5898666381836
342.1 195.773071289063
343.0 14.1871490478516
348.9 37.089183807373
349.0 68.3176879882813
349.2 15.5592908859253
350.0 30.7326507568359
351.0 16.2244911193848
352.7 19.2636070251465
352.8 13.5633172988892
353.7 14.503643989563
366.8 9.6200008392334
401.0 15.0404710769653
461.2 13.3766832351685
