#"+EI Scan (rt: 4.153-4.211 min, 11 scans) R4M3.D  Subtract "
#Point,X(Thompsons),Y(Counts)
40.1 875.9658203125
41.1 29315.775390625
42.1 3369.40478515625
43.1 8141.06982421875
44.0 1001.71655273438
44.9 402.121063232422
45.1 254.943954467773
45.8 65.0142364501953
46.1 158.56364440918
47.0 3823.86791992188
47.8 25.9754524230957
48.0 64.7076416015625
48.9 4.39614391326904
49.0 89.4879760742188
50.0 678.872741699219
51.0 1461.74609375
52.0 426.902587890625
52.1 119.292053222656
52.2 66.2906494140625
53.1 2138.76440429688
53.1 48.1972579956055
53.9 26.7054843902588
54.0 694.126586914063
54.1 55.0255584716797
55.1 4104.52490234375
56.1 1333.23986816406
57.1 27074.921875
58.1 1538.52062988281
58.2 45.3801727294922
59.0 9600.80078125
59.9 343.915832519531
60.1 342.361389160156
61.0 274.706207275391
61.1 1212.04418945313
62.0 908.48681640625
63.0 1666.3994140625
63.8 131.977569580078
64.0 225.70329284668
64.1 159.488754272461
64.9 200.326904296875
65.0 810.581848144531
65.1 74.1806793212891
65.9 62.3572540283203
66.1 107.676055908203
67.0 1648.90234375
67.1 275.788391113281
68.1 1391.44775390625
69.1 10849.9541015625
70.0 2068.36791992188
70.9 27.7302169799805
71.1 397.292724609375
71.2 103.679824829102
71.9 19.9845504760742
72.0 92.594482421875
72.1 64.1833572387695
73.0 3422.11572265625
74.0 1004.46008300781
74.9 231.298400878906
75.0 1734.17565917969
76.0 2431.4169921875
77.0 5564.6923828125
78.0 2239.79931640625
79.0 639.868408203125
79.8 41.929370880127
80.0 49.3797454833984
80.1 54.6444435119629
81.0 873.97216796875
82.0 693.692077636719
83.0 3041.83154296875
84.0 152.524444580078
84.1 517.041564941406
85.0 368.635314941406
85.1 152.295288085938
85.9 87.818229675293
86.0 559.952514648438
87.0 1324.82238769531
87.9 74.0634918212891
88.0 3472.51123046875
89.0 11556.06640625
90.0 1886.91784667969
91.0 567.045837402344
91.0 345.702178955078
91.9 155.643463134766
92.1 156.625885009766
92.6 18.9197692871094
92.8 100.415344238281
93.3 39.6234703063965
93.9 21.6453323364258
94.0 40.860107421875
95.0 307.603820800781
95.2 15.3109931945801
95.9 3.12946319580078
96.0 230.909454345703
97.0 428.067749023438
97.1 51.0601501464844
97.9 226.445541381836
98.0 158.274291992188
98.2 44.5950202941895
98.7 35.5756072998047
98.9 411.500885009766
99.0 224.596923828125
99.8 64.1310882568359
100.0 282.007598876953
100.1 194.099822998047
101.0 5373.63916015625
102.0 14664.4228515625
103.0 6835.3408203125
104.0 1106.88427734375
104.2 34.1748504638672
104.8 45.7342834472656
104.9 162.387817382813
105.1 6.94117736816406
105.9 97.4033737182617
106.0 121.919296264648
106.1 99.200439453125
106.7 85.3013229370117
107.0 121.203048706055
107.1 89.2123260498047
107.8 25.1957702636719
107.9 18.4394836425781
108.0 64.5352096557617
109.0 1248.69482421875
109.8 66.5315933227539
110.0 46.504150390625
110.1 56.922191619873
110.9 92.5923767089844
111.2 24.2599411010742
111.9 178.546325683594
112.0 402.849212646484
113.0 1022.84796142578
114.1 6289.04736328125
115.0 19627.140625
116.0 35535.890625
117.0 6129.91259765625
118.0 1987.63317871094
119.0 357.325469970703
119.9 141.918685913086
120.1 39.1399917602539
120.3 59.3559532165527
121.0 29.4973831176758
121.2 77.0127868652344
121.3 59.1972427368164
121.6 22.6569499969482
121.8 56.6727066040039
122.7 9.0249195098877
123.0 167.410797119141
123.7 22.7697715759277
123.9 53.1428451538086
124.9 115.0751953125
125.1 190.78630065918
125.6 24.471809387207
125.7 51.9396209716797
125.9 196.916458129883
126.0 54.8877143859863
126.2 154.266845703125
127.0 1989.29907226563
128.0 17421.5
129.0 31946.263671875
130.0 25673.140625
131.0 4179.134765625
131.9 654.074645996094
132.1 459.799591064453
132.9 225.719787597656
133.0 46.7315063476563
133.2 47.5071792602539
133.8 14.2660865783691
133.9 72.2677764892578
134.1 200.35514831543
134.9 141.21826171875
135.0 166.999603271484
136.0 150.352310180664
136.1 104.000038146973
137.0 6636.912109375
138.0 755.4697265625
139.0 490.083923339844
139.9 556.486999511719
140.1 557.539611816406
141.0 1767.5400390625
142.1 3652.30297851563
143.0 28349.041015625
144.0 107877.328125
145.0 1451.31262207031
145.0 11267.7109375
145.9 129.566711425781
146.0 1113.99987792969
146.2 48.0432968139648
146.8 116.573867797852
146.9 156.948303222656
147.9 197.230087280273
148.0 380.090209960938
148.1 268.769989013672
149.0 325.802062988281
149.8 24.1072635650635
150.3 54.4651031494141
150.5 57.976863861084
150.7 129.011962890625
150.9 155.635177612305
151.1 166.72053527832
151.7 11.460298538208
152.0 269.339752197266
152.1 140.240951538086
153.0 610.48779296875
153.1 190.49772644043
154.0 3175.56884765625
155.0 6519.99267578125
156.0 5903.52587890625
157.0 9213.92578125
158.0 4668.56494140625
159.0 2712.38720703125
160.0 650.506286621094
160.0 57.205078125
160.6 26.8708267211914
160.9 240.519470214844
161.0 72.050407409668
161.8 56.6789665222168
162.0 251.63655090332
163.0 237.976318359375
163.8 39.9409027099609
164.1 94.5535736083984
164.2 21.5366191864014
164.4 40.3734893798828
164.6 49.2068634033203
165.0 193.538314819336
165.0 36.2957229614258
165.2 34.8715667724609
165.8 87.8940734863281
166.0 345.533599853516
166.9 1.65899658203125
167.0 1570.94836425781
168.1 2081.5869140625
169.0 555.127380371094
169.1 1118.72973632813
170.1 8205.3095703125
171.0 3047.35327148438
171.9 324.257141113281
172.1 1106.75048828125
173.1 7177.7490234375
174.0 1638.62768554688
174.1 94.7613220214844
174.9 77.876594543457
175.0 155.887023925781
175.1 175.422409057617
175.9 404.689758300781
176.0 384.536499023438
176.1 40.0806999206543
176.8 11.805248260498
177.1 241.79426574707
177.9 46.8128890991211
178.0 14.2459878921509
178.8 9.13608169555664
178.9 165.932205200195
179.1 76.0802001953125
179.8 46.8331642150879
180.0 502.168975830078
180.9 324.412841796875
181.0 325.035339355469
182.0 1044.4267578125
183.0 764.145629882813
183.1 259.241027832031
184.0 2239.30078125
184.1 1337.19250488281
185.0 2671.80249023438
185.9 155.017807006836
186.0 971.522399902344
186.9 127.517608642578
187.0 280.608825683594
187.9 162.149215698242
188.0 160.170471191406
188.1 17.8278026580811
188.8 19.4803428649902
189.0 178.232803344727
189.9 34.0510139465332
190.1 74.4792175292969
190.9 242.326293945313
191.9 60.0544738769531
192.0 114.859687805176
192.9 548.431213378906
193.9 126.259498596191
194.0 119.108726501465
194.9 117.682189941406
195.1 410.134674072266
195.9 475.806762695313
197.0 646.321533203125
198.0 1166.62817382813
198.1 281.991180419922
199.0 1512.00170898438
199.9 21.2425193786621
200.0 708.102294921875
201.0 421.382507324219
201.9 162.644287109375
202.0 73.8076477050781
202.1 121.537712097168
202.9 378.003082275391
203.0 262.053344726563
204.0 1207.39233398438
204.1 1251.33740234375
205.1 5813.3154296875
205.8 33.5527153015137
206.0 53.0627365112305
206.1 1242.18371582031
206.9 87.1051712036133
207.0 331.286254882813
207.9 336.536407470703
208.3 42.1066436767578
209.0 275.469451904297
209.9 24.367036819458
210.0 743.352172851563
210.1 107.665306091309
211.0 2417.49560546875
212.1 7405.5888671875
213.1 2140.1162109375
214.0 1222.46862792969
214.2 90.5139007568359
215.0 4075.02734375
215.9 222.425735473633
216.0 418.436096191406
217.0 883.597106933594
217.9 75.6538467407227
218.0 156.390502929688
218.2 160.798309326172
218.9 710.431884765625
219.8 77.4008636474609
220.0 177.562728881836
220.9 429.169311523438
221.9 65.047721862793
222.0 66.2995147705078
223.0 269.415283203125
223.1 86.0292510986328
223.7 22.5869693756104
223.8 121.529182434082
224.0 94.8523254394531
224.3 14.1981716156006
224.4 40.5640487670898
224.6 38.8240547180176
224.8 4.94028854370117
225.0 285.351196289063
225.1 33.0767669677734
225.7 32.1544761657715
225.9 12.5008754730225
226.0 101.485832214355
226.2 134.744934082031
226.3 53.8057136535645
227.0 385.039367675781
227.1 186.392822265625
227.9 128.890045166016
228.1 541.891662597656
228.9 325.174407958984
229.0 495.614135742188
229.2 183.455718994141
230.1 6056.2724609375
231.0 1054.63586425781
231.1 4162.216796875
232.1 436605.875
233.1 82687.2265625
234.1 8567.1650390625
235.0 925.113098144531
235.8 56.7999114990234
236.0 132.588958740234
237.0 1694.25048828125
237.9 321.426940917969
238.9 438.857849121094
240.0 120.788787841797
240.2 182.990768432617
241.0 943.445251464844
241.8 118.349433898926
242.0 64.9488525390625
242.1 144.147659301758
242.8 30.0454807281494
242.9 81.0333633422852
243.0 137.830703735352
243.2 92.8317794799805
243.9 174.469223022461
244.1 155.041152954102
245.1 14643.5146484375
246.1 2610.7607421875
246.2 62.8133316040039
247.0 716.57470703125
247.2 164.382369995117
248.0 1014.3994140625
248.1 1080.73034667969
249.0 202.015716552734
249.1 344.835174560547
249.9 15.8246183395386
250.1 41.1117286682129
250.9 7.97966575622559
251.0 63.2168426513672
251.9 34.2878189086914
252.0 17.2472915649414
252.7 18.4054412841797
252.9 3.66667175292969
253.0 133.084716796875
253.1 98.6808929443359
253.7 20.6316909790039
254.1 37.9805641174316
254.3 47.9880828857422
254.6 11.8372268676758
254.8 91.7958526611328
255.0 61.9608268737793
256.1 83.7895812988281
256.5 14.2879056930542
256.9 140.829833984375
257.0 191.042510986328
257.1 35.2380294799805
257.9 94.7337341308594
258.1 255.094543457031
258.2 118.058883666992
259.1 5299.23486328125
260.1 41899.03515625
261.1 7665.28271484375
261.9 134.535354614258
262.1 555.095031738281
262.3 42.299186706543
262.8 35.9505157470703
262.9 84.1697006225586
263.0 32.9280853271484
263.1 41.5434417724609
264.2 14.8090791702271
266.8 16.857873916626
267.0 129.041320800781
267.1 31.7410278320313
267.8 45.5298652648926
268.0 68.4254531860352
268.2 38.8519706726074
268.7 18.8884887695313
268.8 1.12091064453125
269.0 138.376205444336
269.1 23.1163139343262
269.8 32.383903503418
270.0 54.521354675293
270.7 48.8538780212402
270.9 20.0582427978516
271.1 149.681854248047
271.9 150.134948730469
272.0 50.1880874633789
272.1 44.4725151062012
272.8 262.360015869141
273.0 53.5962524414063
273.9 9.54529571533203
274.0 299.495819091797
274.2 64.779296875
274.8 137.807220458984
275.0 31.1821746826172
275.7 15.9564819335938
276.0 384.478240966797
276.1 170.190292358398
276.9 10.2318115234375
277.0 223.341339111328
277.2 34.1304092407227
277.7 32.1989784240723
278.0 7.45255661010742
278.9 72.4156341552734
279.0 139.471115112305
279.9 35.8622703552246
280.0 46.2557754516602
280.7 8.45517921447754
280.9 117.493095397949
281.0 67.6539688110352
281.8 22.5931415557861
282.0 58.5304832458496
282.9 143.798355102539
284.1 84.346076965332
285.0 931.78369140625
285.8 66.4204025268555
285.9 69.6745223999023
286.1 132.190368652344
286.9 5.17157745361328
287.1 3160.91918945313
288.1 23329.34375
289.1 5504.55908203125
290.0 429.955291748047
290.2 225.448425292969
291.0 258.678405761719
291.3 18.7641696929932
292.9 273.443511962891
293.0 404.692993164063
294.0 314.29541015625
294.7 35.2424430847168
294.9 181.724411010742
296.0 37.8570861816406
296.7 20.3214111328125
296.9 91.3706665039063
297.0 143.185638427734
297.8 86.8564453125
297.9 23.8455352783203
298.1 16.8270397186279
298.9 41.7060623168945
299.0 39.7880706787109
299.1 196.812637329102
299.3 81.6402893066406
299.8 21.6213798522949
300.0 192.78596496582
300.1 295.047485351563
301.1 2462.18627929688
301.2 992.814880371094
302.0 79.1646118164063
302.1 3788.4208984375
302.9 25.6146392822266
303.0 455.968078613281
303.2 455.718231201172
304.0 64.8420715332031
304.1 98.0376739501953
304.8 8.16434955596924
304.9 18.986888885498
305.0 21.0756549835205
305.2 24.0587406158447
306.8 24.004976272583
307.1 31.7645626068115
308.9 35.0724029541016
309.1 50.0137062072754
309.3 13.8751487731934
310.9 114.981887817383
313.1 14.2361211776733
315.0 233.898284912109
315.2 159.020172119141
315.7 20.0793437957764
315.9 40.6737403869629
316.0 115.221527099609
316.2 16.0829334259033
316.8 20.2387428283691
317.1 317.181091308594
317.2 1341.279296875
318.0 108.070068359375
318.1 213.422134399414
318.2 122.82585144043
319.0 141.333511352539
319.1 383.611358642578
320.1 40263.9765625
321.1 7987.822265625
322.0 105.207473754883
322.1 928.612487792969
323.0 51.9314842224121
323.2 119.733245849609
325.0 17.7921352386475
325.1 66.3361968994141
326.8 42.7203979492188
327.0 8.78924751281738
328.0 49.9186668395996
329.1 3918.86962890625
330.1 473.851043701172
330.2 225.332122802734
330.9 37.4470138549805
331.0 201.674987792969
331.2 70.0049514770508
331.8 52.7361450195313
332.9 100.90454864502
333.0 46.6870269775391
333.1 107.05810546875
333.3 68.6894607543945
334.2 14.9634189605713
334.7 15.0491485595703
335.2 14.7438697814941
338.1 15.1611137390137
342.9 49.0250015258789
343.1 126.857147216797
343.3 98.371467590332
344.1 614.33203125
344.3 216.824111938477
345.1 1029.34216308594
345.2 367.207580566406
346.0 26.7405529022217
346.1 260.834503173828
346.3 28.9144268035889
346.9 16.7644062042236
347.1 216.269546508789
347.3 111.730102539063
348.1 21.705057144165
348.8 31.3935279846191
348.9 100.319305419922
349.1 42.9523010253906
350.8 2.06013488769531
352.8 32.7749099731445
352.9 16.574405670166
353.0 25.5305480957031
354.0 53.8190803527832
354.9 28.8820972442627
355.9 92.7444763183594
356.1 57.4383544921875
356.2 236.061630249023
356.3 32.8935203552246
356.6 33.7516441345215
357.1 133.135543823242
357.9 35.5193519592285
358.1 437.112091064453
358.2 151.362655639648
359.0 251.986557006836
359.2 1326.35009765625
360.1 311.469665527344
360.3 60.9831085205078
361.1 220.921325683594
361.2 430.49560546875
361.3 119.885276794434
362.0 15.0895471572876
362.2 25.0943603515625
362.3 154.271057128906
363.0 13.0207185745239
367.0 22.1114768981934
371.0 19.4195709228516
374.1 92.5229949951172
374.2 20.331413269043
375.1 215.146743774414
375.2 284.202209472656
376.2 34287
377.2 7602.80322265625
378.1 20.1323699951172
378.2 957.391174316406
378.3 124.523071289063
379.1 38.1397361755371
379.2 18.5386123657227
381.0 14.4833984375
383.1 19.4564208984375
387.1 2.03371810913086
390.3 15.5847082138062
