#"+EI Scan (rt: 4.147-4.217 min, 13 scans) R3M3.D  Subtract "
#Point,X(Thompsons),Y(Counts)
40.1 996.950317382813
41.1 25930.830078125
42.1 3175.43310546875
43.1 6919.35791015625
44.0 505.422241210938
44.1 184.217437744141
44.9 40.6986885070801
45.0 563.353210449219
46.0 145.329788208008
46.1 140.075042724609
47.0 3322.93969726563
48.0 84.3972015380859
48.2 13.9302978515625
48.9 64.7425537109375
49.0 29.4892196655273
50.0 443.616638183594
50.1 44.3804550170898
51.0 1348.9619140625
51.9 144.252349853516
52.0 226.554702758789
52.1 180.123413085938
52.2 11.1378183364868
53.0 2146.92504882813
53.9 31.0414390563965
54.0 789.889831542969
55.1 3795.52124023438
56.1 1385.69018554688
57.1 23448.404296875
58.1 1351.4404296875
58.2 48.1078338623047
59.0 9112.931640625
60.0 565.464599609375
61.0 747.456420898438
61.1 612.0634765625
61.2 25.9043102264404
61.9 441.526916503906
62.0 357.374237060547
63.0 1815.63500976563
63.9 478.465515136719
64.1 45.1260757446289
65.0 1006.49066162109
65.8 173.462112426758
66.1 73.4389953613281
67.0 1657.38757324219
68.0 657.453674316406
68.1 448.347106933594
69.1 9680.5791015625
70.0 1743.40795898438
70.2 0.787267684936523
70.9 80.550048828125
71.0 364.794738769531
71.9 27.6479759216309
72.0 37.8940277099609
72.3 29.3821487426758
73.0 3038.8046875
74.0 946.699096679688
75.0 2047.0595703125
76.0 99.1055755615234
76.0 1969.32385253906
76.2 49.4660186767578
77.0 5691.4921875
78.0 2416.935546875
78.9 1076.39208984375
79.9 30.2367324829102
80.1 88.4365463256836
81.0 747.342529296875
81.9 108.475830078125
82.0 403.802764892578
82.1 42.0557594299316
83.0 2689.18383789063
83.1 166.1923828125
83.8 48.9852142333984
83.9 73.964958190918
84.0 463.520172119141
85.0 197.104858398438
85.1 302.401153564453
86.0 412.734771728516
86.1 305.222290039063
86.9 129.972473144531
87.0 1063.17553710938
87.1 62.3241310119629
87.9 20.1173686981201
88.0 3555.62939453125
89.0 10779.2919921875
90.0 1937.26196289063
91.0 1031.40979003906
91.1 120.031188964844
91.7 22.402172088623
91.9 95.5438079833984
92.1 101.320205688477
93.1 42.810676574707
93.2 14.9221630096436
93.3 11.8832302093506
93.6 18.8316383361816
93.8 18.4393005371094
94.0 53.3230133056641
94.1 34.6196594238281
94.9 81.8739013671875
95.1 204.116149902344
96.0 206.764953613281
97.0 328.749328613281
97.2 7.94137954711914
97.9 27.1949234008789
98.0 209.958755493164
98.1 168.481903076172
98.9 87.1868133544922
99.1 513.658508300781
99.6 52.1891441345215
99.9 174.678527832031
100.1 269.100311279297
101.0 5128.87890625
102.0 13406.7783203125
103.0 6147.75048828125
103.8 20.0343494415283
103.9 454.383972167969
104.1 646.586059570313
104.8 8.90263748168945
104.9 10.5178451538086
105.0 185.602508544922
105.9 74.1552200317383
106.0 211.235748291016
106.3 12.8611106872559
106.9 202.440948486328
107.8 32.3267669677734
107.9 108.539680480957
109.0 755.289123535156
110.0 226.546813964844
110.1 37.9243774414063
111.0 194.368743896484
111.8 62.7211875915527
112.0 153.812301635742
112.1 309.182800292969
112.2 52.6975479125977
112.3 26.969144821167
112.9 404.327941894531
113.1 506.906280517578
114.0 5859.30322265625
115.0 18097.205078125
116.0 34396.99609375
117.0 5524.2431640625
118.0 1704.85522460938
118.1 47.0489654541016
118.9 158.256072998047
119.0 31.1667022705078
119.1 158.283538818359
119.8 39.7862014770508
119.9 59.1376914978027
120.1 102.052040100098
120.3 50.1883354187012
120.6 15.9258136749268
120.7 26.6693706512451
120.9 50.2166633605957
121.0 66.2668914794922
121.2 11.9932622909546
121.4 35.6714973449707
121.5 63.5011024475098
122.0 91.1904067993164
122.6 11.7160186767578
122.9 218.230010986328
123.2 17.9014987945557
123.6 13.7283010482788
123.9 16.9805774688721
124.0 70.2856750488281
124.8 98.369758605957
125.7 32.7512512207031
125.8 65.2347412109375
126.0 290.780670166016
126.2 43.4698944091797
127.0 677.093505859375
127.1 1178.2509765625
128.0 15985.0078125
129.0 29705.4140625
130.0 24181.029296875
131.0 4065.3583984375
132.0 1116.52575683594
132.1 9.92784023284912
132.9 645.602172851563
133.7 22.1297473907471
133.9 1.10488891601563
134.0 74.4387969970703
135.0 286.274017333984
135.1 164.589080810547
136.0 133.843215942383
136.1 135.006866455078
137.0 6422.84375
138.1 793.289489746094
139.0 488.825378417969
139.8 79.5855865478516
139.9 476.067413330078
140.0 527.019409179688
140.9 357.594451904297
141.0 1159.50549316406
142.0 3274.203125
143.0 27156.939453125
144.0 104801.6171875
145.0 11959.04296875
146.0 524.897399902344
146.1 848.986572265625
146.8 152.581390380859
147.0 233.641906738281
148.0 758.197509765625
148.1 36.0917892456055
148.8 33.2944450378418
148.9 35.3062324523926
149.0 107.291641235352
149.9 33.8498458862305
150.6 41.7448806762695
150.7 80.6604309082031
151.0 455.831665039063
151.8 51.9175682067871
151.9 3.35678100585938
152.1 242.453308105469
152.9 294.39306640625
153.0 279.031860351563
154.0 3011.29223632813
155.0 6562.19677734375
156.0 6161.30126953125
157.0 9252.552734375
157.9 285.246154785156
158.0 4363.7109375
159.0 2283.86083984375
159.9 56.2415161132813
160.0 445.608245849609
161.0 569.110534667969
161.9 49.2868461608887
162.0 97.4034194946289
162.2 33.4861831665039
162.9 393.104309082031
163.9 25.7445297241211
164.6 61.7044715881348
165.0 230.802368164063
165.9 153.133193969727
166.1 174.59033203125
167.0 2117.77490234375
168.0 2168.24755859375
168.9 86.2319564819336
169.1 1214.30908203125
169.9 100.710166931152
170.0 7361.30908203125
171.0 3178.01904296875
171.9 311.645599365234
172.0 955.700744628906
173.0 6618.4658203125
173.9 54.739501953125
174.0 1536.220703125
174.7 35.3385009765625
174.9 124.678939819336
175.1 136.634353637695
175.8 57.4645195007324
176.0 387.744018554688
176.0 522.961608886719
176.8 10.673095703125
177.0 242.854553222656
177.8 52.8417930603027
177.9 45.8243179321289
178.1 26.6693572998047
178.8 40.6580123901367
178.9 32.9733848571777
179.0 190.644104003906
179.1 22.7925243377686
179.8 41.7279434204102
180.0 293.674438476563
180.1 98.8500671386719
180.9 276.551483154297
181.0 264.759826660156
181.1 44.8837242126465
182.0 777.315246582031
182.1 274.771331787109
182.9 417.812194824219
183.1 756.771606445313
184.1 3853.22729492188
185.0 3165.60595703125
186.0 711.621154785156
186.1 316.59716796875
186.7 17.0846080780029
186.9 136.861724853516
187.0 209.197647094727
187.7 21.5449390411377
187.9 162.667739868164
188.1 70.134407043457
188.2 19.8236598968506
188.7 17.5881328582764
189.0 104.720855712891
190.1 92.1570739746094
190.9 196.174255371094
191.1 88.4282608032227
192.0 189.784561157227
192.8 109.925247192383
193.0 55.22705078125
193.9 50.0600814819336
194.0 230.186645507813
194.9 600.168701171875
195.8 327.815551757813
196.0 94.3465576171875
196.1 111.975608825684
196.9 71.1456451416016
197.0 496.458374023438
197.7 0.0095062255859375
197.9 178.825042724609
198.1 1215.3779296875
199.0 1378.47119140625
199.9 218.204742431641
200.0 513.714904785156
200.9 492.812255859375
201.8 71.4450759887695
202.0 262.003631591797
202.1 98.890022277832
202.8 46.3768768310547
202.9 11.6264801025391
203.0 496.676666259766
204.1 2002.16796875
204.2 312.32177734375
205.0 894.258117675781
205.1 4811.92529296875
206.0 244.893936157227
206.1 1222.64721679688
206.9 55.030403137207
207.0 388.889465332031
207.9 159.03271484375
208.0 23.5660552978516
208.7 35.9294815063477
208.9 174.701461791992
209.0 40.1207466125488
209.4 26.6328144073486
209.9 78.9319610595703
210.1 712.633544921875
211.0 1927.14404296875
212.1 6036.66357421875
213.1 2148.09838867188
214.0 1029.92749023438
215.0 3423.6171875
216.0 491.845336914063
217.0 1170.1962890625
217.9 84.3261642456055
218.0 234.173797607422
218.8 251.197189331055
218.9 449.625244140625
220.0 249.486541748047
221.0 295.943725585938
221.7 26.9594764709473
221.9 56.1572799682617
222.0 49.8134460449219
222.1 9.58999633789063
222.8 320.116302490234
223.1 29.1948432922363
223.8 21.187915802002
223.9 79.6429290771484
224.2 89.8000030517578
224.4 14.3032073974609
225.0 392.203582763672
225.2 129.927932739258
225.4 26.9899501800537
225.9 145.230621337891
226.1 197.385055541992
226.4 21.0343494415283
226.5 12.1779851913452
227.0 448.147033691406
227.1 133.053039550781
227.6 50.8023910522461
227.7 19.3831825256348
227.9 252.766036987305
228.1 142.52001953125
228.2 230.565353393555
228.4 29.1970024108887
229.0 342.748626708984
229.1 506.269073486328
230.1 2362.23828125
230.1 3501.77270507813
231.1 4844.1689453125
232.1 410181.78125
233.1 74908.8828125
234.1 8410.1181640625
234.9 124.739562988281
235.0 602.990844726563
235.8 32.3036880493164
235.9 63.682315826416
237.0 1314.1025390625
238.0 345.788452148438
238.9 35.2893829345703
239.0 273.144226074219
239.1 50.5190811157227
239.9 210.908538818359
240.1 70.6227569580078
240.2 31.5968189239502
241.0 888.162170410156
241.1 80.6786346435547
241.8 24.0670604705811
241.9 16.0857124328613
242.0 270.523284912109
242.2 17.2649059295654
242.7 35.9275245666504
242.9 69.8563995361328
243.0 63.6644706726074
243.2 72.9624099731445
244.0 164.241424560547
244.1 137.198822021484
245.1 14077.5380859375
246.1 2667.56640625
246.8 19.6961860656738
246.9 22.8861236572266
247.1 738.153259277344
248.0 551.1044921875
248.2 1494.23107910156
248.9 23.380952835083
249.1 391.535888671875
249.9 31.2817993164063
250.1 35.6736450195313
250.9 8.62374496459961
251.1 12.5605888366699
252.1 11.8023824691772
252.7 12.6301565170288
253.0 206.736053466797
253.9 107.064567565918
254.0 37.5813217163086
254.9 93.0695648193359
255.0 130.355773925781
255.6 18.4413394927979
256.0 24.8556995391846
256.1 25.2669830322266
256.7 59.7547149658203
256.9 199.464706420898
257.0 46.6731758117676
257.8 6.75942039489746
258.0 70.5633087158203
258.1 364.364898681641
259.0 227.389556884766
259.1 4785.54248046875
260.1 39049.7265625
261.1 7005.76904296875
262.0 32.7762908935547
262.1 922.745239257813
263.0 160.812164306641
264.2 14.4924573898315
265.0 8.42765331268311
265.1 15.6049976348877
267.0 119.325439453125
267.1 25.4326248168945
267.8 19.3496379852295
268.0 234.994979858398
268.2 25.74001121521
268.5 19.3920307159424
269.0 191.25
269.1 92.4421691894531
269.9 47.5104598999023
270.1 122.754783630371
270.7 36.6032028198242
271.0 298.445953369141
271.1 11.4965362548828
271.7 27.9331359863281
271.9 168.51725769043
272.1 93.2313461303711
273.0 510.391540527344
273.8 54.8305053710938
273.9 5.29776763916016
274.1 379.376281738281
275.0 326.464965820313
275.9 57.8603591918945
276.0 114.846748352051
276.1 95.4771347045898
276.5 15.1069202423096
276.9 213.390640258789
277.0 18.2929840087891
277.9 34.794189453125
278.0 61.4156723022461
278.1 32.9001235961914
278.5 13.1263875961304
278.7 39.5628662109375
278.9 121.052894592285
279.0 37.4098777770996
280.9 15.0210876464844
281.2 59.7506408691406
281.9 56.6555061340332
282.0 30.2411670684814
282.9 31.9292850494385
283.0 86.4252090454102
283.2 61.6069602966309
283.4 16.8622379302979
283.8 21.792142868042
284.0 29.0425224304199
284.0 57.9992866516113
284.2 16.2218742370605
285.0 421.152801513672
285.1 211.850067138672
286.0 314.306701660156
286.1 15.7223854064941
287.1 2755.72119140625
288.1 20307.70703125
289.1 5453.78662109375
289.9 19.2085876464844
290.0 400.245483398438
290.1 110.174377441406
290.8 230.082702636719
291.9 49.5492858886719
292.0 94.1505279541016
293.0 1021.28344726563
294.0 65.1256332397461
294.9 157.183990478516
295.0 102.188705444336
295.8 44.3908843994141
296.1 20.390007019043
296.9 310.985473632813
297.7 41.3466186523438
297.9 1.82453727722168
298.1 38.985954284668
299.0 54.7639465332031
299.1 166.694763183594
299.2 108.630012512207
300.0 320.997802734375
300.1 180.002365112305
300.2 21.0601196289063
301.1 2990.8955078125
302.1 3740.7548828125
302.2 33.4967842102051
303.0 131.709609985352
303.2 734.576721191406
304.0 40.2008628845215
304.2 65.6884613037109
306.8 59.0134735107422
306.9 7.68474578857422
308.2 12.924467086792
309.0 36.7242164611816
309.2 23.6462173461914
310.8 20.0609264373779
311.0 111.157974243164
311.9 20.6031398773193
312.0 44.1439056396484
312.9 34.4179000854492
314.0 12.4558267593384
315.0 271.110260009766
315.2 193.494934082031
315.9 26.8256053924561
316.0 67.7824859619141
316.2 15.3974170684814
316.3 24.8492431640625
317.1 861.056274414063
317.2 702.396911621094
317.9 36.0282592773438
318.0 158.177062988281
318.1 312.674652099609
319.0 99.1552047729492
319.1 423.029296875
320.1 37351.52734375
321.1 7049.5888671875
321.8 16.3250980377197
322.0 52.1802558898926
322.1 853.392517089844
322.4 15.4111003875732
322.9 27.5093860626221
323.1 118.126403808594
323.2 45.8065948486328
324.1 22.390869140625
325.1 60.3890113830566
326.1 27.1647815704346
327.0 41.0966911315918
327.2 23.4744148254395
327.9 16.7028942108154
328.1 11.9665279388428
328.9 25.9219627380371
329.1 1216.75061035156
329.2 2302.57080078125
330.1 402.28857421875
330.2 315.301910400391
330.7 18.494686126709
331.0 52.8803176879883
331.1 77.8384552001953
331.3 15.0656576156616
331.9 15.3031930923462
332.8 9.62494659423828
333.0 318.553100585938
333.1 30.7808856964111
333.2 66.6548919677734
333.9 15.087721824646
334.1 15.2588958740234
335.0 25.1043872833252
339.1 19.2493801116943
342.9 39.8587303161621
343.0 99.3470458984375
343.2 87.5790863037109
343.4 17.0783252716064
343.9 58.1902503967285
344.1 439.31298828125
344.2 251.068817138672
344.4 25.762996673584
345.1 506.098663330078
345.2 616.675537109375
345.4 21.2880153656006
346.1 162.856369018555
346.2 106.35920715332
346.9 43.311897277832
347.1 132.611801147461
347.2 150.517608642578
348.6 12.3625326156616
348.7 3.64730834960938
348.8 117.695983886719
350.8 26.9319877624512
350.9 3.53465938568115
352.9 120.963729858398
353.0 3.65439367294312
354.1 47.4392051696777
354.2 13.751916885376
354.9 36.1467971801758
356.1 70.0769500732422
356.2 291.286834716797
356.8 15.3972826004028
357.0 49.4621315002441
357.1 68.2922286987305
358.1 198.824645996094
358.2 290.713317871094
359.1 309.997802734375
359.2 1184.57861328125
360.0 44.0829086303711
360.1 88.7434844970703
360.2 129.376602172852
361.1 314.400939941406
361.2 457.232391357422
362.0 137.043731689453
362.1 41.4635429382324
362.2 54.3116607666016
366.7 14.6940412521362
366.9 53.661262512207
367.0 47.505241394043
367.1 13.5692749023438
368.8 13.6883716583252
370.6 20.2243328094482
372.1 12.549599647522
374.0 51.293098449707
375.1 139.139022827148
375.2 206.972274780273
376.2 31348.91015625
377.1 207.632659912109
377.2 6826.9521484375
378.0 87.2290573120117
378.2 923.255126953125
379.0 78.4418029785156
379.2 61.175537109375
381.0 24.7501335144043
386.8 11.6461896896362
396.6 18.5908641815186
401.1 14.8902778625488
410.1 12.9855155944824
