#"+EI Scan (rt: 4.141-4.211 min, 13 scans) R6M3.D  Subtract "
#Point,X(Thompsons),Y(Counts)
40.1 785.768249511719
41.1 26734.625
42.1 3090.3466796875
43.1 7080.841796875
44.0 1145.83776855469
44.9 174.424652099609
45.0 376.999084472656
46.0 111.757698059082
46.1 128.462585449219
46.2 40.7249298095703
47.0 3630.83471679688
48.0 128.239044189453
48.8 14.4857311248779
48.9 33.6214599609375
49.0 0.883522033691406
49.8 27.8372535705566
50.0 212.606842041016
50.1 162.50129699707
51.0 1139.00378417969
52.0 394.716156005859
52.1 242.507629394531
53.0 1830.44604492188
53.9 0.398153305053711
54.0 757.512939453125
55.0 3972.30639648438
56.0 397.953430175781
56.1 952.798034667969
56.2 39.0606689453125
57.1 24701.634765625
57.9 26.8002548217773
58.1 1258.64428710938
59.0 8915.7236328125
60.0 309.171295166016
60.0 264.64501953125
60.9 47.7687301635742
61.0 1205.54028320313
61.1 183.737045288086
62.0 874.267822265625
62.1 44.3951606750488
63.0 1705.74426269531
63.2 75.5408248901367
63.9 431.529266357422
64.1 120.305389404297
64.9 77.485710144043
65.0 903.591552734375
65.8 90.8592834472656
66.0 154.951965332031
66.1 63.5533714294434
67.0 1539.85876464844
67.1 314.814910888672
68.0 797.889831542969
68.1 257.702117919922
69.1 10241.2998046875
69.9 36.370491027832
70.0 560.726745605469
70.1 1116.982421875
70.9 60.149787902832
71.1 374.098205566406
72.0 112.447830200195
72.1 21.2730903625488
73.0 3372.580078125
74.0 1168.80004882813
75.0 1972.00927734375
75.9 163.090637207031
76.0 2212.05908203125
77.0 5465.763671875
78.0 2333.4375
78.9 195.421905517578
79.0 418.535705566406
80.0 261.509185791016
81.0 670.28271484375
82.0 683.073303222656
83.0 3127.96899414063
83.9 57.947639465332
84.0 493.066253662109
84.2 148.093399047852
84.9 156.329818725586
85.0 376.258148193359
86.0 552.267883300781
86.1 123.090309143066
87.0 1269.90734863281
88.0 3578.45068359375
89.0 11328.0556640625
90.0 2175.9921875
90.9 76.7508850097656
91.0 950.394775390625
91.8 9.23863410949707
92.0 112.986534118652
92.1 54.4728622436523
93.0 35.9797210693359
93.1 157.298004150391
93.9 46.4676933288574
94.0 2.50458908081055
94.2 44.8300361633301
94.9 174.862457275391
95.0 81.1636657714844
96.0 102.312385559082
96.1 239.968322753906
96.9 2.44497680664063
97.0 209.702346801758
97.1 165.787872314453
97.8 21.5066452026367
97.9 22.4144515991211
98.0 300.507354736328
98.3 30.7833213806152
98.9 284.930938720703
99.0 379.321533203125
99.9 28.6139316558838
100.0 380.575256347656
100.2 60.9546089172363
101.0 896.208801269531
101.0 4716.49951171875
102.0 1917.23522949219
102.1 12205.2041015625
103.0 6791.36474609375
104.0 619.876525878906
104.1 443.878692626953
105.0 212.202087402344
105.0 59.8832893371582
105.7 54.8916931152344
105.9 242.528305053711
106.1 116.513977050781
106.3 91.4807891845703
106.6 49.8342323303223
106.7 66.1918411254883
106.9 71.4735794067383
107.4 12.8929538726807
107.8 44.5127906799316
108.0 118.457092285156
108.1 8.01257038116455
108.3 12.1188468933105
109.0 1061.3134765625
109.9 127.700317382813
110.1 33.8061981201172
111.0 198.41374206543
111.0 85.4019470214844
112.0 352.449157714844
112.1 159.498077392578
112.9 101.283531188965
113.0 730.7060546875
114.0 5914.03564453125
115.0 19049.271484375
116.0 36955.7734375
117.0 6133.1826171875
117.8 25.1069297790527
118.0 1817.59118652344
119.0 198.193435668945
119.1 64.2955703735352
119.8 69.5320358276367
120.0 196.081771850586
120.2 22.6057968139648
120.7 19.5842571258545
120.8 16.2197761535645
121.0 38.6419868469238
121.1 87.7451324462891
121.3 77.0469665527344
121.5 75.5254135131836
121.7 118.358734130859
122.1 36.1517295837402
123.0 201.365310668945
123.1 6.8970832824707
123.7 58.6422386169434
123.8 1.97392654418945
124.0 22.8653030395508
124.1 47.3903274536133
124.9 219.942779541016
125.8 104.252784729004
126.0 377.588562011719
126.3 20.449405670166
127.0 949.280212402344
127.1 751.846008300781
128.0 16802.30859375
129.0 31687.322265625
130.0 25737.775390625
130.9 109.647003173828
131.0 3979.75244140625
132.0 895.853698730469
132.1 273.410461425781
133.0 741.208251953125
133.9 215.648056030273
134.2 28.4187717437744
135.0 461.054565429688
135.1 200.737030029297
136.1 196.811767578125
136.2 34.4209518432617
137.0 6516.92578125
137.9 205.732849121094
138.0 543.124755859375
139.0 665.800415039063
139.9 72.3738250732422
140.0 1149.89514160156
140.2 40.0796318054199
140.9 310.14013671875
141.0 1079.21948242188
142.0 3581.4609375
143.0 28936.01171875
144.0 113325.6328125
145.0 12981.076171875
145.8 14.2577848434448
146.0 295.836639404297
146.0 1094.86059570313
146.6 24.6770648956299
146.7 26.5817184448242
147.0 338.888916015625
147.9 134.130111694336
148.0 386.903686523438
148.1 183.958404541016
148.8 101.152877807617
149.0 81.9101181030273
149.2 11.2135677337646
149.9 17.9267177581787
150.1 68.0737915039063
151.0 319.309509277344
151.9 152.150665283203
152.0 26.3068237304688
152.1 113.727684020996
153.0 271.045532226563
153.1 406.583374023438
154.0 3189.0390625
155.0 6953.70166015625
156.0 6225.7587890625
157.0 9844.9609375
158.0 5055.4873046875
159.0 2433.99755859375
160.0 749.906311035156
161.0 266.819213867188
161.8 43.2700576782227
162.0 124.305976867676
163.0 495.081237792969
163.9 22.6587524414063
164.1 70.5473785400391
164.3 63.2404861450195
164.8 48.0381736755371
164.9 102.034240722656
165.1 60.0916290283203
165.8 85.0471878051758
165.9 59.3685874938965
166.0 83.6266403198242
166.1 53.2411346435547
167.0 1823.068359375
167.1 219.093948364258
168.0 145.572021484375
168.0 1601.66149902344
168.1 320.481811523438
169.0 1608.46398925781
170.0 7920.22998046875
170.1 188.66096496582
171.0 2999.31420898438
172.0 719.634216308594
172.1 597.00830078125
173.0 7260.73876953125
174.0 1183.46618652344
174.1 468.71044921875
174.9 60.1773986816406
175.1 188.054458618164
175.2 37.1178970336914
175.9 444.554046630859
176.0 535.824584960938
176.8 50.026741027832
177.0 153.938873291016
177.1 44.943546295166
178.0 184.74169921875
178.2 43.7804794311523
178.8 38.3780288696289
178.9 176.932662963867
179.0 65.4709320068359
179.8 25.141149520874
180.0 246.260986328125
180.1 184.9091796875
180.3 29.715015411377
181.0 709.317016601563
181.8 51.1090621948242
182.1 796.748962402344
183.0 705.37060546875
183.1 430.31494140625
184.1 4132.916015625
185.0 3595.6455078125
185.9 34.5747299194336
186.0 253.768096923828
186.1 785.942810058594
186.8 34.2015342712402
187.0 470.440887451172
187.9 72.3771667480469
188.0 288.107940673828
188.2 29.7931957244873
188.9 18.1735992431641
189.0 187.795028686523
189.1 38.0844802856445
190.0 9.1808385848999
190.1 30.7787437438965
191.0 623.710693359375
191.9 127.404800415039
192.1 6.05570983886719
193.0 255.42121887207
193.8 5.93086433410645
193.9 226.616287231445
194.1 80.1992645263672
195.0 565.778930664063
196.0 510.173217773438
196.9 380.622589111328
197.0 368.445220947266
198.0 540.484558105469
198.1 1106.58215332031
199.0 1358.93737792969
200.0 707.5556640625
201.0 508.9658203125
201.9 157.751495361328
202.1 187.022369384766
202.2 87.3884353637695
202.7 20.8768062591553
202.9 138.232711791992
203.1 351.330383300781
204.0 142.685653686523
204.1 2320.33032226563
205.1 5871.49609375
206.1 1445.50573730469
206.2 116.842292785645
207.1 759.842468261719
208.0 171.459091186523
208.1 92.8087768554688
209.0 41.8315582275391
209.1 247.198394775391
209.9 132.829513549805
210.1 627.4228515625
211.0 2427.251953125
212.1 7587.63232421875
212.9 310.367584228516
213.0 1408.08471679688
214.1 1310.68225097656
215.0 3325.2119140625
216.0 524.193115234375
217.0 958.663391113281
217.7 4.09503364562988
218.0 146.633865356445
218.1 146.13102722168
218.9 1365.55151367188
219.9 385.396911621094
220.8 80.3116455078125
220.9 172.910491943359
222.0 107.151351928711
222.9 148.838226318359
223.1 171.135528564453
223.7 9.24778652191162
223.8 86.8371810913086
224.0 77.7579956054688
224.2 22.8291091918945
225.0 117.143005371094
225.1 94.0542831420898
225.9 160.462615966797
226.1 77.1513137817383
226.2 45.7690620422363
226.3 28.9923133850098
226.7 36.4989891052246
227.0 174.310546875
227.1 304.2958984375
227.2 22.1859931945801
227.4 17.9972305297852
227.5 19.8196792602539
227.7 77.5464859008789
228.0 162.477615356445
228.1 390.048553466797
228.3 122.403450012207
229.0 722.911010742188
229.2 166.253326416016
230.1 6056.65234375
231.1 5168.93408203125
232.1 443425.5625
233.1 87807.828125
234.1 7924.38525390625
235.0 744.537231445313
235.9 76.6448974609375
236.0 124.327766418457
237.0 1657.34033203125
237.9 310.076965332031
238.8 138.016647338867
238.9 369.587890625
239.9 21.3494911193848
240.0 425.669708251953
241.0 529.650512695313
241.1 443.135620117188
241.6 16.7576503753662
242.1 186.786605834961
242.2 82.6285018920898
242.6 22.1758937835693
242.9 77.0001220703125
243.0 145.649459838867
243.9 53.0574645996094
244.0 24.6191005706787
244.1 275.683319091797
245.1 15106.1689453125
246.1 2922.03125
246.9 9.07099437713623
247.0 680.054626464844
247.2 185.659606933594
247.9 31.3891410827637
248.1 2380.07006835938
248.9 15.624059677124
249.1 357.799682617188
249.2 81.2091369628906
250.0 46.2260475158691
251.0 73.2352676391602
251.1 68.4162139892578
253.0 216.809509277344
253.9 71.2045745849609
254.0 75.9934234619141
254.1 2.46623992919922
254.9 91.4548950195313
255.0 28.5264720916748
255.7 42.5870628356934
255.9 16.9428176879883
256.1 22.3470973968506
256.4 14.0491199493408
256.8 81.9879531860352
256.9 7.60337066650391
257.1 89.1552124023438
257.2 32.8341026306152
257.8 85.1287612915039
257.9 34.9346389770508
258.1 296.061584472656
259.1 5620.1318359375
260.1 42604.421875
261.1 7625.212890625
262.0 305.913635253906
262.1 493.806304931641
262.8 7.84743213653564
262.9 68.7095718383789
263.1 70.7322158813477
263.8 13.0061225891113
264.1 15.8768863677979
264.9 69.5608749389648
265.9 9.19353008270264
266.9 21.4875183105469
267.1 251.529724121094
267.8 15.210521697998
268.0 131.932525634766
268.1 67.4191741943359
268.9 214.339569091797
269.0 19.5851135253906
270.0 20.877290725708
270.1 24.097469329834
270.2 70.1842651367188
271.0 145.188690185547
271.9 96.8896179199219
272.0 84.2944717407227
272.1 54.2460899353027
272.7 30.3084659576416
273.0 246.524658203125
273.0 297.637359619141
274.0 196.315124511719
274.1 96.0697326660156
274.8 184.984985351563
275.0 54.1780700683594
276.0 69.1560516357422
276.1 225.436569213867
276.8 26.0177993774414
276.9 29.0795288085938
277.1 210.849685668945
277.9 43.6629028320313
278.1 24.1336326599121
278.3 26.089771270752
278.5 23.8183498382568
278.9 30.9269924163818
278.9 158.613784790039
279.1 42.369743347168
280.0 24.1772041320801
280.5 12.0801239013672
281.0 205.03434753418
281.9 37.3497657775879
282.0 37.3779983520508
282.9 54.5914154052734
283.1 86.5288772583008
283.2 12.4331932067871
283.8 16.640775680542
284.0 10.7913208007813
284.2 34.0988121032715
284.9 28.2012023925781
285.0 21.0439147949219
285.1 428.932373046875
286.0 139.097747802734
286.1 51.1691284179688
286.3 23.3061828613281
287.0 299.075317382813
287.1 2973.001953125
288.1 23741.55078125
289.1 6067.66357421875
290.1 565.444274902344
290.5 22.9150714874268
291.0 54.2218017578125
291.1 95.8328552246094
291.7 3.11658954620361
292.0 0.68122673034668
292.9 675.870178222656
293.9 258.620361328125
294.9 70.6382141113281
295.0 55.5278549194336
295.8 11.761137008667
295.9 11.1132297515869
296.0 63.4987411499023
296.7 33.5520057678223
296.9 119.48681640625
297.8 119.773452758789
298.0 0.5281982421875
298.9 2.54756546020508
299.0 156.095733642578
299.2 124.433265686035
299.9 37.5670928955078
300.0 245.595062255859
300.2 227.652389526367
301.1 3487.81762695313
302.0 46.5832290649414
302.1 3856.16748046875
302.7 18.5804462432861
302.9 30.751049041748
303.1 415.790252685547
303.1 539.127197265625
303.9 30.1471176147461
304.1 104.112266540527
304.2 43.085994720459
304.9 10.8392486572266
305.0 166.098526000977
305.3 19.1620922088623
306.7 30.6012287139893
306.8 58.2211112976074
307.1 50.0164337158203
308.0 17.4915466308594
309.1 78.2269821166992
309.2 12.9092445373535
310.7 21.0764045715332
311.0 131.623474121094
311.2 19.0691184997559
312.2 13.3894138336182
312.9 25.5959453582764
313.1 12.4380941390991
315.0 236.159332275391
315.2 162.845916748047
315.9 11.6369886398315
316.1 135.661605834961
317.0 96.7147979736328
317.2 1825.93920898438
317.3 16.3635730743408
318.0 43.5118675231934
318.1 578.982971191406
318.3 70.2263946533203
318.9 23.2347812652588
319.0 171.214584350586
319.1 382.870697021484
320.1 39483.921875
321.1 7634.361328125
322.1 508.205383300781
322.2 474.136291503906
322.7 18.0917778015137
322.9 29.8705425262451
323.0 91.6601409912109
323.2 44.8908500671387
323.3 20.5818309783936
324.2 16.0985488891602
325.9 16.6377964019775
326.1 14.0190982818604
326.7 18.2542171478271
327.1 87.095703125
328.0 13.3786659240723
329.1 3670.52661132813
330.0 163.500259399414
330.1 664.657958984375
330.4 20.9557399749756
330.8 0.12995433807373
331.0 162.452407836914
331.1 17.3853187561035
331.3 86.5585021972656
332.1 13.9737110137939
333.0 161.724380493164
333.2 174.145004272461
334.2 35.7062034606934
334.8 34.7549018859863
337.9 11.8338861465454
338.9 11.9785318374634
342.9 19.3835926055908
343.0 32.7989654541016
343.1 75.9105987548828
343.2 168.368438720703
344.1 608.1318359375
344.2 249.744171142578
345.2 1347.05151367188
345.8 40.1932182312012
346.1 232.356964111328
346.2 95.2127685546875
346.4 42.8887062072754
347.0 13.6783809661865
347.2 305.436950683594
348.1 12.7477054595947
348.7 48.3838119506836
348.8 40.0009689331055
348.9 28.4200859069824
349.0 19.6386337280273
349.7 12.0310688018799
349.8 12.2493801116943
350.0 17.8366756439209
350.9 27.1635341644287
352.7 26.5381965637207
352.9 79.7636184692383
353.0 30.9499969482422
354.9 24.8669033050537
355.2 48.748233795166
356.0 88.7443771362305
356.1 258.154235839844
356.3 32.0861434936523
357.0 83.4624557495117
358.0 127.790679931641
358.1 166.045745849609
358.3 395.383422851563
359.1 73.9390182495117
359.2 1495.71826171875
359.3 57.8240547180176
360.1 202.929931640625
360.2 96.9174118041992
360.4 27.5467491149902
361.0 35.5716247558594
361.1 223.651382446289
361.2 567.346374511719
362.1 184.612854003906
362.3 38.7362670898438
362.6 14.0334739685059
364.8 31.5059585571289
367.1 42.052604675293
370.7 13.810396194458
370.9 16.3849010467529
372.1 19.2561950683594
374.3 16.4077262878418
374.9 12.1980829238892
375.0 36.317008972168
375.2 352.052886962891
376.2 34842.28515625
377.2 2299.03491210938
377.2 5621.53857421875
378.2 624.881958007813
378.3 646.284423828125
379.2 75.7211532592773
379.4 11.8359155654907
384.2 14.3843479156494
401.1 12.916955947876
