#"+EI Scan (rt: 4.141-4.206 min, 12 scans) R8M3.D  Subtract "
#Point,X(Thompsons),Y(Counts)
40.1 918.280883789063
41.1 26412.923828125
42.1 3218.33081054688
43.1 6948.7197265625
44.0 838.4150390625
45.0 590.173522949219
45.9 13.3530035018921
46.0 268.201446533203
46.2 20.4660320281982
47.0 3717.49096679688
47.9 51.9520378112793
48.2 14.1229238510132
48.9 81.0545043945313
49.9 204.731384277344
50.0 216.874694824219
50.1 21.8843021392822
51.0 1398.51745605469
52.0 202.548583984375
52.0 324.748321533203
53.0 1851.01293945313
53.9 177.622192382813
54.1 581.415466308594
55.1 4004.40087890625
56.0 194.362518310547
56.1 1149.69738769531
57.1 25221.63671875
58.1 1093.30993652344
58.1 320.897125244141
59.0 9158.423828125
59.9 27.1419315338135
60.0 288.792419433594
60.1 276.689697265625
60.9 42.4644241333008
61.0 1349.13354492188
62.0 825.44873046875
63.0 1710.78015136719
64.0 452.830902099609
64.2 71.4408111572266
65.0 1037.48828125
65.9 29.0093803405762
66.1 213.098037719727
66.2 24.1789226531982
67.0 1818.94067382813
67.9 80.2913131713867
68.0 323.187072753906
68.1 747.2060546875
69.1 10213.482421875
70.0 164.896286010742
70.1 1584.86535644531
70.9 72.2659378051758
71.0 191.342712402344
71.1 128.404693603516
71.9 29.912052154541
72.1 135.801071166992
73.0 3048.40991210938
74.0 341.729553222656
74.1 657.937255859375
75.0 1896.1455078125
76.0 2236.66186523438
77.0 5460.1689453125
78.0 2420.64794921875
79.0 446.442260742188
79.9 93.3541717529297
80.2 56.9316520690918
81.0 644.203369140625
82.0 510.743621826172
82.2 198.719299316406
83.0 2949.865234375
83.8 23.7250881195068
84.0 478.731140136719
84.1 289.903350830078
84.9 110.066177368164
85.0 317.133239746094
86.0 447.479522705078
86.1 106.631446838379
87.0 542.80517578125
87.1 594.650268554688
88.0 2845.31030273438
88.1 320.410888671875
89.0 10893.09765625
90.0 1832.58837890625
91.0 1101.29272460938
91.8 112.071334838867
91.9 61.1642608642578
92.1 65.6380462646484
93.1 226.036209106445
93.7 17.9729766845703
93.9 3.0521411895752
94.1 36.7950744628906
94.2 20.407039642334
94.8 49.7627334594727
95.0 220.716537475586
95.8 40.6550064086914
95.9 201.176956176758
96.1 126.367988586426
96.9 428.825622558594
97.1 34.844367980957
97.8 8.5246696472168
98.0 178.819671630859
98.1 141.668640136719
98.5 36.0833129882813
98.9 232.170318603516
99.0 227.130813598633
99.2 33.8530578613281
99.4 20.3006954193115
99.6 18.9333057403564
100.0 411.868621826172
100.1 158.152572631836
100.9 186.796035766602
101.0 4711.4306640625
102.0 13113.5517578125
103.0 6156.6708984375
103.9 132.9365234375
104.0 886.6396484375
104.1 42.3112411499023
104.8 4.63304710388184
104.9 105.46272277832
105.0 167.085220336914
105.2 24.7545566558838
105.7 10.5949802398682
105.8 110.038291931152
106.0 174.83203125
106.2 49.9881858825684
106.7 9.52606964111328
106.8 130.667816162109
106.9 146.476806640625
108.0 27.6870136260986
108.1 11.8400363922119
108.2 15.5889959335327
109.0 1055.64697265625
109.9 67.0985336303711
110.1 132.650466918945
110.9 201.039886474609
111.9 44.2617721557617
112.0 301.382904052734
112.0 182.738647460938
112.2 15.8242015838623
112.9 45.0384826660156
113.0 431.298706054688
113.2 320.151275634766
114.0 5547.837890625
115.0 17755.287109375
116.0 32098.435546875
117.0 5955.10595703125
118.0 1699.26989746094
118.9 169.382659912109
119.0 215.449737548828
119.7 42.837329864502
119.9 138.81884765625
120.1 46.7551574707031
120.5 21.137903213501
121.0 144.48779296875
121.2 42.9423828125
121.4 17.271203994751
121.6 49.8420829772949
121.7 63.8669395446777
122.1 71.5297470092773
122.3 19.2806911468506
123.0 200.492584228516
123.8 48.8507385253906
124.0 27.9706249237061
125.0 317.706909179688
125.9 80.4169235229492
126.0 323.277679443359
127.0 1744.08447265625
127.2 43.1277008056641
128.0 15477.34765625
129.0 29489.09765625
130.0 22872.654296875
131.0 3993.94604492188
132.0 841.235717773438
132.1 163.552307128906
132.9 161.43635559082
133.0 28.6851196289063
133.1 64.5695571899414
133.7 5.06740760803223
133.8 50.8760795593262
134.0 92.5865936279297
134.1 43.349365234375
135.0 69.9641723632813
135.0 185.198348999023
136.0 488.321990966797
137.0 6578.77734375
138.0 442.6064453125
139.0 614.553466796875
140.0 376.010101318359
140.1 679.010131835938
141.0 471.340454101563
141.0 1214.88427734375
142.0 3256.97045898438
143.0 26390.8671875
144.0 98221.640625
145.0 11112.419921875
145.9 299.268951416016
146.0 986.707946777344
146.8 102.308525085449
147.0 192.954833984375
147.8 105.767227172852
148.0 509.856781005859
148.1 176.355407714844
148.9 37.708854675293
149.0 84.5492172241211
149.2 14.1785144805908
149.7 20.4300937652588
150.0 119.597648620605
150.1 43.5925750732422
150.8 68.1483383178711
151.0 403.512268066406
152.0 243.976165771484
152.1 47.6277084350586
152.9 150.682876586914
153.1 431.876495361328
154.0 2746.66284179688
154.2 59.6566581726074
155.0 6984.083984375
156.0 5761.8388671875
157.0 8290.2255859375
158.0 4384.98291015625
159.0 2320.35009765625
160.0 390.538421630859
160.1 428.954925537109
161.0 244.017669677734
161.8 105.69164276123
162.0 112.910179138184
162.9 251.887924194336
164.0 61.0940551757813
164.1 3.20123100280762
164.8 201.691528320313
164.9 13.4772491455078
165.8 28.9683532714844
165.9 58.5552673339844
166.0 203.456527709961
166.1 86.5745315551758
167.0 933.886169433594
167.1 473.336059570313
168.0 1845.65441894531
169.0 1177.96557617188
169.1 102.28825378418
169.9 213.936965942383
170.0 7264.47216796875
171.0 2675.15112304688
171.9 81.0341110229492
172.0 1193.02087402344
172.9 67.1690673828125
173.0 6171.8779296875
173.8 53.6609802246094
174.0 1346.66479492188
174.9 23.0313243865967
175.0 295.545593261719
176.0 836.681274414063
176.8 19.8172836303711
176.9 166.592376708984
177.0 98.8235397338867
177.7 15.4851236343384
177.9 62.9514389038086
178.0 82.3153839111328
178.2 17.7148723602295
178.9 45.8990783691406
179.1 107.770309448242
179.9 93.8458862304688
180.1 401.120483398438
181.0 360.033325195313
181.0 112.026916503906
181.8 1.71966743469238
182.0 626.454345703125
182.1 264.560302734375
182.8 3.18689727783203
183.0 412.31005859375
183.1 581.811828613281
183.9 297.998382568359
184.1 3283.87133789063
185.0 2636.56982421875
185.9 92.2795867919922
186.0 861.8408203125
187.0 225.825057983398
187.1 299.764678955078
187.8 4.25174140930176
188.0 288.234252929688
188.2 47.903450012207
188.9 115.848831176758
189.1 35.9815216064453
189.8 49.3322486877441
190.9 209.218353271484
191.0 155.106292724609
191.8 35.2463455200195
191.9 14.5431137084961
192.0 39.5790596008301
192.1 29.8477172851563
193.0 467.493927001953
193.8 0.740951538085938
193.9 77.1003875732422
194.0 148.955383300781
194.1 65.5615005493164
194.8 21.1004104614258
195.0 539.463500976563
196.0 463.699523925781
196.3 41.3093032836914
196.9 267.764404296875
197.0 583.149597167969
198.0 414.266418457031
198.1 961.020385742188
198.9 880.961059570313
199.0 236.013916015625
199.8 77.391471862793
199.9 158.754028320313
200.0 422.933410644531
200.9 179.952301025391
201.1 84.5373458862305
201.8 18.4580879211426
201.9 78.8359069824219
202.1 344.679138183594
202.9 40.0016174316406
203.0 231.641555786133
204.1 2018.58459472656
205.1 5777.11572265625
206.1 1202.60827636719
206.2 124.471618652344
207.0 501.588745117188
207.8 30.4389820098877
207.9 31.7191925048828
208.0 146.262313842773
209.0 246.208312988281
209.1 67.0754318237305
209.3 25.5876178741455
209.9 59.7924613952637
210.1 334.626403808594
210.2 251.775833129883
211.0 2306.75756835938
212.1 6575.7607421875
212.7 30.3549633026123
213.1 1927.03356933594
214.0 1031.79016113281
215.0 3288.0068359375
216.0 571.77001953125
216.9 565.161193847656
217.0 170.487548828125
218.0 406.223999023438
218.9 884.979431152344
219.7 72.2035217285156
219.9 139.799041748047
220.6 21.8202724456787
220.9 200.371887207031
221.1 127.242164611816
221.6 19.0446701049805
222.0 40.8422584533691
222.1 41.4230575561523
222.7 58.1984405517578
223.0 250.074493408203
223.6 39.2096481323242
223.8 46.8229064941406
223.9 93.1717071533203
224.0 85.8251113891602
224.2 12.0144739151001
224.7 25.8187065124512
224.9 318.602447509766
225.1 116.031723022461
225.8 60.9869575500488
226.1 322.255554199219
226.3 25.3789443969727
227.0 430.653198242188
227.1 117.590881347656
227.7 63.3556289672852
227.9 131.577896118164
228.0 108.846389770508
228.2 432.565155029297
229.0 16.9320373535156
229.1 705.856811523438
229.2 98.4879913330078
230.0 2451.99438476563
230.1 3079.6865234375
231.1 4935.2275390625
232.1 392972.25
233.1 74382.46875
234.1 6949.07666015625
235.0 142.774887084961
235.1 507.953399658203
235.8 61.8534736633301
235.9 60.236629486084
236.1 60.434513092041
237.0 1792.53466796875
237.9 143.464324951172
238.0 234.719848632813
239.0 384.211730957031
239.9 152.379028320313
240.1 193.174194335938
240.8 45.4055099487305
241.0 279.166900634766
241.1 278.930114746094
241.8 35.4051895141602
242.0 56.527717590332
242.1 112.751182556152
242.7 29.0394077301025
242.8 25.6431636810303
243.0 111.424987792969
243.1 217.887084960938
243.8 17.5038871765137
243.9 49.2346000671387
244.0 191.599472045898
244.1 48.5915336608887
245.1 13140.1376953125
246.1 1699.66369628906
246.1 663.340515136719
246.9 81.5416488647461
247.0 424.301116943359
247.2 323.716491699219
247.9 49.7696533203125
248.1 681.258117675781
248.1 1452.20397949219
248.9 33.9114151000977
249.1 424.5283203125
249.3 57.3049583435059
249.8 14.1721496582031
250.2 30.7858028411865
250.8 6.42849159240723
251.0 40.9350547790527
251.8 38.4351043701172
252.6 12.933780670166
252.8 34.2020492553711
252.9 66.7481231689453
253.0 50.2735328674316
253.2 8.75771141052246
254.1 143.680892944336
254.7 18.1609401702881
254.9 108.234535217285
255.9 32.5479278564453
256.1 41.7845878601074
256.9 98.7614593505859
257.0 130.910049438477
257.9 245.801300048828
258.1 134.271194458008
258.2 64.1027450561523
259.1 4980.4521484375
260.1 38283.16015625
261.1 6563.43798828125
262.0 227.436401367188
262.1 544.893310546875
262.8 22.2824230194092
262.9 65.7388153076172
263.1 81.7627944946289
264.0 30.4673519134521
264.8 13.6165428161621
266.0 27.0063591003418
266.8 77.4375228881836
267.0 68.4000473022461
267.1 15.1840438842773
267.8 24.4323806762695
267.9 142.670669555664
268.1 122.090232849121
269.0 149.501342773438
269.1 38.1723175048828
269.8 32.9258422851563
269.9 14.9260129928589
270.1 35.5857276916504
270.9 299.563018798828
271.2 23.8920440673828
271.9 183.011184692383
272.0 40.3211441040039
272.4 27.5174407958984
272.9 125.206695556641
273.0 339.66552734375
273.8 6.69027709960938
274.0 263.847106933594
274.1 96.7426910400391
274.9 194.377777099609
275.0 15.459358215332
275.6 28.6001758575439
276.0 306.085083007813
276.1 20.756664276123
276.3 25.9336013793945
276.6 20.5572566986084
276.9 415.969512939453
277.1 34.4899063110352
277.8 24.2181072235107
277.9 100.793251037598
278.1 8.41178131103516
278.5 15.4363698959351
278.8 117.350021362305
279.0 119.484420776367
279.2 17.6595783233643
279.9 12.9389867782593
280.0 15.2635383605957
280.8 6.08914089202881
280.9 36.6939468383789
281.0 107.331588745117
281.2 23.2385234832764
281.8 11.5346813201904
281.9 25.6261444091797
282.8 54.046329498291
282.9 37.1307029724121
284.0 13.0161638259888
285.0 234.86279296875
285.1 282.589324951172
285.7 8.68371200561523
286.0 69.43798828125
286.1 178.388442993164
286.2 13.8812656402588
287.1 2528.32543945313
287.2 502.000305175781
288.1 20843.953125
289.1 4527.32177734375
290.0 104.459121704102
290.0 617.998046875
290.8 21.9799633026123
290.9 163.495056152344
291.9 84.9256591796875
292.0 26.353178024292
293.0 821.81005859375
293.9 302.051574707031
294.8 116.316375732422
294.9 229.552337646484
295.8 4.17038631439209
295.9 85.6044616699219
296.1 35.7828941345215
296.9 240.305419921875
297.1 60.1576042175293
297.9 46.8850212097168
298.0 86.0706558227539
298.2 13.9463806152344
298.7 12.9598274230957
298.9 83.1289978027344
299.1 179.206115722656
299.2 100.377380371094
299.9 129.895248413086
300.0 268.221954345703
300.2 93.6246643066406
301.0 191.14582824707
301.1 2802.326171875
302.1 3503.951171875
303.1 471.533660888672
303.2 413.199462890625
304.0 51.7105522155762
304.2 25.2236156463623
304.9 26.5025863647461
305.0 12.6733751296997
305.2 11.0349311828613
306.9 176.177795410156
308.8 34.691707611084
309.1 43.9394760131836
310.7 40.1427917480469
310.8 16.4587059020996
311.0 32.4762954711914
311.2 15.5511465072632
313.0 13.5221109390259
314.8 57.5986938476563
314.9 183.874786376953
315.1 96.7708511352539
315.2 117.049934387207
315.4 13.0039854049683
315.9 79.4023132324219
316.0 83.2422561645508
316.2 76.6174545288086
317.1 1646.29943847656
317.2 119.574913024902
318.0 161.144332885742
318.2 376.792449951172
318.9 12.7394189834595
319.0 246.166030883789
319.1 200.659362792969
320.1 35723.1015625
321.0 86.7182006835938
321.1 6458.23095703125
322.2 838.433898925781
323.1 104.554412841797
323.2 42.5932922363281
324.2 19.2953815460205
324.8 24.3830280303955
326.9 17.6164054870605
329.1 3438.72338867188
330.0 178.40299987793
330.1 503.221588134766
330.3 25.5072727203369
330.8 15.1506690979004
331.0 118.198768615723
331.1 45.6359405517578
331.4 14.8940668106079
332.8 30.6318264007568
332.9 240.591598510742
333.2 38.9044303894043
334.2 26.0697345733643
335.0 5.31029510498047
341.1 14.342022895813
342.9 19.8057174682617
343.1 250.362060546875
343.2 51.7984504699707
344.0 177.833755493164
344.2 486.414672851563
345.0 312.126892089844
345.2 1019.20343017578
345.4 15.5351629257202
346.0 158.853866577148
346.2 95.2647933959961
346.3 31.0158634185791
346.9 42.4785079956055
347.1 136.480529785156
347.2 177.291137695313
348.0 14.7415285110474
348.2 21.7138919830322
348.8 34.5827140808105
348.9 7.21661376953125
349.1 32.6021118164063
349.9 18.7067680358887
350.9 15.7570600509644
352.9 69.2600631713867
353.0 59.8546600341797
355.2 15.6535835266113
356.1 201.78630065918
356.2 163.552474975586
356.9 16.0108642578125
357.0 71.5364532470703
358.0 43.5501708984375
358.1 206.069717407227
358.2 169.963882446289
359.1 554.968444824219
359.2 780.035949707031
360.1 93.3563766479492
360.2 200.491622924805
360.3 68.3145370483398
360.9 65.7798919677734
361.1 322.107086181641
361.3 428.422943115234
362.0 19.8086624145508
362.1 34.4106826782227
362.2 78.0818862915039
362.3 16.6056156158447
362.9 10.3670845031738
363.1 37.7707481384277
370.9 4.14657592773438
374.2 30.5580825805664
374.9 43.6808204650879
375.0 42.9772300720215
375.2 352.285980224609
375.3 31.2032089233398
376.2 30789.525390625
377.2 7132.61572265625
378.1 13.1279439926147
378.2 556.093200683594
378.3 524.495910644531
379.1 64.3446807861328
390.3 17.4947147369385
401.1 48.5101432800293
