#"+EI Scan (rt: 5.797-5.943 min, 26 scans) R4M3.D  Subtract "
#Point,X(Thompsons),Y(Counts)
40.1 164.094543457031
40.9 22.1011524200439
41.0 539.883728027344
42.0 192.21809387207
42.1 92.6939392089844
42.9 58.1241645812988
43.0 775.531616210938
44.0 888.351318359375
45.0 232.200332641602
45.1 28.3952312469482
45.9 15.9735260009766
46.0 41.4603309631348
46.1 7.59747266769409
47.0 174.276458740234
49.9 6.40493059158325
50.0 167.997253417969
50.1 73.151496887207
50.9 177.031433105469
51.0 60.1882934570313
52.0 64.9110488891602
52.2 20.9741134643555
53.0 278.946868896484
53.2 13.2918834686279
53.9 48.7338523864746
54.0 34.3037338256836
54.1 49.0937156677246
55.0 85.899169921875
55.1 228.60578918457
55.8 41.7821044921875
55.9 291.115509033203
56.9 390.505706787109
57.1 107.709045410156
57.8 86.3247528076172
58.0 132.718597412109
58.2 29.0661334991455
58.3 8.69847679138184
59.0 171.18994140625
60.0 119.755821228027
60.7 20.6043186187744
61.0 72.0783386230469
62.0 229.069366455078
62.1 46.1068153381348
62.9 395.304077148438
63.0 101.797180175781
63.2 16.9317836761475
63.8 77.9783325195313
64.0 101.974479675293
64.1 14.3929328918457
64.8 55.6079864501953
64.9 72.5220031738281
65.0 93.1967315673828
65.2 13.4098882675171
65.8 19.8876571655273
65.9 48.8896331787109
66.1 17.7383937835693
66.9 201.282440185547
67.1 35.8491134643555
67.2 15.7998971939087
67.9 52.7054443359375
68.1 68.6875534057617
69.0 471.644683837891
69.9 48.5693168640137
70.0 38.3313827514648
70.1 34.2750587463379
71.0 2.3251953125
71.1 66.7915115356445
71.9 92.2677001953125
72.1 176.384292602539
73.8 11.4244794845581
74.2 30.4196662902832
75.0 791.116943359375
75.1 106.118644714355
75.7 14.3253421783447
75.8 24.5010299682617
76.0 171.851150512695
76.2 13.1073446273804
77.0 699.38671875
78.0 452.88525390625
78.8 35.6299209594727
78.9 113.213806152344
80.0 64.1618804931641
80.2 32.4478607177734
81.0 206.46728515625
81.1 227.563095092773
81.8 129.369888305664
82.1 59.2834434509277
83.0 3043.47045898438
84.0 130.107879638672
84.1 44.3736801147461
84.9 204.349609375
85.0 198.655578613281
85.2 28.1654777526855
85.7 17.16139793396
85.9 51.8861045837402
86.1 18.6992092132568
86.9 79.1312942504883
87.0 14.8341293334961
87.1 12.9941558837891
87.8 44.606258392334
87.9 83.7050933837891
88.1 119.445663452148
88.2 14.4335889816284
88.8 24.1107978820801
89.0 1034.04504394531
89.9 134.16130065918
90.0 375.473571777344
90.9 63.2203636169434
91.7 7.00024604797363
91.9 6.02111911773682
92.1 21.3919715881348
92.5 8.42746067047119
92.9 63.7523765563965
93.1 47.5843696594238
94.1 20.1972465515137
94.8 23.446216583252
95.0 174.971603393555
95.1 29.5952186584473
95.8 61.8245162963867
95.9 145.619201660156
96.6 14.7551870346069
96.8 45.0533714294434
97.0 159.101791381836
97.8 59.5507354736328
98.0 97.5478057861328
98.1 9.48686122894287
98.2 16.5517864227295
98.5 18.6518650054932
98.9 18.2574138641357
99.0 36.632682800293
99.1 34.4477348327637
99.9 51.4072532653809
100.0 99.4453201293945
100.3 10.3072566986084
100.6 9.54325485229492
100.8 30.3156318664551
100.9 35.6526565551758
101.1 17.1719036102295
101.7 11.6328296661377
101.9 117.316650390625
102.0 217.138259887695
102.3 19.3855972290039
102.9 273.466094970703
103.8 18.61305809021
103.9 63.1838645935059
104.0 142.567977905273
104.7 28.6089706420898
104.9 49.6556549072266
105.2 24.0507545471191
106.0 31.8328990936279
106.2 19.6392707824707
106.9 105.871650695801
107.0 667.985412597656
107.8 46.8678245544434
108.0 187.666717529297
108.2 443.546569824219
109.0 29220.62109375
110.0 1385.66943359375
110.1 1298.20385742188
110.8 24.9320240020752
111.0 222.058837890625
111.7 6.7202672958374
111.8 7.38365364074707
112.0 243.676162719727
112.1 63.8519821166992
112.3 13.1221971511841
112.6 33.7844657897949
112.8 26.4363231658936
113.1 62.9105186462402
114.9 104.212310791016
115.1 197.620986938477
115.8 12.9275140762329
115.9 303.655517578125
116.0 334.338195800781
116.1 59.7301445007324
117.0 837.496032714844
117.7 6.02412986755371
117.9 76.9498825073242
118.0 143.683837890625
118.1 57.1142845153809
118.8 9.50495719909668
119.1 90.176139831543
119.8 14.9501647949219
119.9 35.4853668212891
120.1 6.78799676895142
120.7 10.202431678772
120.8 34.0514984130859
121.1 29.5812244415283
121.8 27.1894817352295
122.8 62.83447265625
122.9 78.0270080566406
123.7 6.05816221237183
124.8 56.7770805358887
125.1 69.0673141479492
125.8 19.5089092254639
126.0 51.0196380615234
126.1 49.6445770263672
126.3 16.068229675293
126.4 34.6412086486816
126.8 65.0215377807617
127.0 89.2170028686523
127.8 20.9101581573486
127.9 74.6499176025391
128.8 115.817741394043
129.0 42.4615936279297
129.1 28.787015914917
129.7 7.27900791168213
129.9 59.2708892822266
130.1 32.9013137817383
130.9 35.4627380371094
131.1 85.4614944458008
131.7 24.3148670196533
131.8 35.2436561584473
132.0 9.30221462249756
132.1 51.3575401306152
132.9 144.135940551758
133.1 87.2390899658203
133.8 15.5862836837769
133.9 59.8305511474609
134.2 14.6666584014893
135.0 58.9890747070313
135.7 11.0014905929565
135.8 83.3895950317383
136.0 157.851333618164
137.0 1661.3447265625
138.0 1015.85406494141
138.9 177.525253295898
139.9 80.6844787597656
140.1 12.6469764709473
140.8 41.0160179138184
141.0 322.147796630859
141.8 15.0135707855225
141.9 74.4631195068359
142.0 64.4015350341797
142.6 6.90296459197998
142.8 42.3715553283691
142.9 167.635589599609
143.2 24.5284938812256
143.9 99.1910095214844
144.0 369.222351074219
144.0 949.248901367188
144.9 24.4008083343506
145.0 1184.2080078125
145.1 22.6783447265625
145.8 43.1882705688477
145.9 65.7515716552734
146.0 35.8450088500977
146.9 12.6340026855469
147.0 90.3909912109375
147.8 6.29991054534912
148.7 7.50466394424438
149.0 20.7776584625244
149.1 48.2910346984863
151.1 270.128143310547
151.8 56.7613716125488
151.9 52.1871490478516
152.1 29.8605308532715
153.0 208.58772277832
153.2 8.18641376495361
154.0 68.9841995239258
155.0 1525.45629882813
155.8 119.160736083984
156.0 40.1552124023438
156.1 134.580688476563
156.8 25.275146484375
157.0 67.669677734375
157.1 39.6192398071289
157.8 84.4893951416016
158.1 61.3128623962402
159.0 155.63818359375
159.7 24.2874851226807
159.9 68.5743713378906
160.8 106.152900695801
161.0 499.231231689453
161.8 36.9719696044922
161.9 99.8314971923828
162.1 91.2798004150391
162.9 257.687164306641
163.7 12.0971698760986
163.8 33.6367568969727
164.0 14.5553302764893
164.1 11.8275499343872
164.2 12.691104888916
164.7 8.76709365844727
164.8 86.3357696533203
165.9 30.5306739807129
166.0 24.2053089141846
166.8 77.7389068603516
166.9 5.24531555175781
167.0 121.035278320313
167.9 72.6673889160156
168.0 71.8170623779297
168.1 25.2841720581055
168.3 9.08490371704102
168.6 8.46282863616943
168.7 6.86359882354736
168.9 191.911407470703
169.9 64.4228057861328
170.0 124.260513305664
170.1 9.62047672271729
170.7 6.01230335235596
170.9 259.377899169922
171.1 10.5836086273193
171.9 30.0656452178955
172.0 59.3135223388672
172.8 8.49488258361816
172.9 73.1722412109375
173.8 6.83930635452271
174.0 116.808280944824
174.8 8.87823581695557
175.1 16.0740928649902
175.9 10.4890174865723
176.0 17.9550342559814
176.7 19.2686786651611
176.8 16.1866226196289
177.1 17.1921463012695
177.9 38.1601104736328
178.8 24.5799961090088
178.9 39.5422744750977
179.1 12.5027446746826
179.8 6.59402751922607
179.9 34.449893951416
180.7 66.3726501464844
181.0 98.4376602172852
181.7 9.75402069091797
181.9 93.4147644042969
182.0 32.1813087463379
182.7 19.8096599578857
183.0 138.220825195313
183.1 7.79168367385864
183.7 7.23416376113892
183.8 7.31746006011963
183.9 36.6697120666504
184.9 36.60302734375
185.0 27.9847545623779
185.8 14.4245433807373
185.9 19.238697052002
186.3 6.21168088912964
186.9 266.696411132813
187.8 6.19548082351685
188.0 6.88651466369629
188.9 121.095329284668
189.1 42.8890228271484
190.9 181.862808227539
191.6 6.52939558029175
191.8 40.6865234375
191.9 76.3213806152344
192.3 6.99119472503662
192.8 155.859451293945
193.1 15.0655479431152
194.8 17.3497848510742
195.0 331.752105712891
195.7 21.7876110076904
196.0 45.101432800293
197.0 467.602233886719
197.8 31.8895072937012
198.0 66.6287460327148
198.7 26.874340057373
199.0 62.0622100830078
199.8 22.581672668457
199.9 73.9124221801758
200.0 12.4918508529663
200.7 63.4237899780273
201.0 41.3470153808594
201.1 24.7740268707275
201.8 10.4432163238525
202.2 6.45306444168091
202.8 108.704513549805
203.1 75.6493148803711
203.7 7.74313592910767
203.9 56.8855438232422
204.1 9.47960758209229
204.9 59.7895812988281
205.0 38.5139389038086
205.9 38.1285591125488
206.1 23.4936084747314
206.9 373.301116943359
207.5 6.71898412704468
207.7 12.0660848617554
207.9 137.744049072266
208.2 8.16413974761963
208.8 38.6214942932129
208.9 107.71866607666
209.1 52.7060508728027
209.2 15.4840488433838
209.3 6.09774208068848
209.8 7.05056858062744
210.0 10.450083732605
210.1 16.1620540618896
211.0 610.175048828125
211.8 107.979682922363
212.0 218.599014282227
212.8 13.3677415847778
213.0 322.997863769531
213.7 12.7786245346069
213.8 24.3942165374756
213.9 68.810173034668
214.0 13.9369964599609
216.0 125.927490234375
216.1 53.4349708557129
217.9 131.65950012207
218.9 643.493530273438
219.8 55.268928527832
219.9 70.1445617675781
220.6 6.96528625488281
220.8 107.240852355957
221.0 52.4200439453125
221.1 31.7973766326904
221.9 32.0442657470703
222.0 28.9396839141846
223.0 695.346618652344
223.1 414.689422607422
223.8 87.885124206543
224.0 93.085075378418
224.1 360.825378417969
224.9 321.587707519531
225.1 665.212341308594
225.8 20.0064716339111
226.0 218.351257324219
226.1 60.6935653686523
226.4 17.8095684051514
226.7 8.6843147277832
226.9 102.898643493652
227.1 74.1724700927734
228.0 24.4071941375732
228.8 111.229545593262
228.9 1.10116577148438
229.9 7.77876329421997
230.2 18.4760780334473
231.0 77.1461334228516
231.9 30.3215980529785
232.0 5.97656345367432
233.0 176.330078125
233.9 260.649841308594
234.9 198.131164550781
235.1 269.836669921875
235.8 27.2678546905518
237.0 508.82861328125
237.9 360.977172851563
238.7 50.9663162231445
239.0 73.0018310546875
239.1 150.707138061523
239.8 58.2914237976074
240.0 65.9705657958984
240.7 17.5579605102539
240.8 68.5132217407227
240.9 261.545074462891
241.8 38.0093841552734
241.9 15.6274652481079
242.2 8.69907855987549
242.8 17.5648059844971
243.0 38.6164894104004
244.8 27.7250747680664
245.0 61.5300483703613
245.2 6.89683437347412
247.8 7.52084922790527
248.0 7.34472417831421
248.1 10.3547124862671
248.7 8.41073036193848
249.1 14.5090618133545
249.7 23.1710548400879
249.9 90.8233489990234
250.0 77.0882873535156
250.2 38.9652214050293
251.0 403.388946533203
251.2 131.544082641602
251.9 60.1038246154785
252.1 398.723846435547
253.1 23508.814453125
254.0 164.783309936523
254.1 3587.44580078125
254.1 232.875869750977
254.8 61.4929733276367
255.0 387.147888183594
255.2 109.679061889648
256.0 6.6512885093689
256.8 78.7484741210938
257.0 26.9319629669189
258.7 8.97257041931152
258.8 16.1115760803223
258.9 16.1709499359131
259.0 7.73630285263062
260.8 8.11857509613037
260.9 8.6878547668457
262.9 5.81579160690308
265.0 7.18720436096191
265.8 6.65474891662598
266.0 15.3362684249878
266.1 7.1865382194519
266.8 40.8060340881348
267.0 31.009428024292
267.9 182.314376831055
268.1 399.210266113281
269.0 73.2995147705078
269.1 2657.18334960938
269.8 10.6867542266846
269.9 18.1462287902832
270.1 389.316284179688
270.2 34.0888748168945
270.6 23.2444858551025
270.9 57.9179382324219
271.0 121.524574279785
271.7 7.85635948181152
272.0 8.40108585357666
272.1 9.51042938232422
272.8 29.1743602752686
273.0 193.740081787109
273.1 71.9648284912109
273.9 30.6993885040283
274.7 8.03923892974854
274.8 115.063606262207
275.0 59.0518989562988
275.8 11.9816951751709
276.0 11.5809173583984
276.6 17.0719833374023
276.8 52.5486602783203
277.0 104.881500244141
278.7 17.0444526672363
278.9 85.5714569091797
279.1 6.73032188415527
279.7 5.97142601013184
280.0 6.68277835845947
280.2 8.19037818908691
281.0 176.775131225586
281.1 77.7070465087891
282.0 19.4347610473633
283.0 12.758885383606
283.1 33.493595123291
284.8 2.61285400390625
285.0 380.255981445313
285.9 77.5945892333984
286.0 59.3363800048828
286.9 46.6001358032227
288.9 192.703125
289.8 82.0035095214844
290.7 7.28701305389404
290.8 32.9530792236328
291.1 144.140670776367
291.8 34.0032348632813
291.9 37.2265510559082
292.1 28.815034866333
292.9 664.728881835938
293.7 20.5182609558105
293.9 177.096832275391
294.1 9.36046123504639
294.2 11.9306888580322
294.7 17.6290874481201
294.8 194.44189453125
295.8 5.93343162536621
296.0 33.6165351867676
296.7 15.5374231338501
296.8 36.4758758544922
297.0 48.4615287780762
297.8 55.5928764343262
298.8 30.0989665985107
300.8 20.1970863342285
301.0 22.0809020996094
302.8 6.16839122772217
302.9 28.7930164337158
303.1 8.14783382415771
304.1 16.9234199523926
305.1 31.8412380218506
305.9 6.09493494033813
306.8 19.3672962188721
306.9 266.758056640625
307.1 488.123413085938
307.9 68.6963348388672
308.0 531.326904296875
308.2 63.5665245056152
308.8 15.4012336730957
308.9 48.4406814575195
309.0 74.5583038330078
309.1 50.7706680297852
310.7 28.4336833953857
310.9 7.75457859039307
311.0 66.7704620361328
311.1 16.7268772125244
312.0 8.98109245300293
314.9 30.1050682067871
315.0 14.2594890594482
316.8 6.35735130310059
318.8 13.1662502288818
322.0 10.9092559814453
322.3 6.36291551589966
323.1 38.5540733337402
323.9 19.3756484985352
324.1 2992.26953125
325.1 398.963165283203
325.2 257.678619384766
325.3 16.8509464263916
325.7 6.80350065231323
325.9 7.62282228469849
326.0 53.9830322265625
326.1 115.819511413574
326.3 9.15923404693604
328.8 11.6411733627319
329.0 7.26652526855469
332.9 12.6096782684326
333.0 12.8668413162231
334.1 29.1236534118652
334.9 6.89866352081299
335.0 6.39738750457764
335.9 11.6927547454834
336.0 9.30510330200195
336.2 21.7945690155029
345.0 13.1875133514404
345.1 7.16236686706543
347.1 8.01139163970947
348.0 10.649974822998
348.2 16.7104072570801
348.8 34.9418983459473
348.9 55.2659950256348
349.1 50.4455947875977
350.0 87.2931594848633
350.1 31.740213394165
350.9 5.78481578826904
351.0 194.483917236328
351.2 60.1285820007324
352.0 27.1837291717529
352.7 19.3730869293213
353.0 26.7136554718018
353.1 7.65059423446655
355.9 6.20653295516968
363.0 12.8793134689331
366.8 12.3171672821045
367.0 65.6878128051758
367.9 30.5693130493164
368.0 70.8454742431641
368.2 159.437271118164
368.3 19.9610385894775
368.4 5.8617901802063
369.0 21.8234157562256
369.1 11.7295522689819
369.3 20.324649810791
401.0 6.8718638420105
