#"+EI Scan (rt: 5.785-5.913 min, 23 scans) R8M3.D  Subtract "
#Point,X(Thompsons),Y(Counts)
40.1 66.0275192260742
40.9 31.4058227539063
41.0 574.590454101563
41.2 40.3946723937988
42.0 153.418731689453
42.1 27.9200534820557
43.1 644.305114746094
43.1 130.748245239258
44.0 917.778686523438
44.1 52.618335723877
44.8 16.1778469085693
45.0 100.014389038086
45.2 18.7175960540771
45.8 5.78862571716309
46.0 8.3121395111084
46.2 7.45002460479736
47.0 152.209594726563
48.9 4.06949710845947
49.8 7.92364120483398
49.9 69.3236389160156
50.0 59.0410270690918
51.0 391.936828613281
51.8 15.4229145050049
51.9 64.0005340576172
52.1 47.6787109375
52.9 63.4814453125
53.1 38.249626159668
53.7 6.78390693664551
53.9 18.5934925079346
53.9 24.5918083190918
54.0 56.7240676879883
54.2 21.0885124206543
55.0 585.11181640625
56.0 338.573333740234
57.0 43.2465438842773
57.1 411.529113769531
57.5 8.2329568862915
57.9 43.5162086486816
58.2 35.3227081298828
59.0 623.0908203125
60.0 77.0717849731445
60.1 21.2296161651611
60.9 18.2616271972656
61.0 77.1767501831055
61.9 13.6611709594727
62.0 187.372680664063
62.1 16.8147315979004
63.0 653.940673828125
63.1 22.0893020629883
63.9 144.366149902344
64.1 78.6005935668945
64.2 11.3000993728638
64.9 88.2185897827148
65.1 50.5051307678223
65.9 22.6477737426758
66.0 31.565393447876
66.9 31.4169158935547
67.0 14.9700946807861
67.9 1.81278228759766
68.0 92.8785629272461
68.2 23.9831962585449
68.9 38.1458969116211
69.1 249.689224243164
69.9 21.7180671691895
70.1 118.016891479492
70.2 7.57510471343994
70.7 14.3071174621582
70.9 52.6799545288086
71.8 4.84018707275391
72.0 188.562911987305
72.2 83.1402282714844
73.0 189.392578125
73.9 49.8228759765625
74.1 25.1519241333008
74.2 8.50317573547363
75.0 421.694763183594
75.8 3.69386005401611
76.0 322.183837890625
76.1 4.02873229980469
77.0 588.830078125
78.0 478.884765625
79.0 46.8179779052734
79.1 66.2728805541992
79.9 18.5276641845703
81.0 220.2451171875
81.9 103.163063049316
82.0 105.614929199219
82.3 20.2292900085449
83.0 3044.44287109375
83.9 122.848297119141
84.0 131.990707397461
84.9 7.6962890625
85.0 26.4121246337891
85.1 70.4314575195313
86.0 31.7964401245117
86.1 7.30955648422241
86.8 23.2391471862793
86.9 3.70757865905762
87.1 68.1054840087891
87.6 15.7616872787476
87.8 6.10120534896851
87.9 76.1235580444336
88.0 118.744110107422
88.2 13.0368452072144
89.0 551.280456542969
89.0 802.548522949219
90.0 416.911590576172
90.2 2.23215389251709
90.8 44.0761184692383
91.0 87.8890533447266
92.1 30.7235984802246
92.7 4.54934310913086
92.9 9.96162223815918
93.0 45.1130294799805
93.8 6.12180328369141
93.9 104.476982116699
94.1 17.9748287200928
95.1 149.842407226563
95.9 38.5182876586914
96.0 47.0479049682617
97.1 115.238662719727
97.9 0.114974975585938
98.1 22.1065139770508
98.7 6.47848272323608
98.9 57.6990165710449
99.1 19.2056083679199
99.9 5.8287353515625
100.0 11.7342748641968
100.8 12.2561140060425
101.0 15.8306789398193
101.2 11.1177320480347
101.4 11.3707790374756
101.8 70.5769119262695
101.9 125.288948059082
102.0 141.811157226563
102.6 1.3893928527832
102.9 271.851135253906
103.0 90.7272644042969
103.1 42.926929473877
103.9 65.6212615966797
104.0 154.061996459961
104.8 14.3531341552734
104.9 15.3419761657715
105.0 38.8102989196777
105.8 18.0139026641846
105.9 19.1269645690918
106.1 36.3590240478516
106.8 37.1143493652344
106.9 79.1446914672852
107.0 650.31298828125
107.1 103.17455291748
107.9 174.955184936523
108.2 607.922424316406
109.0 33351.73828125
109.9 4.329833984375
110.0 2515.9873046875
110.9 34.7105102539063
111.1 164.134811401367
111.2 7.7960352897644
111.7 32.5869407653809
111.8 55.4735260009766
111.9 70.3665618896484
112.1 106.329055786133
112.2 130.134506225586
112.9 66.7295074462891
113.2 12.6982011795044
113.9 14.0333862304688
114.1 7.80961561203003
114.9 82.7387619018555
115.0 86.7100830078125
115.1 78.8807373046875
115.2 12.9542751312256
115.7 9.30584526062012
115.9 392.863098144531
116.0 358.991241455078
116.3 7.83415937423706
117.0 657.685913085938
117.1 53.4345397949219
117.7 8.15813446044922
117.9 200.0576171875
118.2 21.1033401489258
118.9 47.0500411987305
119.1 126.461959838867
120.0 29.4521827697754
120.8 22.8672943115234
121.0 80.0640106201172
121.2 7.73188734054565
122.0 60.3790245056152
122.7 0.183083534240723
122.7 8.79033660888672
122.9 21.8555755615234
123.0 72.7236099243164
123.8 28.9875030517578
124.9 189.834945678711
125.2 21.818452835083
125.4 8.21014976501465
125.7 6.95017671585083
125.9 45.3265800476074
126.0 41.8042030334473
126.2 13.0967864990234
126.4 74.3735046386719
126.6 36.7258567810059
126.7 68.4504852294922
127.0 70.2597808837891
127.1 8.50391292572021
127.4 6.8281569480896
127.8 14.8012237548828
128.0 65.2248382568359
128.8 47.1195487976074
129.0 86.5336456298828
129.1 18.7660903930664
129.8 41.3627052307129
129.9 90.2581634521484
130.1 46.1532363891602
130.7 9.16384410858154
130.9 75.4691772460938
131.0 104.159271240234
131.1 9.87532424926758
131.7 7.45742607116699
131.8 48.8172874450684
131.9 27.3240146636963
132.1 41.5606346130371
132.2 25.6824836730957
133.0 147.784210205078
133.1 96.6941680908203
134.0 15.1802320480347
134.2 28.3009185791016
134.8 35.9593353271484
135.0 120.838653564453
135.6 5.15132904052734
136.0 42.8020172119141
136.1 24.2089614868164
136.2 14.1370725631714
137.0 1241.5234375
137.9 78.3086624145508
138.9 188.87385559082
139.9 27.6322441101074
140.9 92.0761260986328
141.9 59.9913024902344
142.0 60.2397155761719
142.2 6.16019296646118
142.9 140.495590209961
143.1 86.7536468505859
143.9 61.3366622924805
144.0 1234.56042480469
144.1 294.543151855469
145.0 1676.45886230469
145.1 15.4409198760986
145.8 85.6340866088867
145.9 93.0550994873047
146.0 5.56907558441162
146.8 47.7155914306641
146.9 19.2708110809326
147.1 0.782086372375488
147.8 16.4051380157471
148.7 8.80533599853516
148.8 36.6784591674805
149.1 39.3543434143066
149.8 11.0179252624512
150.8 99.2960968017578
151.0 79.1488037109375
151.6 6.70781421661377
151.8 48.2005310058594
151.9 23.8249359130859
153.0 46.9597625732422
153.1 14.9200401306152
153.8 50.173511505127
154.0 14.0813255310059
155.1 377.914459228516
155.8 41.8056945800781
156.0 213.280181884766
156.8 23.7452621459961
156.9 219.495697021484
157.7 11.570333480835
157.8 32.2110252380371
158.0 45.189567565918
159.0 463.15380859375
159.9 152.881805419922
160.7 17.1313667297363
161.0 122.734802246094
161.1 38.2238388061523
161.7 19.72385597229
161.9 52.5514450073242
162.1 36.1161727905273
162.7 83.0315856933594
163.7 3.42046117782593
163.9 20.2956008911133
164.0 4.74513912200928
164.2 8.80439472198486
164.7 46.1450538635254
165.0 22.5560302734375
165.6 9.84198665618896
165.9 3.88114166259766
166.1 3.10918164253235
166.7 23.9790382385254
167.0 120.668846130371
167.7 10.0044927597046
167.9 28.1664447784424
168.0 75.1032409667969
168.7 27.4787368774414
168.9 15.9831848144531
169.0 63.5725936889648
169.1 16.7941741943359
169.8 9.14135456085205
169.9 128.884811401367
170.0 26.1813182830811
170.9 182.888824462891
170.9 59.1986236572266
171.9 41.1227874755859
172.1 48.2401924133301
173.0 16.3738555908203
173.1 16.9475345611572
173.7 11.4227457046509
173.8 31.7905006408691
174.0 98.0230865478516
174.9 52.8532905578613
175.9 20.1596298217773
176.0 15.9688596725464
176.9 106.814994812012
177.8 21.413480758667
178.0 9.88375473022461
178.8 17.5529594421387
178.9 16.9998264312744
179.0 20.1966285705566
180.7 18.4261531829834
181.0 329.46142578125
181.9 40.0802879333496
182.1 38.1606292724609
182.9 88.0182266235352
183.0 6.03413963317871
183.8 19.410135269165
184.1 20.7608089447021
184.7 3.09272766113281
184.9 29.0869293212891
186.0 42.22119140625
186.8 5.22506713867188
186.9 11.5691680908203
187.9 11.233344078064
188.6 0.416653633117676
188.7 27.3620185852051
188.9 4.49417114257813
189.1 1.36168766021729
190.6 8.50278091430664
190.7 20.3441314697266
191.1 75.3387451171875
191.8 46.869213104248
192.0 8.42725372314453
192.9 63.4782829284668
193.0 190.206176757813
194.0 36.5538711547852
194.9 485.157104492188
195.7 15.7471046447754
195.9 47.8005523681641
196.0 32.045539855957
197.0 92.5581665039063
197.8 16.791711807251
197.9 147.002960205078
198.7 15.1382064819336
199.0 122.899765014648
199.0 41.2629013061523
199.8 7.24226713180542
199.8 38.904411315918
200.0 19.1197204589844
200.9 266.880126953125
201.8 9.81753826141357
202.0 31.9777526855469
202.7 15.5620813369751
202.8 10.0195388793945
203.1 33.3430404663086
203.7 14.3063650131226
203.8 4.37115097045898
204.1 17.1555309295654
204.7 5.7359561920166
204.9 79.3281173706055
205.1 71.2980270385742
206.0 17.4509811401367
206.1 16.0584163665771
207.0 66.9711608886719
208.0 172.201614379883
208.6 9.28059959411621
209.0 45.8757095336914
209.1 30.9672050476074
209.8 8.54647731781006
210.0 13.5009155273438
211.0 369.20166015625
211.9 36.7569885253906
212.8 12.2807731628418
213.0 110.730560302734
213.2 2.33854198455811
214.0 91.620491027832
215.0 646.306640625
216.0 222.483276367188
216.9 170.613479614258
217.0 14.3484039306641
217.6 10.7890844345093
217.7 19.4868392944336
217.9 70.8178634643555
218.0 15.2779035568237
219.0 311.778625488281
219.7 39.985294342041
219.8 83.7241058349609
221.0 101.729721069336
221.7 3.06155109405518
221.9 7.42159366607666
222.1 24.8644161224365
223.0 1031.51794433594
223.6 5.98282861709595
224.0 210.031890869141
224.1 287.867126464844
225.1 1002.673828125
225.9 142.218734741211
226.1 119.22282409668
226.5 13.8866233825684
226.9 148.791442871094
227.1 15.4487152099609
227.9 14.4368934631348
228.0 3.49563646316528
228.9 262.630615234375
229.9 28.921142578125
230.0 55.1847991943359
230.6 8.4886531829834
230.9 16.8999099731445
231.9 8.86778926849365
232.0 4.1941967010498
232.2 6.86498737335205
233.0 145.9033203125
234.0 208.28955078125
234.9 249.953247070313
235.8 13.7684135437012
236.0 36.9383544921875
236.1 6.94210433959961
237.0 388.91845703125
238.0 298.46923828125
238.8 0.433914184570313
238.9 286.76025390625
240.9 110.296752929688
241.8 22.2025718688965
242.7 3.11497640609741
242.9 27.6364974975586
243.0 22.3140029907227
244.9 14.988842010498
246.8 17.7408313751221
247.8 18.7370719909668
247.9 8.81584072113037
248.1 23.6677932739258
248.2 22.07301902771
248.7 34.7290954589844
248.9 1.99271106719971
249.1 57.5331840515137
249.7 19.0940742492676
249.8 6.68139791488647
250.0 119.836822509766
250.1 63.7485885620117
250.3 12.7328109741211
250.7 15.2453880310059
250.9 136.432754516602
251.0 234.10173034668
251.1 146.430938720703
251.3 11.5853004455566
251.7 9.94688129425049
251.8 20.0239543914795
252.0 363.081085205078
252.1 23.2900314331055
253.1 25563.455078125
254.1 4384.26513671875
254.8 23.5314617156982
255.0 314.50732421875
255.1 232.289321899414
255.9 7.96433305740356
256.0 41.0855140686035
256.9 43.3991088867188
257.0 38.7262268066406
258.6 10.1589221954346
258.9 33.5305442810059
259.0 9.30374050140381
260.5 6.60919857025146
261.0 6.71136045455933
261.9 7.29513835906982
262.7 12.9519052505493
265.0 7.44763374328613
265.6 12.4433698654175
266.8 5.47836208343506
267.0 30.5681533813477
267.1 9.7358226776123
267.3 6.59385871887207
267.9 16.7106323242188
268.0 359.4697265625
268.1 327.626312255859
268.2 21.1413326263428
269.0 2764.26342773438
269.8 14.7813882827759
270.0 279.544647216797
270.1 211.194686889648
270.2 11.7975406646729
270.7 14.8316440582275
271.0 97.7753601074219
271.1 47.920352935791
272.1 14.6014070510864
273.0 88.1889572143555
273.8 14.3731698989868
273.9 3.55687141418457
274.9 44.0108032226563
275.1 31.0756168365479
275.9 5.64427947998047
276.0 4.13017749786377
276.8 16.4035034179688
277.0 46.4780731201172
277.1 22.9788589477539
278.8 17.6587371826172
279.0 2.26799392700195
279.9 13.2982349395752
280.9 52.6795997619629
281.0 23.0197792053223
281.1 45.6045532226563
281.9 13.2115287780762
282.1 33.861213684082
282.8 0.792030811309814
283.0 12.2818441390991
284.8 77.471809387207
284.9 37.8278884887695
285.1 45.8750877380371
285.9 53.0281562805176
287.1 26.2702007293701
288.9 211.418518066406
289.7 6.82785606384277
289.8 9.1683349609375
290.0 82.7305297851563
290.9 7.16500854492188
291.0 67.4788970947266
291.6 8.33698081970215
291.8 2.94835042953491
292.0 52.5004920959473
292.2 16.1459712982178
293.0 835.907592773438
293.7 9.00711441040039
293.9 54.0225524902344
294.8 72.2350387573242
295.1 27.3344650268555
295.3 8.36533069610596
295.8 24.799877166748
296.1 16.0374813079834
297.0 42.8383483886719
297.8 6.77030467987061
298.0 1.55095863342285
298.8 70.0866470336914
299.1 3.20832777023315
300.8 5.35305166244507
300.9 10.6631240844727
301.0 11.7808809280396
302.9 9.3518123626709
305.1 1.48780107498169
306.9 196.316177368164
307.0 486.503723144531
307.1 92.5897521972656
307.9 50.0296401977539
308.0 593.067077636719
308.2 63.6941833496094
308.9 45.1061744689941
309.0 222.025772094727
309.1 30.53883934021
309.9 7.42648506164551
310.2 8.8451509475708
310.8 14.5367937088013
314.9 15.4352035522461
316.1 7.62954092025757
316.9 9.06439304351807
318.9 31.546365737915
320.8 6.84882307052612
322.8 30.2763557434082
323.0 13.6817960739136
323.1 7.44911527633667
324.1 3356.15380859375
325.0 96.6629791259766
325.1 785.161254882813
325.9 32.7486534118652
326.0 51.4416465759277
326.1 86.4218902587891
326.3 27.7545566558838
327.2 6.57776260375977
330.6 9.45265960693359
330.8 7.7007942199707
331.1 9.20329570770264
332.8 1.68511390686035
333.8 16.3082733154297
334.9 15.6485013961792
336.1 18.7302207946777
336.9 8.19706249237061
344.7 5.63801765441895
348.1 4.3958854675293
348.8 10.6604490280151
348.9 9.18591690063477
349.0 30.7809638977051
349.1 6.95676565170288
349.8 10.7511739730835
349.9 42.7376022338867
350.0 38.0804481506348
350.2 114.890197753906
350.9 66.9440231323242
351.1 146.428298950195
351.2 73.707405090332
351.3 13.5321989059448
352.1 13.7352666854858
352.8 11.4857568740845
352.9 47.7993583679199
368.0 41.9629402160645
368.1 133.73454284668
368.2 166.563430786133
369.1 41.0373611450195
369.2 44.2938499450684
403.0 7.26750564575195
