#"+EI Scan (rt: 5.791-5.925 min, 24 scans) R6M3.D  Subtract "
#Point,X(Thompsons),Y(Counts)
40.1 38.3080635070801
40.2 21.1161651611328
41.0 163.817901611328
41.1 524.718322753906
41.9 76.0463562011719
42.0 221.550369262695
42.2 22.2969532012939
43.1 635.148132324219
44.0 856.859130859375
45.0 204.270736694336
46.1 30.2554168701172
46.8 13.983494758606
47.0 268.528503417969
48.8 15.613151550293
48.9 59.5641441345215
50.0 184.178833007813
50.9 181.43196105957
52.0 80.6513748168945
52.1 14.60023021698
52.9 38.5397033691406
53.0 317.875457763672
54.1 76.4030609130859
55.0 841.440856933594
56.1 313.481292724609
56.2 15.7154340744019
57.0 928.591735839844
57.8 23.641845703125
58.1 200.611373901367
58.2 9.69612598419189
59.0 582.72021484375
60.1 32.6583099365234
60.7 15.4205932617188
60.9 54.0769004821777
61.8 6.81874799728394
61.9 161.727294921875
62.0 84.8853759765625
62.1 93.9209518432617
63.0 10.7427673339844
63.1 679.144714355469
63.8 28.4705867767334
64.0 208.024215698242
64.9 43.6119842529297
65.0 71.5372543334961
65.2 27.8355026245117
66.0 31.1767501831055
66.1 45.237964630127
66.3 6.92449331283569
66.8 1.84949493408203
67.0 135.158142089844
67.1 2.40015411376953
67.2 22.5282974243164
67.9 20.1987228393555
68.2 25.5117893218994
68.9 161.896499633789
69.0 162.841369628906
69.1 52.034740447998
69.8 8.59249877929688
70.0 40.2212181091309
70.1 153.119400024414
70.8 50.0635375976563
71.0 99.3520202636719
72.0 193.909652709961
72.2 57.8226737976074
72.3 8.29947853088379
73.0 527.0791015625
74.0 339.688171386719
74.9 178.771896362305
75.0 837.520935058594
75.9 187.443649291992
76.1 558.801391601563
76.2 9.30166912078857
77.0 294.4287109375
78.0 866.27001953125
78.9 353.782562255859
79.8 47.7385063171387
80.0 101.356872558594
80.2 10.2059717178345
81.0 379.607177734375
81.1 153.25651550293
82.0 74.5617370605469
82.1 80.5347137451172
82.2 18.3441486358643
82.9 76.5752182006836
83.0 3416.2001953125
83.8 13.2569990158081
83.9 115.350860595703
84.0 176.786819458008
84.2 8.81773471832275
85.0 314.320648193359
85.7 6.31887102127075
85.9 81.1982803344727
86.0 21.3786487579346
86.7 9.41686534881592
86.8 55.5493354797363
87.0 11.0424499511719
87.8 82.7354507446289
88.0 214.496444702148
88.1 11.2065057754517
88.3 20.2404708862305
89.0 1775.95788574219
89.9 140.898880004883
90.0 416.554870605469
90.8 13.8976821899414
91.0 405.296264648438
92.1 55.2985191345215
92.7 31.4672374725342
92.8 55.5429382324219
92.9 25.4234466552734
93.8 15.1117525100708
94.0 111.630470275879
94.6 8.16613864898682
94.8 36.3163299560547
94.9 94.2000350952148
95.0 8.78330993652344
96.1 185.915481567383
96.7 15.3350791931152
96.8 26.66139793396
97.1 196.728454589844
98.0 34.0088768005371
98.1 35.8515586853027
98.9 76.1727676391602
99.1 19.5713634490967
99.2 9.78545665740967
99.8 9.36924648284912
99.9 59.7410888671875
100.0 62.2496185302734
101.0 45.2228736877441
101.2 27.4990787506104
101.7 34.2355842590332
101.9 138.524200439453
102.1 205.53889465332
102.9 292.879486083984
103.0 426.426055908203
103.1 30.1216869354248
103.7 9.66536903381348
103.9 36.0019226074219
104.1 122.173492431641
104.8 53.4617156982422
105.0 63.6175537109375
105.8 18.646354675293
106.0 10.0549383163452
106.1 38.3338432312012
107.0 1238.00244140625
107.9 81.438117980957
108.0 67.3207550048828
108.1 668.838134765625
108.2 81.70654296875
109.0 39964.97265625
110.0 3549.5634765625
110.8 151.031021118164
111.0 182.930435180664
111.2 16.9608516693115
111.7 30.5933532714844
111.8 20.2134475708008
112.0 127.893981933594
112.1 154.858627319336
112.2 46.2341423034668
112.8 48.3644371032715
113.0 328.279388427734
113.7 8.9283561706543
113.9 15.3295011520386
114.1 9.50554656982422
115.0 184.205902099609
115.7 6.4062442779541
115.9 32.8741149902344
116.0 736.29150390625
116.1 151.932571411133
116.9 242.047500610352
117.0 442.738647460938
117.8 79.0494613647461
117.9 52.2337951660156
118.1 147.489196777344
118.9 187.490982055664
119.7 13.839768409729
120.0 10.1375169754028
120.1 41.2317237854004
120.8 44.8878936767578
121.0 118.67032623291
121.8 6.66113328933716
121.9 20.5486507415771
122.8 31.1316680908203
122.9 163.103652954102
124.1 35.513744354248
124.7 44.1413154602051
124.9 19.5147705078125
125.0 131.186859130859
125.6 23.273416519165
125.8 82.5955352783203
125.9 13.3661737442017
126.1 60.376392364502
126.3 9.49302959442139
126.6 23.8234767913818
126.8 241.348526000977
127.8 26.6255970001221
127.9 45.5655174255371
128.0 79.0927200317383
128.1 6.45732069015503
128.9 77.0373382568359
129.1 105.253196716309
129.8 21.2313785552979
129.9 210.76042175293
130.2 6.67093896865845
130.7 34.2217445373535
131.0 214.127059936523
131.9 55.4665107727051
132.0 111.920875549316
132.1 26.3248443603516
133.0 431.465667724609
133.7 12.1631841659546
133.9 102.58243560791
134.1 90.4967422485352
134.5 6.98551750183105
134.8 27.1047668457031
135.1 114.793395996094
135.4 6.77544021606445
136.0 210.544372558594
136.1 248.084030151367
137.0 2062.181640625
138.0 356.84521484375
138.8 27.7662029266357
139.0 276.480102539063
139.9 90.1865615844727
140.0 99.4646072387695
140.1 10.0792083740234
141.0 1062.30102539063
141.8 77.0807876586914
142.1 57.8158378601074
142.7 17.9112300872803
143.0 219.505798339844
143.1 60.9669075012207
143.9 128.568161010742
144.0 1680.68615722656
144.2 46.2201385498047
144.8 19.2380828857422
145.0 2033.51477050781
145.9 153.351959228516
146.0 77.2982406616211
146.1 14.6332931518555
146.9 168.760681152344
147.0 114.400917053223
147.9 12.7324018478394
149.0 85.2701950073242
149.1 31.9266815185547
149.9 23.8189144134521
150.0 10.6481876373291
150.7 14.2237386703491
150.9 124.541137695313
151.1 158.761947631836
151.7 16.952428817749
151.9 115.638572692871
152.8 10.4975786209106
153.1 63.4626197814941
153.9 110.110481262207
154.0 61.455322265625
155.0 434.01123046875
155.8 24.8984756469727
155.9 177.533569335938
156.2 32.7359085083008
156.9 183.734146118164
157.1 285.617950439453
157.8 45.2826080322266
158.0 145.51091003418
158.1 80.8212509155273
159.0 194.84228515625
159.9 175.691528320313
160.7 25.2652149200439
160.8 269.094757080078
161.6 6.98648452758789
161.7 73.082145690918
161.9 75.3721694946289
162.0 98.2456893920898
164.0 100.148963928223
164.1 6.99799871444702
164.7 30.3735485076904
164.8 114.176422119141
165.0 115.008941650391
165.1 29.7731075286865
165.7 8.79179382324219
166.2 8.02518177032471
166.7 19.5390644073486
166.8 360.251129150391
167.1 42.3989448547363
167.8 62.5551910400391
167.9 31.1833744049072
168.0 111.958534240723
168.8 11.8553009033203
169.0 117.907676696777
169.1 31.2997493743896
169.2 17.1308479309082
169.8 6.53308725357056
169.9 31.6029205322266
170.0 173.373123168945
170.7 22.7024059295654
170.9 176.6884765625
171.8 22.9226474761963
172.0 89.5528335571289
172.1 16.4093265533447
172.7 6.53012990951538
172.9 61.7376823425293
173.0 92.3611526489258
173.9 62.7583427429199
174.0 90.0567245483398
174.8 7.22045946121216
174.9 24.3407344818115
176.1 36.4114723205566
177.0 54.8804626464844
177.8 68.7175674438477
178.0 36.234806060791
178.1 44.683521270752
178.9 73.1645812988281
179.1 31.3377151489258
179.8 6.68376016616821
179.9 77.0085372924805
180.1 28.8871402740479
180.5 7.90996503829956
180.9 85.6865844726563
181.7 10.147068977356
182.1 42.4471397399902
182.2 7.71715784072876
182.8 24.8403911590576
183.1 64.7827377319336
183.8 8.23427772521973
184.1 17.8534717559814
184.9 127.072662353516
185.0 131.156387329102
185.7 18.4261894226074
185.9 88.4832763671875
186.1 42.3722381591797
186.6 7.90485191345215
186.7 11.2496747970581
187.0 260.169830322266
187.0 104.706825256348
187.8 7.9287281036377
187.9 32.8467216491699
188.6 6.88410377502441
188.8 110.095329284668
188.9 116.774169921875
190.0 6.82345771789551
191.0 522.011535644531
191.7 20.6287670135498
191.8 18.7642784118652
192.0 107.603973388672
192.6 24.8381252288818
192.7 20.0698642730713
192.9 102.224548339844
193.1 129.993942260742
193.8 51.3496131896973
194.0 78.5263900756836
194.2 8.26485729217529
195.0 511.597930908203
195.9 212.75910949707
196.0 79.8559188842773
196.8 117.446350097656
197.0 249.568344116211
197.2 27.5070781707764
197.6 6.35328674316406
197.9 174.24153137207
198.1 91.669921875
198.2 8.41618824005127
198.8 60.6206970214844
199.0 346.962005615234
199.6 6.5479941368103
199.8 29.4567413330078
200.7 32.0107002258301
201.0 329.534545898438
201.1 31.0971527099609
201.7 10.0381383895874
201.9 105.74634552002
202.0 47.7508735656738
202.1 9.90979290008545
202.7 10.4023847579956
203.0 302.038696289063
203.8 43.8894653320313
204.0 21.5555648803711
204.6 25.7162322998047
204.8 12.8014831542969
205.0 22.5636596679688
205.7 13.1861371994019
205.9 23.3516464233398
207.0 68.13623046875
207.8 81.9817276000977
207.9 148.01887512207
208.2 8.0115442276001
208.7 12.8725709915161
208.9 36.8684234619141
209.8 7.64009284973145
209.9 46.092845916748
210.0 42.3663902282715
211.0 294.16357421875
212.0 572.866760253906
212.7 16.0333232879639
213.0 445.016052246094
213.7 14.3406953811646
214.0 3.72708129882813
215.9 83.74169921875
216.1 118.398063659668
216.9 240.550247192383
217.6 20.1557540893555
217.7 29.4402465820313
217.9 112.462120056152
219.0 746.308044433594
219.6 17.2875328063965
219.8 14.3911485671997
219.9 96.6997375488281
220.8 100.377807617188
220.9 315.374938964844
221.7 7.14923810958862
222.2 11.874683380127
223.0 1271.35559082031
223.9 141.740020751953
224.0 477.28955078125
224.2 7.67726707458496
224.9 174.294235229492
225.1 1099.18322753906
225.7 10.1546974182129
225.8 14.9786367416382
226.0 192.017623901367
226.1 101.663177490234
226.7 21.3108806610107
226.8 30.3789310455322
227.0 128.240600585938
227.8 39.0187873840332
228.0 32.3566665649414
228.1 14.2102317810059
228.9 431.778961181641
229.8 22.8280696868896
230.0 121.813621520996
230.0 49.0331153869629
230.2 13.403920173645
230.7 10.1790390014648
230.9 112.347434997559
231.2 13.565673828125
231.9 64.6880569458008
232.1 39.866584777832
233.0 608.85595703125
233.9 510.150543212891
234.9 216.509963989258
235.1 217.556030273438
235.7 11.1274871826172
236.0 180.554931640625
236.1 7.81354284286499
237.9 432.881469726563
238.6 19.5990238189697
238.9 296.373718261719
239.7 8.96781826019287
240.0 73.217414855957
240.7 27.6338558197021
240.8 66.3293151855469
240.9 208.831604003906
241.1 14.7685270309448
241.8 26.0249843597412
241.9 29.7648773193359
242.0 30.8151454925537
242.2 8.31472873687744
242.9 34.4786376953125
243.9 7.85671424865723
244.1 7.02764320373535
244.7 12.730673789978
244.9 60.7267265319824
245.0 71.4059829711914
245.5 6.8090968132019
245.7 6.33910894393921
245.9 14.3451070785522
246.9 9.66176414489746
247.0 14.1053819656372
247.2 11.6392669677734
248.0 13.9884653091431
248.2 6.88822746276855
248.9 24.1483249664307
249.0 127.5234375
249.9 126.391387939453
250.1 141.604995727539
250.2 26.6600799560547
250.9 92.9502334594727
251.0 441.373077392578
251.1 164.815139770508
251.7 8.04581737518311
252.0 53.2826690673828
252.1 469.215240478516
252.2 13.3952741622925
253.1 32295.14453125
254.1 5799.466796875
254.9 144.313430786133
255.1 487.961669921875
255.3 14.3911390304565
255.9 17.8741989135742
256.7 19.8375720977783
256.9 43.465015411377
257.0 46.4217720031738
258.8 34.4425201416016
259.0 93.9569320678711
259.9 6.42073202133179
260.7 11.0733947753906
260.8 7.6223030090332
260.9 30.6909084320068
262.1 9.7832498550415
262.7 6.3665623664856
262.8 37.9741172790527
263.0 6.5671010017395
264.0 8.53646087646484
264.9 11.7723073959351
265.1 7.03250646591187
266.1 7.28109312057495
267.0 44.0216827392578
267.8 17.7924098968506
268.0 347.873443603516
268.1 447.963653564453
268.2 14.0309839248657
269.0 63.2717132568359
269.1 3477.94165039063
269.8 7.66300773620605
270.0 664.860656738281
270.2 73.3022994995117
270.8 53.7101936340332
270.9 279.351135253906
271.1 31.4384708404541
271.7 31.3319034576416
271.9 30.5630550384521
272.0 21.1508274078369
272.9 283.01953125
273.0 143.489944458008
273.7 10.5784578323364
274.0 63.7897987365723
274.1 21.7673053741455
274.8 87.6585998535156
274.9 69.129638671875
275.0 41.2780303955078
275.8 70.9181289672852
275.9 38.3235359191895
276.6 26.1149845123291
276.8 35.4078941345215
277.0 72.3365859985352
277.7 20.4304370880127
277.9 29.9689483642578
278.7 14.9974660873413
278.9 146.607788085938
279.9 32.2993545532227
280.0 52.0201110839844
280.9 161.759765625
281.2 8.28612804412842
281.9 38.1714897155762
282.1 23.8190841674805
284.7 17.7041568756104
284.8 236.539916992188
286.0 156.155578613281
286.1 19.9253826141357
286.8 41.3621711730957
286.9 83.068977355957
289.9 176.031173706055
290.2 7.52925491333008
290.8 116.288177490234
291.1 113.616233825684
291.7 47.7698059082031
291.9 21.245756149292
292.0 73.9658126831055
292.1 22.5976791381836
292.9 945.223876953125
293.9 261.150848388672
294.0 49.2165374755859
294.9 365.471160888672
295.1 28.3191680908203
295.9 54.3335304260254
296.0 41.0571708679199
296.9 119.823944091797
297.1 77.4155731201172
297.9 36.7222862243652
298.0 27.7465209960938
298.8 46.8200073242188
298.9 84.8084182739258
299.0 10.4718008041382
299.9 21.2648906707764
300.1 15.1730947494507
300.6 9.06411838531494
300.9 49.1554870605469
301.1 6.3185248374939
302.8 15.2159147262573
303.0 49.812686920166
303.2 8.03340816497803
303.8 6.41585302352905
304.2 7.1676869392395
304.9 12.8861427307129
305.9 16.6052303314209
306.8 33.6930351257324
306.9 5.3970947265625
307.1 861.07373046875
307.2 59.5067291259766
307.9 31.0739994049072
308.0 492.000762939453
308.1 289.624053955078
308.8 14.6085090637207
308.9 184.76025390625
309.1 120.14444732666
310.0 52.6125297546387
310.7 11.6211128234863
311.0 58.5501861572266
311.1 42.1804008483887
315.0 26.9431228637695
315.9 9.39365863800049
316.8 8.02303314208984
319.0 27.1082000732422
320.1 15.4033327102661
321.0 15.938702583313
322.1 28.84108543396
322.9 32.1956329345703
323.0 21.3748321533203
323.1 28.4810848236084
324.1 868.223815917969
324.1 2968.73022460938
324.8 8.3936595916748
325.0 343.3388671875
325.1 639.396057128906
325.9 15.7304496765137
326.0 84.9825668334961
326.2 107.922477722168
326.9 52.5105628967285
327.2 10.9699440002441
328.7 6.91218519210815
331.2 6.97093915939331
332.9 7.09146356582642
333.0 56.3735542297363
334.0 8.33291053771973
334.9 8.28824996948242
335.2 11.2577276229858
335.8 7.0529522895813
336.0 37.6294212341309
336.2 32.0100517272949
336.5 7.23385763168335
341.0 7.965660572052
344.0 6.71482133865356
344.9 13.7458877563477
347.9 13.1230850219727
348.0 31.9420490264893
348.1 66.1806030273438
348.3 7.4859504699707
348.8 43.3668670654297
349.2 28.8483047485352
350.0 23.942907333374
350.1 243.721115112305
350.5 7.13629341125488
350.7 22.2347049713135
350.9 10.7492837905884
351.0 83.9828414916992
351.1 109.619468688965
351.2 116.739723205566
351.4 6.93535280227661
351.7 8.86614608764648
352.1 42.1095809936523
352.8 53.2177925109863
353.0 19.0031833648682
353.8 6.71756362915039
359.1 8.25366973876953
366.8 6.91821622848511
367.0 8.42721939086914
367.9 56.2688865661621
368.1 239.747756958008
368.3 116.321533203125
368.8 6.63577127456665
369.1 143.600494384766
370.0 6.50788688659668
370.8 6.64184761047363
405.0 6.72311639785767
425.8 6.65168571472168
