#"+EI Scan (rt: 6.747-6.846 min, 18 scans) R5M3.D  Subtract "
#Point,X(Thompsons),Y(Counts)
40.1 53.1413917541504
41.0 970.2060546875
41.1 644.039428710938
41.9 33.3671264648438
42.0 115.169631958008
42.1 50.7760696411133
43.0 1371.97485351563
43.1 1225.57543945313
44.0 319.28759765625
45.1 62.980899810791
47.0 162.610321044922
48.8 5.02597951889038
48.9 8.72627639770508
49.9 45.6134948730469
50.2 23.1357593536377
50.9 38.4358558654785
51.0 111.027908325195
51.7 8.64974594116211
51.8 54.1399726867676
52.0 31.8730392456055
53.0 227.138916015625
53.1 21.7734985351563
53.9 15.9868774414063
54.8 28.6708889007568
54.9 203.565780639648
55.1 135.010604858398
55.9 143.568817138672
56.0 22.3753967285156
57.0 97.22900390625
57.1 31.6321487426758
57.8 26.8070487976074
58.1 39.7332305908203
59.0 705.62841796875
59.9 16.2116394042969
60.1 9.8272705078125
60.7 21.2105541229248
60.8 13.7291831970215
60.9 46.0260047912598
61.9 16.6465263366699
62.0 38.1199340820313
62.9 170.14567565918
63.0 11.7106323242188
63.1 28.6426010131836
63.8 12.1447849273682
63.9 8.80973052978516
64.1 65.3234481811523
64.8 6.51891231536865
64.9 91.3041763305664
65.0 34.2716674804688
65.9 28.3044281005859
66.0 7.88087463378906
66.1 29.4063892364502
66.8 10.1656360626221
67.0 9.69237518310547
67.1 57.8874778747559
68.9 221.026306152344
69.1 34.1675834655762
70.0 23.7232284545898
70.3 9.95719337463379
70.8 14.394775390625
71.0 74.5509948730469
71.1 14.4245433807373
72.1 2.50125980377197
72.3 8.45668697357178
73.0 492.769134521484
73.8 4.81703948974609
74.0 72.5004577636719
74.1 53.4909477233887
75.0 342.731719970703
76.0 199.101425170898
76.2 114.010948181152
77.0 1214.529296875
78.0 590.0234375
78.9 365.386962890625
79.8 16.7091941833496
79.9 3.45574569702148
81.0 123.1123046875
82.0 16.2478370666504
82.9 69.0266265869141
84.9 55.1409034729004
85.2 15.9383411407471
86.0 37.4847183227539
86.1 23.4257984161377
86.7 28.9416160583496
86.9 21.665096282959
87.1 11.3588342666626
87.9 53.8143081665039
88.0 191.403762817383
88.2 9.84823608398438
88.9 282.273986816406
89.0 753.264465332031
89.9 212.098236083984
90.1 82.1476516723633
91.0 320.1533203125
91.1 51.4741744995117
91.9 19.5567245483398
92.1 6.19887351989746
92.7 1.55162048339844
92.9 52.9549713134766
93.1 104.99503326416
93.8 6.23530292510986
94.1 6.70372676849365
94.6 17.2393131256104
94.8 30.8156547546387
94.9 1.30805206298828
95.1 83.3060836791992
95.7 3.87968444824219
96.0 144.232574462891
96.9 39.091796875
97.0 61.6988906860352
97.2 12.6621990203857
97.7 10.2054328918457
98.1 43.1003456115723
98.4 11.9533767700195
98.9 30.3275985717773
99.0 35.1219711303711
99.8 4.8956503868103
99.9 43.8243408203125
100.0 7.62295150756836
100.2 33.675708770752
100.8 48.371639251709
100.9 126.714424133301
101.0 394.306793212891
101.9 271.169799804688
102.0 940.209350585938
102.9 141.553985595703
103.0 431.969055175781
103.8 57.5563087463379
103.9 115.972236633301
104.0 61.3998947143555
104.8 26.7324314117432
104.9 31.7828674316406
106.0 15.293794631958
106.2 17.2249755859375
106.5 20.9257678985596
106.7 35.3933944702148
107.1 64.6165313720703
107.2 12.5642042160034
107.6 12.9711637496948
107.7 41.3822631835938
108.0 40.5875854492188
108.1 24.1623058319092
108.3 28.1728534698486
109.0 686.334045410156
110.0 219.83283996582
110.7 17.7587814331055
110.9 72.0119476318359
111.0 75.0922393798828
111.9 6.32215166091919
112.9 18.1154708862305
113.0 302.270690917969
113.1 15.9680089950562
113.9 188.468673706055
114.0 297.347503662109
115.0 2020.33984375
115.1 234.129653930664
115.8 54.089412689209
115.9 34.8673858642578
116.0 1068.62158203125
116.1 933.872497558594
117.0 675.931945800781
117.8 12.8064670562744
117.9 67.1434860229492
118.0 199.471710205078
118.9 69.367431640625
119.0 123.482208251953
119.2 18.5696907043457
119.6 139.276473999023
119.7 29.5078945159912
120.1 14.4031610488892
120.2 68.6936569213867
120.5 68.6957397460938
120.6 78.7798156738281
120.8 85.4043655395508
121.0 29.1124572753906
121.6 3.6988582611084
121.9 9.35612869262695
122.0 15.1355714797974
122.1 53.8825492858887
123.0 155.770568847656
123.7 9.79749774932861
124.1 8.72428131103516
124.8 11.9206771850586
125.0 66.1919479370117
125.9 217.049026489258
126.1 389.910186767578
126.8 1.99957656860352
127.0 1518.59936523438
127.1 262.492248535156
127.8 30.7386035919189
128.0 647.00537109375
128.1 1979.060546875
129.0 2764.96923828125
130.0 1350.94299316406
131.0 218.385848999023
131.1 157.180465698242
131.6 8.88062381744385
131.8 126.567039489746
132.0 57.2133674621582
132.1 99.7526397705078
132.2 18.2864646911621
132.7 37.995491027832
133.1 168.114501953125
133.2 81.0418243408203
133.4 32.955207824707
133.6 196.223815917969
133.9 74.7907257080078
134.1 161.80827331543
134.2 48.8525314331055
134.3 26.7759799957275
134.6 28.1733665466309
135.0 157.427062988281
135.6 19.2118301391602
135.9 92.218994140625
137.0 2719.94921875
138.0 303.101745605469
139.0 3486.248046875
139.6 27.1613693237305
140.0 1005.05590820313
140.1 699.276794433594
140.8 97.1942443847656
141.1 1108.02111816406
141.5 85.0170059204102
141.6 510.643707275391
141.8 67.7164001464844
142.0 135.265090942383
142.1 48.3855934143066
142.6 13.9779634475708
143.0 232.109085083008
143.1 448.334228515625
144.0 5735.1044921875
144.9 315.873626708984
145.0 584.832885742188
145.9 17.932825088501
146.0 103.779151916504
146.1 25.2280864715576
146.3 45.0079765319824
146.7 15.6352691650391
146.8 88.5764770507813
147.6 50.8951606750488
147.8 30.5567588806152
148.0 50.9155921936035
148.2 76.5382995605469
148.3 85.7222518920898
148.5 277.351837158203
148.7 190.590118408203
148.8 58.1374931335449
148.9 19.4369583129883
149.1 115.797836303711
149.8 82.8236770629883
150.0 161.17903137207
151.0 694.670715332031
152.0 2134.333984375
152.2 63.4887542724609
153.1 3307.74682617188
154.0 1819.84411621094
155.0 1431.08483886719
155.7 22.4793071746826
156.0 581.190551757813
156.1 148.538970947266
157.0 601.224487304688
157.8 38.4365921020508
157.9 86.0535583496094
158.0 150.413711547852
159.0 672.1923828125
159.8 5.65426063537598
159.9 9.11997985839844
160.1 78.3269424438477
161.0 265.239288330078
161.1 35.4239349365234
161.8 22.307638168335
162.0 55.4820861816406
162.2 8.64317989349365
163.0 635.626159667969
163.9 1.35050392150879
164.0 45.2303009033203
164.1 20.4086856842041
165.0 291.331390380859
165.2 20.0826377868652
165.7 34.8686599731445
165.9 91.2918548583984
166.0 51.4900054931641
166.2 11.1770305633545
167.0 773.865783691406
167.8 33.7910499572754
167.9 137.529815673828
168.0 167.156677246094
168.7 39.4529304504395
169.0 245.292373657227
169.1 21.1249504089355
169.8 11.7397508621216
169.9 182.227142333984
170.0 151.759460449219
170.2 122.850395202637
170.8 6.88030242919922
170.9 121.684234619141
171.8 14.4081707000732
171.9 14.5233917236328
172.6 6.52954769134521
172.8 12.9723834991455
173.0 35.8459091186523
174.0 62.9034156799316
175.3 11.7659463882446
175.9 75.0501403808594
176.0 30.724609375
176.9 30.4416046142578
177.0 120.642761230469
177.8 8.40397262573242
177.9 85.2815704345703
178.1 39.552360534668
178.2 22.1048984527588
178.7 8.410719871521
179.0 99.7892150878906
179.8 39.8997955322266
180.0 47.5145072937012
180.1 37.6575584411621
180.3 11.1461706161499
180.7 3.0225944519043
181.0 632.728759765625
182.0 202.944183349609
182.2 17.0891895294189
183.0 383.233215332031
183.1 3236.92431640625
183.9 314.449584960938
184.1 364.543334960938
184.6 31.1338119506836
184.8 32.6854705810547
184.9 174.260925292969
185.5 8.57912445068359
186.0 301.694519042969
186.2 102.965629577637
186.8 81.0774612426758
186.9 22.9344940185547
187.0 81.2629928588867
187.8 28.3456935882568
188.0 63.0776824951172
188.1 26.1850090026855
188.2 27.2839126586914
188.6 5.38868045806885
188.9 44.7022094726563
189.0 73.0205535888672
189.1 29.0549659729004
189.9 32.5707473754883
190.8 46.5113220214844
190.9 42.9453430175781
191.9 74.9268493652344
192.7 6.37077331542969
192.8 220.795120239258
193.9 41.2655487060547
194.0 38.060417175293
195.0 2740.89477539063
195.9 320.995513916016
196.0 217.047348022461
197.0 391.338317871094
197.9 78.3810653686523
198.0 31.661470413208
199.0 152.977874755859
199.7 22.9535865783691
199.8 21.6106376647949
199.9 25.2651481628418
200.0 31.5012245178223
200.2 49.9563179016113
200.9 38.4309997558594
201.0 204.996429443359
201.6 15.0975751876831
201.9 120.459671020508
202.0 159.05891418457
202.7 53.5233116149902
203.0 45.3941650390625
204.0 28.7731838226318
204.1 12.1295976638794
204.9 114.694633483887
205.8 11.1126251220703
206.9 11.62841796875
207.0 35.837890625
207.8 24.8439025878906
207.9 96.4465713500977
208.1 11.4974670410156
209.0 90.8759918212891
209.1 39.686897277832
209.9 10.4507808685303
210.1 49.1031455993652
211.0 391.212890625
212.1 298.114624023438
213.0 432.443603515625
213.1 342.364624023438
214.1 7478.5341796875
215.0 2413.7841796875
216.0 374.633178710938
217.0 194.375854492188
217.1 66.561897277832
217.9 36.0894241333008
218.0 18.6089763641357
219.0 428.632049560547
219.9 155.402587890625
220.0 89.7869415283203
220.9 81.7625579833984
221.1 30.8285255432129
221.6 13.1060190200806
222.1 1.095290184021
222.9 107.124588012695
223.0 106.849533081055
223.9 187.696914672852
224.1 65.6119537353516
224.9 26.9406089782715
224.9 52.9023132324219
225.0 153.933868408203
225.1 13.0899515151978
225.9 114.610145568848
226.0 365.002868652344
226.1 477.795562744141
227.0 627.334167480469
227.8 9.57452297210693
228.0 202.490051269531
228.1 316.311859130859
228.9 73.1779861450195
229.0 104.050399780273
229.7 12.9558324813843
229.8 1.42533397674561
230.0 119.738739013672
230.1 26.0503349304199
230.7 3.42493438720703
230.9 66.3171005249023
231.0 36.0276031494141
232.0 55.9394569396973
233.0 870.4638671875
234.0 189.024963378906
234.8 40.1522674560547
235.0 146.320465087891
235.9 17.4698524475098
237.0 1050.3193359375
237.9 350.33837890625
238.0 39.9529113769531
239.0 964.107360839844
240.0 182.726791381836
240.0 502.100158691406
240.2 255.365661621094
241.0 2194.06176757813
241.9 82.2893981933594
242.0 476.765502929688
242.2 39.7052154541016
243.0 132.972244262695
243.1 63.9638137817383
244.6 10.1309852600098
244.8 5.22484588623047
245.0 5.23365783691406
245.1 27.2255344390869
246.2 10.1580944061279
246.9 1.57439994812012
248.6 24.1049289703369
248.8 17.1741027832031
249.0 24.4509391784668
249.1 19.2890033721924
250.0 47.4162483215332
250.1 111.208923339844
250.9 151.292846679688
251.0 145.390808105469
251.1 66.6192092895508
251.9 25.7654991149902
252.0 308.372589111328
252.2 44.8790550231934
252.8 6.70110321044922
253.0 768.549987792969
253.1 77.6010665893555
253.9 187.593688964844
254.1 3101.4794921875
254.9 128.780685424805
255.0 723.751281738281
255.1 668.213195800781
255.9 28.3252258300781
256.0 255.133026123047
256.1 342.729217529297
256.9 182.283081054688
257.0 47.3431396484375
257.1 4.68221473693848
257.8 14.5438585281372
258.0 30.1698684692383
258.7 54.1231002807617
258.9 9.09165191650391
259.1 19.23854637146
260.7 5.02051019668579
260.9 32.4224128723145
261.1 9.07719326019287
261.2 10.1100339889526
262.1 9.93026638031006
262.9 5.86731815338135
263.0 33.8046646118164
263.8 47.7790985107422
263.9 36.9167137145996
264.0 70.9575729370117
264.3 16.9028263092041
264.8 27.5452613830566
265.0 207.956161499023
265.1 56.0013084411621
266.0 190.984527587891
266.1 503.725158691406
266.2 31.73876953125
266.9 67.7706985473633
267.1 930.127197265625
267.2 86.3534088134766
268.0 138.595657348633
268.1 838.679992675781
269.0 1098.38720703125
269.1 656.783752441406
270.0 77.4221649169922
270.1 2662.65771484375
270.8 26.9709701538086
270.9 364.028472900391
271.1 289.399536132813
271.8 31.9261264801025
271.9 18.6928787231445
272.1 78.7076416015625
272.6 19.6434268951416
273.0 260.102630615234
273.9 7.76653671264648
274.0 18.5639705657959
274.9 13.3432006835938
274.9 176.4130859375
275.8 2.96557521820068
275.9 24.3316192626953
276.0 36.5124664306641
277.0 318.792236328125
277.7 21.7550430297852
277.9 129.736221313477
278.0 132.313568115234
278.6 5.52593517303467
278.9 67.2882843017578
279.0 123.350479125977
279.8 61.8523559570313
280.0 141.078659057617
280.0 245.378311157227
280.2 41.2099494934082
281.1 287.829254150391
281.2 12.2016096115112
282.0 102.926879882813
282.1 1326.05725097656
283.0 261.349456787109
283.1 1562.66235351563
284.0 368.121368408203
284.1 843.713134765625
285.0 296.074768066406
285.6 20.6162986755371
285.8 66.4598617553711
286.1 38.637825012207
286.8 72.4680099487305
287.1 36.5324630737305
288.0 5.06200551986694
288.2 7.7696328163147
288.9 306.778167724609
289.6 12.8174934387207
289.9 114.503387451172
290.8 13.9464197158813
290.9 4.77043151855469
291.1 57.2743453979492
291.9 88.9994125366211
292.2 47.2161865234375
292.9 468.406494140625
294.0 432.414794921875
294.1 37.7932205200195
295.0 515.368041992188
295.7 13.3051462173462
296.0 273.768585205078
296.1 381.976165771484
297.0 689.103332519531
297.1 134.375244140625
297.9 55.0002670288086
298.1 1936.33435058594
298.9 169.618682861328
299.1 460.043090820313
299.2 9.24575042724609
299.8 25.8250122070313
300.0 99.3180694580078
300.2 29.9156455993652
300.7 29.3486366271973
300.9 59.7051773071289
301.9 11.3879232406616
303.0 25.2244758605957
304.9 27.0863838195801
306.9 50.8840370178223
307.0 129.430557250977
308.0 153.36083984375
308.1 4.06371974945068
309.0 67.0658950805664
309.1 78.9176330566406
309.2 22.445161819458
309.8 39.6663436889648
310.0 168.573822021484
310.2 118.304336547852
311.1 214.80241394043
311.2 29.0029220581055
312.1 6646.17724609375
313.0 332.434844970703
313.1 1330.26318359375
313.8 37.2985763549805
313.9 40.6688346862793
314.2 130.220642089844
315.1 27.3221015930176
315.9 12.2845020294189
317.0 10.5805253982544
319.0 22.6764850616455
320.9 8.88863754272461
321.8 15.1745672225952
322.0 223.49365234375
322.2 127.843292236328
323.0 62.3040962219238
323.1 73.2188720703125
324.0 44.6331787109375
325.0 10.2414646148682
325.2 9.62984085083008
325.9 10.7611885070801
326.1 713.641845703125
326.3 9.85462474822998
326.7 19.2107772827148
326.9 22.7867279052734
327.0 116.623565673828
327.2 84.7165069580078
327.3 19.9642791748047
328.0 10.1998634338379
328.8 9.54210758209229
329.0 3.97119998931885
330.8 6.07695865631104
331.9 32.1347732543945
333.7 8.63685607910156
334.8 8.80649089813232
335.8 10.625768661499
338.0 34.9591751098633
339.1 9.66683101654053
340.1 4027.69140625
341.1 971.564208984375
341.2 282.084594726563
342.0 37.1181106567383
342.1 40.3615303039551
342.3 61.714485168457
344.9 18.5434131622314
345.1 9.55708026885986
348.6 4.02906322479248
348.8 60.5704689025879
349.0 19.770092010498
349.1 21.5988273620605
350.0 40.7021064758301
350.1 312.622406005859
351.0 115.447082519531
351.2 189.971282958984
351.3 17.2893371582031
352.2 7128.658203125
353.1 786.046142578125
353.2 1445.35571289063
353.3 22.7424221038818
354.0 157.85009765625
354.1 340.247619628906
354.3 57.6644020080566
354.8 4.27293968200684
354.9 3.81966590881348
355.1 18.3063430786133
355.2 77.4630889892578
357.1 9.52681541442871
365.9 34.6799430847168
366.3 37.0254707336426
366.7 20.8598155975342
366.9 3.9080638885498
367.1 95.0817413330078
367.2 51.1984329223633
368.1 1158.08374023438
368.2 4575.74755859375
369.2 11034.294921875
370.2 3107.6396484375
371.0 14.3725214004517
371.1 354.087554931641
371.3 138.019958496094
372.0 25.2603454589844
400.7 8.43202209472656
400.9 4.47000885009766
