#"+EI Scan (rt: 6.747-6.840 min, 17 scans) R7M3.D  Subtract "
#Point,X(Thompsons),Y(Counts)
40.1 64.0383529663086
40.2 28.9323120117188
41.0 312.239898681641
41.1 1123.74035644531
41.9 100.793502807617
42.1 79.0555572509766
43.0 99.3080444335938
43.1 2132.4013671875
43.9 403.142486572266
44.8 51.8325004577637
45.0 25.0837783813477
49.0 68.156982421875
49.8 4.6048059463501
50.1 10.1003513336182
51.0 149.207763671875
51.9 21.0508842468262
52.0 13.442479133606
52.1 11.3346099853516
53.0 63.8853607177734
53.1 81.9893798828125
53.9 48.8565330505371
54.0 12.8101539611816
55.0 203.387359619141
55.0 266.196166992188
55.9 48.0803527832031
56.1 19.5315494537354
56.9 260.774475097656
57.9 84.2364349365234
58.2 38.4865379333496
59.0 499.6005859375
59.9 153.930648803711
60.8 37.4571151733398
61.8 19.7868404388428
62.0 34.5555076599121
62.9 50.9137420654297
63.0 167.306930541992
63.8 0.557012438774109
63.9 25.2815589904785
64.1 36.2085113525391
65.0 46.7161026000977
65.1 32.7269020080566
65.8 8.31786823272705
66.1 17.2254467010498
67.0 88.9689025878906
67.1 39.5769348144531
68.2 9.99549770355225
69.0 33.1303405761719
70.8 92.0144195556641
72.0 16.3318481445313
73.0 394.52099609375
73.9 47.1398696899414
74.0 140.871856689453
75.0 274.011749267578
76.1 290.326171875
77.0 1029.134765625
78.0 593.05078125
78.9 6.1826810836792
79.0 42.7110290527344
79.9 6.81259918212891
80.0 60.3848838806152
80.1 8.09893703460693
81.0 5.230224609375
81.7 3.80878877639771
81.9 68.1001815795898
82.7 6.32250118255615
82.9 115.896286010742
84.0 28.2313632965088
84.9 72.1579895019531
85.0 14.4932861328125
85.2 13.4922122955322
85.8 15.96653175354
85.9 15.7311611175537
86.1 4.84761905670166
86.9 104.724967956543
87.0 13.3059272766113
87.1 10.7144002914429
87.8 22.1046924591064
88.0 190.221099853516
88.1 38.6940574645996
88.9 52.7900161743164
89.0 767.382446289063
89.1 56.1782150268555
90.0 367.7197265625
91.0 298.908874511719
91.1 70.746711730957
91.8 11.1975898742676
92.1 6.18541526794434
92.7 32.101146697998
93.1 60.3889312744141
94.4 12.7348718643188
94.7 25.9797744750977
94.8 39.9848327636719
95.1 13.2972946166992
96.0 42.1476821899414
96.2 45.0367279052734
96.8 46.7041816711426
97.1 99.1710357666016
97.8 35.4934463500977
97.9 68.8180236816406
98.8 12.1917362213135
99.0 28.0292320251465
99.1 20.1732139587402
99.7 10.1791763305664
99.8 8.12718868255615
99.9 41.2825012207031
100.1 2.60127782821655
100.8 10.8144178390503
100.9 216.008697509766
101.0 256.199920654297
101.3 15.2808961868286
101.8 40.896183013916
102.0 541.738037109375
102.1 519.174133300781
102.9 41.351490020752
103.0 472.981506347656
103.8 34.2217407226563
103.9 40.7418746948242
104.9 1.14653778076172
105.0 9.48899841308594
105.3 12.9590768814087
105.8 8.86014080047607
105.9 14.2398061752319
106.3 31.445240020752
106.7 1.3360481262207
106.8 16.0208473205566
107.1 33.2319831848145
107.7 12.5974950790405
107.8 6.76053810119629
108.0 10.0352220535278
109.0 231.93798828125
109.7 15.8540019989014
110.1 19.0419769287109
111.0 81.7381286621094
111.7 7.8130669593811
111.9 10.5431909561157
112.7 25.9497871398926
113.0 342.766540527344
113.2 17.7317333221436
113.7 45.8833236694336
114.0 221.074737548828
114.1 277.725433349609
115.0 2111.5478515625
115.9 262.627655029297
116.0 1752.98095703125
117.0 635.733032226563
117.7 19.1605319976807
117.9 27.0221748352051
118.0 125.274307250977
118.1 20.5672187805176
118.5 24.6954822540283
118.9 174.611480712891
119.1 12.6140003204346
119.3 37.5943222045898
119.4 63.845287322998
119.6 61.0349769592285
120.1 47.1190185546875
120.4 76.9716567993164
120.6 26.319938659668
120.8 62.9446334838867
120.9 2.87303161621094
121.1 16.6351909637451
121.7 15.6387996673584
121.9 19.1330070495605
122.0 26.5339794158936
123.0 81.1316986083984
123.1 14.983847618103
123.8 30.7574901580811
124.1 11.4731044769287
124.6 4.82450675964355
124.9 179.214294433594
125.0 47.3525390625
125.2 12.7104749679565
125.8 71.8748550415039
126.0 350.565582275391
126.1 136.983261108398
127.0 578.128295898438
127.0 1024.39099121094
127.9 81.6618728637695
128.0 2268.201171875
128.1 141.309066772461
129.0 2576.36157226563
129.9 111.003288269043
130.0 804.836181640625
130.1 283.089385986328
130.2 17.8419075012207
130.8 19.392147064209
130.9 96.1831359863281
131.0 116.852798461914
131.6 5.62877464294434
132.0 222.10758972168
132.2 30.3143863677979
133.2 152.471908569336
133.4 57.9683837890625
133.6 166.34797668457
133.7 70.4889602661133
133.8 55.065071105957
133.9 1.87926864624023
134.0 98.311637878418
134.2 39.3452835083008
134.6 44.8582649230957
134.7 28.0384578704834
135.0 149.800354003906
135.8 9.71102523803711
136.1 230.712707519531
137.0 1777.6259765625
138.0 339.457153320313
139.0 2848.447265625
139.9 11.1290845870972
140.0 498.357116699219
140.1 1008.76531982422
141.0 566.210388183594
141.1 278.965515136719
141.5 226.280883789063
141.6 425.090209960938
141.7 60.5954399108887
142.0 51.8269157409668
142.1 162.703720092773
142.3 35.282844543457
143.0 422.224670410156
143.2 41.0090026855469
144.0 5114.50341796875
145.0 786.614990234375
145.1 117.325744628906
145.8 32.9766693115234
146.0 41.4084053039551
146.4 14.8843584060669
146.6 12.0726690292358
146.9 98.8506622314453
147.2 42.8919982910156
147.5 7.50157356262207
147.8 36.5127983093262
148.0 16.3304595947266
148.2 34.8961448669434
148.4 105.381378173828
148.5 199.080413818359
148.6 206.681030273438
148.9 15.1268844604492
149.0 27.0380191802979
149.2 9.17967224121094
149.8 62.6966705322266
149.9 44.4495239257813
150.0 109.345291137695
150.3 15.0568313598633
151.0 723.453002929688
151.9 215.936050415039
152.0 1664.29089355469
153.1 2978.89916992188
154.0 568.381286621094
154.1 1106.03039550781
155.0 1470.17102050781
156.0 571.650146484375
156.9 45.086669921875
157.0 161.036987304688
157.9 6.39550399780273
158.0 122.279083251953
159.0 605.07177734375
159.9 226.483978271484
160.9 86.4730834960938
161.1 31.4801387786865
162.0 25.6598148345947
163.0 237.696685791016
163.9 65.9719467163086
164.0 46.0930709838867
164.4 16.1537704467773
164.6 24.4219436645508
164.8 28.9081764221191
164.9 50.2370758056641
165.0 92.0908660888672
165.7 10.7330007553101
165.8 12.6169328689575
166.1 18.0580253601074
166.9 25.9874114990234
167.0 360.143737792969
167.9 121.841575622559
168.1 115.663131713867
169.0 313.252258300781
169.1 49.7899017333984
169.8 34.5781211853027
169.9 192.930648803711
170.1 160.218811035156
170.8 67.8330078125
171.0 28.7245635986328
171.9 21.5570449829102
172.9 64.0216979980469
173.1 2.43449020385742
174.0 41.9268951416016
174.1 21.761890411377
174.8 28.2425384521484
174.9 34.778018951416
175.9 27.8547477722168
176.0 33.6963806152344
176.1 27.2169284820557
176.8 41.2746124267578
177.0 54.1488151550293
177.1 14.0412158966064
177.8 15.7292327880859
177.9 46.2176704406738
178.1 49.1581687927246
178.8 10.308765411377
178.9 3.31581115722656
179.1 9.75213050842285
180.0 102.19157409668
180.1 26.3126697540283
181.0 388.283569335938
181.2 25.40087890625
181.9 118.695487976074
182.1 79.1040725708008
182.9 0.0144729614257813
183.0 2987.3525390625
183.2 31.6655807495117
183.9 85.5640716552734
184.0 324.365417480469
184.1 211.221908569336
184.3 33.3214378356934
184.7 41.4385375976563
184.8 200.599426269531
185.8 3.57538270950317
185.9 82.1567459106445
186.0 250.06689453125
186.7 29.2289924621582
187.0 246.524932861328
187.8 11.614143371582
187.9 15.5531635284424
188.1 22.5437068939209
188.7 12.5081481933594
188.8 171.073028564453
189.0 21.1197452545166
189.2 20.5079669952393
189.8 10.6423406600952
189.9 39.0051536560059
190.2 11.0727577209473
190.9 351.827331542969
191.8 43.7403984069824
191.9 4.08251953125
192.1 17.5349311828613
192.2 13.5814609527588
192.9 447.196533203125
193.8 54.4707679748535
193.9 43.6923065185547
195.0 2671.16625976563
195.8 17.1671295166016
195.9 166.89533996582
196.1 227.112533569336
196.9 374.448577880859
197.7 13.3163623809814
197.9 59.8068389892578
198.0 43.4951248168945
198.2 6.32307720184326
199.0 319.259826660156
199.8 31.5267429351807
199.9 181.866470336914
200.0 95.515266418457
200.8 52.0158576965332
201.0 262.323822021484
201.8 23.8350467681885
201.9 77.2247924804688
202.1 100.815956115723
202.7 45.3098220825195
203.0 45.7626419067383
203.1 9.65847587585449
204.0 79.173698425293
204.7 33.908763885498
204.8 33.1145858764648
206.0 10.5508623123169
206.9 375.346313476563
208.1 103.444374084473
208.7 22.8872451782227
208.8 88.8012924194336
209.1 88.9451293945313
209.8 29.8872604370117
210.0 36.8949928283691
211.0 174.075439453125
212.0 67.3817749023438
212.0 192.394622802734
212.6 11.3957300186157
212.9 75.5242309570313
213.0 177.721771240234
213.2 104.149917602539
214.1 6247.0654296875
215.0 1817.1298828125
216.0 287.298950195313
216.1 199.500793457031
217.0 174.056579589844
217.8 13.7690391540527
218.0 59.8494071960449
218.3 25.5267353057861
218.9 290.974365234375
219.9 55.5977783203125
220.1 24.4509086608887
220.7 6.88670349121094
221.0 353.318420410156
221.7 0.571925163269043
221.9 31.6921005249023
222.0 22.8257293701172
222.7 67.4570388793945
223.0 49.4179992675781
223.8 35.6145935058594
223.9 58.6751289367676
224.0 90.4571304321289
224.2 12.5308685302734
224.6 8.93964576721191
225.0 237.996246337891
225.8 35.2513198852539
225.9 13.8914318084717
226.0 300.061065673828
226.1 358.646484375
226.7 13.95285987854
226.9 146.259796142578
227.1 227.865768432617
227.2 50.7546043395996
227.9 47.8639297485352
228.0 329.829315185547
228.1 59.8731307983398
229.0 348.527160644531
229.2 36.0439643859863
230.0 159.636749267578
230.1 1.15760803222656
230.7 1.12841415405273
230.8 57.9561004638672
232.0 67.5507202148438
233.0 714.9755859375
234.0 110.229125976563
235.0 173.87190246582
235.1 51.3834533691406
235.7 18.237377166748
235.9 15.4601287841797
236.0 26.3536128997803
237.0 437.41796875
237.9 429.984008789063
239.0 844.604125976563
239.9 249.100402832031
240.1 518.900939941406
241.0 164.584838867188
241.1 1665.89733886719
242.0 327.815399169922
242.1 254.917678833008
242.2 11.1174144744873
242.5 24.9947299957275
242.9 76.6687469482422
243.0 104.31078338623
243.2 16.7991828918457
244.1 7.39241600036621
244.8 19.8729190826416
246.1 7.69115447998047
246.9 13.7412071228027
247.2 12.195330619812
248.7 39.4765167236328
248.8 12.0401992797852
248.9 19.9732513427734
249.9 75.6866989135742
250.2 12.7504005432129
250.8 6.36873483657837
250.9 44.1114349365234
251.0 147.876373291016
251.2 37.8247871398926
251.7 14.412693977356
251.8 14.8690900802612
252.0 209.372329711914
252.1 145.616424560547
252.8 10.6506662368774
252.9 224.96484375
253.1 347.032562255859
253.9 204.437911987305
254.1 2863.9580078125
254.9 136.52326965332
255.0 750.881591796875
255.1 313.684051513672
255.9 119.323532104492
256.0 343.067657470703
256.2 75.0763168334961
256.8 44.4650573730469
257.0 112.898559570313
257.9 45.334659576416
258.1 19.8961334228516
258.7 7.58487892150879
260.6 7.04658460617065
260.8 12.4463491439819
261.0 6.2528600692749
262.8 28.7939777374268
263.8 9.00581550598145
264.0 71.558708190918
264.1 67.2157821655273
264.3 11.1890554428101
264.9 99.0441207885742
265.0 190.378021240234
265.2 25.7130451202393
265.7 17.4290866851807
265.9 24.3167896270752
266.0 246.947265625
266.1 155.300674438477
267.0 140.168899536133
267.1 905.581787109375
268.0 697.748107910156
268.1 382.054168701172
269.0 1629.06567382813
269.9 51.4056282043457
270.1 1997.47058105469
270.2 373.119873046875
270.3 38.9995307922363
270.9 217.246398925781
271.0 331.866149902344
272.1 52.2649841308594
272.9 87.4281616210938
273.9 30.807243347168
274.0 43.6359329223633
274.8 72.9451065063477
274.9 29.2388916015625
275.8 18.6762237548828
276.0 27.5793724060059
276.6 36.6981048583984
277.0 54.6048889160156
277.7 33.41455078125
277.9 32.4027252197266
278.0 191.337844848633
278.1 34.8570404052734
278.6 18.9298267364502
278.9 21.3773574829102
279.0 198.129837036133
279.1 17.9120426177979
279.8 19.0663433074951
280.0 189.908462524414
280.1 151.118743896484
280.9 97.728874206543
281.0 204.549102783203
281.2 10.1180105209351
282.0 351.315734863281
282.1 991.054443359375
283.0 760.564514160156
283.1 862.025451660156
284.0 68.3078460693359
284.1 1008.33752441406
284.7 7.42144584655762
285.0 173.310882568359
285.1 139.347274780273
285.8 45.7243118286133
286.0 102.260070800781
286.1 1.22745227813721
286.8 9.75646686553955
286.9 1.21140289306641
288.0 13.149317741394
288.9 419.804138183594
290.0 60.1369781494141
290.0 2.71044921875
291.0 106.854431152344
291.1 73.1808471679688
291.8 33.5902137756348
292.1 71.5346298217773
293.0 539.382873535156
293.6 16.8567810058594
294.0 356.658935546875
294.3 20.5945148468018
295.0 89.9496917724609
295.1 375.157440185547
295.2 81.0292358398438
295.9 22.4821090698242
296.0 281.835388183594
296.2 269.1201171875
296.9 323.089904785156
297.1 288.748413085938
298.0 113.837432861328
298.1 1859.98095703125
299.0 501.424835205078
299.2 70.6329574584961
300.0 68.9421005249023
300.2 64.9182357788086
300.3 10.9779891967773
300.8 8.14487457275391
300.9 9.87892913818359
301.1 49.5010604858398
302.0 32.1315803527832
303.1 10.0241346359253
306.1 9.31509971618652
306.9 82.1516723632813
307.1 48.0305938720703
308.0 33.5742340087891
308.1 103.867004394531
308.9 25.1971626281738
309.1 70.2843780517578
309.2 26.0047760009766
309.9 49.0017127990723
310.1 182.269561767578
310.8 42.7970657348633
311.0 6.50993347167969
311.1 167.863143920898
311.2 65.3364028930664
311.4 9.32943534851074
312.1 6003.06884765625
312.7 20.5070934295654
313.0 197.57341003418
313.1 1275.77783203125
314.0 76.7101440429688
314.1 66.0409317016602
314.3 11.1196250915527
315.0 10.9893684387207
321.8 26.2820587158203
322.0 119.212661743164
322.1 178.584701538086
322.2 20.1664695739746
322.8 9.06107425689697
323.0 74.8102035522461
323.1 21.6827239990234
323.3 11.6866054534912
323.9 23.4080486297607
324.1 58.7224464416504
325.2 11.8130187988281
326.0 80.008659362793
326.1 461.668182373047
326.3 78.7439422607422
327.0 45.5551910400391
327.1 38.0879821777344
327.3 77.1107788085938
330.9 8.34637546539307
332.8 10.5291957855225
333.0 16.559009552002
334.0 10.2067899703979
335.0 21.5304260253906
337.1 28.7805957794189
338.9 13.313458442688
339.1 39.8475112915039
340.1 56.0395698547363
340.2 3265.14453125
341.2 1097.36877441406
342.1 114.925201416016
342.2 81.1140670776367
344.9 16.2153358459473
346.8 9.30645179748535
349.1 20.7157459259033
349.9 55.4188995361328
350.0 8.87654495239258
350.1 264.061676025391
350.3 63.8984794616699
350.5 13.033106803894
350.9 47.6722412109375
351.0 49.0406799316406
351.2 237.153961181641
352.2 6224.86572265625
353.0 32.5548477172852
353.1 477.612915039063
353.2 1483.15295410156
354.0 251.10026550293
354.2 252.839263916016
354.3 12.015435218811
355.0 80.4263000488281
355.2 28.8775768280029
358.8 14.8750514984131
359.0 9.35016441345215
366.2 9.81808567047119
366.9 5.35161018371582
367.1 100.054626464844
367.3 20.2024211883545
368.1 411.813293457031
368.2 4960.88232421875
369.2 10175.2958984375
370.0 83.2893753051758
370.2 2716.10131835938
371.0 125.511444091797
371.1 245.819915771484
371.2 74.6130065917969
371.4 27.0886116027832
372.4 11.2567710876465
