#"+EI Scan (rt: 6.747-6.846 min, 18 scans) R6M3.D  Subtract "
#Point,X(Thompsons),Y(Counts)
40.1 70.0058746337891
40.9 1.69110870361328
41.0 1334.27221679688
42.0 154.431915283203
42.2 75.0639038085938
43.1 2340.38671875
44.0 72.9033203125
44.0 129.91845703125
44.8 73.7054595947266
45.1 13.8354873657227
47.0 144.992156982422
48.9 8.37281036376953
49.1 46.6706390380859
49.8 8.71471309661865
49.9 10.9961128234863
50.1 18.6445617675781
50.9 112.983001708984
51.0 75.7557373046875
52.0 21.2797622680664
52.1 17.9699249267578
53.0 79.1115570068359
53.1 108.286102294922
53.9 42.5628509521484
54.1 25.1086120605469
55.1 555.901916503906
55.8 44.0819969177246
56.1 105.037727355957
56.2 29.9675807952881
56.8 30.1072998046875
56.9 39.1213607788086
57.0 21.9118347167969
58.2 23.458869934082
58.3 27.6231498718262
59.0 408.15087890625
59.8 63.5353126525879
59.9 108.633575439453
60.8 27.7588710784912
60.9 3.94687652587891
61.8 89.7809600830078
62.1 13.1414833068848
62.9 221.043685913086
63.8 13.9763898849487
64.0 113.246742248535
64.7 15.1939344406128
64.9 134.424118041992
65.3 10.2196035385132
66.0 10.6093273162842
66.2 9.55178737640381
67.1 88.1750106811523
67.8 0.255927085876465
69.0 533.442687988281
70.0 29.8248062133789
71.0 50.1568336486816
71.1 78.9398498535156
73.0 226.36767578125
73.8 9.32344245910645
74.1 406.042205810547
74.2 30.5130710601807
75.0 172.515747070313
75.1 145.968048095703
76.0 153.50163269043
76.1 88.6604919433594
77.0 985.1376953125
78.0 634.474609375
78.9 339.521148681641
80.1 105.237083435059
81.0 97.88916015625
82.0 72.4486312866211
82.2 16.9168567657471
82.8 31.988862991333
83.1 33.8000373840332
83.8 17.9464588165283
85.0 14.5208435058594
85.8 42.67724609375
86.2 10.0989933013916
86.8 38.288703918457
87.1 29.1031112670898
87.7 20.3791332244873
87.8 59.0413017272949
87.9 69.6949157714844
88.0 21.6083393096924
88.3 38.3383026123047
88.9 32.8095245361328
89.0 624.153564453125
89.1 147.634735107422
89.8 33.1582374572754
90.0 46.9714965820313
90.1 183.438690185547
91.0 319.809906005859
91.1 130.479675292969
91.8 12.2052526473999
91.9 46.6193695068359
92.1 13.665789604187
92.7 27.9353218078613
93.1 33.6033325195313
93.2 51.6213111877441
93.9 53.8957061767578
94.8 33.7485618591309
95.0 25.166576385498
95.7 14.3517541885376
95.9 10.4886474609375
96.9 54.1576538085938
97.1 52.7142372131348
97.8 9.38015174865723
98.0 40.0332336425781
98.9 64.1089324951172
99.8 87.2629776000977
99.9 18.3345146179199
100.1 26.7440147399902
100.9 214.390930175781
101.0 268.489562988281
101.8 20.1582107543945
102.0 908.454833984375
102.1 244.543426513672
102.9 389.257629394531
103.1 102.881866455078
103.8 37.0169410705566
103.9 12.2196083068848
104.0 92.8845062255859
104.2 9.85471725463867
104.8 38.8229217529297
105.9 55.5583992004395
106.0 13.3134918212891
106.5 21.9577140808105
106.7 45.1078186035156
106.8 63.7278137207031
107.2 15.775074005127
107.7 15.571216583252
107.9 32.3206443786621
108.0 24.6912250518799
108.2 29.4895153045654
109.0 241.75830078125
110.7 9.98364734649658
111.0 92.9271087646484
111.9 6.82003879547119
112.1 32.043514251709
112.9 182.616058349609
113.2 31.9703197479248
113.8 78.1329956054688
114.0 138.125152587891
114.1 202.669937133789
115.0 2168.00610351563
116.0 813.848083496094
116.0 1256.57189941406
117.0 820.608276367188
117.8 64.0636444091797
118.1 139.558456420898
118.7 57.8393516540527
119.1 40.6788711547852
119.3 133.79914855957
119.5 55.9167289733887
119.6 34.98779296875
119.8 8.87955760955811
120.0 33.6131057739258
120.2 9.56164741516113
120.3 83.7262496948242
120.5 29.2005214691162
120.7 29.9974365234375
120.9 9.20752716064453
121.0 64.7933044433594
121.2 54.8596801757813
121.5 9.28550434112549
121.7 9.48700523376465
121.9 12.4572257995605
122.1 9.37371921539307
122.9 35.3534355163574
123.1 64.3362655639648
123.9 0.406539916992188
124.0 15.3565979003906
124.2 14.8201103210449
125.0 163.716781616211
125.6 11.8175354003906
125.8 82.3499221801758
125.9 187.625869750977
126.0 285.6318359375
126.2 28.3797168731689
126.9 305.054809570313
127.0 1438.24499511719
127.5 9.17792320251465
128.0 1239.185546875
128.1 1404.05249023438
129.0 1395.14807128906
129.1 953.718322753906
130.0 1052.255859375
130.1 30.5140151977539
130.9 10.4346923828125
131.0 250.882385253906
131.1 18.961145401001
131.7 39.3396873474121
131.8 144.931762695313
132.1 35.3308753967285
132.2 14.9272050857544
132.7 18.5797004699707
133.1 266.917999267578
133.5 50.9660568237305
133.7 67.5216674804688
133.8 78.3403930664063
133.9 105.198608398438
134.1 22.8406448364258
134.2 18.1622447967529
134.6 40.0866851806641
135.0 319.029541015625
135.1 60.6178131103516
135.8 55.7929420471191
136.1 139.966598510742
136.2 99.0195465087891
137.0 2242.5546875
138.0 870.199340820313
139.0 2609.3662109375
139.9 46.6298561096191
140.0 1421.93676757813
141.0 783.925903320313
141.2 655.593200683594
141.6 386.749969482422
141.8 150.416122436523
142.1 116.643417358398
142.2 64.7417984008789
143.0 604.68310546875
143.2 16.3010215759277
144.0 5234.5849609375
144.9 479.358520507813
145.0 607.85498046875
145.7 13.6878089904785
145.9 78.3998413085938
146.0 50.1540374755859
146.3 9.70649242401123
146.5 13.3512697219849
146.9 68.6824569702148
147.0 98.2677459716797
147.4 13.7538862228394
147.6 32.7412986755371
148.1 65.9707717895508
148.3 92.431884765625
148.4 107.622245788574
148.6 286.28076171875
148.7 51.7718200683594
148.8 66.2102661132813
149.2 41.6981811523438
149.8 17.0466632843018
149.9 117.183868408203
150.0 8.71138381958008
150.1 103.370620727539
151.0 522.406005859375
151.1 83.0035400390625
152.0 2079.62719726563
152.9 5.41471862792969
153.0 2968.84814453125
154.0 1744.75793457031
154.2 20.8612957000732
155.0 1164.17358398438
155.9 22.1546020507813
156.0 601.865112304688
156.8 63.82666015625
156.9 417.463317871094
157.7 8.99327182769775
157.9 73.4025955200195
158.1 126.196624755859
159.0 333.95947265625
159.8 71.6518859863281
160.0 28.562873840332
160.9 227.990692138672
161.9 3.8630838394165
162.8 105.316345214844
163.9 103.74006652832
164.1 72.2983245849609
164.7 1.04253005981445
164.9 17.1583938598633
165.1 279.268798828125
165.9 53.8902778625488
166.1 9.50895118713379
166.7 42.0452308654785
167.0 455.047119140625
167.8 59.386791229248
168.0 88.9346923828125
168.2 13.8034362792969
168.9 161.915679931641
169.0 96.1433410644531
169.2 9.13148593902588
169.8 43.123176574707
170.0 272.525360107422
170.1 162.412536621094
170.7 2.12284278869629
171.0 138.382446289063
171.2 22.5575618743896
171.9 27.1368789672852
172.0 64.8276214599609
172.5 9.98038387298584
172.6 21.3749446868896
172.8 50.7936630249023
173.0 71.0731353759766
174.0 16.0104064941406
174.1 85.6069030761719
174.8 19.9691486358643
175.0 35.0721893310547
175.9 62.5100364685059
176.0 21.5594310760498
176.1 9.54431056976318
176.9 91.39453125
177.1 66.900993347168
177.8 30.6601905822754
178.0 102.160278320313
178.2 14.2715063095093
178.9 38.3316345214844
179.8 14.1885843276978
179.9 157.940658569336
180.2 26.9887008666992
180.9 270.161865234375
181.1 131.419067382813
181.9 46.1557464599609
182.0 132.148376464844
182.2 11.5777578353882
182.9 233.420379638672
183.1 2914.2724609375
183.9 23.8107299804688
184.0 655.581481933594
184.9 252.874984741211
185.1 41.8865203857422
185.7 25.904993057251
185.9 143.439010620117
186.0 52.5137901306152
186.1 188.167114257813
186.8 41.2916946411133
187.0 225.319534301758
187.8 39.9774703979492
188.0 84.5955505371094
188.1 45.9757537841797
188.7 42.0266342163086
188.9 19.4996032714844
189.0 73.6757965087891
189.9 11.9264678955078
190.1 59.7995338439941
190.9 121.300582885742
191.7 22.2099628448486
191.9 54.4455184936523
192.2 17.4951801300049
192.9 177.689086914063
193.7 20.3604049682617
193.9 61.5748672485352
194.0 61.8070678710938
194.2 6.85415554046631
195.0 2581.05419921875
195.9 118.450576782227
196.1 303.966888427734
196.9 229.454528808594
197.0 55.9151649475098
197.8 20.4363212585449
198.1 13.4289588928223
198.8 282.785491943359
199.9 56.6553230285645
200.0 81.2256164550781
201.0 496.519592285156
201.6 18.2541885375977
201.9 46.9038124084473
202.1 166.914459228516
202.5 0.506502151489258
202.8 24.7518157958984
202.9 78.6201019287109
203.9 35.6406517028809
204.1 10.1228284835815
204.8 87.0816040039063
205.1 20.3821811676025
205.8 8.4154748916626
206.0 28.7227954864502
206.8 55.9801254272461
207.0 37.3314208984375
208.1 143.692321777344
208.6 9.12254524230957
208.8 40.5151329040527
208.9 60.6367568969727
209.1 47.2977752685547
209.4 16.4205055236816
209.9 13.6935691833496
210.2 12.0328178405762
211.0 122.21044921875
212.0 856.080078125
212.9 245.951568603516
213.0 344.700103759766
214.1 7057.01611328125
215.0 1713.5830078125
215.8 125.71785736084
216.0 57.36328125
217.1 202.941329956055
218.0 45.8292083740234
218.0 91.996955871582
218.2 12.6231746673584
219.0 137.420227050781
219.8 177.214004516602
221.0 234.962799072266
221.7 18.8554344177246
221.9 18.7706050872803
222.0 15.3228778839111
222.7 44.2685699462891
223.0 181.86083984375
223.1 38.7145500183105
223.7 18.237419128418
223.9 143.802581787109
224.0 48.2738647460938
224.1 34.9316215515137
224.5 8.6402063369751
224.7 52.2023696899414
224.9 102.615585327148
225.1 20.8302764892578
225.7 9.55714225769043
225.9 34.9077606201172
226.0 172.926040649414
226.1 667.97900390625
226.2 22.9246616363525
226.8 4.88929748535156
227.0 112.398918151855
227.1 310.809844970703
228.0 248.78157043457
228.1 166.386215209961
228.7 24.4573841094971
229.1 177.512145996094
229.8 29.83620262146
230.1 36.0108909606934
230.6 8.39993286132813
230.9 13.3043594360352
231.1 25.0754070281982
231.2 58.8152656555176
232.0 14.5751152038574
233.0 859.6796875
234.0 364.647399902344
234.9 378.720581054688
235.8 25.9115600585938
236.0 77.6114044189453
237.0 985.75830078125
238.1 309.683654785156
239.0 644.007629394531
240.0 174.803298950195
240.1 539.210632324219
240.7 18.8210544586182
241.0 1898.62731933594
241.8 56.8053131103516
242.0 431.39697265625
242.1 277.336853027344
242.8 39.1305503845215
243.0 84.8147888183594
243.1 27.2508506774902
244.1 8.51305198669434
244.9 44.8548393249512
245.0 5.23753356933594
246.9 19.7001419067383
247.1 10.1604528427124
248.9 61.8364868164063
250.0 71.6290893554688
250.1 28.6707973480225
250.9 207.229721069336
251.1 96.9594421386719
251.3 14.4629020690918
251.9 8.68621158599854
252.0 182.05517578125
252.1 184.290832519531
253.0 523.878295898438
253.1 242.802810668945
254.0 296.592559814453
254.1 2901.5498046875
255.0 309.845336914063
255.1 742.900512695313
255.2 226.086532592773
255.8 12.8228282928467
256.0 500.791290283203
256.2 97.9008483886719
256.9 44.7284240722656
257.1 123.871131896973
257.2 11.2210655212402
258.0 15.045708656311
258.7 14.8573760986328
260.9 53.4339637756348
261.1 8.44757175445557
262.9 66.8609085083008
263.0 11.8478565216064
263.9 39.1598014831543
264.0 89.8135070800781
264.1 9.97354316711426
265.0 149.406555175781
265.1 178.43034362793
266.0 199.848266601563
266.1 352.808319091797
266.9 240.072067260742
267.1 904.882385253906
267.9 36.6718673706055
268.1 669.309936523438
268.2 306.885955810547
268.9 48.6880950927734
269.0 1531.50915527344
269.9 36.8352127075195
270.0 627.563232421875
270.1 1834.02685546875
271.0 532.451416015625
271.9 43.4367446899414
272.1 21.8872032165527
272.3 10.1979160308838
272.5 10.8040037155151
272.9 240.843475341797
273.8 40.2902412414551
273.9 33.2642135620117
274.8 3.74566650390625
275.0 55.6363830566406
275.9 68.0177764892578
276.1 13.9200830459595
276.8 168.397888183594
277.0 45.8429718017578
277.7 13.5554256439209
277.9 125.001068115234
278.0 57.0565528869629
278.2 62.7926979064941
278.4 15.0646991729736
279.0 137.253570556641
279.1 26.3857765197754
279.9 39.8958320617676
280.0 211.818634033203
280.2 118.415298461914
280.8 59.9808959960938
281.0 232.013717651367
282.0 112.61882019043
282.1 1126.27612304688
282.2 68.1289520263672
282.9 11.8722286224365
283.1 1760.43591308594
283.8 70.8649673461914
284.0 375.914154052734
284.1 596.668029785156
284.3 52.0313911437988
285.0 477.070953369141
285.1 101.018531799316
285.7 15.9236488342285
286.0 71.4196853637695
286.2 74.8883361816406
286.8 34.7375335693359
287.2 17.207462310791
287.8 12.1064472198486
288.1 20.7740211486816
289.0 30.0584259033203
289.9 136.756317138672
290.1 11.0740032196045
291.0 181.070739746094
291.8 37.2153434753418
292.0 6.32861709594727
292.1 11.6067695617676
292.9 375.910949707031
294.0 99.2131042480469
294.1 242.60676574707
294.9 170.02604675293
295.1 301.085693359375
296.1 662.091186523438
296.3 18.3325901031494
297.0 371.712188720703
297.6 8.5582275390625
297.9 24.3190116882324
298.1 1033.22766113281
298.1 796.755432128906
298.9 82.5957946777344
299.1 395.943603515625
299.9 41.8267593383789
300.0 25.589916229248
300.2 33.4010848999023
300.9 76.5311889648438
301.1 22.2716064453125
301.9 9.74456596374512
302.8 7.15364646911621
302.9 68.9413528442383
303.1 20.2736892700195
304.8 19.0858554840088
305.0 41.6165542602539
306.8 24.6480903625488
307.0 81.0224533081055
307.4 9.1992359161377
307.9 26.1119384765625
308.1 196.762084960938
308.2 17.8780822753906
308.8 20.7622108459473
309.0 16.5783061981201
309.1 26.9401035308838
309.2 26.5151996612549
309.9 142.48876953125
310.1 160.685562133789
310.6 1.12061882019043
310.8 24.6504955291748
310.9 89.7129440307617
311.0 51.5748748779297
311.1 125.097412109375
312.1 6188.10546875
313.0 29.527774810791
313.1 1630.22314453125
314.0 70.4933166503906
314.1 68.2123718261719
314.2 21.2723960876465
314.8 18.3745651245117
315.0 26.3515663146973
319.0 9.8969841003418
320.2 9.97775650024414
321.9 23.4364452362061
322.1 300.861846923828
322.2 47.4192352294922
322.9 40.3704872131348
323.1 22.7603073120117
323.2 23.0984439849854
324.1 8.604416847229
324.2 47.5873413085938
325.0 22.8770370483398
326.0 50.8912620544434
326.2 525.316711425781
327.0 60.9841384887695
327.1 80.1165237426758
327.2 24.2285079956055
328.8 18.8363990783691
328.9 8.8884162902832
329.1 17.2860012054443
330.8 13.2683954238892
332.2 9.34157466888428
332.5 10.0821237564087
334.8 10.3039484024048
335.0 12.9429864883423
338.0 29.8721580505371
338.2 10.6195259094238
339.0 11.3631601333618
340.1 1737.12451171875
340.2 1890.35961914063
340.9 18.515323638916
341.1 889.603149414063
341.2 281.645599365234
342.0 24.9545516967773
342.1 142.204605102539
342.3 44.8654022216797
343.1 8.77924728393555
344.9 17.2907638549805
348.9 40.4006843566895
349.1 70.5000381469727
349.9 64.5072174072266
350.1 185.191497802734
350.2 64.744514465332
350.6 10.8712434768677
351.0 79.8633804321289
351.1 270.863586425781
351.2 73.1137390136719
352.2 6555.08203125
353.1 211.631851196289
353.2 1797.54064941406
354.1 116.413345336914
354.2 384.016571044922
354.4 42.1927909851074
355.0 76.9012069702148
355.2 61.5057525634766
363.0 17.2952632904053
366.0 12.7308931350708
366.2 12.107159614563
366.9 80.3134155273438
367.1 78.5606842041016
368.0 60.9131011962891
368.2 5303.7890625
369.1 145.985275268555
369.2 10599.6357421875
370.2 3027.1044921875
371.0 12.798168182373
371.2 308.560272216797
371.3 198.034576416016
383.1 8.91632270812988
400.9 30.470682144165
