#"+EI Scan (rt: 1.775-1.839 min, 12 scans) R3M4.D  Subtract "
#Point,X(Thompsons),Y(Counts)
40.1 949.363037109375
41.1 20103.220703125
42.1 1884.08911132813
43.1 10964.806640625
44.1 631.048400878906
45.0 380.962951660156
45.1 363.891052246094
46.0 163.270462036133
46.1 440.646118164063
47.0 2781.72778320313
48.0 44.6739234924316
48.1 21.1215381622314
48.8 28.0307235717773
48.9 35.5728378295898
49.1 67.9636154174805
49.9 118.984237670898
50.0 784.762390136719
51.0 3079.80517578125
51.9 27.3643989562988
52.0 1188.79699707031
53.1 3309.31372070313
53.9 53.8557052612305
54.1 442.331146240234
55.1 5705.009765625
56.1 1980.34497070313
57.1 3011.84252929688
58.0 303.377746582031
58.1 199.114166259766
59.0 8256.79296875
60.0 325.563873291016
60.9 354.202056884766
61.1 286.19970703125
61.9 228.6474609375
62.0 1881.89758300781
63.0 3691.05078125
64.0 519.318542480469
64.1 780.242309570313
65.0 3529.3056640625
66.1 904.944152832031
67.0 3219.31298828125
68.0 451.007751464844
69.0 2646.25
70.1 611.144714355469
71.0 388.771057128906
71.1 563.15478515625
71.8 39.3228645324707
72.1 484.147705078125
73.0 1998.1806640625
74.0 1891.70764160156
75.0 4115.73388671875
75.9 143.191818237305
76.0 4838.3994140625
77.0 11902.3310546875
78.0 4220.1455078125
79.0 2672.8095703125
79.8 69.2721176147461
80.0 15.0157012939453
80.1 164.874984741211
80.2 107.531242370605
81.0 1688.45166015625
82.0 737.683837890625
82.1 392.557983398438
82.3 182.626174926758
83.0 1665.50854492188
83.9 44.5195121765137
84.0 544.304931640625
84.9 128.704330444336
85.0 343.338012695313
85.9 251.467071533203
86.0 468.24365234375
87.0 2485.7392578125
88.0 4533.369140625
89.0 11473.419921875
90.0 3249.13891601563
91.0 6445.68798828125
91.9 2.78886032104492
92.0 804.506774902344
92.1 89.8970642089844
93.1 1067.28588867188
93.8 88.7904968261719
94.0 105.78621673584
94.6 91.078971862793
94.9 281.719818115234
95.0 816.385192871094
95.1 241.124069213867
96.0 738.308471679688
97.0 1643.478515625
97.9 69.1994171142578
98.0 855.6572265625
99.0 454.619262695313
99.0 283.347778320313
99.8 166.705596923828
100.0 191.885848999023
100.1 336.295776367188
101.0 6963.67626953125
102.0 12075.0673828125
103.0 10126.984375
103.9 326.455322265625
104.0 3187.072265625
104.7 73.7975845336914
105.0 3238.59643554688
105.9 158.914566040039
106.0 578.728637695313
106.1 39.6091346740723
106.9 321.836181640625
107.1 278.981628417969
107.3 147.889724731445
107.6 87.6853866577148
107.7 122.73021697998
108.1 218.480117797852
109.0 2533.64770507813
109.9 58.3265113830566
110.0 592.524108886719
110.1 219.226318359375
111.0 1601.27392578125
111.2 377.580322265625
111.9 291.049102783203
112.0 1176.52673339844
112.8 52.0791778564453
113.0 1108.90161132813
114.0 5705.04296875
115.0 29089.37109375
116.0 15510.8369140625
117.0 8068.71728515625
117.9 152.894378662109
118.0 3281.63427734375
119.1 1916.60131835938
119.2 5047.44970703125
119.4 4220.009765625
119.6 3864.89624023438
120.9 164.704071044922
121.0 428.32861328125
121.5 15.9649591445923
122.1 211.391876220703
122.9 166.183776855469
123.0 635.164184570313
123.9 28.2158966064453
124.0 79.3997497558594
124.1 593.271606445313
124.3 29.8818435668945
125.0 508.589935302734
125.1 1313.71533203125
126.0 4421.4052734375
127.0 9405.6923828125
128.0 39790.89453125
129.0 26535.46875
130.0 35171.390625
131.0 5908.64208984375
132.0 717.35009765625
132.1 924.697937011719
132.9 601.372497558594
133.0 166.140441894531
133.8 218.747665405273
134.0 264.553192138672
134.1 308.533111572266
135.0 825.610473632813
135.9 6.93363952636719
136.0 420.829223632813
137.0 10489.986328125
138.0 1205.07788085938
139.0 5573.7431640625
139.9 13.1596145629883
140.0 1997.49523925781
141.0 11811.068359375
142.1 7178.84716796875
143.0 18118.134765625
144.0 31692.294921875
145.0 6442.1708984375
146.0 7686.45751953125
147.0 1445.21264648438
147.8 4.56510257720947
148.0 162.14924621582
148.1 528.721008300781
149.0 877.391845703125
150.0 492.558929443359
150.0 783.487731933594
151.0 5113.5126953125
152.1 19791.83203125
153.0 9065.5537109375
154.1 4827.2490234375
155.0 6127.791015625
155.9 706.4169921875
156.0 5106.02783203125
157.0 3441.3896484375
158.1 2496.79858398438
159.0 3976.5615234375
159.9 19.6094970703125
160.0 1620.79626464844
161.0 776.091796875
161.9 3.00395202636719
162.0 608.710327148438
163.0 2371.58984375
164.1 3549.94409179688
165.1 31576.310546875
166.1 10209.013671875
167.0 6563.70654296875
168.1 3480.08325195313
169.0 3177.53540039063
170.0 7642.20703125
171.0 4000.1337890625
172.0 1371.1689453125
172.1 449.466918945313
172.9 143.608184814453
173.1 574.983093261719
173.9 124.300842285156
174.0 2833.572265625
174.9 523.862365722656
175.0 1073.32397460938
175.9 212.914642333984
176.0 3586.20727539063
177.0 3074.15454101563
178.1 12163.1181640625
179.1 7569.63037109375
180.0 627.132568359375
180.1 2009.00769042969
181.1 6741.25634765625
182.0 2879.076171875
182.2 63.8395614624023
182.9 4.46686553955078
183.1 2034.80017089844
184.0 117.562873840332
184.1 4069.10522460938
185.0 1384.35375976563
185.9 66.3182678222656
186.1 464.293914794922
186.2 102.478698730469
187.0 1525.59802246094
188.1 113622.8203125
189.1 24739.720703125
190.1 5247.990234375
191.1 6013.810546875
192.0 3773.80932617188
193.1 4729.44384765625
194.0 4523.41943359375
195.0 11460.412109375
196.0 3259.34252929688
197.0 3212.88598632813
198.1 1324.63000488281
199.0 2378.248046875
200.0 374.896057128906
200.0 359.235504150391
201.0 954.159423828125
201.1 175.776123046875
202.0 3406.86181640625
203.1 2461.732421875
204.1 7341.46533203125
205.1 4062.1201171875
206.0 1576.48999023438
206.1 244.963836669922
207.1 4365.21875
208.1 3630.13452148438
209.1 12467.7578125
210.0 128.472793579102
210.1 3417.8740234375
211.0 5434.52587890625
212.0 1812.37609863281
213.0 1462.98388671875
213.9 33.507137298584
214.0 520.171813964844
215.0 5001.9052734375
216.0 2127.53100585938
217.0 1299.84057617188
218.0 1046.34191894531
218.1 181.808639526367
219.0 2786.06567382813
220.0 1465.41345214844
221.0 4146.478515625
222.0 636.5595703125
222.1 2030.03369140625
223.1 30144.0703125
224.1 11102.525390625
225.0 2100.55004882813
225.1 3959.98657226563
225.7 0.549674034118652
226.0 902.710083007813
226.1 263.613708496094
227.0 621.633178710938
227.8 74.6989288330078
228.0 229.459655761719
228.1 141.936447143555
229.0 739.659851074219
230.0 464.235687255859
230.1 1334.36291503906
231.0 320.670104980469
231.1 570.70068359375
232.1 38454.66796875
233.0 8486.392578125
234.0 1621.84973144531
235.0 3424.64624023438
235.8 36.2026519775391
236.0 219.962326049805
236.0 868.167602539063
236.1 1369.4482421875
237.0 9262.583984375
238.1 98118.84375
239.1 23779.515625
240.0 442.919555664063
240.1 2688.826171875
241.0 763.2353515625
241.1 147.025955200195
241.8 13.2419767379761
242.0 190.073486328125
242.1 61.1302680969238
242.6 14.4201698303223
242.9 44.3627777099609
243.1 585.02978515625
243.9 19.1426792144775
244.0 123.675598144531
244.1 46.7712745666504
244.7 20.9720706939697
245.0 345.904022216797
246.0 137.586166381836
246.1 191.806991577148
247.0 607.286926269531
247.1 310.428253173828
247.9 54.0598258972168
248.1 1110.40734863281
249.0 43.4833374023438
249.1 1775.53491210938
249.9 48.7881889343262
250.0 394.930206298828
250.1 1102.63696289063
251.1 30193.373046875
252.1 8327.333984375
253.1 9746.0830078125
254.0 169.671676635742
254.1 3306.04321289063
254.9 40.0047454833984
255.0 342.127685546875
255.1 170.42008972168
255.8 46.1077766418457
256.0 80.1599044799805
256.9 71.4696350097656
257.1 65.5780563354492
257.7 19.1250629425049
257.9 35.9780082702637
258.0 51.8712615966797
258.7 22.0530776977539
258.8 64.735237121582
259.0 83.9605178833008
259.2 39.3853340148926
259.2 47.0862922668457
259.9 81.2834014892578
260.1 18.8071994781494
260.5 46.9571533203125
261.1 289.003509521484
261.3 30.1082401275635
261.9 95.1502304077148
262.1 819.348449707031
262.1 378.262542724609
263.1 65635.265625
264.1 10757.7197265625
265.1 6457.31103515625
266.1 1345.83679199219
266.2 75.8625717163086
267.1 4563.0869140625
267.9 22.0426712036133
268.1 747.34228515625
268.2 173.573348999023
269.0 398.498260498047
269.1 240.10270690918
270.1 31.2148704528809
270.2 76.6158676147461
271.0 266.136779785156
271.1 51.0386238098145
271.8 16.3340015411377
271.9 106.315872192383
272.2 67.0901718139648
273.0 447.346649169922
273.8 6.51468849182129
273.9 3.63372611999512
274.1 63.95751953125
274.9 238.033233642578
275.0 175.649368286133
275.9 199.884399414063
277.0 387.222625732422
277.1 187.479782104492
277.9 43.3188247680664
278.0 125.373687744141
278.8 26.2410335540771
279.0 291.976501464844
280.0 97.2319259643555
280.2 68.1119079589844
281.1 763.499572753906
281.1 1021.47576904297
282.0 199.535400390625
282.2 254.919387817383
282.9 85.6889038085938
283.0 74.4994964599609
283.4 17.7626552581787
283.6 18.3396282196045
283.9 47.5124855041504
284.0 39.2536163330078
285.0 452.883728027344
286.0 108.984176635742
286.2 10.9619731903076
287.0 218.117935180664
288.0 31.6760997772217
288.1 131.814315795898
289.0 798.1943359375
290.0 216.978179931641
290.1 129.288391113281
291.0 490.072174072266
291.1 188.21321105957
291.6 73.3706665039063
291.8 88.6732025146484
292.0 140.781509399414
292.1 114.814529418945
292.2 84.246940612793
293.0 6307.18359375
294.1 5478.29541015625
295.2 630408.9375
296.2 139260.765625
297.1 17538.513671875
297.9 17.1872177124023
298.1 1265.72875976563
298.3 170.809997558594
298.8 17.901741027832
298.9 25.3319854736328
299.1 79.8525695800781
299.8 13.0145454406738
300.0 15.8256721496582
300.8 41.6359481811523
300.9 169.822937011719
302.2 16.5761375427246
302.8 14.333062171936
302.9 11.9207000732422
303.3 14.1947174072266
303.9 18.0536727905273
304.9 38.4359512329102
306.7 11.8217144012451
307.0 107.503555297852
307.1 153.360260009766
307.2 49.8286628723145
308.0 160.004898071289
308.1 134.046813964844
309.2 3242.75610351563
310.2 51592.546875
311.2 12396.6826171875
312.2 1755.72741699219
312.8 15.5382795333862
313.0 94.489013671875
313.2 48.1565971374512
314.8 43.1275100708008
315.0 51.6064300537109
315.1 3.76438522338867
315.2 13.3370008468628
315.8 2.45707607269287
318.8 47.8155403137207
318.9 63.031177520752
319.0 32.3687133789063
319.2 23.7249736785889
320.9 39.6256103515625
321.2 14.3193864822388
322.0 21.9768962860107
323.0 60.745189666748
323.1 56.8546295166016
324.0 47.5627174377441
324.2 118.072662353516
324.5 19.5285205841064
325.1 24.6578922271729
325.2 56.8475914001465
327.0 7.82826709747314
327.1 19.1621570587158
328.8 27.2308769226074
328.9 141.219314575195
329.0 46.6350288391113
329.2 33.2098274230957
330.7 89.5956649780273
331.7 13.1195287704468
332.7 51.3554496765137
332.9 45.3967552185059
333.1 49.7588386535645
338.2 13.4800081253052
338.9 44.0023918151855
339.4 18.9550037384033
343.1 13.9740219116211
344.9 12.8412399291992
345.1 68.3472900390625
346.9 14.6834545135498
347.1 80.6559906005859
348.9 28.2124710083008
349.0 205.933303833008
349.7 35.0179481506348
349.9 20.5652770996094
350.1 18.1208057403564
351.0 54.354377746582
352.8 26.1886005401611
352.9 119.714637756348
354.8 4.51360130310059
355.0 66.6982803344727
356.7 20.1124668121338
356.8 18.4747486114502
356.9 64.81591796875
361.0 16.3241443634033
362.8 34.7743721008301
363.1 16.2193145751953
366.8 44.6174774169922
367.0 2.52792358398438
367.1 78.9710083007813
367.8 15.1410484313965
369.0 49.801212310791
369.2 140.703430175781
370.0 27.9884853363037
370.2 29.2624740600586
370.7 13.844012260437
371.1 17.9642505645752
373.0 32.1412773132324
374.8 36.8885307312012
375.0 47.3481750488281
376.9 18.4058856964111
381.1 13.3086891174316
384.9 15.6715126037598
387.1 15.2716226577759
401.2 16.7110767364502
404.9 35.4829139709473
407.8 14.1716680526733
409.0 17.8895301818848
450.9 14.7382850646973
451.1 66.9948196411133
