#"+EI Scan (rt: 2.469-2.533 min, 12 scans) R4M4.D  Subtract "
#Point,X(Thompsons),Y(Counts)
40.1 1124.48645019531
41.1 19126.30859375
42.1 1462.5595703125
43.1 8792.1396484375
44.0 391.407958984375
44.8 53.4283866882324
45.0 249.710754394531
45.8 62.0651397705078
46.0 155.182495117188
46.1 31.3943576812744
47.0 3267.44189453125
48.0 100.639503479004
48.7 17.1988620758057
48.9 21.7984237670898
49.0 54.8747367858887
49.1 95.3320541381836
50.0 364.521606445313
50.2 59.423282623291
51.0 908.955932617188
51.9 130.443450927734
52.0 291.222625732422
53.0 3354.91455078125
54.0 405.135406494141
54.1 496.2724609375
55.1 13306.931640625
56.0 377.422058105469
56.1 566.674377441406
57.1 3367.33447265625
58.0 296.852142333984
59.0 3916.8857421875
60.0 469.661956787109
60.9 80.4789733886719
61.1 920.142150878906
62.0 413.413452148438
62.9 260.504425048828
63.0 1099.939453125
64.0 9.86585998535156
64.1 379.075225830078
65.0 1787.21643066406
66.0 583.290954589844
67.0 3284.91162109375
67.9 239.509948730469
68.1 254.463821411133
69.1 5087.966796875
70.1 409.983215332031
70.9 36.2984352111816
71.1 144.142547607422
71.9 97.613037109375
72.0 0.248466491699219
72.3 19.4717254638672
73.0 495.71826171875
73.8 54.2425575256348
74.0 256.124786376953
75.0 1384.16967773438
76.0 114.96378326416
76.1 1625.01965332031
77.0 5832.01953125
78.0 2142.3603515625
79.0 3051.7158203125
79.9 6.95623779296875
80.1 397.390014648438
81.0 11120.9189453125
82.0 596.756530761719
82.1 293.053344726563
82.1 165.718048095703
83.0 7680.240234375
83.8 164.877304077148
84.0 412.328918457031
84.1 226.543899536133
84.8 92.6572265625
85.1 228.818695068359
85.9 49.7483406066895
86.0 138.781356811523
86.1 46.8999328613281
86.7 25.6938037872314
86.9 305.655059814453
87.0 274.74169921875
87.1 23.9141693115234
88.0 1935.03283691406
89.0 6917.7333984375
90.0 722.517150878906
90.1 840.307250976563
90.6 32.1492195129395
91.0 810.923950195313
91.1 1025.28051757813
91.8 36.7506866455078
91.9 99.6391296386719
92.1 90.1817626953125
92.8 62.8112297058105
93.0 359.449890136719
93.1 125.167144775391
93.9 81.1646728515625
94.1 42.0403175354004
95.0 258.951080322266
95.0 670.349304199219
96.0 107.230834960938
96.1 904.649719238281
96.2 153.310821533203
96.5 127.102935791016
97.0 1412.91284179688
97.2 949.41455078125
97.9 125.643310546875
98.0 461.402008056641
98.2 21.1556015014648
98.3 13.1388778686523
98.8 17.1878890991211
98.9 28.1958465576172
99.0 17.1795349121094
99.2 29.5204849243164
99.9 104.422843933105
100.0 133.909530639648
100.2 82.9146194458008
101.0 3422.83349609375
102.0 7671.30517578125
102.2 116.722923278809
103.0 4034.08178710938
103.8 87.4010009765625
104.0 917.338073730469
104.2 102.276374816895
104.7 135.842025756836
105.0 168.359725952148
105.2 292.365447998047
105.5 27.2576198577881
105.6 27.3440456390381
105.7 126.108642578125
105.9 67.2065734863281
106.1 243.206680297852
106.9 88.3540649414063
107.1 94.6981506347656
107.8 32.7907066345215
108.0 33.5700798034668
108.2 130.825958251953
109.0 6526.5751953125
110.0 783.514953613281
110.1 216.628051757813
111.0 361.677459716797
111.3 303.615844726563
111.4 84.3550033569336
111.5 144.125610351563
111.7 218.593643188477
111.9 15.6076545715332
112.5 406.999908447266
112.6 995.078430175781
112.8 792.591857910156
113.2 34.4433708190918
113.9 150.868469238281
114.0 2473.21044921875
114.2 87.229621887207
115.0 10709.025390625
116.0 18648.267578125
116.9 175.740463256836
117.0 4807.29150390625
117.9 252.063293457031
118.0 1463.15869140625
118.1 744.275512695313
118.8 178.13591003418
119.2 224.980590820313
119.3 212.197799682617
119.4 72.1318588256836
119.7 244.351913452148
119.8 105.724182128906
120.0 381.988006591797
120.1 227.631057739258
120.4 100.091117858887
120.7 25.1643371582031
120.9 19.5391616821289
121.1 251.505310058594
121.7 21.9771957397461
122.8 96.9150924682617
123.1 51.4992790222168
123.8 82.7755813598633
124.0 132.188858032227
124.4 29.8155136108398
125.1 1727.30090332031
125.8 33.582592010498
125.9 135.972839355469
126.0 446.074493408203
126.1 341.391052246094
126.9 142.785995483398
127.0 2485.41943359375
128.0 10246.943359375
129.0 12639.9638671875
130.1 18810.76171875
130.9 86.4203491210938
131.0 2629.64770507813
131.9 281.760498046875
132.1 512.717224121094
132.2 25.8638916015625
133.0 737.99853515625
133.9 151.762741088867
134.9 387.144287109375
136.0 5.12530517578125
136.2 119.89892578125
137.0 4298.48828125
138.0 608.256103515625
139.0 1851.95483398438
140.0 1439.47790527344
141.0 2488
141.1 155.799728393555
141.8 57.009708404541
142.0 1431.9365234375
142.1 1068.13854980469
143.0 10168.8505859375
144.0 48737.47265625
145.0 5573.49462890625
145.7 19.6916599273682
145.8 54.9828605651855
146.0 104.353973388672
146.1 174.385940551758
146.7 26.0577259063721
147.0 198.775924682617
147.9 91.6940841674805
148.0 362.457763671875
148.7 25.8442535400391
149.0 103.230140686035
149.5 100.42472076416
149.6 35.4065093994141
149.8 68.3667221069336
150.0 218.08415222168
150.2 47.0499992370605
150.9 412.625854492188
151.1 379.836700439453
152.0 2075.92651367188
152.9 62.2746543884277
153.0 1268.13549804688
154.1 5610.5
155.0 2366.45629882813
156.0 3403.1572265625
157.0 3787.51928710938
158.0 1379.62744140625
158.1 1009.5244140625
159.0 1734.41357421875
160.0 453.890960693359
160.6 20.5664730072021
160.8 74.1725006103516
161.1 57.99951171875
161.9 57.7675552368164
162.1 73.4163818359375
162.9 39.3328857421875
163.0 187.492172241211
163.8 73.2429580688477
163.9 47.1865692138672
164.1 227.227905273438
164.2 63.9808197021484
164.7 26.2916488647461
165.0 1555.01110839844
166.0 2269.87915039063
167.0 9806.455078125
168.1 7401.2314453125
168.9 40.7113761901855
169.0 1632.59680175781
170.1 3508.73120117188
171.0 1295.58056640625
171.9 142.906097412109
172.1 1134.234375
172.8 22.3495502471924
172.9 26.8645534515381
173.1 247.158309936523
173.9 69.2070159912109
174.1 70.4148330688477
174.8 60.7411651611328
174.9 41.4988822937012
175.0 19.6766452789307
175.9 36.5986213684082
176.0 215.42219543457
176.1 392.828521728516
176.9 71.9178924560547
177.1 294.440582275391
178.0 732.027526855469
178.1 341.669250488281
178.8 35.734317779541
179.0 350.544189453125
179.1 688.763122558594
180.1 7377.86181640625
181.0 5142.77685546875
182.1 6409.9296875
183.0 184.417098999023
183.1 1898.56091308594
184.0 2170.44458007813
184.9 279.23681640625
185.0 508.004241943359
186.1 129.351638793945
186.2 55.1803588867188
186.8 102.895652770996
187.1 144.239730834961
187.8 40.8359146118164
188.0 69.5117340087891
188.8 84.5333786010742
188.9 228.06298828125
189.1 109.986640930176
189.2 23.2730350494385
189.8 17.7083549499512
190.0 98.791015625
190.9 229.94548034668
191.0 442.623901367188
191.8 34.7684211730957
191.9 40.3221130371094
192.1 643.354309082031
193.0 1250.259765625
194.1 4176.47509765625
195.0 2448.0966796875
196.1 7845.06640625
197.0 3048.27099609375
198.1 1908.32409667969
198.9 521.77294921875
200.0 133.539657592773
200.1 56.4580993652344
201.0 397.126800537109
201.7 14.2065286636353
201.9 24.1176147460938
202.0 133.707778930664
202.7 20.8006286621094
202.9 141.09326171875
203.0 284.084259033203
203.1 40.0023918151855
204.0 307.371734619141
204.1 569.790649414063
205.1 4693.40087890625
206.1 3704.47827148438
207.0 970.499755859375
208.1 1351.1982421875
209.0 217.326293945313
209.1 339.473602294922
210.1 6927.9833984375
211.0 1721.59765625
212.1 3080.96655273438
213.0 1275.4296875
214.1 197.0654296875
215.0 2264.283203125
216.0 458.4306640625
216.8 88.9409790039063
217.0 1136.7392578125
217.8 40.6770782470703
218.0 110.135986328125
218.1 753.438171386719
219.0 1916.59130859375
220.0 248.227142333984
220.1 98.7563858032227
221.0 486.198089599609
221.1 66.0464859008789
221.9 67.82568359375
222.0 178.311462402344
222.1 497.328155517578
223.0 560.794616699219
223.1 154.20539855957
224.1 3162.69262695313
225.1 1622.2236328125
225.6 15.0318994522095
226.1 305.494262695313
226.2 260.105682373047
226.8 62.1130332946777
227.0 357.758392333984
227.2 74.3879241943359
228.0 238.268127441406
228.4 32.368408203125
228.8 86.0043106079102
229.1 811.011657714844
229.2 101.821891784668
230.0 47.9270477294922
230.1 1326.81701660156
231.1 1721.20959472656
232.1 185752.4375
233.1 30874.96875
234.0 2149.3994140625
234.1 2278.50170898438
235.0 980.33349609375
236.0 96.6090393066406
236.1 283.995086669922
236.2 44.7958030700684
237.0 1655.96044921875
237.9 577.0791015625
238.1 314.558624267578
239.0 1418.552734375
239.8 81.6727828979492
240.0 51.3938140869141
240.1 213.337600708008
240.9 537.525756835938
241.2 42.8941841125488
241.9 133.599533081055
242.0 3.65267944335938
242.7 30.5184097290039
242.9 36.9950218200684
243.1 212.352584838867
243.7 12.9872398376465
243.9 112.667236328125
244.0 26.2954940795898
244.1 105.676322937012
244.4 33.5786628723145
244.7 14.935619354248
244.8 31.1151256561279
245.0 314.939971923828
245.1 6.59400177001953
246.2 3210.84985351563
247.1 11006.0576171875
248.1 1884.99755859375
249.1 183.059219360352
249.1 114.89266204834
250.0 59.4232330322266
250.1 182.360534667969
250.4 37.4019317626953
250.8 35.4559631347656
251.0 136.516006469727
251.1 59.87939453125
251.9 12.6599206924438
252.0 43.3577499389648
252.1 376.411376953125
252.3 19.9207973480225
252.7 18.3874053955078
253.0 98.8335342407227
253.1 149.661682128906
254.1 2034.93981933594
254.9 95.9154891967773
255.1 537.201416015625
256.1 9638.3359375
257.1 2064.65209960938
258.0 142.525177001953
258.1 619.133361816406
259.1 261.267242431641
259.7 37.5991058349609
260.0 44.9397430419922
260.1 103.433135986328
260.8 38.281063079834
261.1 351.293731689453
261.9 15.5177421569824
262.1 90.2328720092773
262.9 60.8100471496582
264.1 96.884521484375
264.2 15.3807935714722
265.2 14.7728996276855
265.8 18.8513278961182
266.0 49.6685600280762
266.1 77.1747741699219
266.3 36.7858772277832
266.9 102.049049377441
267.0 29.7977447509766
267.3 33.0338401794434
268.0 23.3477878570557
268.1 82.0584106445313
268.2 129.59228515625
268.7 17.5939235687256
269.0 293.545684814453
269.2 87.8161926269531
270.2 15563.0810546875
271.1 9889.00390625
272.1 429.000640869141
272.2 1808.75390625
272.8 64.4048614501953
273.0 305.491455078125
273.1 246.469375610352
273.8 46.4932899475098
274.0 79.3011856079102
274.1 267.585113525391
274.9 73.2935333251953
275.1 142.91130065918
276.1 80.1134872436523
277.0 309.158966064453
278.1 53.6292114257813
278.9 32.1402587890625
279.1 57.6343879699707
279.8 16.3661212921143
280.0 61.7020988464355
280.2 40.4621353149414
280.3 42.9394950866699
280.8 29.1920299530029
281.1 145.006637573242
282.0 161.978988647461
282.2 35.2424507141113
282.7 13.1552925109863
282.9 18.3855228424072
283.0 16.8340282440186
283.8 62.3913688659668
284.1 154.251602172852
284.3 105.94376373291
284.9 120.449485778809
285.0 223.970886230469
286.1 6087.46533203125
287.1 1582.80358886719
288.1 1198.75354003906
288.2 2416.1708984375
289.0 716.8828125
289.9 528.603454589844
291.0 343.600067138672
291.1 29.9318084716797
292.0 186.186599731445
293.0 885.65185546875
293.8 34.7581062316895
294.0 290.247192382813
294.2 139.953643798828
294.9 118.844764709473
295.0 443.035034179688
296.1 235.562850952148
296.4 31.0747661590576
296.9 313.67822265625
297.0 17.300048828125
297.8 68.4037551879883
298.1 382.657562255859
298.2 82.243896484375
299.0 236.415344238281
299.1 1751.38366699219
299.3 32.0744857788086
300.0 234.948776245117
300.1 509.684326171875
300.2 15.4390478134155
300.8 12.9564085006714
301.0 75.163932800293
301.0 55.4070510864258
301.3 18.0110511779785
302.0 69.2379379272461
302.1 18.708854675293
303.0 17.6273880004883
304.8 13.0245170593262
305.1 15.0970144271851
307.0 34.7478103637695
307.1 36.7483787536621
308.0 19.4884128570557
308.1 57.0537605285645
308.2 15.8473930358887
309.0 143.571655273438
309.1 64.5392837524414
309.2 98.813720703125
309.9 26.9469146728516
310.0 73.6345748901367
310.2 104.286430358887
310.9 34.7365417480469
311.1 82.8335494995117
311.2 204.786758422852
311.3 19.0389003753662
311.8 45.2242736816406
312.1 118.308990478516
312.2 1582.76977539063
312.3 366.503936767578
313.1 25.3153381347656
313.2 664.264526367188
314.2 24595.64453125
315.2 5502.6962890625
315.9 18.0121974945068
316.1 700.4541015625
317.0 41.8294830322266
317.1 41.4139709472656
319.1 26.6966533660889
324.2 12.6919717788696
326.0 16.9087505340576
327.1 43.650936126709
328.2 351.852813720703
328.3 168.203796386719
329.2 16070.1337890625
330.0 121.741111755371
330.2 3570.984375
330.9 22.7186737060547
331.0 101.565216064453
331.1 331.269195556641
331.2 147.430587768555
331.3 27.4106960296631
343.1 12.9662256240845
343.2 20.8457431793213
343.4 12.6397161483765
344.9 39.42919921875
345.0 13.0950508117676
348.9 16.9418849945068
349.6 12.677191734314
349.9 15.4351835250854
352.7 42.4294624328613
353.0 44.1624412536621
354.8 16.389331817627
358.9 16.2192459106445
363.0 28.805139541626
366.9 62.2486419677734
367.0 95.7047348022461
367.2 13.5283241271973
370.8 29.4359874725342
400.8 85.1252670288086
408.9 31.251501083374
