#"+EI Scan (rt: 2.469-2.533 min, 12 scans) R2M4.D  Subtract "
#Point,X(Thompsons),Y(Counts)
40.1 782.953308105469
41.1 19205.064453125
42.1 1959.41833496094
43.1 9583.69921875
44.0 316.87646484375
44.9 85.4147033691406
45.1 24.8087558746338
45.8 23.7757740020752
46.0 198.379348754883
46.1 46.3570976257324
47.0 3456.50048828125
47.9 21.9977207183838
48.0 16.5083274841309
48.9 56.5394706726074
49.0 67.6060409545898
49.9 91.9202575683594
50.0 118.491729736328
51.0 1129.2822265625
51.9 90.8113021850586
52.0 248.78662109375
52.2 93.8096923828125
53.0 3660.6865234375
54.1 949.2490234375
55.1 13844.8046875
56.0 1246.28149414063
57.0 3335.68359375
58.1 558.420654296875
59.0 4475.3427734375
60.1 258.590789794922
61.0 208.372192382813
61.1 834.844543457031
61.9 559.938659667969
62.0 89.7889556884766
63.0 1598.54846191406
64.0 290.055877685547
64.2 138.27848815918
64.3 27.7789325714111
65.0 1459.8369140625
65.9 387.695831298828
66.0 305.555114746094
66.1 62.8569602966309
67.0 3539.80200195313
68.0 27.9141540527344
68.1 220.827407836914
69.1 6279.9423828125
69.9 26.8772830963135
70.0 654.070861816406
71.0 167.736068725586
71.1 67.49365234375
71.2 86.1191329956055
71.7 82.3428955078125
71.9 60.9519081115723
72.1 22.6797485351563
73.0 647.97265625
74.0 265.052185058594
74.1 152.410491943359
75.0 1686.69396972656
76.0 602.095703125
76.1 898.199645996094
77.0 4471.400390625
78.0 2160.4384765625
79.0 3454.8642578125
79.9 51.4571800231934
80.0 260.823120117188
80.2 55.775218963623
81.0 8820.2734375
82.0 291.253448486328
82.1 994.569458007813
83.0 8588.5146484375
83.9 393.313842773438
84.1 661.973754882813
84.8 60.1121940612793
85.0 192.932983398438
85.8 23.6422367095947
86.1 220.8544921875
86.2 39.8107452392578
86.9 314.859191894531
87.0 308.106842041016
88.0 1993.26892089844
89.0 8808.1181640625
90.0 1514.21484375
90.1 13.4837646484375
91.0 2489.79272460938
91.8 21.6945171356201
91.9 184.216583251953
92.0 137.516357421875
92.9 434.974029541016
93.0 91.3948974609375
93.9 81.0862045288086
94.0 252.342727661133
94.2 22.0587768554688
95.1 748.086242675781
96.1 1084.41149902344
96.2 450.684326171875
97.0 1414.40991210938
97.1 1347.50830078125
97.8 69.904914855957
98.0 282.122436523438
98.4 22.0562896728516
98.5 43.9923515319824
98.8 109.405120849609
98.9 94.237060546875
99.0 95.1755676269531
99.9 37.935977935791
100.0 191.9765625
101.0 4209.89892578125
102.0 8651.68359375
103.0 4429.84765625
103.9 318.985229492188
104.0 424.74609375
104.1 95.2915344238281
104.7 122.291389465332
104.8 274.892028808594
104.9 97.7229919433594
105.2 162.102462768555
105.3 129.159683227539
105.6 285.417877197266
105.7 41.1482543945313
105.9 166.522506713867
106.1 238.067260742188
106.7 45.9171257019043
106.9 112.360382080078
107.0 250.817031860352
107.1 77.7318878173828
107.8 73.2777481079102
108.1 31.7458591461182
108.3 44.9212684631348
109.0 6447.328125
110.0 1061.78234863281
111.0 274.050567626953
111.2 151.201232910156
111.5 45.0317726135254
111.6 401.579681396484
111.8 89.2263412475586
112.6 1471.27355957031
112.7 459.119079589844
112.9 93.8398208618164
114.0 3448.41723632813
115.0 12831.53515625
116.0 22200.009765625
117.0 6019.1630859375
118.0 1325.61584472656
118.1 1632.68701171875
118.8 200.487228393555
119.2 442.591156005859
119.4 126.268615722656
119.5 144.526809692383
119.6 31.1189651489258
119.7 461.546295166016
120.0 656.648010253906
120.1 212.025192260742
120.7 40.4255027770996
120.8 119.851127624512
120.9 141.466323852539
121.1 8.99102783203125
121.7 97.0339050292969
122.1 45.5377235412598
123.0 627.538208007813
123.7 15.0486946105957
124.0 60.622127532959
125.0 2105.66235351563
126.0 481.590087890625
126.1 602.602172851563
127.0 2859.30224609375
128.0 11438.7431640625
129.0 14582.8759765625
130.0 23379.521484375
131.0 3112.26147460938
132.0 126.43376159668
132.0 651.957153320313
132.2 37.1987113952637
132.8 65.9071273803711
133.0 168.551086425781
133.1 132.179092407227
133.7 42.0560264587402
133.8 55.2682685852051
133.9 70.8819580078125
134.1 86.4862747192383
134.3 37.8388671875
135.0 505.463012695313
135.9 115.747711181641
136.0 612.483703613281
137.0 6084.5546875
138.0 530.227416992188
138.1 849.882995605469
139.0 841.339172363281
139.0 344.993408203125
139.9 57.0911254882813
140.0 1208.97399902344
140.1 469.07470703125
141.0 2322.33471679688
141.8 171.330368041992
142.0 3062.6591796875
143.0 11272.6240234375
144.0 61024.2109375
145.0 6113.2734375
145.8 18.1238918304443
145.9 33.0211982727051
146.0 600.670104980469
147.1 225.24006652832
147.9 67.1967086791992
148.1 335.262725830078
149.0 178.271438598633
149.2 171.674194335938
149.3 27.5200424194336
149.6 40.3628921508789
149.9 155.536026000977
150.1 105.534446716309
150.9 334.483520507813
151.0 269.550720214844
151.9 68.6074905395508
152.1 1934.36645507813
153.0 2259.53393554688
154.0 5974.478515625
155.0 2970.1572265625
156.0 4092.6552734375
156.1 447.982055664063
157.1 4296.2705078125
158.0 184.827850341797
158.1 2146.126953125
159.0 1453.1953125
159.9 65.9969482421875
161.0 270.048217773438
161.8 47.5241088867188
161.9 14.1649169921875
162.1 17.6423587799072
162.9 213.344970703125
163.9 250.515090942383
164.1 119.527496337891
165.0 1546.25573730469
165.8 37.5525550842285
166.0 301.501190185547
166.1 2485.58129882813
167.1 12059.56640625
168.1 8866.080078125
168.9 104.632423400879
169.0 2093.31762695313
170.1 4302.537109375
171.0 1124.640625
172.1 1329.3681640625
173.0 407.603057861328
173.1 145.719436645508
174.1 94.3669738769531
174.6 29.0437564849854
174.9 13.1343145370483
175.0 41.3192710876465
175.2 23.9169979095459
175.9 61.4785614013672
176.0 510.788787841797
176.3 19.2382946014404
177.0 382.816070556641
177.1 29.3701572418213
178.1 1224.65905761719
179.0 701.52392578125
179.1 520.891418457031
180.1 8872.505859375
181.0 6577.09423828125
182.1 8078.216796875
183.1 2886.86547851563
184.1 2825.541015625
185.0 1333.86987304688
185.9 309.552978515625
186.1 102.543914794922
186.8 84.8641662597656
187.0 54.35107421875
187.1 89.2657775878906
187.8 73.9202499389648
188.0 122.376770019531
188.1 13.8482599258423
189.0 124.043640136719
189.1 81.1375045776367
189.8 19.9203853607178
190.0 166.454528808594
191.0 786.9208984375
191.9 426.0859375
192.1 649.28466796875
193.0 941.829284667969
194.1 4855.86279296875
195.0 2062.56787109375
196.1 9251.7822265625
197.0 2129.30639648438
198.0 1116.82287597656
198.1 1043.62927246094
198.9 421.473358154297
199.1 87.9851608276367
199.8 70.1651000976563
199.9 53.6364440917969
200.0 106.448951721191
200.1 34.0317726135254
201.0 163.305862426758
201.9 148.61376953125
202.0 296.197357177734
202.2 40.250545501709
203.0 885.289245605469
204.0 837.041320800781
204.1 212.635009765625
205.1 5570.484375
206.1 4593.53076171875
207.0 1138.80249023438
208.0 69.8955688476563
208.1 1503.7109375
208.9 420.593353271484
209.0 350.927886962891
209.2 169.914642333984
210.1 7516.171875
211.0 1958.43798828125
212.1 4065.92431640625
212.9 242.154205322266
213.0 600.498901367188
213.9 99.7633285522461
214.2 51.5814094543457
215.0 2254.1064453125
216.0 379.694580078125
217.0 586.45556640625
218.1 1099.80322265625
218.2 109.810111999512
218.9 854.5244140625
219.9 648.521301269531
221.0 679.423156738281
222.1 580.277587890625
222.2 27.714075088501
222.8 134.551147460938
223.1 265.173553466797
223.8 44.8274230957031
224.1 3536.35595703125
224.2 53.0069618225098
224.8 45.6437644958496
225.0 1592.65295410156
225.9 21.3921203613281
226.1 472.237548828125
226.2 192.984176635742
226.5 25.1492099761963
226.7 50.6181144714355
226.9 85.2223205566406
227.0 100.727264404297
227.2 45.6648597717285
227.9 110.636299133301
228.0 261.215179443359
228.9 459.18701171875
230.1 1713.53405761719
231.1 1979.67980957031
232.1 230469.75
233.1 37111.73828125
234.1 5316.56787109375
235.0 595.753234863281
236.0 488.574005126953
236.2 132.699264526367
237.0 1710.357421875
237.9 94.1709594726563
238.0 120.357421875
239.0 1594.68762207031
239.8 26.18798828125
239.9 57.0312805175781
240.1 334.192749023438
241.0 517.655822753906
241.7 90.3014907836914
241.9 103.794654846191
242.0 222.577743530273
242.5 12.9810104370117
242.9 157.167739868164
243.0 0.281280517578125
243.7 15.6239395141602
244.0 165.11946105957
244.1 23.1331100463867
244.3 33.4596138000488
245.0 251.806930541992
246.1 3721.5166015625
246.2 83.8323440551758
247.1 12168.025390625
248.1 2210.35131835938
249.1 283.774047851563
250.0 216.06916809082
250.8 13.2658843994141
251.0 133.564849853516
251.8 74.516471862793
252.0 289.490386962891
252.1 96.2326736450195
252.7 26.4105834960938
253.1 241.675231933594
254.1 2432.1416015625
254.9 30.8376922607422
255.1 534.305053710938
256.1 12411.77734375
257.1 2411.21826171875
257.2 34.3444786071777
257.9 32.5867576599121
258.1 672.027893066406
258.2 228.626358032227
258.6 17.7983818054199
259.0 460.004669189453
259.3 22.6380462646484
259.9 52.986026763916
260.0 199.870407104492
261.0 93.7754516601563
261.1 254.999160766602
261.3 127.013877868652
261.9 41.1831932067871
262.0 36.1258430480957
262.6 18.6960468292236
262.8 68.6697006225586
262.9 46.0136413574219
263.1 74.4104080200195
264.0 30.3068237304688
264.2 13.1788368225098
264.9 62.7247161865234
265.1 22.3713684082031
265.8 14.7602987289429
266.0 82.3243942260742
266.1 62.2124366760254
266.2 109.890716552734
266.8 98.1792984008789
267.0 33.5404205322266
267.1 54.7760925292969
267.9 69.0930252075195
268.1 274.101501464844
269.0 255.835891723633
269.1 15.32421875
270.2 19672.927734375
271.2 11067.2568359375
272.1 2652.60961914063
272.8 45.5782737731934
273.0 679.983642578125
273.1 36.4227294921875
274.0 27.9918212890625
274.2 32.3737869262695
274.6 38.1180229187012
274.8 109.391273498535
275.6 21.3047943115234
275.9 147.984390258789
276.1 67.2505645751953
276.5 26.8657627105713
276.8 206.479446411133
277.1 44.6007423400879
277.9 29.1570663452148
278.7 20.6580333709717
278.8 84.5873184204102
279.1 17.8116703033447
279.9 33.5332221984863
280.7 24.8724002838135
280.8 20.4131717681885
280.9 159.625732421875
281.8 28.1101474761963
282.1 141.270034790039
282.8 17.1395492553711
283.0 66.9040756225586
283.2 12.8191175460815
283.9 23.8808441162109
284.0 34.6384086608887
284.1 244.259399414063
284.2 118.561485290527
284.8 44.7624053955078
285.0 112.667114257813
285.1 211.04052734375
286.1 6957.3251953125
287.0 307.14697265625
287.2 1433.88134765625
288.2 4301.96044921875
289.0 1815.63208007813
289.9 258.074157714844
290.1 21.9791564941406
290.9 449.985870361328
291.6 14.1914949417114
291.8 44.6762504577637
292.0 159.758422851563
292.9 560.08740234375
293.0 132.147705078125
294.1 342.848297119141
295.0 749.023193359375
295.2 113.710319519043
295.8 42.7161445617676
296.0 193.038879394531
296.1 88.5707550048828
296.2 97.5344924926758
296.7 49.5711059570313
296.9 398.4658203125
297.2 39.9902763366699
298.1 144.086715698242
298.2 173.761917114258
299.1 951.814575195313
299.2 1061.43151855469
300.0 60.9861717224121
300.1 807.679748535156
301.4 23.5590591430664
301.8 14.432258605957
302.1 77.6477508544922
302.6 21.217155456543
302.8 74.8236846923828
303.0 14.0675811767578
305.0 63.4453544616699
305.2 21.2214870452881
306.9 254.543380737305
307.9 26.9361019134521
308.1 59.2376098632813
308.8 22.3825168609619
309.0 149.561660766602
309.2 196.08447265625
309.8 25.5854015350342
310.2 111.697532653809
310.7 15.9554624557495
310.9 234.748733520508
311.2 23.0445327758789
312.2 2256.30810546875
313.1 845.697021484375
314.2 27399.333984375
315.2 6236.953125
315.9 11.9110717773438
316.1 245.780334472656
316.2 497.789825439453
317.0 77.3241653442383
317.1 54.4101867675781
318.9 15.7903871536255
319.1 17.2265205383301
326.7 33.0780830383301
326.9 18.6102027893066
327.0 86.4289855957031
327.2 14.9688377380371
328.0 99.3921585083008
328.1 363.206604003906
328.3 140.126052856445
329.2 18650.3671875
330.1 276.728271484375
330.2 4181.71337890625
331.2 662.332885742188
331.3 87.2282333374023
332.1 17.5177745819092
332.7 13.7061538696289
333.0 82.0683746337891
342.2 27.3796672821045
342.9 15.7547330856323
343.1 48.3140144348145
344.2 13.1618318557739
344.9 81.5904922485352
345.0 61.5740051269531
347.0 13.2090826034546
348.9 233.212966918945
349.8 39.1062431335449
350.8 50.5876960754395
352.7 102.056762695313
353.0 19.6659755706787
360.8 13.831488609314
363.0 42.1576461791992
367.0 29.8129425048828
367.9 16.146390914917
371.0 80.8900680541992
383.2 15.9521055221558
389.3 14.2954969406128
400.8 23.3409404754639
400.9 13.2286329269409
402.0 18.3042850494385
407.0 14.3877038955688
