#"+EI Scan (rt: 2.469-2.527 min, 11 scans) R10M4.D  Subtract "
#Point,X(Thompsons),Y(Counts)
40.1 999.238037109375
41.1 20360.400390625
42.1 2130.85327148438
43.1 9204.13671875
44.0 469.123474121094
45.0 191.584228515625
45.1 34.3895416259766
45.9 101.805053710938
46.0 158.551803588867
46.2 57.8626136779785
47.0 3163.41625976563
48.1 76.6757202148438
48.9 31.3826599121094
49.9 157.362884521484
50.0 399.468780517578
51.0 1517.283203125
52.0 478.830932617188
53.1 3470.95556640625
54.0 181.097229003906
54.1 427.103240966797
54.1 151.116714477539
54.3 32.892749786377
55.1 13351.6904296875
56.0 818.736572265625
57.1 2576.01708984375
57.9 288.421051025391
59.0 4658.556640625
60.0 410.639739990234
61.1 1218.8232421875
61.9 143.084594726563
62.0 475.887542724609
63.0 1647.32849121094
64.0 548.216369628906
64.9 236.813034057617
65.0 1218.77758789063
66.1 632.473754882813
67.0 3499.20141601563
68.0 343.054473876953
68.1 181.12712097168
68.2 29.9437808990479
69.1 5910.62841796875
70.0 389.426788330078
70.1 159.230484008789
71.1 520.491638183594
71.6 37.4934349060059
71.7 41.5381507873535
72.0 47.4415054321289
72.1 74.7141876220703
73.0 1032.83422851563
74.0 367.18408203125
74.1 58.0204200744629
75.0 2023.6484375
76.0 994.876159667969
76.1 787.461669921875
77.0 4654.7685546875
78.0 2393.85205078125
79.1 3489.4189453125
80.0 74.9524841308594
80.1 467.466705322266
80.2 78.9606018066406
81.0 8186.82568359375
81.8 44.2959632873535
82.0 73.9903869628906
82.0 620.823364257813
83.1 7647.21923828125
83.7 40.3059692382813
83.9 206.241744995117
84.0 387.174652099609
84.9 330.594268798828
85.1 81.90185546875
85.9 15.49072265625
86.1 136.982849121094
86.9 36.3424072265625
87.1 478.134216308594
87.9 126.857177734375
88.0 1544.35498046875
89.0 7264.17041015625
90.1 1839.88525390625
91.0 1522.59814453125
91.6 32.5479011535645
91.8 70.765022277832
91.9 84.4301223754883
92.1 147.373153686523
93.0 381.057098388672
93.1 239.262451171875
94.1 173.317520141602
95.0 776.361877441406
95.2 81.9111938476563
95.8 40.9562034606934
96.0 687.892639160156
96.2 143.586334228516
97.1 2825.77758789063
97.8 60.1063117980957
98.0 253.416442871094
98.2 91.4655532836914
98.5 78.7270050048828
98.7 54.0084114074707
98.9 100.537384033203
99.1 186.578308105469
99.8 53.9726219177246
99.9 163.085067749023
100.0 147.013717651367
101.0 3538.99682617188
102.0 8785.0458984375
103.0 4622.48193359375
104.0 474.424041748047
104.1 594.153991699219
104.7 119.838577270508
104.9 204.8310546875
105.0 100.769943237305
105.2 72.6589126586914
105.4 31.7676563262939
105.7 38.5762786865234
105.9 99.7631530761719
106.1 95.8112564086914
107.0 266.013153076172
107.1 255.845748901367
108.1 118.947624206543
109.0 5779.32275390625
110.0 458.486358642578
110.1 492.735229492188
110.3 32.8966064453125
110.8 56.1565399169922
111.1 477.075866699219
111.2 140.193939208984
111.4 66.4665985107422
111.6 90.15185546875
111.7 209.345611572266
112.2 72.4157791137695
112.6 1793.62744140625
112.7 64.7708206176758
113.0 594.949462890625
113.9 240.097991943359
114.0 2513.6044921875
114.1 155.593536376953
115.0 11201.1259765625
116.0 19141.54296875
117.0 5394.88232421875
117.9 160.854858398438
118.0 1734.06726074219
118.1 214.250228881836
118.8 167.148742675781
118.9 392.720581054688
119.0 62.6750946044922
119.4 245.382522583008
119.8 260.546600341797
119.9 465.607299804688
120.1 479.990417480469
120.2 67.2899169921875
120.6 17.662504196167
121.0 129.169540405273
121.2 19.9920787811279
122.0 16.5916576385498
122.8 92.2769317626953
123.0 104.306732177734
123.8 91.7349319458008
123.9 62.7299041748047
125.0 1569.455078125
125.2 53.5726356506348
125.8 27.1731338500977
125.9 262.020629882813
126.1 636.971435546875
126.3 27.8120346069336
127.0 2814.80810546875
128.0 9952.591796875
129.0 12985.376953125
130.0 20168.208984375
131.0 2813.59326171875
131.9 191.580078125
132.1 639.6162109375
132.2 102.567596435547
133.0 433.042358398438
133.8 128.08869934082
134.0 115.265983581543
135.0 599.261840820313
135.8 137.311737060547
137.0 4757.4296875
138.0 500.971069335938
139.0 2740.25805664063
140.0 1829.20812988281
141.0 2137.85864257813
142.0 2437.36596679688
143.0 10760.224609375
144.0 49576
145.0 5219.26123046875
145.9 218.186767578125
146.0 312.200073242188
146.1 41.3443260192871
146.7 18.6901092529297
146.9 237.934707641602
147.0 134.655715942383
147.8 161.482330322266
148.0 291.786041259766
148.1 78.1738204956055
148.9 147.308944702148
149.4 68.1111450195313
149.6 49.7018890380859
149.8 32.3430938720703
149.9 148.240615844727
150.1 97.4730224609375
151.0 977.510131835938
152.1 2084.96337890625
152.9 62.6874046325684
153.0 1947.08117675781
154.0 5851.89013671875
155.0 2410.97216796875
156.0 3543.443359375
156.1 191.503311157227
157.0 2824.17846679688
158.0 379.858154296875
158.0 1623.78039550781
159.0 882.451171875
159.9 268.331909179688
161.0 244.374267578125
162.0 59.3324546813965
162.2 33.3814544677734
162.9 316.382934570313
163.8 43.7949867248535
164.0 283.905090332031
164.2 25.4968795776367
165.0 1319.94152832031
165.1 195.045715332031
166.0 345.438537597656
166.1 2047.86083984375
167.0 10900.130859375
168.0 7600.60205078125
169.0 1775.96643066406
170.0 265.845336914063
170.1 3527.37231445313
170.8 159.349563598633
171.0 583.432006835938
172.1 1541.109375
173.0 328.95751953125
173.1 115.977714538574
173.8 22.7920875549316
173.9 97.9462432861328
174.0 30.9059867858887
174.7 18.3685455322266
175.0 48.1115379333496
176.0 265.919555664063
176.1 267.11669921875
176.7 25.822301864624
176.9 289.094421386719
177.9 40.1296920776367
178.1 994.957641601563
178.9 48.6787109375
179.0 1045.88854980469
180.1 8090.3173828125
181.0 5412.5458984375
182.1 6580.669921875
182.3 88.1565170288086
183.1 2704.6806640625
184.1 2647.076171875
184.9 164.415954589844
185.0 831.609741210938
186.0 303.897766113281
186.2 106.159934997559
186.9 320.011322021484
187.9 58.1394271850586
188.0 18.9646797180176
188.1 25.3502311706543
188.3 15.3893947601318
188.9 171.284530639648
189.1 30.1180839538574
189.9 94.0160598754883
190.0 150.520721435547
190.1 69.0428161621094
191.0 599.301574707031
191.1 59.5722541809082
191.8 39.6153831481934
191.9 111.268661499023
192.1 686.726867675781
193.1 1031.16748046875
194.0 159.930923461914
194.1 4020.92602539063
195.0 1737.13793945313
196.1 7446.75341796875
197.0 2557.6552734375
198.0 1929.25268554688
198.8 71.9997711181641
199.0 816.927368164063
199.7 25.9112873077393
200.0 106.443054199219
200.1 149.337753295898
200.8 187.502532958984
201.1 152.887710571289
201.9 115.524925231934
202.0 194.121719360352
202.7 24.6270275115967
203.0 237.34587097168
203.9 191.15478515625
204.1 574.187377929688
205.1 4437.78125
206.0 66.2747497558594
206.1 3489.14233398438
207.0 1248.18811035156
208.1 1489.64135742188
209.0 558.447265625
209.2 70.102897644043
210.0 2983.3173828125
210.1 4009.369140625
211.0 2083.06396484375
212.1 3226.20727539063
213.0 813.477722167969
214.0 346.512542724609
215.0 1912.9951171875
216.0 580.44873046875
217.0 555.156005859375
218.0 273.041320800781
218.1 716.62255859375
219.0 59.0966796875
220.0 518.302001953125
221.0 634.829223632813
221.8 64.6054153442383
221.9 152.812942504883
222.0 438.272644042969
222.2 83.7814559936523
223.0 533.68603515625
224.1 2954.92553710938
225.1 1838.63427734375
226.1 667.225036621094
226.2 85.717643737793
226.7 49.2028045654297
227.0 398.306762695313
227.1 96.932014465332
227.8 80.7343521118164
228.0 101.313346862793
228.2 14.5427408218384
228.3 41.2923049926758
228.7 57.7515830993652
228.8 65.2377853393555
229.0 417.22607421875
230.1 1307.62609863281
230.2 94.6027069091797
231.1 1582.31237792969
232.1 193610.03125
233.1 29855.7265625
234.1 4342.76904296875
234.9 128.162414550781
235.1 282.749572753906
235.8 14.4638643264771
236.1 335.369079589844
237.0 1297.529296875
238.0 959.342041015625
239.0 134.063049316406
239.1 656.291625976563
239.8 53.0833511352539
239.9 92.546989440918
240.0 152.606628417969
240.2 79.5127029418945
240.9 433.327758789063
241.7 14.8066701889038
241.8 36.125301361084
242.0 24.6346817016602
242.0 127.389518737793
242.1 58.9714965820313
243.0 89.0625457763672
243.8 17.5650310516357
244.0 82.819465637207
244.1 110.636360168457
244.2 88.4824752807617
244.3 51.3772315979004
245.0 285.232788085938
245.1 168.304550170898
246.1 3237.00634765625
247.1 11671.30078125
248.1 2425.79174804688
248.9 78.3274917602539
249.2 32.2045021057129
249.9 27.0467967987061
250.0 153.301742553711
250.2 150.444046020508
251.1 95.5700988769531
251.2 53.8938331604004
251.9 92.5590591430664
252.0 61.544490814209
252.1 192.025085449219
252.2 174.566802978516
252.3 32.5745620727539
252.8 18.7750244140625
253.0 162.035583496094
253.2 84.0036315917969
254.0 620.786376953125
254.1 1393.25219726563
254.8 38.0925407409668
254.9 86.8365478515625
255.1 542.04638671875
256.1 10656.1171875
257.1 1278.09167480469
257.2 837.329833984375
258.0 47.268138885498
258.1 193.921051025391
258.2 666.606079101563
258.6 15.7446889877319
258.9 101.658332824707
259.0 157.870742797852
260.1 107.374580383301
260.2 71.7789993286133
260.3 27.5174884796143
260.7 14.8600301742554
260.8 18.3980770111084
261.0 439.398834228516
261.9 19.3877925872803
262.1 44.6343154907227
262.9 88.4387130737305
263.1 24.361083984375
264.1 19.2527122497559
264.9 45.3432998657227
266.1 179.984161376953
266.2 47.1287269592285
266.9 149.055923461914
267.0 83.9981918334961
267.9 13.9803400039673
268.0 134.909454345703
268.1 101.980903625488
268.2 24.2484760284424
269.0 54.8510284423828
269.1 380.496765136719
270.1 16640.705078125
271.2 9197.8310546875
272.1 367.617004394531
272.2 1930.87219238281
273.1 372.129364013672
273.2 249.393692016602
273.9 83.283332824707
274.0 216.841323852539
274.9 510.120971679688
275.1 50.0749130249023
275.8 33.346248626709
276.0 26.095308303833
276.6 20.8554191589355
276.8 81.4371109008789
276.9 162.633209228516
278.8 16.2589797973633
279.0 75.9379806518555
279.2 22.4816246032715
279.9 22.7685413360596
280.0 19.8253898620605
280.2 17.1088790893555
280.9 11.5857238769531
281.1 94.649040222168
282.0 89.7519607543945
282.1 98.814094543457
282.3 33.3815765380859
282.8 38.1637725830078
282.9 82.8817977905273
283.8 15.4501132965088
283.9 28.8228569030762
284.1 123.477149963379
284.2 241.061325073242
285.0 1147.939453125
286.1 10.743896484375
286.2 5889.14599609375
287.1 1623.14721679688
288.2 3200.0078125
288.2 316.531951904297
289.0 2241.96704101563
290.1 172.499649047852
290.9 113.751121520996
291.0 199.111282348633
292.1 60.8914222717285
292.9 317.03759765625
293.8 125.323928833008
294.0 758.570739746094
294.8 38.4893760681152
295.0 432.78759765625
296.1 23.6190128326416
296.2 405.726196289063
297.0 350.523132324219
297.7 36.4557876586914
298.1 463.480499267578
299.1 1854.84106445313
299.2 223.371444702148
300.0 219.002258300781
300.2 459.49169921875
300.9 118.816963195801
301.2 133.233505249023
301.8 23.6492748260498
302.0 14.5094089508057
303.0 89.5981674194336
303.2 42.6411247253418
304.7 15.9716129302979
305.0 68.7976303100586
305.1 22.8850383758545
306.9 18.8443031311035
307.0 40.3985443115234
307.2 59.8345718383789
308.2 40.7529640197754
308.9 40.6248664855957
309.1 318.677215576172
309.4 26.6532955169678
309.9 37.1238975524902
310.2 204.471664428711
311.0 267.029235839844
311.3 39.0227813720703
312.1 361.479736328125
312.2 1758.56799316406
313.2 818.031311035156
313.3 38.4176483154297
314.2 25346.296875
315.2 5546.5693359375
316.0 77.6512680053711
316.2 202.360198974609
316.3 266.667663574219
317.0 70.1395263671875
319.0 17.1145973205566
320.0 14.9437589645386
325.8 21.8156623840332
327.0 111.432327270508
327.2 46.5325965881348
328.1 734.359558105469
329.2 15887.5576171875
330.2 4270.6357421875
331.0 194.137100219727
331.2 394.899505615234
331.6 18.5753192901611
331.9 22.7302532196045
332.3 42.1894645690918
332.4 14.8521604537964
332.9 33.1357154846191
333.1 16.6351451873779
335.0 37.0970687866211
343.0 17.7507057189941
343.2 20.5436916351318
344.2 25.5759162902832
345.0 38.5115203857422
346.0 18.6740398406982
348.1 25.1319694519043
348.8 48.9656600952148
349.1 38.1179313659668
351.1 56.3699722290039
352.7 31.1744251251221
352.8 69.5474395751953
353.1 43.9136924743652
353.9 13.9625940322876
354.8 14.5768127441406
359.0 16.2324619293213
367.1 40.6377563476563
367.2 24.2157115936279
370.9 18.8347816467285
384.0 22.3935012817383
386.9 31.5493774414063
401.0 21.7816715240479
