#"+EI Scan (rt: 3.034-3.092 min, 11 scans) R3M4.D  Subtract "
#Point,X(Thompsons),Y(Counts)
39.9 175.802398681641
40.1 871.726501464844
41.1 13285.068359375
42.1 2670.68334960938
43.1 19083.91015625
44.0 1629.02319335938
45.0 1240.9775390625
45.8 15.6323642730713
46.0 73.9986419677734
46.9 112.035888671875
47.1 66.4849166870117
48.0 13.7584466934204
48.8 14.6957883834839
49.0 196.490005493164
50.0 1814.08605957031
51.0 4093.5048828125
51.9 40.880558013916
52.0 1205.97412109375
53.0 478.415283203125
53.1 642.828308105469
54.0 1433.43542480469
55.1 6315.34326171875
56.0 6216.19384765625
57.0 5149.19189453125
58.1 1032.49377441406
59.0 18801.13671875
60.0 1087.19116210938
60.1 333.040802001953
61.0 786.205078125
61.1 52.2260513305664
62.0 5377.21826171875
63.0 7693.42138671875
64.0 1761.826171875
64.8 98.8850402832031
65.0 857.662231445313
65.9 97.4259796142578
66.0 334.437530517578
67.0 582.874755859375
68.0 263.801879882813
68.1 848.255249023438
69.0 3458.021484375
70.1 7064.73388671875
71.1 10032.2744140625
72.1 2014.35766601563
73.0 4220.00439453125
74.0 1745.52648925781
75.0 7355.0419921875
76.0 7209.724609375
77.0 8526.396484375
78.0 3325.7333984375
79.0 397.98828125
79.8 223.403747558594
80.0 23.9579010009766
80.3 22.8405418395996
81.0 3388.02197265625
82.0 2187.33129882813
83.0 55692.13671875
84.0 3310.9931640625
85.0 1384.56555175781
86.0 803.994506835938
86.1 729.98095703125
86.9 38.0940170288086
87.0 4753.521484375
88.0 37891.6015625
89.0 18243.001953125
90.0 17330.142578125
91.0 2482.33740234375
91.1 356.988220214844
91.7 32.0600814819336
91.9 20.2090339660645
92.0 88.3668365478516
92.1 308.473602294922
92.9 220.999908447266
93.0 151.756744384766
93.9 275.615753173828
94.0 854.734130859375
95.0 5754.64794921875
96.0 5153.1044921875
97.0 1191.14697265625
98.0 1146.89050292969
98.1 1318.5078125
99.0 800.303771972656
99.8 231.329605102539
100.0 813.869873046875
101.0 706.866333007813
101.1 788.312316894531
102.0 18722.25
103.0 9326.5263671875
104.0 5400.107421875
104.1 699.908386230469
105.0 4611.5947265625
105.9 100.392211914063
106.1 728.656677246094
107.0 13706.8134765625
108.0 349.563354492188
108.2 14284.8994140625
109.0 877040.4375
110.0 66637
111.1 2939.54711914063
111.9 248.042984008789
112.0 313.043487548828
112.2 93.5575485229492
112.7 32.8384399414063
112.9 38.3302459716797
113.0 474.170959472656
113.9 45.3612632751465
114.0 827.612915039063
115.0 1720.75036621094
116.0 641.583251953125
116.0 1471.19750976563
117.0 6799.9599609375
118.0 3636.8544921875
119.0 1299.13806152344
119.9 28.2769145965576
120.0 531.708557128906
120.9 171.727172851563
121.0 862.954467773438
122.0 3950.87255859375
123.0 1079.77380371094
124.0 912.127014160156
124.1 189.220504760742
125.0 1072.75219726563
125.8 80.8385925292969
125.9 203.372787475586
126.1 383.517669677734
126.9 434.883422851563
127.1 197.240051269531
127.9 288.693756103516
128.1 745.219665527344
128.9 87.1683349609375
129.0 12765.078125
130.1 12893.3837890625
131.0 8630.8935546875
132.0 663.297912597656
132.0 802.340759277344
132.9 525.616149902344
133.0 557.914794921875
134.0 242.475921630859
134.1 168.730072021484
135.0 343.214233398438
135.1 186.987060546875
135.9 189.524078369141
136.2 168.040542602539
137.0 10223.8984375
138.0 1400.55407714844
139.0 591.4599609375
140.0 329.181823730469
140.2 32.1836814880371
141.0 967.067626953125
142.1 383.664184570313
142.2 103.570823669434
143.0 1417.10461425781
143.1 215.837539672852
144.0 4205.5244140625
145.0 79071.5234375
146.0 8533.8486328125
147.0 279.491149902344
147.1 697.544677734375
147.8 49.5570297241211
148.1 179.057067871094
148.2 26.1102619171143
148.9 179.233001708984
149.0 604.964294433594
149.8 72.8508834838867
149.9 331.631866455078
150.0 266.572479248047
151.0 1654.69848632813
151.9 442.256530761719
152.1 171.83122253418
152.9 374.00927734375
153.1 156.46696472168
154.0 279.642150878906
154.1 71.1697845458984
155.0 2223.9921875
156.0 548.3046875
156.1 346.945831298828
157.0 1444.3134765625
157.9 1.9788818359375
158.0 693.98876953125
159.0 5097.3837890625
160.0 1167.64929199219
161.0 1599.07629394531
161.7 23.8415050506592
161.8 104.557487487793
162.1 131.702423095703
162.9 265.535766601563
163.8 38.116641998291
163.9 140.494293212891
164.0 120.345527648926
164.1 36.0637512207031
164.9 129.605194091797
165.0 207.732238769531
165.2 85.1516036987305
165.8 49.1194305419922
166.0 88.5534973144531
166.9 417.815368652344
167.1 179.547714233398
168.0 1126.14538574219
168.9 128.094589233398
169.0 2496.32080078125
169.2 97.320686340332
170.0 4004.533203125
171.0 2189.23559570313
172.0 7417.00927734375
173.0 3749.81103515625
173.8 39.8543128967285
173.9 545.767944335938
174.0 720.612060546875
175.0 682.101623535156
175.1 779.819702148438
176.0 230.114562988281
176.0 2047.462890625
177.0 2729.939453125
177.7 29.8187446594238
178.0 970.224365234375
179.0 38.8839340209961
179.1 214.167327880859
180.0 570.263916015625
180.2 41.0973968505859
181.0 386.352905273438
181.7 23.8989810943604
181.8 125.167846679688
182.0 191.702575683594
182.1 81.6606140136719
183.0 732.098083496094
183.9 195.537109375
184.0 436.718566894531
184.8 117.675689697266
185.0 649.762084960938
185.8 40.9476356506348
186.0 443.081237792969
186.1 523.707275390625
186.9 261.147094726563
187.1 522.144836425781
187.8 177.574600219727
188.0 44.2715339660645
188.7 83.2191009521484
189.0 357.478118896484
189.7 15.4404563903809
189.8 63.7988624572754
190.0 27.9944877624512
190.1 83.9334411621094
190.9 82.72509765625
191.7 22.0927562713623
192.0 340.09765625
192.9 678.111572265625
194.0 1621.83996582031
195.0 995.758056640625
195.0 1602.93200683594
196.0 5782.841796875
197.0 5906.38671875
198.0 2986.12255859375
199.0 1667.42529296875
199.9 442.447174072266
200.0 1818.73559570313
200.9 660.20263671875
201.6 27.1649532318115
201.9 37.1063995361328
202.0 316.360626220703
202.1 90.8312072753906
202.2 91.9988784790039
202.9 292.435943603516
203.0 121.598129272461
203.7 36.1978492736816
204.0 359.065979003906
204.9 273.223754882813
205.1 1733.76049804688
205.8 23.3082809448242
206.0 68.9000778198242
206.1 472.845489501953
206.2 46.2103996276855
206.9 157.790786743164
207.0 250.639892578125
207.1 164.914962768555
208.0 600.661560058594
208.9 337.606140136719
209.0 126.883941650391
209.9 307.189239501953
210.1 187.453262329102
211.0 2187.171875
212.0 477.026794433594
212.9 398.212829589844
214.1 2525.56860351563
215.0 9816.0966796875
216.0 2053.53686523438
217.0 1082.29992675781
218.0 106.742973327637
218.9 1726.236328125
219.9 386.021423339844
220.0 28.6031188964844
221.0 982.8564453125
221.9 103.517601013184
222.0 625.678344726563
223.1 12459.40234375
224.1 6604.9169921875
225.1 14426.951171875
226.0 785.677734375
226.1 4351.6337890625
227.0 610.959411621094
227.1 744.501342773438
227.8 30.9944076538086
228.0 729.308227539063
228.2 209.230850219727
229.0 535.629821777344
229.1 254.904846191406
229.9 90.4305038452148
230.1 227.198822021484
231.0 330.161773681641
231.1 138.199798583984
231.9 315.925628662109
232.1 194.650955200195
233.0 2587.1083984375
234.0 697.629577636719
234.9 455.966918945313
235.0 539.1259765625
236.0 204.399917602539
236.1 152.944091796875
237.0 2723.7783203125
238.1 863.364624023438
239.0 1290.28723144531
240.0 850.596557617188
241.0 834.205078125
242.0 748.536560058594
242.1 1047.6455078125
242.9 139.194381713867
243.0 141.443618774414
243.1 99.1670837402344
244.0 78.1572341918945
244.2 20.6400566101074
244.3 29.4402904510498
244.8 27.8934803009033
244.9 42.778995513916
245.1 282.868530273438
245.3 68.4979782104492
245.6 26.1949405670166
245.8 19.5221881866455
246.1 138.89567565918
246.4 32.7825622558594
246.6 25.4813652038574
246.9 193.368209838867
247.1 15.664342880249
247.2 119.602638244629
247.4 28.5291213989258
247.9 70.6945953369141
248.0 132.617202758789
248.2 129.897598266602
248.5 26.5908832550049
248.6 34.3559837341309
248.8 91.228874206543
249.0 268.950500488281
249.2 118.712005615234
249.4 14.8531274795532
249.8 35.3413238525391
249.9 119.583015441895
250.0 266.361846923828
250.1 166.887329101563
251.0 247.829849243164
251.1 4030.09301757813
252.1 6489.072265625
253.1 615717.5625
254.1 105299.203125
255.1 10280.0947265625
256.0 584.055847167969
256.1 251.170639038086
256.8 147.559555053711
256.9 190.945053100586
257.1 95.7254943847656
258.1 15.0454921722412
259.0 73.4836502075195
259.9 33.9651107788086
260.5 19.7127380371094
260.9 116.86897277832
261.1 24.2029438018799
261.8 57.6276512145996
262.0 64.1823501586914
262.9 16.2366027832031
263.1 25.8113574981689
263.7 53.5826530456543
263.9 105.102386474609
264.1 86.5112228393555
264.2 33.2258949279785
264.8 95.519889831543
264.9 176.071716308594
265.1 40.5495643615723
266.0 81.4255218505859
266.1 1996.60559082031
267.1 2019.76794433594
267.2 330.238403320313
268.0 67.7052993774414
268.1 2090.33081054688
269.1 79672.203125
270.1 14378.2314453125
271.0 1948.90625
271.8 29.0153484344482
271.9 99.1579132080078
272.0 158.410217285156
272.2 40.085865020752
272.9 358.013122558594
273.1 95.968017578125
274.1 40619.1015625
275.0 409.69140625
275.1 7125.5732421875
275.9 9.18586730957031
276.1 882.774658203125
276.7 78.609748840332
276.9 155.189834594727
277.0 60.8649139404297
277.9 111.552978515625
278.8 24.4077320098877
278.9 83.3890838623047
279.0 109.73779296875
279.8 48.8341026306152
279.9 92.0100936889648
280.0 194.412551879883
280.1 105.875877380371
280.2 110.891059875488
281.1 2931.423828125
282.0 361.059844970703
282.2 493.112182617188
282.9 36.2312278747559
283.1 289.418762207031
283.3 25.5243511199951
285.0 827.408752441406
285.8 19.3815937042236
286.0 129.394226074219
286.8 18.7439708709717
287.0 290.744415283203
287.9 62.5717926025391
288.2 17.5304145812988
289.0 336.51708984375
290.0 379.535583496094
290.8 33.7459983825684
290.9 212.264846801758
291.9 166.467834472656
292.0 358.172485351563
293.0 1529.5703125
293.8 134.217590332031
293.9 143.095886230469
294.0 199.791275024414
295.0 183.517700195313
295.9 37.7886810302734
296.0 447.767120361328
296.3 84.467399597168
296.9 144.839752197266
297.0 518.665344238281
297.7 24.5876216888428
298.0 333.317840576172
298.7 39.5347862243652
298.9 150.749771118164
299.0 29.5530319213867
299.1 14.6437406539917
300.1 33.8554801940918
300.6 15.6690912246704
300.9 117.043190002441
301.0 32.3736839294434
303.1 115.813400268555
303.8 16.7901630401611
304.0 56.1401023864746
305.0 50.6551055908203
305.1 94.7583923339844
305.9 29.086742401123
306.0 539.136474609375
306.2 19.9633560180664
307.0 3.76130676269531
307.1 361.22216796875
308.0 183.233062744141
308.2 337.931121826172
308.9 95.502067565918
309.1 1891.16748046875
309.9 32.6741600036621
310.0 477.781555175781
310.9 34.3708953857422
311.0 179.229187011719
311.2 102.108772277832
312.1 70.6949005126953
313.1 59.0652503967285
314.1 37.6056022644043
314.7 14.0454807281494
314.9 150.653701782227
316.0 30.2950973510742
316.7 14.5784311294556
318.0 15.2197685241699
318.2 21.5927658081055
318.7 18.3534069061279
318.9 24.7719917297363
319.1 52.4384765625
320.3 15.729926109314
321.0 24.3322811126709
321.9 155.905868530273
322.1 590.149475097656
323.0 38.6053123474121
323.1 1127.01135253906
324.1 215352.75
325.1 48298.58984375
326.1 5441.931640625
327.0 251.991943359375
327.2 289.28271484375
327.9 55.5358848571777
328.2 25.0439376831055
328.3 16.9031162261963
329.0 82.579231262207
329.1 28.5657939910889
330.7 27.8984603881836
331.1 68.0219650268555
331.8 17.174337387085
332.9 118.497360229492
334.1 98.5301055908203
334.7 14.3014249801636
334.8 33.048770904541
335.0 55.5724945068359
336.0 169.231689453125
336.1 633.659912109375
337.0 91.3607482910156
337.1 159.37825012207
338.1 18.5905208587646
338.8 18.2132740020752
340.1 5214.0791015625
341.1 5095.4091796875
342.0 604.042114257813
342.1 307.136749267578
342.2 67.8640060424805
342.7 27.6753063201904
343.0 97.0462951660156
345.0 53.0610084533691
348.8 154.290023803711
348.9 133.399856567383
349.1 39.1240882873535
349.9 15.8603019714355
350.0 199.619186401367
350.2 81.3837890625
351.0 118.780860900879
351.1 2414.93090820313
351.9 30.5793437957764
352.1 930.604553222656
352.2 428.904266357422
352.7 26.513786315918
353.0 341.079864501953
353.2 60.2085952758789
353.9 30.503210067749
354.1 110.044677734375
354.9 57.2534828186035
355.1 18.0426464080811
360.0 22.906343460083
363.0 60.9964714050293
364.1 121.778656005859
365.0 29.8201065063477
365.1 200.584716796875
366.0 22.1484394073486
366.1 68.125602722168
366.2 105.669059753418
366.9 104.833374023438
367.1 72.2021560668945
367.6 15.3247375488281
368.0 47.9109115600586
368.1 277.111206054688
368.2 271.150482177734
368.9 17.2349948883057
369.0 81.5789260864258
369.2 78.7377700805664
371.2 17.3089084625244
373.0 26.0300350189209
382.0 50.0379867553711
382.1 186.053558349609
383.2 15218.0126953125
384.0 437.783721923828
384.2 3437.96801757813
385.0 256.777679443359
385.2 180.274795532227
385.3 107.830413818359
386.2 14.9661226272583
390.9 27.2157459259033
400.9 35.973388671875
405.0 14.2987155914307
416.8 14.2585210800171
427.1 33.631664276123
