#"+EI Scan (rt: 3.028-3.092 min, 12 scans) R1M4.D  Subtract "
#Point,X(Thompsons),Y(Counts)
41.1 12658.625
42.1 2331.74682617188
43.1 16992.6015625
44.0 1469.22875976563
45.0 892.985412597656
45.9 49.4036598205566
46.1 59.1096076965332
47.0 105.444358825684
49.0 228.284042358398
49.2 15.1712522506714
49.9 20.1693439483643
50.0 1569.11108398438
51.0 3720.74462890625
51.9 213.213073730469
52.0 711.315124511719
52.9 82.1117172241211
53.0 503.302734375
53.1 446.196685791016
53.9 299.050811767578
54.1 1161.14404296875
55.1 6780.150390625
56.0 5067.89208984375
57.0 5186.3818359375
58.1 705.919860839844
58.2 63.378173828125
59.0 15912.32421875
60.0 1174.65795898438
60.1 79.2236022949219
61.0 361.925872802734
61.1 362.967163085938
62.0 5533.29052734375
63.0 7278.94775390625
64.0 2169.24780273438
64.8 44.5642852783203
65.0 282.360961914063
65.1 792.567565917969
65.7 23.9330825805664
65.9 134.062484741211
66.0 246.488067626953
67.0 487.323669433594
67.9 258.783721923828
68.1 914.117492675781
68.1 16.1043872833252
69.0 3385.12817382813
70.1 6532.330078125
71.1 9684.560546875
72.1 1790.66369628906
72.2 58.2548179626465
73.0 2713.73681640625
74.0 1034.29614257813
75.0 6603.61474609375
76.0 6066.9638671875
77.0 9259.2216796875
78.0 2889.8134765625
79.0 322.0771484375
80.0 189.07470703125
80.1 118.16438293457
81.0 2955.51000976563
82.1 1930.72888183594
83.0 53949.23828125
84.0 3349.1162109375
85.0 1523.93640136719
85.8 40.256031036377
85.9 452.385009765625
86.0 699.697021484375
86.2 79.9554138183594
87.1 4274.640625
88.0 34788.015625
89.0 17197.04296875
90.0 15839.6611328125
91.0 2706.3935546875
91.9 187.712448120117
92.0 333.008361816406
92.1 93.5534286499023
92.9 155.774063110352
93.0 209.357727050781
93.7 14.8387489318848
93.9 286.189849853516
94.0 845.411560058594
95.0 5064.79296875
96.0 4883.38916015625
97.0 241.106201171875
97.0 672.725524902344
98.0 2544.46826171875
98.9 97.4661331176758
99.0 664.490905761719
100.0 979.868469238281
101.0 1585.52001953125
102.0 17098.89453125
103.0 9183.6474609375
103.9 140.713607788086
104.0 5668.953125
105.0 4138.5263671875
105.9 40.1741752624512
106.0 158.568161010742
106.1 710.22705078125
107.0 12716.1572265625
108.1 13695.1728515625
109.0 829989.75
110.0 63252.70703125
111.0 738.556396484375
111.1 1626.05334472656
111.8 66.2996444702148
112.0 266.350921630859
112.1 119.671058654785
113.0 492.456390380859
113.1 105.108055114746
113.9 121.120849609375
114.0 805.807861328125
115.0 1732.51184082031
116.0 2402.04321289063
117.0 5814.677734375
118.0 3672.69897460938
119.0 723.557861328125
119.1 371.604553222656
119.8 34.7109107971191
119.9 182.506881713867
120.0 325.687225341797
120.2 13.7340126037598
121.0 877.888732910156
121.1 118.349685668945
122.0 3553.4912109375
123.0 1026.94836425781
123.1 235.827651977539
123.8 112.324645996094
124.0 795.966125488281
125.1 614.796936035156
125.9 264.517913818359
126.0 444.311279296875
126.8 208.432907104492
127.0 271.065795898438
127.1 205.908248901367
128.0 1298.31774902344
129.0 12912.3642578125
130.1 12065.2978515625
131.0 7889.4189453125
131.9 178.324340820313
132.0 1108.48352050781
132.9 47.3309326171875
133.1 587.016174316406
134.0 541.624267578125
134.7 55.3127632141113
134.9 299.144683837891
135.0 188.0078125
135.2 147.616134643555
136.1 520.936340332031
136.1 292.842437744141
137.0 9717.546875
138.0 760.958251953125
139.0 1314.03125
139.7 14.8519744873047
139.9 8.56407165527344
140.0 152.606658935547
141.0 677.285888671875
141.9 127.229446411133
142.1 504.973968505859
142.2 25.458345413208
143.0 1395.78918457031
144.0 4217.23486328125
145.0 75249.28125
146.0 8128.04931640625
146.9 298.439453125
147.0 620.166809082031
147.6 26.7239608764648
147.9 39.400806427002
148.0 266.961669921875
148.9 134.499954223633
149.0 164.790878295898
149.1 164.312911987305
149.7 37.8410224914551
150.0 637.116821289063
150.1 18.8037738800049
151.0 1829.53051757813
151.9 13.9877014160156
152.1 745.302307128906
152.9 583.101501464844
154.0 155.956695556641
154.1 174.259674072266
155.0 821.682373046875
156.0 726.559814453125
157.0 1522.19604492188
158.0 981.504089355469
159.0 5335.62744140625
160.0 936.124389648438
161.0 1139.60803222656
161.7 16.0026741027832
161.9 109.423393249512
162.0 84.5612869262695
162.1 18.8171157836914
162.9 221.0830078125
163.8 106.114715576172
164.0 83.7727432250977
164.1 152.973327636719
164.7 16.8474407196045
164.9 316.997619628906
165.0 86.5404815673828
165.8 43.5597229003906
166.0 238.446243286133
167.0 1481.68640136719
167.8 133.192260742188
168.0 877.934387207031
168.1 7.00215911865234
169.0 2658.14233398438
170.0 3672.30200195313
171.0 545.614990234375
171.0 1827.82043457031
172.0 7108.32568359375
173.0 3225.90844726563
173.8 35.763011932373
174.0 356.498626708984
174.1 928.456115722656
174.8 33.642749786377
175.0 1218.31604003906
176.0 2066.54272460938
177.0 2299.67602539063
177.8 61.6148262023926
178.0 592.637268066406
178.3 34.6272926330566
178.9 124.29443359375
179.1 239.626754760742
180.0 869.423522949219
181.0 130.209594726563
181.8 41.4961853027344
181.9 91.8958129882813
182.0 260.086029052734
182.7 55.6780662536621
182.9 35.3823089599609
183.0 552.811828613281
183.9 30.4129638671875
184.1 298.032501220703
184.9 841.617980957031
186.0 594.799560546875
186.1 311.288604736328
187.0 556.557434082031
187.9 15.6119375228882
188.0 245.998657226563
189.0 211.82014465332
189.1 89.0545654296875
189.8 46.3584747314453
189.9 69.3865432739258
190.1 18.1038570404053
190.8 81.4646301269531
191.0 586.594177246094
191.6 17.5374698638916
191.9 35.6724243164063
192.0 327.489044189453
193.0 1008.8974609375
194.0 1566.35363769531
194.1 86.6305313110352
195.0 3675.52465820313
196.0 6070.38134765625
197.0 5944.09033203125
198.0 286.602325439453
198.0 2620.80004882813
199.0 1247.28186035156
199.0 58.5166015625
200.0 2171.65063476563
201.0 510.035522460938
201.7 65.1072845458984
201.8 63.3718566894531
201.9 196.207336425781
202.7 38.8419990539551
202.9 273.220092773438
203.1 217.58137512207
204.0 185.611923217773
204.1 149.28125
205.0 1942.89831542969
205.9 236.631759643555
206.0 141.77604675293
206.1 279.772064208984
207.0 1660.42565917969
208.0 475.623657226563
209.0 520.293151855469
210.0 269.927276611328
210.1 260.3671875
211.0 1934.7978515625
211.9 656.237731933594
212.9 106.018524169922
213.0 177.04296875
214.1 2490.01782226563
214.2 94.6478500366211
215.0 7339.2568359375
216.0 2286.58984375
216.9 434.442626953125
217.9 253.477798461914
218.0 271.071044921875
218.9 1749.74072265625
220.0 395.065307617188
221.0 540.189758300781
221.6 37.1584281921387
221.9 138.107604980469
222.0 491.009002685547
222.2 14.8968152999878
223.0 1579.46875
223.1 10653.0341796875
224.1 6131.25927734375
225.1 14397.0810546875
226.0 84.2229766845703
226.1 5279.17431640625
226.9 350.023956298828
227.1 1113.69763183594
228.0 558.832458496094
228.1 346.891265869141
229.0 1105.08093261719
229.9 59.4683990478516
230.1 78.1811981201172
230.9 215.87321472168
231.0 142.237915039063
231.2 38.3918838500977
232.0 275.152984619141
232.1 367.129791259766
233.0 1172.9892578125
234.0 611.160400390625
234.9 94.6799926757813
235.0 210.853698730469
235.8 25.1427440643311
236.0 445.914398193359
237.0 3006.37890625
238.0 550.122680664063
239.0 294.02392578125
239.8 46.5761413574219
240.1 506.993103027344
240.2 60.4455146789551
240.8 210.891479492188
240.9 493.745361328125
242.0 416.184326171875
242.0 1231.23168945313
242.3 28.1808013916016
243.0 13.2339782714844
243.1 279.279602050781
243.9 18.3002376556396
244.1 100.640930175781
244.7 39.4133834838867
244.9 112.345474243164
245.1 262.541320800781
245.7 13.5445718765259
245.9 123.220123291016
246.0 36.6230659484863
246.2 155.929565429688
246.4 12.5429182052612
247.0 189.713607788086
247.1 110.051422119141
247.4 61.3287239074707
247.8 179.750305175781
248.2 33.2925567626953
248.3 76.2638626098633
248.5 83.8301391601563
248.7 40.6145706176758
248.9 9.79187774658203
249.0 63.7506408691406
249.1 79.9062423706055
249.5 44.1594352722168
249.8 76.6531295776367
249.9 132.437652587891
250.1 243.761642456055
250.2 154.75764465332
251.0 837.455871582031
251.1 3066.90502929688
252.1 6418.521484375
253.1 580581.8125
254.1 101195.46875
255.1 9280.685546875
256.0 183.32698059082
256.1 533.984313964844
257.0 307.403533935547
257.5 13.1141157150269
258.0 93.6744613647461
258.5 16.0788593292236
258.7 22.1693248748779
258.9 105.441146850586
259.1 42.1933403015137
259.8 17.5998859405518
262.0 60.0366401672363
262.8 54.9839973449707
263.0 132.373321533203
263.4 17.4824237823486
263.9 53.2868919372559
264.0 148.062530517578
264.2 24.625846862793
264.8 147.291366577148
265.1 55.5640449523926
266.1 1932.56018066406
267.0 85.59521484375
267.1 1890.66442871094
268.1 2025.19982910156
269.1 78507.625
270.1 8352.154296875
270.1 5570.80322265625
271.0 1689.89916992188
271.7 18.3653926849365
271.9 81.7914810180664
272.0 162.550338745117
272.8 73.1418838500977
273.0 884.1396484375
274.1 38972.1640625
275.0 175.980514526367
275.1 6939.58349609375
275.8 40.2893562316895
276.1 869.542297363281
276.9 354.712982177734
278.0 127.518333435059
278.1 35.1173477172852
279.0 323.491394042969
279.8 69.069938659668
280.0 300.096160888672
280.2 32.2094268798828
281.1 3032.962890625
282.1 867.193298339844
282.8 15.0071001052856
283.0 166.315689086914
283.1 146.123825073242
284.9 624.666870117188
285.7 57.4502220153809
286.1 34.6119079589844
286.8 117.839996337891
287.1 179.531021118164
288.1 82.2476577758789
289.0 397.62548828125
289.9 63.5490112304688
291.1 235.199172973633
292.0 79.6041564941406
292.1 491.319000244141
293.0 1322.93444824219
293.8 60.6332092285156
294.0 29.4213256835938
294.0 650.819213867188
294.6 19.2795143127441
295.1 717.109130859375
295.9 48.8741912841797
296.1 640.303344726563
296.8 45.2449340820313
297.0 392.606231689453
297.7 101.970703125
298.1 153.035858154297
298.9 132.438415527344
299.1 91.1230773925781
300.0 27.5970916748047
300.9 142.814895629883
301.1 38.9281272888184
302.7 58.9390144348145
302.9 160.19221496582
303.7 14.3975496292114
303.9 16.1177635192871
304.0 22.7520236968994
304.1 14.8169565200806
304.7 22.5489406585693
304.9 103.441917419434
305.0 29.3816661834717
305.1 90.8503036499023
305.8 62.2876777648926
306.0 171.42643737793
306.1 309.850128173828
306.9 18.8628768920898
307.0 379.932403564453
307.2 65.567008972168
308.0 57.4259948730469
308.1 496.153442382813
308.8 13.8944501876831
309.0 724.670471191406
309.1 1284.07177734375
309.9 20.8780136108398
310.0 251.314208984375
310.1 286.577728271484
310.7 23.6361446380615
311.0 204.065048217773
311.1 29.3181381225586
312.0 117.651390075684
312.8 14.9520750045776
312.9 36.5882606506348
314.0 14.9249534606934
314.7 21.7754573822021
314.8 200.58381652832
315.2 55.9320220947266
316.1 29.7561855316162
318.7 54.4629325866699
318.9 23.3910503387451
319.2 18.6557292938232
319.8 19.6051273345947
320.3 19.8437824249268
320.4 14.1659927368164
321.2 51.9780387878418
322.0 179.37255859375
322.1 416.884918212891
322.3 24.3151798248291
322.8 23.681619644165
323.0 143.433044433594
323.1 1008.97589111328
324.1 208036.875
325.1 46010.765625
326.2 5358.46044921875
326.8 22.2094020843506
327.0 187.169540405273
327.1 200.127944946289
327.2 91.1584396362305
328.8 47.33935546875
330.7 116.604530334473
332.0 97.8117904663086
332.7 16.6498012542725
333.8 43.7852478027344
334.0 39.5452651977539
334.8 66.8441619873047
335.1 13.6991081237793
335.9 173.62434387207
336.1 602.531677246094
336.2 63.9118537902832
336.8 20.5729579925537
336.9 74.3446578979492
337.0 45.5783805847168
337.1 126.670959472656
337.8 27.9146289825439
338.0 39.592601776123
338.2 15.0607290267944
340.0 281.202117919922
340.1 4947.71630859375
341.1 4898.30859375
341.9 53.2744255065918
342.1 860.977111816406
342.2 90.7102127075195
343.0 66.5939254760742
343.2 47.5869140625
344.8 90.8428955078125
345.9 17.3718700408936
348.8 83.7725448608398
350.0 87.9197692871094
350.1 207.926956176758
351.0 89.5514144897461
351.1 2321.6513671875
351.9 49.4063377380371
352.1 1430.47509765625
352.9 20.3189105987549
353.0 309.059173583984
353.1 201.420455932617
353.9 13.4702253341675
354.0 85.2769088745117
354.1 56.4580383300781
354.3 45.5155639648438
354.9 92.7303237915039
355.1 48.9099388122559
356.8 14.3118324279785
357.0 14.6463346481323
358.9 14.5816049575806
360.0 27.1379909515381
364.1 23.8011875152588
364.2 21.9801959991455
364.8 14.0651969909668
365.1 27.3290004730225
365.2 82.9319000244141
366.0 14.7149972915649
366.1 40.6562957763672
366.3 17.2560443878174
367.1 62.0545349121094
367.9 25.9793605804443
368.1 576.845275878906
368.4 30.6149311065674
368.9 20.1824703216553
369.1 78.98388671875
370.9 76.0891494750977
371.1 50.9877281188965
375.0 13.0639305114746
380.8 36.6536483764648
381.9 16.5141544342041
382.0 93.6851119995117
382.2 96.3485336303711
383.2 15218.72265625
384.0 62.3306694030762
384.2 4087.3525390625
385.1 146.46403503418
385.2 447.487823486328
386.1 46.4054107666016
401.0 31.6685562133789
409.0 13.3151998519897
415.9 14.8113775253296
