#"+EI Scan (rt: 3.028-3.087 min, 11 scans) R5M4.D  Subtract "
#Point,X(Thompsons),Y(Counts)
40.1 856.568359375
41.1 13754.75390625
42.1 2854.455078125
43.1 18560.12890625
44.0 1289.5341796875
44.1 255.761657714844
45.0 1014.48852539063
46.0 15.3639535903931
46.1 111.559539794922
47.0 27.642333984375
47.9 15.1155548095703
48.9 79.4362030029297
49.0 89.1054534912109
50.0 1848.64367675781
51.0 3478.21435546875
52.0 872.180297851563
52.1 225.825042724609
53.0 1540.51452636719
54.0 1604.61572265625
55.1 6492.869140625
56.1 5766.69189453125
57.0 5382.8134765625
58.1 1069.27453613281
59.0 19020.80078125
60.0 1205.56909179688
60.1 88.6466522216797
60.9 152.461868286133
61.0 276.019317626953
61.1 281.723724365234
62.0 6034.64697265625
63.0 8114.9052734375
64.0 2011.15417480469
64.9 96.7445983886719
65.0 1034.23999023438
66.0 120.39737701416
66.1 118.363090515137
67.0 757.709228515625
68.0 439.071197509766
68.1 680.622985839844
69.0 2425.66040039063
69.1 1181.73449707031
70.0 7417.0732421875
71.1 10595.8623046875
72.0 1707.87255859375
72.2 363.497039794922
73.0 2496.70068359375
74.0 1557.0546875
75.0 7482.890625
76.0 6879.44091796875
77.0 9730.40234375
78.0 4026.54296875
79.0 772.732666015625
79.9 114.884521484375
80.1 246.372711181641
80.2 45.6482124328613
81.0 2926.84619140625
82.0 287.736267089844
82.1 1831.64660644531
83.0 59718.9296875
84.0 1472.35302734375
84.1 2203.36865234375
84.9 838.796875
85.0 383.365295410156
86.0 1410.22021484375
86.1 43.6274566650391
87.1 5101.931640625
88.0 39292.04296875
89.0 20164.015625
90.0 17534.23828125
90.9 116.208450317383
91.0 3380.87109375
92.0 328.292144775391
92.1 194.648391723633
93.0 59.7665405273438
93.1 87.2817687988281
93.8 130.905288696289
94.0 446.070678710938
94.1 551.954162597656
95.0 5096.97705078125
96.0 5186.203125
97.0 611.312133789063
97.1 117.623176574707
98.0 2490.54052734375
98.9 108.206634521484
99.0 486.649719238281
99.8 98.4275360107422
100.1 917.593200683594
101.0 1086.11376953125
101.1 362.688018798828
102.0 19114.513671875
103.0 9852.76953125
104.0 6197.54638671875
105.0 4646.27294921875
105.1 125.840919494629
106.0 451.916717529297
106.1 649.058654785156
106.2 29.1794204711914
107.0 13340.9609375
108.1 15199.9638671875
109.0 912824.75
110.0 70536.5625
111.0 2417.0361328125
111.9 201.761810302734
112.0 147.147811889648
112.2 208.348922729492
113.0 389.781860351563
114.0 520.705200195313
114.1 313.318969726563
115.0 2209.77490234375
116.0 2144.09521484375
116.1 113.035186767578
117.0 6535.41943359375
118.0 4040.54858398438
119.0 1275.58862304688
119.9 65.2977447509766
120.0 479.319854736328
120.8 35.7673606872559
121.0 415.167602539063
121.1 660.528442382813
121.2 27.3539981842041
122.0 4204.4921875
123.0 1338.66674804688
124.0 1325.87841796875
124.9 454.865447998047
125.0 219.834167480469
125.9 78.4302062988281
126.0 668.094116210938
127.0 570.008422851563
127.1 402.996612548828
128.0 307.352661132813
128.1 1195.58947753906
129.0 14032.7802734375
130.1 13709.86328125
131.0 8373.955078125
132.0 538.3818359375
132.1 1071.20739746094
133.0 793.751953125
134.0 667.206115722656
135.1 861.843017578125
136.1 757.468322753906
137.0 9758.05078125
138.0 1093.44995117188
138.8 131.163360595703
139.0 958.47607421875
140.0 211.270095825195
140.1 134.630966186523
141.0 975.674926757813
142.0 526.713928222656
143.0 1028.39965820313
143.1 678.570556640625
144.0 4269.99755859375
145.0 82624.6328125
146.0 9067.294921875
147.0 1311.13903808594
147.7 18.8042984008789
147.9 223.839904785156
148.9 321.086334228516
149.0 347.579040527344
149.8 33.4941024780273
150.0 663.878845214844
150.1 130.01921081543
151.0 1590.13427734375
151.8 36.8460731506348
151.9 195.380126953125
152.1 366.571533203125
153.0 700.417663574219
153.1 142.763244628906
153.8 54.2277374267578
154.0 292.672546386719
154.1 25.9714660644531
155.0 1948.07592773438
156.0 1683.14770507813
157.0 1382.86340332031
158.0 688.660583496094
158.1 494.095611572266
159.0 4606.3076171875
159.9 469.363800048828
160.0 328.881225585938
161.0 172.055786132813
161.0 332.543334960938
161.8 46.6910285949707
162.0 144.558700561523
162.1 135.348449707031
162.9 199.014282226563
163.0 454.223999023438
163.8 22.3547286987305
163.9 172.110015869141
164.1 31.757417678833
165.0 223.22021484375
165.1 66.5480880737305
166.0 213.533493041992
166.1 48.19921875
166.7 107.322410583496
166.9 215.5029296875
167.1 149.43391418457
168.0 968.268493652344
168.1 184.182800292969
169.0 2620.294921875
169.1 240.465286254883
170.0 3976.90478515625
171.0 1822.84887695313
172.0 7587.39990234375
173.0 3523.47265625
173.9 68.8747634887695
174.0 1440.94104003906
174.9 224.992294311523
175.0 1234.8349609375
176.0 2552.51977539063
177.1 2738.32885742188
177.9 331.986877441406
178.0 659.040161132813
179.0 171.960922241211
179.0 213.063919067383
180.0 306.698913574219
180.1 421.830078125
181.0 598.313781738281
181.9 318.302551269531
182.1 204.677597045898
182.2 109.751319885254
183.0 606.41357421875
183.7 18.5707817077637
184.0 142.676773071289
184.1 322.719665527344
184.2 31.940055847168
185.0 1263.31774902344
185.8 32.4039459228516
186.0 660.956726074219
186.1 326.492858886719
187.0 643.995849609375
187.9 85.4812698364258
188.0 113.632621765137
188.7 59.4226531982422
188.9 239.894790649414
189.0 149.142486572266
189.7 19.1216850280762
189.9 126.571502685547
190.1 26.6338729858398
191.0 407.178009033203
191.8 57.2453575134277
192.0 297.066589355469
192.2 27.8744735717773
192.8 73.6280212402344
193.0 357.078735351563
194.1 1860.45446777344
195.0 3155.93334960938
196.1 6571.96728515625
196.8 170.86328125
197.0 4826.279296875
198.0 3428.6572265625
199.0 1452.32202148438
200.0 2202.29296875
200.9 404.1572265625
201.0 215.081481933594
201.9 73.577278137207
202.0 350.790313720703
202.2 43.7137603759766
203.0 734.164611816406
203.2 65.2189254760742
203.7 73.7471923828125
203.9 28.6699600219727
204.1 221.006851196289
205.0 2010.05908203125
206.1 591.477478027344
207.0 939.2529296875
208.1 696.778381347656
208.8 50.5357437133789
209.0 390.103424072266
209.1 40.3931274414063
209.9 269.621429443359
210.0 382.678131103516
211.0 1391.921875
211.9 159.178726196289
212.0 1062.42114257813
213.0 713.220947265625
214.0 2333.65502929688
215.0 8891.734375
216.0 2032.38818359375
217.0 832.3974609375
217.9 368.902069091797
218.1 153.447845458984
218.9 1056.85107421875
220.0 400.888580322266
220.9 118.635864257813
221.0 412.509246826172
221.9 151.201797485352
222.0 507.839111328125
223.1 13608.259765625
224.1 6790.0869140625
225.1 16354.04296875
226.0 2490.44946289063
226.1 3170.54760742188
227.1 1417.91259765625
228.1 283.925811767578
228.1 628.465270996094
229.0 643.761962890625
230.0 405.687469482422
230.9 41.4774475097656
231.1 441.515502929688
231.8 107.427642822266
232.0 291.753723144531
233.0 2504.5400390625
234.0 183.985229492188
234.1 509.889831542969
235.0 1767.00598144531
235.7 41.7668342590332
236.0 322.172546386719
237.0 3973.779296875
238.0 1094.77709960938
239.0 843.697509765625
240.1 380.633911132813
241.0 530.340576171875
242.0 1925.60693359375
242.9 211.4482421875
243.0 246.209503173828
243.8 19.8403873443604
244.0 24.8224716186523
244.1 39.1469650268555
244.3 31.8249759674072
245.0 442.034393310547
245.2 63.911304473877
245.4 27.4406986236572
245.7 45.4263954162598
245.8 66.0038375854492
246.0 25.3629989624023
246.1 65.724365234375
246.7 91.5301284790039
246.9 231.553131103516
247.2 64.7784652709961
247.2 67.2328414916992
247.7 18.3080749511719
247.8 43.5498390197754
248.1 161.839218139648
248.2 125.680023193359
248.5 54.0211067199707
249.0 216.239440917969
249.1 83.9984283447266
249.5 42.3077545166016
249.9 72.633430480957
250.0 233.521743774414
250.1 309.853485107422
250.3 139.566345214844
251.0 899.510681152344
251.1 3849.38745117188
251.9 75.2473526000977
252.1 6516.63720703125
253.1 635925.625
254.1 113239.3828125
255.0 457.139923095703
255.1 9725.1298828125
255.9 77.7146682739258
256.0 384.658721923828
256.1 363.027221679688
256.8 132.968872070313
257.0 212.920837402344
257.8 71.4558410644531
257.9 25.2842655181885
258.1 29.8750286102295
258.9 248.461959838867
259.2 18.4745483398438
259.8 30.6854133605957
260.2 37.3085060119629
260.6 53.9634132385254
260.9 41.1643524169922
261.1 32.5934715270996
261.9 14.1324243545532
262.0 39.8819313049316
262.2 52.7249717712402
262.7 67.03662109375
262.9 73.1562423706055
263.1 110.618530273438
263.8 96.3442306518555
264.0 52.9756202697754
264.0 89.174919128418
264.2 40.7581901550293
264.5 19.495792388916
264.8 57.2797203063965
265.0 49.9371299743652
265.1 117.805686950684
266.1 2274.16650390625
266.7 40.927059173584
267.1 1178.42822265625
267.1 1258.66040039063
268.1 2395.73999023438
269.1 87183.2734375
270.1 15459.07421875
270.9 238.852401733398
271.0 1512.43994140625
271.8 26.7649707794189
272.0 132.888046264648
272.1 143.606796264648
272.8 94.3389129638672
273.0 432.6826171875
274.1 42417.06640625
275.1 8047.662109375
276.0 414.874114990234
276.1 631.995666503906
276.6 25.4752445220947
277.0 238.767913818359
277.8 92.8021697998047
277.9 134.356018066406
279.0 233.120101928711
279.9 80.6683959960938
280.1 217.789535522461
280.3 71.3554306030273
281.1 3690.98120117188
281.8 23.7939567565918
282.0 674.559509277344
282.2 275.753509521484
282.9 14.9976959228516
283.0 214.837585449219
283.2 23.1004505157471
283.9 15.67578125
284.0 21.2666034698486
285.1 438.954467773438
285.9 72.5345230102539
286.4 18.6884765625
286.7 16.1488170623779
286.9 157.023986816406
287.0 109.104095458984
287.9 156.846984863281
288.1 19.0136127471924
289.0 1012.400390625
289.8 73.4597625732422
290.0 20.0596313476563
291.0 446.854125976563
292.0 170.515045166016
292.0 247.209899902344
292.1 141.477096557617
292.3 24.4848518371582
292.8 293.061676025391
293.0 1134.79223632813
293.9 723.804077148438
294.9 451.974182128906
295.1 80.5888671875
296.0 35.2314147949219
296.1 172.635238647461
296.2 158.811508178711
297.0 412.311340332031
297.8 73.1297302246094
298.0 274.931762695313
298.3 23.5788516998291
298.7 49.6957893371582
298.9 111.28059387207
299.0 141.254669189453
299.1 24.027624130249
300.0 16.6812496185303
300.1 27.3047370910645
300.8 23.7910270690918
301.0 187.416458129883
302.2 21.3374938964844
303.0 90.6503143310547
303.8 17.3188037872314
303.9 17.5825824737549
304.1 37.3280715942383
304.2 19.3872718811035
304.7 17.7291736602783
304.8 18.8218002319336
305.0 102.066047668457
306.0 123.937652587891
306.1 480.081146240234
306.8 31.3800296783447
306.9 193.69482421875
307.1 329.308197021484
308.0 171.075012207031
308.1 427.73583984375
308.9 132.70915222168
309.0 1399.70825195313
309.1 687.179321289063
309.9 19.1959953308105
310.1 450.415618896484
310.1 215.876068115234
310.8 37.9892578125
311.0 121.775772094727
311.8 15.4656991958618
312.0 97.0600128173828
312.2 72.8242111206055
313.0 49.5216064453125
313.2 15.6789216995239
314.2 20.2030220031738
314.8 137.955017089844
316.0 15.3030204772949
316.9 14.9376029968262
318.1 15.1472320556641
318.6 14.1907625198364
319.0 73.1843948364258
319.1 99.1087951660156
319.7 13.9432535171509
320.1 13.9180879592896
321.0 34.5054893493652
322.0 196.268295288086
322.1 386.662811279297
322.2 81.2987442016602
323.0 281.488861083984
323.1 925.988525390625
324.1 226417.640625
325.2 50921.22265625
326.2 5840.306640625
327.1 609.989196777344
327.9 15.0105600357056
328.8 24.0470390319824
329.0 15.1206970214844
329.2 36.6617088317871
329.9 23.472972869873
330.8 117.335136413574
331.1 19.3907337188721
331.9 58.0822296142578
332.0 26.7906322479248
332.9 133.084869384766
333.0 16.4181041717529
334.0 18.1988677978516
335.2 13.949028968811
335.8 21.3178997039795
336.1 705.610534667969
336.2 117.397514343262
336.9 70.6063766479492
337.0 110.722526550293
337.1 43.6854858398438
338.1 73.2017364501953
339.2 16.7048759460449
340.1 5565.59765625
341.1 5812.51123046875
341.9 14.3772211074829
342.1 1087.71948242188
342.2 102.007598876953
342.8 23.170524597168
343.0 72.2151412963867
343.1 94.8863983154297
343.2 17.7857189178467
345.0 89.8284225463867
345.8 16.2071437835693
345.9 36.9000091552734
346.9 51.2904205322266
347.0 32.0401153564453
348.7 31.2874889373779
348.8 138.341171264648
348.9 176.910629272461
350.0 316.40673828125
350.2 75.2223815917969
351.0 93.1919708251953
351.1 2476.5732421875
352.1 876.159606933594
352.2 642.864807128906
352.5 23.0150337219238
352.9 110.164405822754
353.1 247.296875
353.7 33.1540184020996
353.9 93.551025390625
354.2 98.7676696777344
354.9 39.1124649047852
355.0 73.552604675293
355.2 15.5676355361938
356.9 22.7148151397705
359.0 16.9422473907471
361.0 19.1856117248535
362.9 34.1486892700195
364.0 56.0848045349121
364.9 18.9598369598389
365.0 75.2806701660156
365.2 105.934013366699
365.2 39.3455352783203
365.5 14.7655916213989
365.9 13.8365240097046
366.1 33.6041374206543
366.2 107.471969604492
366.8 15.7489748001099
366.9 46.7713584899902
367.0 186.677291870117
367.2 14.7196044921875
367.9 24.3483943939209
368.0 267.573120117188
368.1 319.482940673828
369.1 98.3933181762695
369.2 55.3105583190918
370.8 20.2040710449219
371.0 43.8627281188965
380.9 15.4146242141724
381.2 14.6126527786255
381.7 17.3750057220459
382.1 250.439102172852
382.2 34.4449195861816
383.2 17659.388671875
384.2 4248.25390625
385.1 354.549560546875
385.2 346.183929443359
385.4 37.1456642150879
386.0 49.8934478759766
386.1 13.7835912704468
386.5 17.8274459838867
387.1 50.6808853149414
387.2 17.0498123168945
401.0 76.5866241455078
401.1 43.2395057678223
404.8 19.0196094512939
452.9 13.7817049026489
483.2 26.9763374328613
