#"+EI Scan (rt: 3.028-3.086 min, 11 scans) R9M4.D  Subtract "
#Point,X(Thompsons),Y(Counts)
40.1 258.630340576172
41.1 12282.205078125
42.1 2257.02612304688
42.2 125.028984069824
43.1 18896.216796875
44.0 1659.38513183594
45.0 1226.79907226563
45.9 92.8875274658203
46.0 69.9582214355469
46.9 41.1841278076172
47.0 50.8287658691406
48.8 30.1670665740967
49.0 184.072479248047
50.0 1475.86901855469
51.0 2999.63232421875
51.8 22.13796043396
51.9 174.864044189453
52.0 543.36328125
52.1 282.338134765625
53.0 974.197875976563
54.0 1195.7353515625
54.2 46.1507415771484
55.1 6034.37158203125
56.1 4968.94091796875
57.0 4044.58862304688
58.0 172.946929931641
58.1 380.021697998047
58.2 290.414611816406
59.0 18266.7578125
60.0 798.068908691406
60.1 563.467041015625
60.9 128.130569458008
61.0 543.890563964844
62.0 4837.9765625
63.0 865.52099609375
63.0 5858.126953125
64.0 908.233520507813
64.1 746.470520019531
64.9 97.290771484375
65.1 767.659790039063
65.9 164.88671875
66.1 185.287796020508
67.0 286.77734375
67.1 115.06282043457
67.9 93.5226593017578
68.1 869.25439453125
69.0 3557.4150390625
70.1 5922.96923828125
71.1 7922.9755859375
72.0 181.894866943359
72.1 1285.52722167969
73.0 3182.45141601563
74.0 1067.27514648438
74.1 387.789184570313
75.0 5943.81103515625
76.0 226.609481811523
76.0 5858.8095703125
77.0 7930.8623046875
78.0 3412.89208984375
79.0 602.054565429688
79.9 95.9040985107422
80.0 176.05908203125
81.0 2465.138671875
81.9 73.9486770629883
82.1 1610.6650390625
82.2 58.1484375
83.0 45721.27734375
84.0 2922.53686523438
85.0 249.970413208008
85.0 618.544311523438
85.8 41.4844932556152
86.0 1092.35864257813
87.0 3789.8544921875
88.0 31519.48046875
89.0 15521.2939453125
90.0 13776.2529296875
91.0 2324.13256835938
92.0 289.58740234375
92.1 193.119720458984
93.0 402.5263671875
94.0 649.990966796875
94.1 389.392944335938
95.0 4500.5712890625
96.0 4269.4033203125
96.8 33.773983001709
97.0 1185.60876464844
98.0 595.751953125
98.1 1611.11645507813
98.6 23.0907936096191
98.9 162.013397216797
99.0 591.861511230469
99.5 18.1563777923584
100.0 324.710327148438
100.1 690.139892578125
100.9 27.301097869873
101.0 1386.84008789063
102.0 14406.5341796875
103.0 8027.66748046875
103.9 176.424224853516
104.0 4755.78173828125
105.1 3501.47583007813
105.9 292.226470947266
106.1 561.752868652344
106.2 97.8294448852539
107.0 11160.6318359375
108.2 12144.509765625
109.0 698938.3125
110.0 53420.8203125
111.0 1266.58093261719
111.1 901.575134277344
111.7 46.9229888916016
111.9 210.794479370117
112.1 218.361724853516
113.1 235.857559204102
113.6 19.8345050811768
113.9 246.895599365234
114.1 671.783630371094
114.8 65.2590713500977
115.0 1643.95483398438
116.0 1802.87915039063
117.0 4759.76416015625
118.0 2942.12133789063
119.0 256.387817382813
119.1 753.311767578125
119.8 20.9501724243164
120.0 498.515014648438
120.8 39.1229934692383
121.0 1064.16748046875
122.0 3014.05712890625
123.0 952.297668457031
123.6 45.6279754638672
124.0 868.279235839844
124.1 60.791934967041
124.9 636.916259765625
125.1 190.300399780273
125.8 26.9245471954346
126.0 502.748840332031
126.9 454.595428466797
128.0 536.818969726563
128.1 429.159210205078
129.0 10438.537109375
130.1 9766.9130859375
131.0 6854.89501953125
131.9 160.357162475586
132.0 1009.87310791016
132.1 66.3196487426758
133.0 731.795837402344
133.9 172.918823242188
134.0 398.525512695313
135.0 792.606323242188
135.9 192.053649902344
136.1 14.1870269775391
137.0 8849.0302734375
138.0 1059.67578125
139.0 811.229553222656
139.9 99.6316528320313
140.0 66.0716705322266
140.1 125.966911315918
141.0 735.027465820313
142.0 255.983062744141
142.2 63.8644905090332
142.9 39.5296669006348
143.0 1363.7802734375
144.0 3581.61376953125
145.0 64894.73828125
145.9 97.4502487182617
146.0 7080.3154296875
146.9 152.011947631836
147.0 309.852844238281
147.1 312.220733642578
147.9 72.4425277709961
148.0 105.975364685059
148.7 18.2330665588379
148.9 88.8295211791992
149.0 380.737670898438
149.9 99.5747375488281
150.0 381.890411376953
150.1 103.198806762695
151.0 1292.96166992188
152.0 307.73095703125
152.0 274.526672363281
152.8 40.5028533935547
152.9 98.5633850097656
153.0 164.812393188477
153.8 30.8814506530762
153.9 50.1291961669922
154.1 234.663223266602
154.9 222.140426635742
155.0 1281.88244628906
156.0 719.589965820313
157.0 1276.07604980469
158.0 417.000732421875
158.1 241.578659057617
159.0 3737.138671875
159.9 219.177856445313
160.1 685.283325195313
160.9 512.976928710938
161.9 199.617050170898
162.0 99.5884246826172
163.0 810.769409179688
163.8 110.241424560547
164.0 140.283706665039
164.8 58.2511672973633
165.0 220.419326782227
165.1 138.934677124023
165.9 105.580589294434
166.0 100.768707275391
166.2 59.349796295166
167.0 677.048461914063
167.9 366.577056884766
168.0 397.611328125
168.9 930.409912109375
169.0 785.212463378906
169.1 519.515563964844
170.0 3032.34936523438
171.0 1500.64306640625
172.0 6056.431640625
173.0 2568.07348632813
173.9 91.3195877075195
174.0 826.148071289063
174.9 130.454925537109
175.1 1086.03369140625
175.9 94.2257766723633
176.1 1557.28234863281
177.0 1898.10046386719
178.0 650.036865234375
178.1 97.4221267700195
178.7 25.3473949432373
179.0 444.333709716797
179.9 137.739990234375
180.1 393.728820800781
180.2 93.841796875
180.8 58.3601570129395
180.9 327.227478027344
181.0 166.048156738281
181.9 193.131927490234
181.9 45.5634384155273
182.0 139.969482421875
183.0 483.47119140625
183.9 125.800285339355
184.0 285.321441650391
184.8 26.4424324035645
184.9 315.476684570313
185.1 202.121246337891
185.2 41.1119041442871
186.0 254.596328735352
186.0 316.674743652344
187.0 517.176147460938
187.1 63.1659545898438
187.9 57.6660270690918
188.0 36.1644668579102
188.8 143.339828491211
189.0 380.525665283203
189.9 95.5965270996094
190.0 49.4450569152832
190.8 82.9146957397461
191.0 232.466796875
191.8 54.2577514648438
192.0 293.607299804688
192.1 48.8972434997559
192.3 22.5429019927979
192.9 15.7761840820313
193.0 487.080139160156
194.1 1591.07629394531
195.0 2989.77294921875
196.0 620.00341796875
196.1 4195.44482421875
197.0 4006.18115234375
198.0 2333.15454101563
198.9 746.463684082031
199.0 124.915893554688
199.9 493.447265625
200.1 1456.32067871094
200.9 673.364868164063
201.0 595.178527832031
201.8 134.992523193359
202.0 243.786315917969
203.0 709.294372558594
203.9 128.817474365234
204.0 176.575210571289
205.0 1617.99426269531
205.9 26.1895561218262
206.1 531.079162597656
206.2 32.839656829834
207.0 1446.41479492188
208.0 493.994903564453
208.1 19.0024108886719
208.8 131.228652954102
208.9 36.609619140625
209.0 115.771453857422
209.7 15.7660341262817
209.8 36.6904525756836
210.0 386.050079345703
211.0 1988.7587890625
211.9 332.774230957031
212.0 207.456665039063
212.9 447.109008789063
213.0 102.089111328125
213.8 65.660530090332
214.1 2112.6845703125
215.0 8635.744140625
216.0 1714.70385742188
217.0 726.476928710938
217.9 390.020538330078
218.9 1247.38232421875
219.9 250.558166503906
220.0 359.315582275391
220.9 626.148498535156
221.1 56.4631652832031
221.9 94.1759567260742
222.0 427.892578125
223.1 10341.2744140625
223.9 26.9857025146484
224.1 5161.5302734375
225.1 12152.9619140625
226.0 181.579849243164
226.1 3756.50170898438
226.8 60.8977890014648
227.0 341.256774902344
227.1 581.34228515625
227.9 37.6997032165527
228.1 558.123718261719
228.2 113.464912414551
228.8 57.0414047241211
228.9 376.17041015625
229.0 122.271789550781
230.0 234.504440307617
230.2 79.1150207519531
230.9 123.985473632813
231.1 178.454208374023
231.2 32.8185386657715
231.8 23.3218517303467
232.0 166.695297241211
232.1 281.028198242188
233.0 3759.21923828125
233.9 150.911209106445
234.0 477.154296875
235.0 252.788635253906
235.1 361.522491455078
236.0 345.201538085938
236.2 29.0490837097168
237.0 2105.86669921875
237.9 5.564697265625
238.0 665.126037597656
238.9 66.2957763671875
239.0 608.744384765625
239.9 149.511520385742
240.1 142.277465820313
241.0 653.030029296875
241.8 61.3280181884766
242.0 662.289367675781
242.1 546.589294433594
242.9 138.978607177734
243.0 111.437164306641
243.1 1.47955322265625
243.7 33.8714752197266
244.0 64.3284149169922
244.1 17.1603260040283
244.3 57.0137786865234
244.6 73.5618667602539
244.8 112.793121337891
245.0 240.095657348633
245.1 65.258171081543
245.5 50.3164558410645
245.6 18.9997062683105
246.0 73.6446838378906
246.1 174.732543945313
246.8 64.3652114868164
247.0 118.285430908203
247.3 103.82054901123
247.5 40.174072265625
247.7 41.9994926452637
247.9 107.248664855957
248.1 93.4832000732422
248.3 66.3708190917969
248.4 94.971809387207
249.0 260.508941650391
249.1 241.955413818359
249.6 16.9470233917236
249.8 138.712936401367
250.0 215.619277954102
250.2 250.769287109375
250.2 50.4549942016602
251.0 3544.14868164063
252.1 5390.037109375
253.1 484970.125
254.1 83419.71875
255.1 7879.14892578125
256.0 401.898406982422
256.1 164.151962280273
256.9 6.41498565673828
257.0 156.085403442383
257.1 48.4822998046875
257.9 36.4145126342773
258.1 17.7463207244873
258.6 20.5136127471924
258.9 75.3134613037109
259.0 63.9186363220215
260.1 14.527286529541
260.2 14.7860479354858
260.5 16.302225112915
260.9 52.2852439880371
261.0 26.7104110717773
262.2 23.9715270996094
262.6 22.2059650421143
262.7 45.9724273681641
262.9 6.41326141357422
263.3 31.4508495330811
263.7 17.4048366546631
263.9 73.2239685058594
264.1 116.661888122559
264.8 21.8038883209229
264.9 84.255989074707
265.1 51.1576881408691
265.9 131.210510253906
266.0 1318.05163574219
266.1 37.1141700744629
267.0 459.232543945313
267.1 1584.40612792969
267.3 57.4575691223145
267.9 25.2485675811768
268.1 1756.12854003906
269.1 64606.31640625
270.1 11778.2333984375
270.9 154.785202026367
271.0 1387.97729492188
271.7 40.6837387084961
271.9 125.371185302734
272.0 25.1089534759521
272.1 128.205078125
273.0 298.483337402344
274.1 32135.943359375
275.1 5652.9931640625
276.1 623.440612792969
276.2 120.880912780762
276.9 295.070098876953
277.7 14.3612585067749
278.0 18.563850402832
278.7 52.1509780883789
278.9 27.1429748535156
279.0 226.765640258789
279.9 147.734252929688
280.1 159.833297729492
281.1 2619.9521484375
281.9 48.2716941833496
282.0 302.922760009766
282.1 202.298629760742
282.7 19.9306259155273
282.9 16.5847282409668
283.0 37.2792015075684
283.1 41.0942916870117
284.1 14.5194635391235
284.9 92.2208251953125
285.0 192.1494140625
285.9 150.676528930664
286.0 72.092155456543
286.9 129.650512695313
287.0 185.869750976563
287.9 24.0294322967529
288.0 48.3089485168457
288.2 17.4059886932373
289.0 744.881958007813
290.0 591.074462890625
291.0 256.545928955078
291.1 70.6415557861328
292.0 226.643783569336
292.1 113.707107543945
293.0 816.288330078125
293.8 340.237426757813
294.0 88.6575012207031
295.0 373.395751953125
296.0 121.888847351074
296.2 101.249397277832
296.3 78.8571701049805
296.7 84.570442199707
297.1 322.884826660156
298.0 163.892150878906
298.8 103.184471130371
299.0 65.5897979736328
300.1 18.2636451721191
300.7 23.9992351531982
301.8 15.9387607574463
302.2 14.3127908706665
303.0 24.0013790130615
303.1 92.0563659667969
303.9 15.2548713684082
304.7 34.3561859130859
305.0 93.3371505737305
305.2 20.8957233428955
306.0 36.5188980102539
306.1 421.9755859375
307.0 332.303680419922
308.0 74.611701965332
308.1 428.661590576172
308.8 17.9436206817627
309.1 1650.9521484375
309.9 72.7465896606445
310.1 302.263793945313
310.5 20.1896686553955
310.9 50.2072105407715
311.0 224.047180175781
311.7 16.097339630127
312.0 55.4515495300293
314.7 15.6702270507813
315.0 44.6215782165527
318.8 44.792667388916
318.9 28.8959426879883
319.1 30.7362232208252
319.2 14.7886381149292
320.0 29.5149955749512
320.2 33.5904541015625
320.7 31.1842880249023
320.9 34.4426612854004
321.1 16.257999420166
321.8 43.3992462158203
322.1 590.881774902344
322.2 57.6526527404785
323.0 81.4500427246094
323.1 938.364440917969
324.1 171481
325.1 39099.6796875
326.1 4329.35009765625
327.1 278.141296386719
327.2 200.115051269531
328.7 33.1846885681152
331.0 54.014087677002
332.1 46.5106658935547
332.7 18.2653541564941
333.0 37.0493545532227
333.9 26.336986541748
334.8 13.9837036132813
335.0 64.357536315918
335.9 188.186126708984
336.1 330.473358154297
336.2 175.132354736328
337.0 83.129524230957
337.1 64.4990158081055
337.3 33.5212516784668
337.9 58.7419891357422
339.1 20.1833896636963
340.1 3444.1103515625
340.2 942.536682128906
341.0 746.590881347656
341.1 3613.3154296875
342.0 483.287994384766
342.1 443.690734863281
343.0 26.9939250946045
343.1 56.1203269958496
344.8 25.2694473266602
345.1 42.0957374572754
346.9 18.9673538208008
347.1 14.5798950195313
348.7 13.9170045852661
348.9 143.955322265625
349.1 51.1427726745605
349.8 55.7433738708496
349.9 18.8643684387207
350.1 149.715270996094
351.0 237.712539672852
351.1 1896.83056640625
352.0 279.424163818359
352.1 635.111694335938
352.2 139.943374633789
352.9 48.614315032959
353.0 295.049682617188
353.1 86.0479049682617
353.8 18.1334247589111
353.9 45.1248054504395
354.0 82.5309143066406
355.0 18.6662769317627
363.2 15.3807191848755
364.3 22.8236980438232
365.0 73.161247253418
365.2 35.8212242126465
366.1 79.8379440307617
366.9 51.4578399658203
367.1 69.6142501831055
368.0 100.630172729492
368.2 409.474426269531
369.0 68.2714157104492
369.2 18.9995574951172
371.0 44.7082061767578
381.1 14.9685153961182
381.9 19.1509208679199
382.1 223.274963378906
383.0 256.445770263672
383.2 12217.0478515625
384.1 1528.50854492188
384.2 1439.24633789063
385.1 238.326126098633
385.3 134.521148681641
387.0 34.7200050354004
388.1 14.3433866500854
397.1 20.1556644439697
401.1 15.0577402114868
