#"+EI Scan (rt: 3.034-3.092 min, 11 scans) R4M4.D  Subtract "
#Point,X(Thompsons),Y(Counts)
40.1 1270.9072265625
41.1 12975.3125
42.1 2607.44482421875
43.1 18484.673828125
44.0 1580.4873046875
45.0 1339.82727050781
45.8 48.8381004333496
45.9 126.232147216797
47.1 168.575820922852
48.8 20.3155536651611
48.9 209.014465332031
49.0 14.8668518066406
49.9 44.7242088317871
50.0 1603.64831542969
51.0 3400.18579101563
51.9 18.2865982055664
52.0 924.615600585938
52.1 181.576263427734
53.0 1375.0390625
53.9 38.4501647949219
54.1 1403.22058105469
55.1 6752.31689453125
56.0 5480.890625
57.0 4637.9111328125
58.1 959.851989746094
59.0 18304.111328125
60.0 974.854553222656
60.1 304.84228515625
60.9 263.712066650391
61.1 478.919036865234
62.0 5133.95166015625
63.0 7254.75390625
64.0 2020.55969238281
64.9 482.841613769531
65.0 498.432037353516
65.8 42.9614524841309
66.0 250.801208496094
66.1 106.956619262695
66.9 40.6098175048828
67.0 55.4973754882813
67.1 71.5728912353516
68.0 475.781646728516
68.1 664.173278808594
69.0 3496.861328125
70.1 6693.97705078125
71.1 9218.34765625
72.0 751.040100097656
72.1 942.727355957031
73.0 3006.3037109375
73.9 109.861152648926
74.0 1068.49182128906
74.1 222.775344848633
75.0 6371.548828125
76.0 6114.802734375
77.0 8836.853515625
78.0 2948.10400390625
79.0 358.567504882813
80.0 335.797973632813
80.1 74.583625793457
81.0 3141.5283203125
82.1 1985.17626953125
83.0 51525.58203125
84.0 3195.03344726563
85.0 994.078552246094
85.9 218.420303344727
86.0 1050.42712402344
86.2 36.2688636779785
87.0 4293.6328125
88.0 34045.78515625
89.0 17246.9140625
90.0 15769.61328125
91.0 244.022811889648
91.0 2732.611328125
91.9 388.450439453125
92.1 119.649314880371
92.8 197.733139038086
92.9 50.8387603759766
93.1 15.2382202148438
94.0 1001.22485351563
95.0 4535.3837890625
96.0 4664.22314453125
96.9 111.848236083984
97.0 684.440246582031
98.1 2443.71044921875
99.0 961.380798339844
99.8 84.5248489379883
100.0 683.003967285156
100.1 125.781692504883
100.9 231.783950805664
101.0 1094.24450683594
102.0 16518.205078125
103.0 8573.2041015625
103.9 80.807991027832
104.0 5309.6142578125
105.1 4064.43383789063
106.0 562.200988769531
106.1 343.633850097656
107.0 12021.705078125
108.1 13394.150390625
109.0 787566.875
110.0 60026.46484375
111.0 2397.79760742188
111.6 49.8044815063477
111.8 107.731559753418
112.0 342.730987548828
112.2 79.3136672973633
113.0 528.603454589844
113.7 16.5860500335693
113.9 15.5907897949219
114.0 601.936828613281
114.1 89.2738723754883
115.0 1737.50329589844
115.1 100.199096679688
116.0 2200.353515625
117.0 6229.86572265625
118.0 3223.65942382813
119.0 826.739440917969
119.1 546.900634765625
119.9 196.195846557617
120.0 273.451690673828
120.2 95.4237060546875
120.9 270.490478515625
121.0 626.722900390625
121.2 61.0487289428711
121.9 72.4585189819336
122.0 3362.77319335938
123.0 1097.09765625
123.8 18.833158493042
124.0 467.055572509766
124.1 497.071563720703
124.9 119.720275878906
125.0 501.448822021484
126.0 171.205673217773
126.1 264.592224121094
127.0 930.691345214844
128.0 1004.20025634766
128.2 70.4274444580078
129.0 11478.8876953125
130.1 10988.2314453125
131.0 7192.78466796875
132.0 838.99609375
132.1 216.841567993164
132.9 207.33203125
133.0 578.53173828125
133.9 84.2157897949219
134.1 309.528930664063
134.9 1018.09686279297
135.8 77.8818664550781
135.9 68.2951507568359
136.0 0.30718994140625
137.0 9880.8359375
138.0 1348.47912597656
139.0 1888.27001953125
139.9 316.025177001953
140.1 209.340072631836
141.0 785.978881835938
142.0 343.565216064453
142.1 184.988388061523
143.0 782.210205078125
143.1 682.335205078125
144.0 4276.421875
145.0 70738.1640625
146.0 7820.5126953125
146.8 45.7321472167969
147.0 751.9560546875
147.0 184.862854003906
147.9 69.025032043457
148.0 201.004196166992
148.1 16.0267353057861
148.9 48.8884201049805
149.0 443.334197998047
149.1 84.1885223388672
150.0 303.549438476563
150.0 367.538482666016
151.0 1201.01782226563
151.1 280.650604248047
151.9 161.764389038086
152.1 325.457611083984
152.9 193.568618774414
153.0 221.329498291016
154.0 169.699798583984
154.0 344.598114013672
155.0 1597.615234375
156.0 943.875610351563
156.1 240.980285644531
157.0 1708.4267578125
158.0 600.75732421875
159.0 3929.33837890625
160.0 1674.11999511719
160.9 289.803955078125
161.1 212.039779663086
161.8 19.105583190918
162.0 106.173385620117
162.9 100.363311767578
163.0 893.3779296875
163.7 16.2766857147217
163.9 110.960235595703
164.0 144.729721069336
165.0 469.444946289063
165.2 23.0431041717529
165.7 20.1332321166992
165.8 28.5383472442627
166.0 5.45264434814453
166.9 212.319213867188
167.1 259.233337402344
167.8 236.355224609375
168.0 743.437561035156
169.0 2527.98217773438
170.0 3497.02172851563
170.9 115.057586669922
171.0 1531.92736816406
172.0 6436.1943359375
173.0 3388.0673828125
173.9 112.576850891113
174.0 976.041625976563
174.1 62.4469108581543
174.8 19.3075485229492
175.0 773.490478515625
175.1 228.646728515625
176.0 1771.60668945313
177.0 2187.43017578125
178.0 830.419860839844
178.1 96.2265701293945
178.9 104.426910400391
179.0 225.224990844727
179.2 150.892990112305
180.1 628.963073730469
180.2 56.0091934204102
180.9 203.148300170898
181.0 398.512634277344
181.9 149.447158813477
182.0 141.634948730469
182.1 91.768440246582
182.9 500.394989013672
183.0 289.492645263672
184.0 311.752227783203
184.1 128.464538574219
184.9 867.776428222656
185.9 262.711547851563
186.0 534.451477050781
186.1 142.410079956055
187.0 679.857788085938
187.8 38.0798950195313
188.0 176.435134887695
188.9 173.604705810547
189.7 41.0776481628418
189.9 65.6893005371094
190.1 14.470666885376
190.9 645.624938964844
191.8 30.2404956817627
191.9 197.823516845703
192.2 19.7688274383545
192.8 73.8734283447266
193.0 683.832153320313
193.9 38.9908752441406
194.0 1340.4296875
194.3 36.1543121337891
194.9 183.852401733398
195.0 2289.49560546875
196.0 4897.38818359375
197.0 4363.16943359375
198.0 2462.359375
198.9 1087.04431152344
199.9 48.8659210205078
200.1 1887.60620117188
200.9 535.457275390625
201.0 176.283813476563
201.8 99.0536804199219
202.0 158.499969482422
202.1 17.0893535614014
203.0 466.392883300781
203.1 77.1925048828125
203.8 40.3809242248535
203.9 167.315185546875
204.0 82.5333023071289
205.0 1946.97277832031
205.6 16.1351795196533
206.0 154.888854980469
206.1 366.475372314453
206.2 34.4111442565918
207.0 1140.65356445313
207.8 29.1964263916016
208.1 276.380462646484
209.1 535.634704589844
209.9 58.8384780883789
210.0 437.243865966797
211.0 2211.92236328125
212.0 416.181701660156
212.1 159.665252685547
213.0 1158.52136230469
214.0 106.99144744873
214.1 2373.33764648438
215.0 8351.46875
216.0 1381.61767578125
217.0 1622.75244140625
217.8 35.4918060302734
217.9 316.751251220703
219.0 1767.828125
219.9 485.170318603516
220.9 435.270538330078
221.0 297.639373779297
221.8 23.2065372467041
222.0 540.081848144531
223.1 10902.20703125
224.0 369.361999511719
224.1 5197.86767578125
225.1 13193.2900390625
226.1 4614.1015625
227.0 511.955963134766
227.1 816.763732910156
228.0 307.385803222656
228.1 443.666961669922
229.0 649.440185546875
230.1 149.198516845703
230.2 56.7997436523438
231.0 406.820281982422
232.0 249.784530639648
232.1 299.671112060547
233.0 2260.955078125
234.0 1432.90698242188
235.0 1382.20397949219
235.7 35.7044296264648
235.9 80.8477783203125
236.1 297.705047607422
237.0 3091.494140625
238.0 1315.54650878906
239.0 870.511169433594
239.0 145.420700073242
240.1 697.103271484375
241.0 902.10546875
241.7 23.6105175018311
242.0 436.556518554688
242.1 1152.93481445313
242.9 63.2419090270996
243.0 412.129364013672
243.6 31.2710456848145
243.9 102.296188354492
244.1 55.9470558166504
244.7 17.3475780487061
245.0 255.515090942383
245.1 140.466400146484
245.7 21.1909599304199
246.0 149.354644775391
246.2 69.853759765625
246.5 15.5125417709351
246.8 65.4618148803711
247.0 102.508087158203
247.2 95.993537902832
247.3 58.9746971130371
247.8 40.9109878540039
247.9 87.8928298950195
248.0 80.4550552368164
248.3 34.089729309082
248.5 14.3147459030151
248.6 54.7275238037109
248.8 59.477596282959
249.0 324.531585693359
249.1 11.1498184204102
249.3 37.2687721252441
249.4 27.5533561706543
249.5 31.4668445587158
249.8 63.9592895507813
250.0 255.256362915039
250.1 202.514846801758
251.0 323.566040039063
251.1 3456.130859375
252.1 5703.34765625
253.1 537586.75
254.1 91522.2578125
255.1 8414.25390625
255.9 76.2524337768555
256.1 496.937866210938
256.2 88.4736557006836
256.7 45.2594604492188
256.9 232.291320800781
257.2 31.2679119110107
257.3 23.4890422821045
257.9 48.0046501159668
258.0 41.6048698425293
258.5 18.9052906036377
258.8 14.9342679977417
259.0 152.618118286133
259.9 14.9526281356812
260.8 93.276237487793
261.0 70.8341369628906
261.9 15.2305107116699
262.1 17.0475311279297
262.7 15.4280300140381
262.9 106.76099395752
263.0 57.1251449584961
263.9 42.103816986084
264.1 57.6513671875
264.5 41.0668792724609
264.7 53.202465057373
264.8 17.2001647949219
265.0 137.496810913086
265.1 38.7567443847656
265.9 39.7034797668457
266.1 1940.96838378906
266.9 149.78239440918
267.1 1877.27355957031
268.1 1692.41760253906
268.2 133.849472045898
269.1 69942.9296875
270.1 12377.3525390625
271.0 1632.12927246094
271.8 30.5563297271729
271.9 255.499450683594
272.1 48.6453895568848
272.8 137.865921020508
273.0 448.898254394531
274.1 34540.56640625
275.1 6319.20654296875
275.9 28.6218681335449
276.0 820.496398925781
276.9 48.3095397949219
277.0 268.108123779297
277.9 114.002243041992
278.1 43.4022254943848
278.6 44.8509559631348
278.8 146.612854003906
278.9 132.101135253906
279.1 50.7668190002441
280.0 157.942962646484
280.1 142.473724365234
281.1 2708.115234375
282.0 405.420043945313
282.1 332.471771240234
282.9 160.807601928711
283.1 99.0161209106445
285.0 625.221557617188
285.8 20.5290298461914
285.9 165.05793762207
286.1 72.992919921875
286.9 112.31135559082
287.8 16.4772300720215
288.1 53.7454605102539
289.0 2162.46044921875
289.9 293.200866699219
290.8 35.2100028991699
290.9 19.1328430175781
291.0 243.492385864258
291.9 27.7733840942383
292.0 414.296661376953
292.2 53.0000114440918
292.9 726.909912109375
293.0 566.9609375
293.7 38.0061073303223
293.9 443.659057617188
294.1 151.663070678711
294.3 29.2087211608887
294.9 235.831176757813
295.6 63.4104881286621
295.8 30.6540412902832
295.9 76.4501647949219
296.1 72.1603546142578
296.3 72.2439193725586
296.8 45.3755149841309
297.0 345.719268798828
297.9 263.199096679688
298.1 60.2673721313477
298.7 59.895580291748
298.8 107.169303894043
299.8 15.8364295959473
300.6 17.2552471160889
301.1 56.2790870666504
303.0 84.3296279907227
303.1 33.6043319702148
304.0 77.6672897338867
305.0 27.0908145904541
305.1 71.682731628418
305.2 56.3481712341309
306.0 186.208023071289
306.1 212.066802978516
306.2 65.189079284668
306.7 24.021089553833
306.9 23.2950420379639
307.0 115.759872436523
307.2 129.786865234375
307.9 16.9451847076416
308.0 157.355163574219
308.1 298.016021728516
308.4 35.2977180480957
309.1 1682.05383300781
310.0 319.072845458984
310.1 122.805488586426
310.9 75.8351821899414
311.0 12.0295867919922
311.2 27.4179630279541
312.0 59.065975189209
312.8 22.514612197876
312.9 41.7173500061035
313.9 32.2378311157227
315.0 74.8772430419922
315.2 38.2117958068848
315.9 47.6274566650391
316.2 15.4677267074585
316.8 19.9705181121826
318.9 65.1782150268555
319.1 81.1554641723633
319.5 13.9987678527832
319.8 21.9289836883545
319.9 15.2617807388306
320.1 22.2569961547852
320.3 17.591438293457
320.8 18.6964225769043
321.2 18.9045257568359
321.8 50.876537322998
322.1 513.554931640625
323.0 204.518615722656
323.1 830.6728515625
324.1 189445.46875
325.1 41963.6640625
326.1 4938.32763671875
327.1 477.3876953125
328.0 20.0917434692383
328.8 36.4958229064941
329.9 22.591215133667
330.0 16.0186634063721
330.8 15.9714994430542
331.0 110.871871948242
331.1 63.1879386901855
331.9 15.1846885681152
332.7 19.980920791626
333.1 14.7357120513916
334.1 18.3756866455078
334.7 15.8071870803833
334.9 50.8210678100586
335.0 40.7051124572754
335.8 35.5575485229492
336.0 54.3266830444336
336.1 701.542785644531
336.9 80.2972564697266
337.1 104.88695526123
338.0 47.098690032959
338.1 44.4027671813965
339.0 15.6459741592407
339.2 21.6403675079346
340.1 4333.451171875
341.0 162.244033813477
341.1 4361.11376953125
341.9 113.233757019043
342.0 67.6117858886719
342.1 271.191619873047
342.2 364.593109130859
342.9 59.5187149047852
343.1 80.4191360473633
344.8 21.2391929626465
345.0 46.254581451416
348.7 28.2502307891846
348.9 169.540588378906
349.0 32.0418853759766
350.0 167.795745849609
350.2 78.5421829223633
351.0 793.042419433594
351.1 1641.19738769531
352.1 1238.79760742188
352.3 46.4154891967773
352.7 24.5777778625488
352.8 49.7054672241211
353.0 162.083450317383
353.1 132.895614624023
353.9 82.554328918457
354.1 68.3478469848633
354.9 39.1256484985352
357.0 15.4107122421265
364.1 13.8115911483765
364.9 82.7719802856445
365.1 109.977630615234
365.9 122.840751647949
366.1 45.9353790283203
366.8 38.8607330322266
366.9 24.748046875
367.0 120.368751525879
368.1 409.891693115234
368.2 46.9832763671875
369.0 59.0617828369141
369.1 50.1390266418457
369.2 40.0609893798828
370.9 21.947639465332
375.0 15.1653890609741
377.0 14.5214986801147
381.2 14.3302116394043
381.8 33.9106826782227
382.1 183.989334106445
382.2 34.3971099853516
383.2 13327.46875
384.2 3334.0791015625
385.1 219.409622192383
385.2 288.636322021484
387.1 18.4210376739502
387.2 16.2284526824951
483.0 15.2137451171875
