#"+EI Scan (rt: 3.028-3.081 min, 10 scans) R10M4.D  Subtract "
#Point,X(Thompsons),Y(Counts)
40.1 355.486328125
41.1 13305.4619140625
42.1 2680.89282226563
43.1 19576.193359375
44.0 1828.14916992188
45.0 1096.59826660156
45.9 37.1271362304688
46.1 39.0054931640625
47.1 284.75146484375
48.8 49.8371238708496
49.0 103.516845703125
49.1 37.268196105957
49.2 34.6573677062988
50.0 1694.81567382813
50.9 131.490386962891
51.0 3307.8623046875
52.0 940.229614257813
53.0 920.314331054688
53.1 295.365112304688
53.9 52.3470077514648
54.0 1087.263671875
54.1 351.056915283203
55.1 5998.09814453125
56.0 5305.474609375
57.0 4863.14208984375
58.0 191.881134033203
58.1 382.575317382813
58.2 367.745574951172
59.0 18494.0234375
60.0 1433.51025390625
61.0 351.795440673828
61.1 289.612121582031
62.0 5526.12841796875
63.0 6944.65771484375
64.0 1556.53967285156
64.2 61.6684150695801
65.0 972.536376953125
65.9 41.7829818725586
66.0 308.912933349609
67.0 205.969665527344
67.1 268.256896972656
67.8 46.292308807373
68.0 727.182006835938
68.1 255.420196533203
68.2 54.985481262207
69.0 4048.494140625
70.1 6175.79931640625
71.1 9011.453125
72.0 321.384643554688
72.1 1446.21533203125
73.0 3489.251953125
73.9 188.901931762695
74.0 964.707946777344
75.0 6160.9697265625
76.0 6304.29150390625
77.0 9400.62109375
78.0 3572.2724609375
79.0 735.404907226563
79.9 189.828735351563
80.0 97.9831161499023
81.0 2308.66015625
81.8 53.8372917175293
82.0 1303.33520507813
82.1 521.699584960938
83.0 50196.109375
84.0 3101.65600585938
84.9 76.3805160522461
85.0 1057.6513671875
86.0 1255.22314453125
87.0 4658.71728515625
88.0 32976.2578125
89.0 16190.6494140625
90.0 14888.095703125
91.0 2916.95727539063
91.9 48.8579635620117
92.0 523.923767089844
92.1 19.7178535461426
92.9 508.318359375
93.1 78.3866729736328
94.0 891.190856933594
95.0 4381.4375
96.0 5099.4970703125
97.0 571.700012207031
97.1 238.833312988281
97.9 240.962310791016
98.0 1947.52307128906
98.2 70.2885589599609
98.9 255.527145385742
99.1 343.976379394531
100.0 730.519104003906
100.1 245.958694458008
101.0 1242.76611328125
101.2 145.117462158203
102.0 15289.009765625
103.0 7927.8984375
104.0 5241.40234375
105.0 2697.53686523438
105.1 828.63671875
106.0 289.245361328125
106.1 396.0693359375
106.2 37.8752403259277
107.0 11841.1123046875
108.2 13259.751953125
109.0 739114.1875
110.0 56887.58203125
111.0 2466.56005859375
111.9 51.3478927612305
112.1 172.708190917969
112.2 67.4220352172852
112.9 389.545104980469
113.0 58.7834396362305
113.8 137.223571777344
114.0 510.949127197266
114.1 231.117523193359
114.2 70.8048858642578
115.0 1853.37133789063
115.9 304.43896484375
116.0 1770.353515625
117.0 5017.5693359375
118.0 3314.1953125
119.0 1488.6572265625
119.9 40.2717018127441
120.0 349.670104980469
120.1 222.663238525391
120.9 379.057312011719
121.0 575.79150390625
121.1 42.4188690185547
122.0 775.282836914063
122.0 2647.72534179688
123.0 1135.32690429688
123.9 119.703346252441
124.1 850.216613769531
124.9 31.0991668701172
125.0 777.841064453125
125.7 52.0399780273438
126.0 434.733215332031
126.1 169.538787841797
126.9 192.990600585938
127.0 389.856750488281
127.8 42.2021064758301
128.0 1200.6669921875
129.0 11023.0576171875
130.1 10594.955078125
131.0 6942.7646484375
132.0 477.915679931641
132.0 841.3212890625
133.0 886.16357421875
134.0 535.548217773438
134.1 65.4933090209961
134.9 323.7587890625
135.0 336.765808105469
135.7 120.873336791992
136.2 176.513763427734
137.0 9667.189453125
138.0 878.897583007813
139.0 1772.49584960938
140.1 335.825408935547
140.9 860.413818359375
141.7 82.1550216674805
142.0 188.309036254883
142.1 321.855407714844
142.9 736.702697753906
143.1 183.792114257813
144.0 4068.85205078125
145.0 70014.078125
146.0 7989.3818359375
146.9 80.4924392700195
147.0 1074.41357421875
147.8 56.4832382202148
148.0 73.5226821899414
148.1 70.4291000366211
148.8 60.8456192016602
149.0 282.631591796875
149.1 139.546112060547
149.8 214.832763671875
149.9 130.818267822266
150.0 301.964416503906
151.0 1841.48498535156
151.9 201.215377807617
152.0 393.630676269531
152.8 92.5341339111328
152.9 274.474426269531
153.8 100.073989868164
153.9 72.7571258544922
154.0 91.5442810058594
155.0 1880.71118164063
156.0 683.369140625
156.1 406.464782714844
157.0 1628.56848144531
158.0 723.810180664063
158.1 42.3931579589844
159.0 3534.6513671875
159.9 97.171760559082
160.0 950.165649414063
161.0 759.078369140625
162.0 130.843536376953
162.0 159.083831787109
162.9 211.428771972656
163.0 368.905426025391
163.9 299.651275634766
165.0 419.794342041016
165.7 31.6476783752441
165.8 26.1808433532715
166.0 95.8601531982422
166.1 24.3847274780273
167.0 1281.49633789063
168.0 773.498657226563
168.1 176.196258544922
169.0 2221.34521484375
170.0 3351.56567382813
171.0 1576.95104980469
172.0 6440.3837890625
172.8 113.890029907227
173.0 3088.30908203125
174.0 1097.96899414063
174.9 213.141159057617
175.0 941.8671875
176.0 330.140228271484
176.1 1586.11279296875
177.0 2362.56640625
177.8 37.9508590698242
178.0 437.329040527344
178.1 419.506927490234
178.9 123.685195922852
179.0 350.560119628906
179.9 35.5777359008789
180.0 280.548400878906
180.1 211.987579345703
180.9 728.551513671875
182.0 323.482238769531
182.1 88.9753265380859
182.3 25.7880592346191
183.0 710.068115234375
183.8 100.517868041992
183.9 104.852905273438
184.0 219.105255126953
184.7 61.004467010498
185.0 963.032409667969
186.1 939.31689453125
186.9 129.604049682617
187.0 275.235961914063
187.9 144.776397705078
188.1 45.935489654541
189.0 342.977233886719
189.7 18.4676914215088
189.9 22.2569274902344
190.0 62.7080612182617
190.8 179.668243408203
190.9 316.654632568359
192.1 170.831466674805
193.0 480.196044921875
194.0 1738.81225585938
195.0 2675.41259765625
196.0 5355.48388671875
197.0 4857.5869140625
198.0 2469.09204101563
198.9 862.405090332031
199.1 390.215148925781
200.0 667.185302734375
200.0 1045.57263183594
200.1 382.432434082031
201.0 696.590148925781
201.8 115.970108032227
202.1 82.8635711669922
202.8 114.520408630371
203.0 10.6767578125
203.1 116.645614624023
203.9 182.40934753418
204.0 214.359573364258
204.1 35.6628837585449
205.0 573.930908203125
205.1 1080.68383789063
206.0 114.895385742188
206.1 373.592041015625
206.2 80.3997955322266
207.0 1111.13952636719
207.9 133.039154052734
208.0 393.298889160156
209.0 536.33056640625
210.0 341.949554443359
210.1 61.2582397460938
211.0 2333.29272460938
211.9 256.815948486328
212.1 316.357574462891
213.0 1211.30603027344
214.0 2148.84326171875
215.0 8387.1767578125
216.0 1855.24523925781
217.0 796.358032226563
218.0 305.339569091797
218.9 1048.79125976563
220.0 345.254577636719
220.0 203.192596435547
221.0 853.183898925781
222.0 532.858764648438
223.1 11043.60546875
224.1 5411.5947265625
225.1 12070.0771484375
226.1 4630.8662109375
227.0 1289.95227050781
227.9 37.9797134399414
228.0 245.804656982422
228.1 471.480041503906
229.0 715.16357421875
229.9 229.817947387695
230.0 149.06575012207
231.0 387.493072509766
231.1 162.085052490234
232.0 224.818206787109
232.1 311.211120605469
233.0 2543.03125
234.0 997.283508300781
234.9 99.7918395996094
235.0 815.554504394531
235.9 94.9810943603516
236.0 56.6251525878906
236.2 18.0133399963379
237.0 2246.01123046875
237.9 651.845703125
238.9 220.3447265625
239.0 453.615783691406
240.0 4.7525634765625
240.2 41.5944747924805
241.0 754.351684570313
242.0 1058.79724121094
242.1 358.890533447266
242.7 40.9205780029297
243.0 305.299530029297
243.1 48.7584838867188
243.5 37.6976470947266
244.0 44.2425384521484
244.9 209.287643432617
245.1 333.439758300781
245.8 133.510101318359
246.1 149.740142822266
246.9 173.412673950195
247.1 107.754028320313
247.8 57.2086601257324
247.9 120.918594360352
248.1 116.109275817871
248.5 20.922420501709
249.0 287.394622802734
249.1 40.054859161377
249.4 187.586700439453
249.8 55.4775009155273
249.9 316.969177246094
250.0 106.122329711914
250.1 43.7118911743164
250.2 92.6365814208984
250.9 149.457504272461
251.1 3597.00634765625
252.1 5887.1650390625
253.1 517909.8125
254.1 89666.6953125
255.1 8371.9912109375
256.1 695.663696289063
256.9 216.690765380859
257.0 72.9016265869141
257.9 63.9216003417969
258.2 21.8007888793945
258.6 15.1069211959839
258.9 49.6684684753418
259.0 29.1781463623047
260.3 15.196665763855
261.1 66.4020767211914
261.9 17.5167751312256
262.0 62.6819686889648
262.7 63.8318061828613
262.9 23.602783203125
263.0 29.5352230072021
263.9 93.7660293579102
264.0 95.4751739501953
264.2 49.9859199523926
264.9 204.722457885742
265.0 70.0885009765625
265.1 29.3004550933838
265.4 17.2671394348145
266.0 260.299957275391
266.1 1342.83569335938
267.0 450.891815185547
267.1 1627.26538085938
268.1 1627.84313964844
268.2 57.4441146850586
269.1 71488.9765625
270.1 12604.3935546875
271.0 1165.84729003906
272.0 123.77555847168
272.1 128.493499755859
272.8 102.157737731934
273.0 368.429901123047
274.1 32733.115234375
275.1 6161.13525390625
276.0 196.687377929688
276.0 598.356384277344
276.7 71.3240737915039
277.0 238.911697387695
277.9 53.345531463623
278.0 44.6103973388672
278.7 63.375602722168
278.8 33.183292388916
279.0 180.068634033203
279.9 169.120422363281
280.0 223.312164306641
281.0 80.635139465332
281.1 2411.31787109375
281.9 35.7260971069336
282.0 335.527648925781
282.1 350.448791503906
282.6 21.2792797088623
282.9 81.9636611938477
283.0 175.795959472656
283.2 21.5331497192383
284.0 29.1074829101563
284.9 687.654846191406
285.8 83.0825805664063
285.9 77.1854400634766
286.0 23.2248573303223
286.2 27.286376953125
286.3 38.5041847229004
286.7 19.2363109588623
286.9 3.82139587402344
287.0 220.985275268555
287.1 30.0453948974609
287.8 18.0557136535645
287.9 23.8408031463623
288.1 54.3707885742188
289.0 897.244262695313
289.8 77.4840850830078
290.0 164.861175537109
290.9 257.177459716797
291.1 34.9658966064453
292.0 201.714141845703
292.1 222.03254699707
292.3 45.1994857788086
293.0 2500.83618164063
293.8 197.826446533203
294.0 423.285705566406
294.8 45.7345962524414
295.0 158.665222167969
295.1 60.7119522094727
295.8 71.6539077758789
296.0 206.033935546875
296.9 167.356079101563
297.0 224.287200927734
297.9 34.7515869140625
298.0 147.867156982422
298.8 45.9269790649414
298.9 194.664947509766
299.2 17.5330295562744
299.9 22.9029064178467
300.0 15.9866409301758
300.7 34.1940879821777
300.9 25.2487754821777
302.0 17.6931133270264
302.9 84.0939559936523
303.1 96.0135192871094
304.0 54.84765625
304.1 52.6228561401367
304.8 27.9094581604004
304.9 62.7108039855957
306.0 243.199417114258
306.2 312.26904296875
306.9 91.4535903930664
307.0 302.294525146484
308.0 244.914398193359
308.1 279.582489013672
308.9 113.454711914063
309.0 740.947387695313
309.1 819.393737792969
309.8 47.4341201782227
310.0 122.663864135742
310.1 248.302612304688
310.9 44.089714050293
311.0 28.4835815429688
311.1 80.9253692626953
311.8 16.7436981201172
311.9 27.2750205993652
312.2 68.6981201171875
312.9 16.0014610290527
314.2 41.8828735351563
314.8 41.61767578125
316.0 25.6973266601563
317.2 19.2440528869629
318.3 22.0485420227051
318.8 26.3581447601318
319.0 53.0588302612305
319.5 19.5669956207275
319.7 53.617919921875
320.5 36.2255249023438
321.1 15.2752809524536
321.9 50.2825241088867
322.1 492.558898925781
322.2 54.8095512390137
322.9 22.5168056488037
323.1 1009.14190673828
324.1 180552.03125
325.2 39693.94921875
326.1 4571.6044921875
326.9 43.333797454834
327.0 250.8642578125
327.1 124.918991088867
329.0 50.132007598877
331.0 37.8790817260742
332.9 81.7642822265625
333.0 36.9590835571289
334.2 18.1682357788086
334.9 77.0638885498047
335.0 45.7271537780762
336.0 413.512939453125
336.1 304.269348144531
336.2 33.9631958007813
336.8 16.603214263916
336.9 59.3287124633789
337.2 104.595481872559
338.1 114.474082946777
340.1 4354.8212890625
341.1 4796.37744140625
342.0 350.965179443359
342.1 665.979675292969
343.0 105.840293884277
343.3 16.9506244659424
344.9 25.6797981262207
345.0 43.853759765625
348.9 156.537750244141
349.0 116.324783325195
349.9 26.3714332580566
350.0 235.880905151367
350.2 49.143856048584
351.1 803.50634765625
351.2 1473.58276367188
351.9 35.1454010009766
352.1 731.308227539063
352.2 429.483154296875
352.7 29.3058967590332
352.9 19.8403358459473
353.0 113.430953979492
353.2 162.124786376953
353.4 30.2255058288574
353.9 17.6096324920654
354.0 47.7362289428711
354.2 27.7999534606934
354.7 18.3192939758301
355.1 16.7742118835449
358.9 21.7497425079346
359.2 17.2969627380371
365.0 57.4335861206055
365.2 39.936637878418
366.2 102.46036529541
367.1 94.8628921508789
367.9 70.3251800537109
368.0 164.418090820313
368.2 110.82844543457
369.1 207.06037902832
371.0 15.994987487793
377.1 46.3525276184082
382.0 73.64306640625
382.1 83.0354385375977
383.2 13242.8251953125
384.2 3180.20068359375
385.1 263.351867675781
385.3 135.373611450195
400.8 68.4865570068359
