#"+EI Scan (rt: 3.652-3.728 min, 14 scans) R4M4.D  Subtract "
#Point,X(Thompsons),Y(Counts)
41.0 1849.33325195313
42.0 194.199020385742
43.1 2905.65649414063
44.0 1530.48999023438
45.2 65.0695724487305
46.0 28.2904167175293
46.9 172.422393798828
48.8 13.13365650177
48.9 45.1095542907715
49.0 68.9722290039063
49.8 41.1289863586426
50.0 214.246337890625
50.1 22.3652820587158
50.9 60.6617660522461
51.0 475.390502929688
51.9 62.4572219848633
52.0 273.514465332031
52.1 51.7308540344238
53.0 474.33447265625
53.8 11.4142255783081
54.0 40.9546432495117
54.1 82.5509185791016
55.0 257.529479980469
55.0 696.938232421875
56.1 58.4879608154297
56.9 62.424373626709
57.0 169.888305664063
57.9 16.7609481811523
58.0 143.434448242188
59.0 222.82421875
59.9 41.4114112854004
60.0 153.444351196289
61.0 50.485710144043
61.8 64.5502166748047
62.1 105.081436157227
63.0 713.226928710938
63.8 27.9347667694092
63.9 225.816482543945
65.0 1064.37854003906
65.1 163.698944091797
65.9 18.2131729125977
66.1 103.528480529785
66.9 161.106079101563
67.0 11.7049255371094
67.2 18.6092414855957
67.9 41.4745178222656
68.1 32.5709457397461
68.2 27.3000087738037
68.9 175.733840942383
69.0 418.175170898438
69.8 12.9653635025024
70.0 62.9201927185059
70.2 32.7091255187988
70.7 12.4791431427002
71.1 240.845977783203
71.9 25.1577167510986
72.1 72.7267608642578
73.0 168.633056640625
73.8 28.3172416687012
74.1 223.614883422852
75.0 326.238891601563
75.9 1.13081359863281
76.0 514.253723144531
77.0 2111.447265625
78.0 1048.2138671875
79.0 277.188720703125
79.8 30.0085353851318
80.0 11.3167724609375
81.0 199.294677734375
81.7 26.1049633026123
81.9 41.6237182617188
82.0 32.2860107421875
82.2 14.435037612915
82.8 13.8977890014648
83.1 131.92317199707
83.2 49.5074043273926
84.0 34.0078086853027
84.1 39.3066062927246
84.8 77.1075973510742
85.1 28.5714511871338
85.9 54.6504783630371
86.1 41.2810440063477
86.9 10.4660263061523
87.0 183.076858520508
87.1 68.2975921630859
88.0 447.802764892578
88.1 105.076637268066
89.0 2316.12622070313
89.9 37.2687034606934
90.0 429.708129882813
90.1 121.107070922852
91.0 7786.63720703125
91.1 286.938781738281
92.0 501.141632080078
92.1 139.821060180664
93.0 592.258972167969
93.9 79.2379608154297
94.1 39.4159622192383
94.2 56.6965866088867
94.6 17.5629787445068
94.8 50.3505516052246
95.1 83.3657913208008
95.7 43.4248313903809
95.9 208.639266967773
96.1 167.656112670898
97.0 510.152770996094
97.7 25.6676578521729
98.1 89.7403411865234
98.7 11.8418140411377
99.0 46.9545669555664
99.8 50.8945236206055
100.1 15.3528146743774
100.9 74.4873580932617
101.0 615.778869628906
101.2 97.0338973999023
102.0 1333.09118652344
102.1 538.243103027344
102.2 30.7417163848877
102.9 179.961517333984
103.0 678.689025878906
103.9 33.5843086242676
104.0 172.660888671875
104.8 39.1690254211426
105.0 435.397796630859
105.1 60.5110969543457
105.9 9.31661987304688
106.0 145.581436157227
106.1 82.7367630004883
107.1 226.403686523438
107.2 53.3876075744629
107.7 26.2774982452393
107.9 15.1153335571289
108.0 77.5646591186523
108.2 112.980834960938
109.0 333.62939453125
109.8 11.9206619262695
109.9 220.145889282227
110.7 60.0869674682617
110.9 53.1129989624023
111.0 125.684204101563
112.7 28.2872867584229
112.8 106.491554260254
113.1 39.9915084838867
113.8 58.7987670898438
113.9 83.3246459960938
114.0 129.812957763672
114.1 329.892425537109
115.0 590.284973144531
115.1 1508.68957519531
116.0 4313.2998046875
117.0 594.879272460938
117.8 67.2087783813477
118.0 199.135284423828
118.1 41.6739730834961
118.9 279.762634277344
119.0 78.2388916015625
119.9 111.27758026123
120.1 113.94246673584
120.3 15.6879587173462
121.0 2933.01879882813
121.8 16.1681137084961
122.1 250.925369262695
122.7 19.0363826751709
123.1 103.13890838623
123.8 53.2215995788574
124.0 11.5621194839478
124.1 25.5799083709717
124.7 39.0340194702148
125.0 211.870864868164
125.1 20.950870513916
125.9 60.5908432006836
126.1 30.0494976043701
126.9 223.580169677734
127.0 176.702331542969
127.2 20.6355934143066
127.8 162.066497802734
128.0 1241.79565429688
128.1 467.935821533203
129.0 3483.51318359375
130.0 2468.771484375
131.0 875.567749023438
131.8 124.936531066895
132.0 97.1930770874023
133.0 370.936096191406
133.9 69.307731628418
135.0 653.997253417969
135.1 173.114852905273
135.9 36.3287353515625
136.1 258.825164794922
137.0 2474.4072265625
138.0 159.075927734375
138.9 302.242126464844
139.0 10.462158203125
139.8 39.4143753051758
139.9 25.2695159912109
140.1 134.360397338867
141.0 425.735107421875
141.9 153.300155639648
142.0 63.5617370605469
142.1 71.0834579467773
142.9 181.195114135742
143.0 2002.05603027344
144.0 12940.0126953125
144.9 352.147308349609
145.0 1101.32995605469
146.0 133.724838256836
146.8 117.810585021973
146.9 13.3261871337891
148.0 58.7596206665039
148.1 15.3107814788818
149.0 185.335311889648
149.2 50.7346572875977
149.7 17.84153175354
150.0 39.4318618774414
150.1 57.8229904174805
150.9 180.256866455078
151.0 130.679077148438
151.1 69.2117767333984
151.8 24.329381942749
151.9 13.1088562011719
152.1 174.216690063477
152.2 41.0115394592285
152.7 17.9054050445557
152.9 150.026077270508
154.0 239.967391967773
154.1 51.3089599609375
155.0 399.087890625
156.0 656.600524902344
156.1 195.111083984375
156.8 68.3052520751953
156.9 638.118469238281
157.1 57.3785400390625
157.7 19.5527057647705
158.0 512.198608398438
159.0 93.16845703125
160.0 7.65411376953125
160.0 332.122772216797
160.9 79.01806640625
161.1 32.070426940918
161.6 16.4846515655518
161.8 13.4930114746094
162.0 27.9980907440186
162.1 41.4057006835938
162.8 275.760803222656
162.9 209.516906738281
163.8 84.1920318603516
163.9 84.7851104736328
164.1 139.535263061523
164.2 23.1515598297119
165.0 330.772399902344
165.8 28.705623626709
166.0 141.907867431641
166.1 11.7709436416626
166.4 11.1589374542236
166.7 26.9418678283691
166.9 897.893981933594
168.0 283.502838134766
168.9 123.521553039551
169.1 150.586944580078
169.9 312.153961181641
170.1 298.586517333984
171.0 280.127502441406
172.0 154.670074462891
173.1 33.3486671447754
173.9 30.0778999328613
174.8 11.8632755279541
175.0 83.8957748413086
175.1 11.8962421417236
175.7 12.6530790328979
175.9 189.397537231445
176.0 77.7518920898438
176.3 23.5439586639404
177.0 100.222846984863
177.1 137.535385131836
177.8 130.289993286133
178.0 182.410568237305
178.2 30.5070991516113
178.7 13.7776727676392
178.9 10.8121795654297
179.1 130.424041748047
179.7 14.6871061325073
179.9 115.163261413574
180.1 38.7813453674316
180.3 10.9483728408813
181.0 510.306457519531
181.9 129.68244934082
182.0 126.023216247559
182.6 27.2496166229248
183.1 93.9723739624023
183.8 31.0264339447021
184.0 268.195983886719
184.1 128.550582885742
184.3 24.3177833557129
184.8 140.787582397461
184.9 23.2114868164063
185.1 36.4750823974609
185.7 57.9344749450684
185.9 140.087249755859
186.1 59.064395904541
186.8 20.6417503356934
186.9 194.859375
187.9 66.7721633911133
188.0 41.0234298706055
189.0 347.775451660156
189.1 141.098480224609
189.9 113.023971557617
190.0 54.0782470703125
190.8 70.1169509887695
191.7 26.3073692321777
192.0 272.222106933594
193.0 369.739196777344
193.9 114.449203491211
194.0 54.5604782104492
194.9 848.856262207031
196.1 59.4409713745117
197.8 41.3297309875488
198.0 228.133163452148
198.1 133.777465820313
198.7 28.8663234710693
199.0 510.954620361328
199.1 42.359920501709
200.0 175.547592163086
200.1 374.363189697266
200.9 595.315551757813
201.7 15.4646444320679
201.9 13.8256378173828
202.0 146.643508911133
202.2 23.1138801574707
202.9 2.49423217773438
203.0 262.631408691406
203.7 30.2052268981934
204.0 238.11506652832
204.1 248.941284179688
204.5 22.5115699768066
205.0 284.785552978516
205.1 159.292282104492
206.0 203.22119140625
206.1 22.1090717315674
206.9 157.228591918945
207.8 39.4514503479004
208.1 206.403060913086
208.2 34.297046661377
208.6 18.6687164306641
208.8 44.6808395385742
208.9 117.424003601074
209.6 15.1164064407349
209.9 108.481666564941
210.1 82.3755874633789
211.0 995.603515625
212.1 661.492126464844
212.2 341.507873535156
213.0 175.790588378906
213.1 556.427429199219
214.1 51635.0234375
215.0 6961.751953125
216.1 915.595397949219
216.9 619.699951171875
218.0 365.183776855469
218.1 32.7942123413086
219.0 118.84326171875
219.9 88.8297500610352
220.1 26.6472358703613
220.6 20.4551219940186
220.7 33.4260139465332
220.9 83.1555099487305
221.7 11.0069065093994
221.8 34.303539276123
221.9 21.0496654510498
222.1 50.861515045166
223.0 209.720245361328
223.7 47.050609588623
224.0 43.5537376403809
224.2 16.8020668029785
224.9 302.254730224609
226.8 131.413635253906
227.0 158.204360961914
227.8 32.310245513916
228.0 150.981979370117
228.2 32.9005813598633
229.0 448.316009521484
230.0 444.45458984375
230.2 79.9033355712891
230.7 17.1219005584717
231.0 111.91064453125
231.1 82.295768737793
231.9 29.4366493225098
232.0 309.84765625
232.1 75.1106948852539
233.8 47.2038345336914
234.7 29.3322601318359
235.1 241.825424194336
235.9 89.7640533447266
236.1 35.9290771484375
237.0 131.662109375
237.9 287.857879638672
238.8 19.393611907959
239.1 92.4622421264648
240.1 17.3498039245605
240.9 122.63720703125
241.9 123.232131958008
242.1 27.0998783111572
242.9 59.4604225158691
243.2 17.245943069458
243.9 31.7673778533936
244.0 36.4318313598633
244.7 27.8453960418701
244.9 97.742805480957
245.1 16.2574920654297
246.1 144.366180419922
246.2 31.6660442352295
247.0 97.7585830688477
247.2 22.8057918548584
247.9 12.6021509170532
248.0 69.2087478637695
248.9 41.5775566101074
249.0 30.2503871917725
249.9 59.9832077026367
251.0 40.677360534668
252.9 63.1955223083496
254.0 40.1826286315918
254.8 32.2697410583496
255.0 41.3770866394043
255.1 30.2919597625732
255.2 46.4997825622559
256.0 12.8954229354858
256.7 46.3534927368164
257.1 67.8042526245117
257.9 13.5747022628784
258.1 33.2035713195801
258.2 12.2958822250366
258.8 11.1131210327148
259.0 60.6123847961426
259.8 11.9141407012939
259.9 15.1017971038818
260.1 101.650428771973
260.2 26.392557144165
260.6 11.3199396133423
260.9 25.097469329834
261.9 72.9517364501953
262.2 142.037628173828
262.8 36.220588684082
265.0 29.900634765625
267.0 29.6422748565674
268.7 34.750301361084
268.9 133.5498046875
269.1 38.3648262023926
270.9 314.099243164063
271.8 12.4804286956787
271.9 34.7167472839355
272.0 54.3438911437988
273.0 16.3013610839844
273.1 65.8810577392578
273.9 164.103118896484
274.1 20.8862915039063
274.7 17.5461483001709
274.8 256.288024902344
275.1 107.780075073242
275.6 15.8148508071899
276.0 52.89501953125
276.1 47.6928939819336
276.7 41.7178955078125
277.4 23.294376373291
277.7 22.2008323669434
277.9 140.760940551758
278.1 125.157112121582
278.3 11.8601379394531
278.8 25.8253211975098
278.9 30.3653545379639
279.0 151.755218505859
279.9 12.7187347412109
280.0 15.807731628418
281.0 175.734588623047
281.1 11.1406469345093
282.0 15.0869960784912
282.9 29.6728000640869
283.2 29.1360378265381
284.8 29.5257816314697
285.0 317.543518066406
285.8 11.3905649185181
286.0 94.6837005615234
286.1 24.9464855194092
286.9 35.7085990905762
287.1 253.165542602539
287.9 16.061653137207
288.1 43.7673873901367
289.0 947.480041503906
289.9 384.142669677734
290.7 53.7778511047363
291.1 23.7198638916016
292.1 73.2365493774414
292.9 215.3916015625
293.7 37.0547714233398
294.0 199.518692016602
294.8 200.405563354492
295.8 34.5541610717773
296.0 29.4220180511475
296.4 21.3052730560303
296.7 41.0957450866699
297.0 128.656234741211
298.0 17.6718654632568
298.1 11.1925611495972
298.7 29.108154296875
299.0 139.405288696289
300.7 11.2213315963745
300.9 16.3492450714111
301.0 60.8314628601074
301.8 11.090235710144
302.1 15.2832860946655
302.3 11.7899875640869
303.1 68.5210494995117
303.2 18.5987567901611
303.3 42.7574195861816
303.8 30.2026500701904
304.2 45.4148864746094
304.9 16.3861274719238
305.1 32.8395881652832
306.1 19.3038158416748
307.1 39.3099975585938
308.1 13.3365297317505
308.9 26.100549697876
311.2 21.699499130249
312.0 13.2062702178955
313.0 12.4110517501831
314.2 74.0430908203125
314.3 34.2354431152344
314.9 22.4967060089111
315.1 44.726921081543
315.9 27.7912712097168
316.1 16.3448219299316
316.9 49.9017143249512
317.0 222.977920532227
317.2 121.028373718262
318.1 102.877075195313
318.2 66.7047882080078
318.3 21.6477012634277
319.0 14.106653213501
319.1 573.693481445313
319.3 13.7319717407227
319.8 11.5902614593506
320.1 81.3615646362305
324.3 14.3925695419312
324.9 11.654746055603
329.1 12.698842048645
329.4 13.235878944397
330.2 16.2536220550537
330.7 16.6417541503906
332.8 28.2474098205566
335.0 190.676605224609
335.1 963.892211914063
335.2 298.270965576172
336.0 49.3569641113281
336.1 181.002395629883
336.2 34.8269081115723
336.3 39.4560279846191
336.8 25.3332424163818
337.1 62.7093772888184
345.0 11.1272506713867
348.9 79.3922653198242
349.1 31.6836128234863
349.9 17.7230339050293
351.0 11.7066297531128
351.2 12.2953643798828
352.8 18.2121162414551
356.8 10.8346433639526
366.8 14.664849281311
367.1 12.3555517196655
371.0 12.7206392288208
387.2 13.8558902740479
414.2 13.25803565979
414.3 27.9539012908936
429.1 13.7567567825317
