#"+EI Scan (rt: 3.652-3.722 min, 13 scans) R8M4.D  Subtract "
#Point,X(Thompsons),Y(Counts)
40.1 84.0281677246094
41.1 2224.82275390625
42.0 206.668838500977
42.1 11.0412979125977
42.2 28.4814891815186
43.0 3000.54248046875
43.9 161.610595703125
45.0 183.044525146484
46.9 128.425109863281
48.8 26.6791801452637
49.1 46.1188125610352
49.9 26.5784492492676
50.0 196.031799316406
50.1 8.76457214355469
51.0 452.227905273438
51.9 142.776626586914
52.1 202.66130065918
52.2 65.1252517700195
53.0 368.621734619141
53.1 97.4417724609375
53.9 78.4524993896484
55.0 1082.59069824219
56.0 82.36669921875
57.0 630.291564941406
57.8 69.6627426147461
58.0 129.826065063477
58.2 18.511833190918
59.0 1265.94775390625
60.0 350.104705810547
61.0 49.8848190307617
61.1 12.5261697769165
62.0 275.431823730469
62.9 201.277648925781
63.0 387.403564453125
64.0 169.57585144043
65.0 1383.1240234375
66.2 27.4253921508789
66.6 12.4563331604004
67.0 8.30961608886719
67.1 300.921661376953
67.8 11.9338703155518
68.0 78.2883224487305
68.2 12.690113067627
69.0 595.228515625
69.9 68.610107421875
70.1 22.4243774414063
71.0 191.904479980469
72.0 63.1189422607422
73.0 618.329345703125
74.0 354.599731445313
75.0 240.499755859375
75.1 103.131973266602
75.9 261.943267822266
76.1 87.113037109375
77.0 1770.404296875
78.0 2457.982421875
79.1 321.298553466797
79.8 19.5554389953613
79.9 83.7846374511719
81.0 313.2958984375
82.0 90.4005813598633
82.2 42.5205001831055
82.7 53.164737701416
83.0 48.4367980957031
83.2 48.4078636169434
83.7 14.1490783691406
84.1 18.6269474029541
84.8 146.286102294922
86.0 29.6264762878418
87.0 151.876190185547
87.0 105.341484069824
87.9 122.172492980957
88.0 305.753784179688
88.1 83.419921875
88.3 31.3999061584473
89.0 2149.203125
90.0 650.371398925781
91.1 8360.8662109375
91.9 78.3760070800781
92.0 800.768249511719
93.0 254.106964111328
93.1 300.274780273438
93.8 43.5720138549805
94.0 15.1315050125122
94.1 142.690017700195
94.8 25.7581806182861
95.2 294.882995605469
95.6 33.6516876220703
95.7 16.9699783325195
96.0 86.813232421875
96.1 172.161102294922
96.8 13.1698904037476
96.9 322.369659423828
98.0 83.541374206543
98.2 21.0277671813965
98.9 87.3535690307617
99.1 30.2756214141846
100.0 29.1873912811279
100.8 83.5243301391602
101.0 300.854766845703
101.1 356.155639648438
102.0 2109.07934570313
102.1 40.5529632568359
102.9 292.232299804688
103.0 737.964111328125
103.9 199.992294311523
104.1 38.003791809082
104.9 158.281967163086
105.1 238.130950927734
105.7 21.5320777893066
106.0 133.075256347656
106.1 95.8165969848633
106.7 15.7042598724365
106.9 143.769393920898
107.0 34.2923126220703
107.1 181.945816040039
107.9 76.254753112793
108.1 27.8556613922119
108.2 35.9015426635742
108.3 55.277702331543
109.0 1037.67016601563
110.0 196.863128662109
110.1 131.779296875
110.9 195.139022827148
111.8 12.4825763702393
112.0 16.1164741516113
112.8 60.8643035888672
112.9 28.8573303222656
113.3 21.2322273254395
114.0 620.006896972656
114.1 145.853454589844
115.0 2129.3212890625
115.9 44.6961936950684
116.0 4578.8125
117.0 1316.81555175781
118.1 133.455413818359
119.0 187.12174987793
119.1 61.9496536254883
119.6 16.0518074035645
119.8 25.7721271514893
120.1 48.1895408630371
120.2 38.2169342041016
121.0 2196.61694335938
121.1 1110.61535644531
121.8 75.6073379516602
122.0 213.460906982422
122.3 11.8109798431396
122.8 25.5771160125732
122.9 295.649932861328
123.3 21.5435371398926
123.6 23.1561145782471
123.8 51.8314247131348
124.1 39.6971893310547
125.0 203.374359130859
125.8 35.5339546203613
125.9 76.7324066162109
126.0 72.4296417236328
126.4 15.3629064559937
126.8 118.87385559082
126.9 72.1085205078125
127.0 387.723449707031
128.0 429.652404785156
128.0 1524.94201660156
129.0 3561.75512695313
130.0 765.630798339844
130.0 2072.04028320313
130.7 33.8773612976074
131.0 361.357574462891
131.1 129.820236206055
131.7 50.5252952575684
131.9 103.383682250977
132.2 48.3051834106445
133.1 315.229553222656
133.9 20.166316986084
134.0 122.843551635742
134.1 59.8451271057129
135.1 200.891418457031
135.7 48.3568534851074
135.9 161.686294555664
136.1 296.798889160156
137.0 1667.548828125
138.1 509.360137939453
139.0 603.885864257813
139.7 21.2319107055664
139.8 45.9951210021973
140.0 158.342880249023
140.1 115.92024230957
140.9 267.540283203125
141.0 197.986785888672
141.9 271.158233642578
142.0 98.5732879638672
142.2 42.6331520080566
142.9 310.795684814453
143.1 1730.60009765625
144.0 12988.7255859375
145.0 1796.20556640625
145.9 73.4004669189453
146.1 67.3995666503906
146.2 20.5370693206787
146.7 32.7158164978027
147.0 70.0756683349609
147.8 17.3379440307617
149.0 192.383071899414
149.7 15.7345237731934
149.9 35.4134750366211
150.0 20.609676361084
150.9 305.527893066406
151.0 174.581573486328
152.0 230.635543823242
152.1 44.1342964172363
153.0 89.8109436035156
154.0 397.436218261719
154.1 222.031356811523
155.1 1185.69055175781
156.1 956.4228515625
156.9 395.836700439453
157.0 262.934448242188
157.7 18.1917190551758
157.9 33.203296661377
158.0 344.790832519531
158.1 78.9145889282227
159.0 363.7080078125
160.0 230.278564453125
160.1 74.966423034668
161.0 46.8442687988281
162.0 46.847957611084
162.2 18.5999889373779
163.0 549.321655273438
164.0 151.560607910156
164.1 47.6474609375
164.6 21.7925281524658
165.0 153.581466674805
165.1 131.262237548828
165.7 72.479248046875
165.9 55.5298309326172
166.1 118.159408569336
167.1 313.995788574219
167.8 43.5783462524414
168.2 64.6658782958984
168.6 53.077091217041
168.8 14.388069152832
169.0 140.474960327148
169.9 388.509918212891
170.1 305.357696533203
170.9 530.285705566406
171.1 196.190078735352
171.9 29.8477039337158
172.0 132.198867797852
172.8 89.2081756591797
173.0 97.0992736816406
173.2 20.5974597930908
174.0 13.6795721054077
174.1 16.5227737426758
174.2 12.7331581115723
175.2 58.4417152404785
175.7 16.2079124450684
176.0 209.006744384766
176.1 155.250991821289
176.9 118.591766357422
177.0 85.0414276123047
177.9 138.561172485352
178.0 251.308868408203
178.2 16.0608291625977
178.8 34.7923851013184
179.1 94.0669479370117
180.0 141.591003417969
180.9 189.144470214844
181.7 22.5249710083008
181.8 127.885040283203
182.0 122.061195373535
182.2 33.4680519104004
183.0 186.481582641602
183.1 59.3614692687988
183.9 35.0147933959961
184.0 314.111450195313
184.8 97.1160583496094
185.8 66.8677215576172
185.9 56.2116317749023
186.1 59.6669158935547
186.4 25.1819534301758
187.0 238.790252685547
187.1 52.424503326416
187.7 16.586820602417
187.8 51.1203079223633
188.0 58.5411720275879
188.6 21.7297039031982
188.8 61.649845123291
189.0 128.614242553711
189.1 52.3031768798828
189.7 14.1196546554565
190.0 34.6097640991211
190.1 138.119705200195
190.2 23.051872253418
190.8 48.2964744567871
190.9 39.3955688476563
191.1 193.017593383789
191.6 14.8236122131348
192.1 97.9383544921875
192.9 24.2034606933594
193.0 92.8787231445313
194.0 53.9145774841309
194.9 148.809188842773
195.1 69.5264663696289
195.7 12.4025106430054
196.0 136.376312255859
196.2 26.3005332946777
196.9 209.713104248047
197.0 63.6477661132813
197.9 160.771575927734
198.1 54.3512573242188
198.7 51.9906044006348
198.9 88.7667236328125
199.1 76.2251129150391
200.0 216.830917358398
200.1 196.160873413086
200.8 128.328887939453
201.9 148.051681518555
202.0 147.733291625977
202.1 111.160514831543
202.8 73.9496917724609
203.0 200.573791503906
203.8 28.425220489502
204.0 525.637084960938
204.2 97.2591552734375
204.9 38.1453399658203
205.0 357.038604736328
205.9 119.215324401855
206.0 75.6889343261719
207.8 82.5151748657227
208.0 305.750518798828
208.8 73.5219421386719
209.0 122.64518737793
210.1 77.9851608276367
211.0 890.47705078125
212.1 1087.44543457031
213.0 1290.98620605469
214.1 54193.92578125
215.0 9763.216796875
215.9 195.769012451172
216.0 957.29833984375
217.0 1490.92529296875
217.8 52.3060111999512
218.0 57.9203643798828
218.1 248.244781494141
219.8 95.6467361450195
220.0 133.863647460938
220.9 140.45263671875
221.0 44.2516899108887
221.9 44.5200271606445
222.1 78.4261169433594
222.9 93.2312545776367
223.1 82.6675567626953
224.7 18.7231922149658
225.0 108.800468444824
226.1 11.9022979736328
226.8 217.994476318359
227.0 24.7888565063477
227.1 19.9000034332275
227.9 39.779598236084
228.1 72.6695556640625
228.2 16.6845684051514
228.7 12.6786975860596
228.9 46.5082740783691
229.0 12.8578491210938
229.1 76.2397994995117
229.9 78.3346328735352
230.1 295.813751220703
230.2 70.3400039672852
230.7 12.0085096359253
230.9 25.6376838684082
231.0 2.88714599609375
231.2 151.652404785156
231.9 49.2506065368652
232.0 408.939819335938
233.0 234.24560546875
234.0 326.300903320313
235.0 306.076202392578
235.7 12.2366895675659
235.8 44.6518096923828
235.9 15.3353471755981
236.0 137.524627685547
238.0 715.288146972656
238.9 47.5138359069824
240.0 43.3988914489746
240.7 58.7832489013672
240.9 89.9768371582031
241.1 33.5148010253906
241.8 19.6983261108398
241.9 13.2419061660767
242.8 41.4807968139648
242.9 15.1768493652344
243.9 18.8017654418945
244.1 40.6885032653809
244.7 25.8148765563965
244.9 45.1806564331055
245.0 56.3178443908691
245.8 60.0752830505371
245.9 17.8024425506592
246.1 223.947723388672
246.2 49.1843070983887
246.3 12.8965311050415
246.7 12.0619440078735
246.8 28.3090343475342
247.0 115.184783935547
247.1 52.4265518188477
247.8 20.9577007293701
247.9 44.2294311523438
248.2 45.8357810974121
248.8 101.31111907959
249.0 78.8619232177734
249.2 11.6886806488037
250.1 32.2142105102539
250.2 12.4443874359131
252.8 22.7892303466797
253.0 45.2520294189453
253.2 28.5404796600342
254.0 29.6391906738281
254.7 12.1999769210815
254.8 15.2223491668701
255.1 54.350959777832
256.8 31.6528644561768
257.0 87.2609024047852
257.9 15.1992387771606
258.1 14.2585611343384
258.9 10.6235885620117
259.8 61.6140327453613
260.1 40.2149391174316
260.8 83.2116546630859
260.9 37.7020683288574
261.8 11.8650732040405
262.1 76.8326187133789
262.2 27.1498317718506
263.0 33.7332305908203
265.0 24.8894691467285
266.9 68.3349914550781
269.9 16.4587383270264
270.8 159.333831787109
271.0 286.967987060547
271.6 12.6345014572144
271.9 98.9877395629883
272.1 16.6492500305176
272.8 79.653694152832
272.9 22.5298461914063
273.0 182.434753417969
273.8 51.4151000976563
274.0 33.3571701049805
274.7 34.6590347290039
275.0 47.7137145996094
275.8 43.1920547485352
276.1 45.6444511413574
276.3 12.4567670822144
276.4 32.0768356323242
276.8 92.1719055175781
277.0 61.5302581787109
277.8 54.3647384643555
278.0 229.872161865234
278.2 14.0416421890259
278.6 33.3180809020996
279.0 129.131149291992
280.8 67.5170974731445
281.0 172.058685302734
281.2 22.3377647399902
282.0 13.4568271636963
282.9 11.9831275939941
283.2 13.0284004211426
285.0 389.380889892578
285.7 12.7851209640503
285.8 27.9567775726318
286.8 21.0328063964844
287.0 237.4716796875
287.2 21.9237384796143
288.0 13.5118722915649
288.2 32.6156425476074
289.8 83.3501739501953
290.0 179.450134277344
290.9 6.43399047851563
291.1 58.106559753418
291.8 33.0330429077148
292.0 35.9293365478516
292.9 508.013885498047
294.0 140.187469482422
294.1 26.9852275848389
294.2 15.5275707244873
294.7 25.2822132110596
294.9 143.480361938477
296.1 26.8296375274658
297.0 215.8837890625
298.0 2.59455108642578
298.6 13.3413438796997
298.8 39.6424942016602
299.1 17.6662883758545
300.9 78.6094284057617
301.1 32.5646362304688
301.7 13.9398603439331
302.2 52.2576065063477
302.9 15.0827350616455
303.1 144.763229370117
303.3 54.4560089111328
304.0 30.7754325866699
304.1 39.5285682678223
305.0 52.8686790466309
306.2 18.3712558746338
306.8 14.2150726318359
307.0 31.2521324157715
307.8 13.0419731140137
308.9 13.3273210525513
309.0 15.8908452987671
311.0 79.3876266479492
314.2 42.3046913146973
314.3 26.9174613952637
314.8 54.437255859375
315.0 68.6177215576172
316.2 20.174674987793
317.0 75.1784133911133
317.1 81.33642578125
317.2 208.32731628418
317.9 32.0798721313477
318.1 77.4855651855469
318.2 90.5421295166016
319.1 325.547912597656
319.2 247.993347167969
319.3 47.5158500671387
320.1 140.23876953125
329.0 14.0597066879272
332.9 13.6808862686157
335.0 121.931922912598
335.1 1334.064453125
336.1 169.210113525391
336.2 141.707107543945
336.3 24.0731105804443
336.4 13.6510410308838
344.8 14.8034820556641
345.0 11.9936561584473
348.9 77.2302551269531
349.0 17.2437763214111
349.2 13.6928472518921
350.0 15.5109605789185
350.1 15.79798412323
354.2 18.4625072479248
355.1 18.1386642456055
362.9 14.3059425354004
366.9 12.4083967208862
381.1 30.9723300933838
400.9 12.033371925354
414.2 12.0580530166626
414.4 14.2155170440674
