#"+EI Scan (rt: 3.646-3.721 min, 14 scans) R9M4.D  Subtract "
#Point,X(Thompsons),Y(Counts)
40.1 164.82536315918
40.9 52.0754661560059
41.1 1601.78112792969
42.0 164.459594726563
42.1 107.882019042969
42.2 16.9043083190918
42.9 157.310195922852
43.1 2343.7001953125
44.0 212.274047851563
44.9 149.273788452148
46.1 15.0824565887451
46.8 68.2891998291016
47.1 124.975456237793
48.8 14.2739858627319
49.2 18.2992897033691
49.7 19.1129703521729
49.9 39.6848754882813
50.0 83.9035568237305
50.1 11.643744468689
51.0 465.134399414063
51.8 24.5805683135986
52.0 283.866149902344
53.1 261.473693847656
53.8 73.010124206543
54.1 25.0110340118408
55.0 416.956420898438
56.0 158.586196899414
57.0 422.684417724609
57.8 77.1586761474609
58.1 49.7784004211426
59.0 812.359375
60.0 246.117065429688
60.9 32.3184547424316
61.7 13.1425266265869
61.9 30.1321563720703
62.1 113.403030395508
62.9 440.131195068359
63.9 202.983367919922
64.0 5.31729125976563
64.9 119.630699157715
65.0 774.477661132813
65.8 36.1247901916504
66.0 88.2256927490234
66.9 191.89973449707
68.1 16.9572238922119
68.2 25.3300876617432
69.0 675.394409179688
69.1 108.373313903809
69.8 13.5935869216919
70.0 47.6989555358887
70.1 15.6063175201416
70.2 42.7744674682617
70.9 134.638580322266
71.1 125.865425109863
71.9 12.6599454879761
72.9 253.255355834961
73.9 110.557395935059
74.0 23.696533203125
74.9 78.3558731079102
75.0 210.484008789063
75.9 56.444263458252
76.0 364.012298583984
76.1 98.4852066040039
76.3 35.4254417419434
77.0 532.0712890625
78.0 1937.11083984375
78.9 98.4538345336914
79.0 279.68701171875
79.8 109.836807250977
80.0 0.584671020507813
80.1 30.9949359893799
80.9 263.684417724609
82.0 82.6235809326172
82.1 17.9762287139893
82.3 28.6248817443848
82.7 16.1481342315674
83.0 170.597259521484
84.0 13.1036062240601
84.6 11.1305694580078
84.8 113.818305969238
85.0 180.914947509766
85.8 14.0746078491211
86.0 16.556245803833
86.8 30.1798992156982
87.1 29.9624252319336
87.9 189.664306640625
88.0 291.181640625
89.0 396.3974609375
89.0 1212.88049316406
90.0 486.735076904297
90.2 50.3281936645508
91.0 6731.30078125
91.9 123.487426757813
92.1 611.864379882813
93.0 395.628875732422
93.1 175.412353515625
93.9 98.7582321166992
94.0 93.3309478759766
94.2 14.7578048706055
94.8 104.242713928223
94.9 230.537948608398
95.2 61.8307113647461
95.8 68.6364517211914
95.9 4.52700805664063
96.1 49.4340133666992
96.5 11.2595777511597
96.8 32.1591110229492
97.1 101.462051391602
98.0 213.847900390625
98.2 23.3063488006592
98.8 36.3464469909668
98.9 88.8065185546875
100.1 64.444694519043
100.8 37.7153282165527
101.0 411.879852294922
101.1 179.557373046875
101.9 65.1736145019531
102.0 1692.33386230469
103.0 934.4365234375
103.8 18.9955043792725
103.9 186.043212890625
104.0 17.7965126037598
104.4 11.8906164169312
104.8 19.6123752593994
105.0 118.804374694824
105.1 226.416381835938
106.0 162.98991394043
106.8 62.3138122558594
106.9 250.014205932617
107.1 86.8195648193359
107.8 57.3583984375
108.0 140.812103271484
108.2 43.8835334777832
109.0 936.156372070313
109.7 19.47900390625
110.0 216.433441162109
110.2 18.6993618011475
110.8 22.8199138641357
110.9 5.89764404296875
111.1 89.5172348022461
112.2 34.1035804748535
112.9 162.342849731445
113.8 157.823928833008
114.0 118.455078125
114.1 127.360656738281
114.9 56.645092010498
115.0 1198.72900390625
115.1 538.294860839844
116.0 1315.74731445313
116.0 2009.11047363281
116.1 74.1321411132813
117.0 1461.51879882813
118.0 313.421173095703
118.7 23.329008102417
118.9 35.0134963989258
119.1 97.8037567138672
119.8 16.0331745147705
120.0 46.3024291992188
120.1 55.165153503418
120.2 48.148250579834
120.9 54.2877578735352
121.1 2759.88598632813
121.9 119.351333618164
122.0 170.533645629883
122.1 30.6297283172607
122.5 23.7652912139893
122.7 40.6015357971191
123.0 136.900726318359
123.9 39.568733215332
124.5 16.79807472229
124.7 27.233060836792
125.0 155.202667236328
125.1 12.8625764846802
125.7 11.6388826370239
126.0 41.5555610656738
126.9 374.939544677734
127.1 83.5449295043945
128.0 1525.80456542969
129.0 3001.13159179688
130.0 2075.06298828125
131.0 527.782531738281
131.2 23.5446376800537
131.9 96.9609756469727
132.0 30.3562450408936
132.2 10.8268575668335
132.8 85.7126998901367
132.9 236.15641784668
133.2 14.0622863769531
133.8 29.9468955993652
134.0 88.6199569702148
134.2 27.6611366271973
134.9 356.845367431641
135.7 53.3623237609863
136.0 230.015274047852
136.1 139.507507324219
137.0 3250.0732421875
138.0 231.785400390625
138.9 816.297973632813
139.1 141.447052001953
139.9 220.72477722168
140.0 83.4217376708984
140.2 18.7732677459717
140.9 926.3232421875
141.1 74.038688659668
141.8 22.2430763244629
141.9 83.2104644775391
142.1 301.139892578125
143.0 2115.87719726563
143.1 60.0481567382813
144.0 11505.734375
145.0 1568.65808105469
145.2 70.2353057861328
145.8 15.7434673309326
146.0 120.206161499023
146.1 17.3405570983887
146.8 51.8689270019531
146.9 43.0221328735352
147.1 90.8140716552734
147.8 26.0870380401611
148.0 65.7737350463867
148.1 60.7900009155273
148.9 59.0351600646973
149.0 232.107543945313
149.7 31.06960105896
150.0 60.3262252807617
150.1 83.2934646606445
151.0 441.253845214844
151.9 34.4006500244141
152.0 140.826248168945
152.8 66.3399200439453
153.1 154.110809326172
153.9 116.09285736084
154.0 421.254608154297
154.1 27.7901821136475
155.0 438.741455078125
155.9 167.314727783203
156.1 598.536682128906
156.9 195.173583984375
157.1 682.336364746094
157.7 18.1316623687744
157.8 47.7828903198242
158.0 220.53044128418
158.1 72.1772842407227
159.0 141.58837890625
159.9 176.970001220703
160.8 82.3136367797852
161.0 74.3648071289063
161.7 11.2269496917725
161.9 40.6142883300781
162.2 11.5751323699951
163.0 521.49755859375
163.8 24.827169418335
163.9 133.363433837891
164.2 56.3599548339844
164.8 30.4637107849121
165.0 486.866851806641
165.8 51.1642723083496
166.0 118.593482971191
167.0 542.623596191406
168.0 296.598846435547
168.1 104.655418395996
168.9 127.761299133301
169.1 61.9944114685059
169.3 32.9111442565918
170.0 102.091003417969
170.1 252.277465820313
170.5 23.3339347839355
170.9 448.626892089844
171.0 27.0638122558594
171.7 12.6449747085571
172.0 139.112457275391
172.7 15.6676645278931
173.0 25.4813442230225
173.7 11.4555234909058
175.0 20.8289451599121
175.9 149.3466796875
176.1 167.306503295898
176.8 65.9475631713867
176.9 49.3796539306641
177.0 88.4386444091797
177.8 107.688980102539
177.9 129.931091308594
178.1 107.272880554199
179.0 54.2902641296387
179.1 66.0644607543945
179.2 23.9466285705566
179.8 34.7941856384277
179.9 70.0867767333984
180.0 123.469848632813
180.5 30.4575805664063
180.9 148.114227294922
181.1 75.9923477172852
181.9 10.1500091552734
182.1 87.649299621582
182.8 84.7548370361328
182.9 141.454238891602
183.0 47.169002532959
184.0 188.486373901367
184.1 55.7449760437012
184.9 256.922760009766
185.0 14.8291625976563
185.8 13.683497428894
185.9 64.8573989868164
186.0 120.663070678711
186.8 192.55973815918
187.0 62.9830322265625
187.1 37.0785217285156
187.9 13.1127042770386
188.1 57.2571334838867
188.8 103.735191345215
188.9 36.4747314453125
189.1 15.8683958053589
189.9 32.6608238220215
190.0 79.2433853149414
190.2 25.0307159423828
190.8 31.0970554351807
191.0 525.817443847656
191.8 23.332727432251
192.0 124.622024536133
192.2 18.3348579406738
193.0 288.241790771484
193.9 66.2590179443359
194.0 154.173950195313
194.1 21.7638301849365
195.0 196.063385009766
196.0 225.844619750977
196.1 38.1622848510742
196.8 60.6978759765625
196.9 87.3729248046875
197.8 10.9975652694702
197.9 57.8714447021484
198.1 190.093643188477
198.3 19.1821765899658
198.6 15.9199829101563
199.0 135.078430175781
199.1 152.824798583984
199.8 21.6731224060059
199.9 63.3953018188477
200.1 300.019989013672
200.9 309.123199462891
201.1 42.5746231079102
201.8 67.6853256225586
201.9 34.4831695556641
202.1 125.131324768066
202.7 14.995343208313
202.9 215.564666748047
203.0 151.386642456055
203.8 63.3958206176758
204.0 577.784912109375
204.2 19.4603309631348
204.9 18.3671951293945
205.0 249.467971801758
205.2 87.9914932250977
205.9 29.0765991210938
206.1 102.63956451416
207.0 720.822326660156
207.8 64.7352828979492
207.9 263.2392578125
208.7 36.5119743347168
208.8 82.7198257446289
209.6 16.1619300842285
209.7 50.3452072143555
210.2 41.0001029968262
211.0 503.62353515625
212.0 575.09814453125
213.0 229.196319580078
213.1 421.127288818359
214.1 44486.72265625
215.0 7245.6728515625
216.0 1934.78332519531
216.9 117.557075500488
217.0 328.49267578125
218.0 322.661956787109
218.1 144.631225585938
218.8 145.382461547852
220.1 62.4512901306152
220.8 77.9390106201172
221.0 306.284973144531
222.8 65.7958679199219
223.0 26.1128082275391
224.1 31.388973236084
224.9 205.507904052734
225.0 73.5400009155273
225.1 27.6881923675537
226.0 55.395923614502
226.6 12.8287305831909
227.0 131.878387451172
227.1 13.6145935058594
228.0 125.687088012695
228.1 32.837818145752
229.0 95.5231628417969
229.8 63.7763137817383
229.9 69.6905670166016
230.0 207.323181152344
230.2 114.15161895752
230.6 13.6278610229492
231.0 145.630523681641
231.2 63.8734664916992
231.7 34.6579666137695
232.0 204.843399047852
232.1 150.013519287109
234.0 756.756591796875
234.9 62.1063537597656
235.7 16.5314464569092
235.9 60.7578086853027
238.0 466.174591064453
238.8 236.772491455078
240.0 23.6153125762939
240.1 37.026554107666
240.8 71.7961044311523
241.1 36.3774833679199
241.9 136.828826904297
242.2 14.1718721389771
242.8 62.3640518188477
243.0 48.881950378418
243.9 19.5105419158936
244.1 62.2262382507324
244.3 17.174186706543
244.6 11.360764503479
244.8 43.3238258361816
245.0 127.779586791992
245.8 44.2797966003418
246.0 108.48656463623
246.1 54.4304962158203
246.2 11.9843492507935
247.0 128.618438720703
247.1 17.9486274719238
248.0 23.998197555542
248.1 92.2863388061523
249.0 91.3006591796875
250.1 43.6400566101074
252.8 41.4540519714355
252.9 98.2053680419922
253.9 13.3417110443115
255.0 46.195068359375
255.1 74.3483047485352
256.8 107.07640838623
256.9 3.45848083496094
257.9 11.4385604858398
258.1 28.0103187561035
258.8 50.9482688903809
259.1 53.6487007141113
259.9 39.3181381225586
260.0 125.667259216309
260.2 74.9828567504883
260.9 67.1326370239258
261.1 28.981990814209
261.9 57.6511840820313
262.1 12.7353534698486
262.2 71.6330032348633
266.8 17.3914489746094
267.9 17.4344348907471
268.8 91.4691009521484
269.0 134.734985351563
269.2 18.2532825469971
270.0 26.9140720367432
270.9 331.784606933594
271.9 79.045524597168
272.1 11.5728969573975
272.6 13.3432064056396
272.9 501.585632324219
273.1 16.795711517334
274.0 77.8000411987305
274.7 25.1259860992432
275.0 245.80339050293
275.1 22.7475128173828
275.7 22.6556549072266
275.8 58.2682876586914
276.9 212.458709716797
278.0 260.210479736328
278.8 37.1361923217773
279.1 44.5546340942383
279.9 11.6773700714111
280.6 15.4508686065674
280.8 72.7814559936523
281.0 72.7726974487305
281.1 11.5166015625
281.9 26.8210773468018
282.0 30.699728012085
282.2 14.7609329223633
283.0 59.0321350097656
284.7 31.1372051239014
284.9 162.008560180664
286.1 95.1631927490234
286.8 38.3768043518066
287.1 54.7633361816406
287.2 15.3716049194336
288.0 49.003849029541
288.7 69.2930603027344
289.0 882.5341796875
289.7 25.4254970550537
290.1 53.409595489502
290.8 69.7500915527344
291.0 280.895416259766
291.2 26.0750217437744
293.0 686.242492675781
293.7 35.0905265808105
293.8 104.526870727539
293.9 105.113159179688
294.9 215.464340209961
295.8 11.892578125
296.2 17.080228805542
296.4 23.3235874176025
296.9 327.583160400391
297.0 62.255054473877
297.9 92.6232223510742
298.7 16.8768272399902
298.9 41.5134391784668
299.9 11.7757883071899
300.1 12.3912038803101
300.7 14.6480531692505
300.9 65.9073104858398
301.0 22.2166957855225
301.2 14.8200483322144
302.2 25.5003356933594
302.8 30.3760509490967
303.2 80.3903884887695
303.5 11.9199752807617
303.8 42.1897583007813
304.2 101.287658691406
304.3 22.4818668365479
304.7 16.6559619903564
304.9 15.355936050415
305.0 42.6629257202148
306.1 29.6962585449219
306.3 13.4877481460571
306.8 80.8028793334961
306.9 42.9090270996094
310.7 20.4831790924072
311.1 10.8720293045044
314.3 22.2446346282959
314.8 14.0771417617798
315.1 30.0350360870361
315.2 12.6497564315796
316.0 42.083179473877
316.1 34.1754302978516
317.0 209.21711730957
317.2 108.585136413574
317.3 32.0711441040039
317.5 12.7335414886475
317.9 43.3802795410156
318.1 47.7462692260742
318.2 29.8011913299561
319.0 177.416793823242
319.2 382.496368408203
320.0 26.0731620788574
320.1 34.7954978942871
320.2 48.5369453430176
324.1 17.0058517456055
325.0 11.6497182846069
329.0 28.1988735198975
330.9 36.5515022277832
331.1 52.4928550720215
332.9 11.5816526412964
334.0 46.0395774841309
334.9 77.0457229614258
335.0 145.328201293945
335.2 1077.79370117188
336.0 236.31706237793
336.3 137.245086669922
337.1 12.0753297805786
344.7 14.0000247955322
345.0 11.7847461700439
348.9 61.2052917480469
349.0 15.1167831420898
350.5 15.639874458313
350.9 26.4238891601563
352.7 11.3946619033813
356.2 14.3185548782349
401.1 11.5431060791016
414.2 41.036247253418
414.5 14.5119571685791
