#"+EI Scan (rt: 4.194-4.264 min, 13 scans) R2M4.D  Subtract "
#Point,X(Thompsons),Y(Counts)
40.1 1097.59130859375
41.1 23820.96484375
42.0 117.649955749512
42.1 1744.22155761719
43.1 41022.3203125
44.0 1629.43359375
45.0 279.796813964844
46.1 15.2203063964844
47.1 84.9587554931641
48.7 18.4000625610352
48.9 74.9498443603516
49.0 112.876968383789
49.8 43.4960403442383
50.0 273.014678955078
50.0 1498.47265625
51.0 6717.69677734375
52.1 5598.58837890625
53.0 3712.25537109375
53.9 11.9318542480469
54.0 339.647613525391
54.1 155.843887329102
55.0 8121.85791015625
56.0 86.9561157226563
56.1 267.51318359375
56.2 85.4737396240234
56.9 66.9471435546875
57.1 900.039855957031
57.9 46.5086936950684
58.1 98.4676513671875
59.0 1357.8046875
60.0 106.580902099609
60.8 81.9132537841797
60.9 69.4894790649414
61.0 165.404632568359
61.1 72.597541809082
62.0 2460.2001953125
63.0 6343.15771484375
64.0 2175.75537109375
65.0 6528.59716796875
65.9 39.5725936889648
66.0 796.917663574219
67.0 1058.14953613281
67.1 303.129547119141
67.9 52.9481391906738
68.0 166.49479675293
68.2 27.7053184509277
69.1 2610.36596679688
69.9 52.9306182861328
70.0 103.406044006348
70.2 127.286468505859
71.1 1582.49035644531
72.0 261.334716796875
72.2 57.3395233154297
73.0 1143.62451171875
73.9 28.4473876953125
74.1 1176.58020019531
74.1 143.378952026367
75.0 5454.8779296875
76.0 6384.60302734375
77.0 34354.765625
78.0 42505.0625
79.0 5212.78515625
80.1 454.799835205078
80.2 45.519287109375
81.0 1328.86889648438
81.8 131.434234619141
82.0 45.73046875
82.1 98.7648773193359
82.3 20.7917308807373
82.5 44.518497467041
82.7 85.5883407592773
82.8 45.1870307922363
82.9 242.500900268555
83.2 30.6098823547363
83.5 23.3648910522461
83.6 148.850402832031
83.8 93.6639862060547
84.9 114.778358459473
85.0 134.645172119141
85.1 101.265548706055
85.8 36.7321701049805
85.9 270.611328125
86.1 216.138885498047
86.1 37.8808746337891
86.9 310.876525878906
87.0 1778.54797363281
88.0 6601.31982421875
89.0 35706.0625
90.0 8770.31640625
91.0 16693.638671875
92.0 411.933929443359
92.1 1439.99462890625
92.9 178.520126342773
93.0 338.875305175781
93.5 30.0577392578125
93.9 40.2938232421875
94.0 124.316101074219
94.1 110.913764953613
94.3 18.3265609741211
94.4 55.4221153259277
94.8 34.9419593811035
95.0 295.707458496094
95.3 179.492736816406
95.7 148.920196533203
95.8 23.4442749023438
95.9 262.265167236328
96.2 58.1394653320313
96.3 96.6526565551758
96.6 80.030029296875
96.8 87.4830017089844
96.9 68.7182006835938
97.1 219.819931030273
97.7 35.8256683349609
97.8 67.2042541503906
98.0 282.087707519531
98.9 257.381225585938
99.1 252.222869873047
100.1 746.118469238281
100.2 67.1554412841797
100.9 218.909194946289
101.0 11723.26953125
102.0 35659.39453125
103.0 14282.01171875
103.9 367.478454589844
104.0 1680.00451660156
105.0 1395.12622070313
105.1 1183.50134277344
106.0 5320.35888671875
106.9 170.049011230469
107.0 782.387573242188
107.1 950.430725097656
107.8 47.5416412353516
108.1 362.715484619141
108.2 146.412384033203
108.4 109.675994873047
109.0 1648.306640625
109.8 82.6737823486328
109.9 76.5684356689453
110.0 167.335189819336
110.7 116.475006103516
111.0 170.828186035156
111.1 155.160186767578
111.7 35.8317909240723
111.8 12.9584369659424
112.0 124.772178649902
112.9 200.723892211914
113.0 1092.09008789063
114.0 9919.494140625
115.0 36504.69140625
116.0 80992.375
117.0 10985.4501953125
118.0 2110.9443359375
118.9 535.884338378906
119.1 72.3493728637695
119.2 91.6812438964844
120.2 2682.18774414063
121.1 149034.609375
122.0 13412.6875
123.0 1685.25732421875
123.7 19.2669048309326
123.8 167.429275512695
124.0 42.5823936462402
124.3 80.3994522094727
124.9 17.2234497070313
125.0 143.064926147461
125.1 68.7954635620117
125.8 66.8423538208008
125.9 436.418029785156
126.1 584.275817871094
126.9 417.751434326172
127.1 3108.41625976563
128.0 30688.884765625
129.0 58643.9375
130.0 39964.92578125
131.0 5212.47265625
131.9 494.003753662109
132.1 454.216339111328
133.0 1375.36169433594
133.9 38.5917053222656
134.1 465.485046386719
135.0 2601.2880859375
136.0 1.382568359375
136.1 385.894073486328
136.2 64.2472229003906
137.0 9421.986328125
138.0 1515.73876953125
139.0 2968.82250976563
139.9 105.728698730469
140.0 2085.06909179688
140.2 50.9446258544922
141.0 3852.2705078125
142.1 4287.08056640625
143.0 38849.6328125
144.0 258880.984375
145.0 26341.828125
145.9 53.0519981384277
146.0 1822.55517578125
146.1 28.9889335632324
147.0 479.836853027344
147.7 11.8061923980713
147.9 226.492752075195
148.1 120.242805480957
148.6 32.4714698791504
148.9 141.051330566406
149.0 430.344268798828
149.7 39.0167274475098
150.0 865.954772949219
150.1 20.4319629669189
150.8 104.838500976563
151.0 1052.00354003906
151.9 362.023895263672
152.0 1195.044921875
152.2 145.386581420898
152.9 247.236068725586
153.0 483.979675292969
154.0 4652.06201171875
154.9 923.596923828125
155.0 1636.01806640625
156.1 6543.49609375
157.0 9762.3037109375
158.0 7415.830078125
159.0 3909.97265625
160.0 357.283203125
160.1 94.1034698486328
160.9 218.849487304688
161.1 143.540100097656
161.8 24.1177597045898
161.9 152.69384765625
162.1 94.7587509155273
162.3 27.3376445770264
163.0 1603.91259765625
163.8 14.8608999252319
164.0 1551.62255859375
164.2 16.6602039337158
164.9 349.947845458984
165.1 3252.93383789063
166.1 1327.16296386719
167.0 1748.84057617188
168.0 528.2685546875
168.1 928.644897460938
169.0 975.203247070313
169.9 139.933441162109
170.1 9214.0537109375
171.0 306.445892333984
171.0 2151.6591796875
171.9 3.06529235839844
172.0 331.902709960938
172.1 143.627914428711
172.8 76.0845565795898
173.0 171.376007080078
173.8 13.5484485626221
174.0 302.612945556641
175.0 495.36474609375
176.0 1194.99743652344
176.1 882.469116210938
177.0 1479.51416015625
178.0 459.626190185547
178.1 1501.68017578125
178.7 28.9527606964111
178.9 223.388595581055
179.0 387.073516845703
179.1 117.981819152832
179.9 101.421073913574
180.1 957.691528320313
180.9 864.395080566406
181.1 84.2334899902344
181.9 190.903701782227
182.1 524.222900390625
182.8 47.1246337890625
183.0 314.772827148438
183.0 197.395812988281
184.1 3420.34887695313
184.9 62.7291259765625
185.0 1307.33959960938
185.9 206.699371337891
186.0 1112.61853027344
186.8 38.670352935791
186.9 16.7879638671875
187.0 731.874145507813
187.2 49.5773887634277
188.0 306.516174316406
188.1 179.99772644043
189.0 441.140106201172
189.1 797.715942382813
190.0 587.75830078125
190.1 1466.54467773438
191.0 3903.11450195313
192.1 3584.50024414063
193.0 1549.97326660156
193.8 53.1559753417969
194.0 441.946411132813
194.1 120.573692321777
194.9 210.401611328125
195.0 432.045593261719
196.0 528.258666992188
196.8 105.866889953613
197.0 883.347290039063
198.0 269.065612792969
198.1 882.426879882813
199.0 677.866333007813
200.0 665.719055175781
200.1 325.550445556641
201.0 816.949462890625
201.9 154.758377075195
202.1 678.026245117188
203.0 1862.71264648438
204.1 4869.2900390625
205.1 2586.98388671875
206.0 1147.70178222656
206.1 190.035217285156
207.0 1153.74084472656
207.9 171.967880249023
208.1 147.552124023438
208.6 65.3368225097656
208.8 126.462387084961
209.0 165.169189453125
209.2 83.1900482177734
209.4 107.95475769043
209.7 62.0142250061035
209.9 235.182769775391
210.0 161.654556274414
210.2 290.796203613281
211.0 2761.6953125
212.0 27.3081665039063
212.1 6250.9775390625
213.1 8202.20703125
214.1 986711.5
215.1 171133.34375
216.1 17280.685546875
217.0 631.637817382813
217.1 3255.2294921875
218.1 1853.02062988281
218.9 1089.51513671875
220.0 1712.96533203125
221.0 1102.46887207031
221.0 179.777618408203
221.8 59.4409637451172
222.0 335.495819091797
222.2 29.76344871521
222.8 251.099990844727
223.0 162.557144165039
223.8 72.3168258666992
224.2 34.9099960327148
224.5 15.5335216522217
224.7 46.0893478393555
224.9 16.7767009735107
225.0 366.279632568359
225.9 41.5957412719727
226.0 188.673492431641
226.1 19.3127746582031
226.9 142.599838256836
227.0 183.631042480469
227.1 71.2550811767578
227.8 54.5601425170898
228.0 61.3445358276367
228.1 523.143432617188
229.0 813.171813964844
229.1 86.1849365234375
230.1 699.0888671875
230.2 37.1467247009277
230.9 226.302581787109
231.0 88.6669158935547
231.1 27.5440979003906
231.9 51.2781028747559
232.1 966.523193359375
233.0 3689.29296875
233.9 92.1421432495117
234.0 1859.31469726563
235.0 943.273132324219
236.1 718.644470214844
237.0 3151.404296875
237.8 145.153305053711
237.9 207.043334960938
239.0 200.107879638672
240.0 156.30842590332
240.1 79.8033828735352
240.8 41.2788543701172
240.9 839.9833984375
241.9 135.032333374023
242.0 113.85627746582
242.2 30.090970993042
242.7 21.9906902313232
242.8 68.8388748168945
243.0 140.934631347656
243.8 32.2310829162598
244.0 84.8715438842773
244.2 47.2627792358398
244.6 11.7914600372314
244.8 58.2648544311523
245.0 144.777770996094
245.1 48.3162689208984
246.0 519.013549804688
246.1 228.978576660156
246.9 77.1624374389648
247.0 496.807495117188
247.2 69.1322937011719
247.8 126.128280639648
248.1 1071.25427246094
249.0 198.089660644531
249.0 77.5528564453125
249.8 37.9337120056152
250.1 1235.96691894531
250.9 115.495414733887
251.0 112.203132629395
251.1 104.97078704834
252.1 52.8847007751465
252.9 235.456466674805
253.1 201.056671142578
254.1 71.6356506347656
254.8 47.3215255737305
254.9 95.0835800170898
255.1 57.3043403625488
255.8 14.2323865890503
256.2 27.210636138916
256.8 127.474067687988
257.0 119.402572631836
257.9 36.6945457458496
258.0 71.4540100097656
258.9 65.7325286865234
259.1 28.0844211578369
259.9 94.8084335327148
260.1 455.107879638672
260.2 20.2285785675049
260.9 287.424621582031
261.2 25.7108287811279
261.9 162.642196655273
262.1 1360.00915527344
263.0 53.3676452636719
263.1 253.396270751953
263.2 154.80549621582
264.0 84.9111328125
264.0 110.128746032715
264.3 32.1058311462402
265.0 93.5963134765625
265.9 13.175196647644
266.1 34.7193984985352
266.7 15.4239435195923
266.9 182.536392211914
267.0 12.733341217041
267.1 50.9921722412109
269.0 170.898468017578
269.7 17.032995223999
270.0 88.837028503418
270.4 18.6237659454346
270.9 88.7855529785156
271.0 125.014610290527
271.8 25.8855876922607
271.9 132.031463623047
272.0 86.3771514892578
272.8 53.3451614379883
273.0 335.228942871094
273.1 59.6920394897461
273.6 39.7357215881348
274.0 71.6383209228516
274.1 162.652374267578
274.2 125.678047180176
274.8 66.9693908691406
274.9 293.966522216797
275.0 67.9557495117188
275.6 34.3705101013184
275.9 216.867050170898
276.0 146.010848999023
276.1 187.759124755859
276.8 58.2093124389648
277.1 17.8246822357178
278.1 2644.11596679688
278.9 241.8564453125
279.1 428.844024658203
279.9 36.0080032348633
280.1 54.3299598693848
280.2 13.2235450744629
280.8 84.853385925293
281.0 209.220153808594
281.9 29.439847946167
282.1 38.2843360900879
282.7 16.2197227478027
283.0 28.0170021057129
283.1 22.9368591308594
283.4 13.3268938064575
284.0 12.5131120681763
285.0 416.248352050781
285.9 26.3698596954346
286.0 158.649871826172
286.2 19.2435283660889
286.9 66.4387283325195
287.0 152.356918334961
287.8 12.8299913406372
288.0 73.8185348510742
288.1 108.790328979492
288.2 46.1837997436523
289.0 406.917602539063
289.9 282.174560546875
290.0 148.765350341797
290.8 144.296890258789
291.0 50.9681091308594
291.9 65.6392593383789
292.1 21.9700622558594
293.0 680.744140625
293.8 357.010101318359
293.9 51.7664337158203
294.9 311.905700683594
295.0 36.8206481933594
295.2 14.1750392913818
296.0 98.3342208862305
296.3 13.0255832672119
297.0 157.992828369141
297.7 23.4266757965088
297.9 76.5799179077148
298.1 49.1360511779785
298.2 19.21604347229
298.7 19.4195175170898
298.9 46.0109329223633
298.9 89.9625091552734
300.0 56.5671577453613
300.3 26.4462890625
300.7 17.2950572967529
300.8 42.9910430908203
301.6 14.4644021987915
302.0 82.7689895629883
302.1 25.4850082397461
302.2 42.810905456543
302.8 47.0682830810547
303.0 189.348129272461
303.1 60.5570335388184
303.9 90.9117889404297
304.1 563.569396972656
304.8 24.7483787536621
304.9 39.2331695556641
305.1 142.714630126953
305.2 64.8215484619141
306.1 733.616760253906
306.2 637.554748535156
306.8 21.8384609222412
307.0 116.755867004395
307.1 448.235687255859
307.9 20.5506057739258
308.0 87.3593673706055
309.0 13.7241058349609
311.0 106.724105834961
311.9 30.9906883239746
312.1 85.3946533203125
313.0 11.6123352050781
313.1 33.3407211303711
314.9 114.016761779785
315.0 59.205696105957
315.2 25.9145603179932
315.9 73.4339065551758
316.1 83.8212509155273
316.9 40.0874214172363
317.1 661.0068359375
317.2 157.654113769531
317.3 94.7595367431641
318.0 179.576202392578
318.2 321.106384277344
318.3 63.5639915466309
319.2 2718.71899414063
319.2 565.133666992188
319.9 46.106258392334
320.1 344.416687011719
320.2 592.173828125
320.3 57.5819320678711
321.0 89.681755065918
321.1 79.5994110107422
321.2 121.724822998047
326.9 21.8830184936523
327.0 64.2270584106445
327.9 14.7414712905884
328.4 14.1217079162598
328.8 29.0689601898193
328.9 67.9844589233398
329.2 13.1642055511475
329.8 15.4510812759399
330.6 13.2681035995483
330.7 24.1377067565918
331.0 69.2993469238281
332.0 14.7945461273193
332.2 32.7083969116211
332.8 46.3212356567383
332.9 147.133590698242
333.1 98.7903900146484
334.0 250.678558349609
334.1 279.096862792969
334.2 62.1755294799805
335.2 15527.4150390625
336.1 113.011848449707
336.2 3621.37133789063
337.0 84.2064971923828
337.1 555.073059082031
337.3 19.6327018737793
338.1 13.7897758483887
343.1 17.937801361084
344.9 91.1681976318359
346.9 18.9198684692383
348.7 80.0108337402344
349.1 112.040481567383
349.3 13.2937250137329
349.8 71.0473175048828
350.0 39.0910911560059
350.2 15.0029697418213
350.8 40.7383804321289
351.0 70.044807434082
352.7 17.2645282745361
353.0 59.2035293579102
357.0 28.2068386077881
363.0 22.0234699249268
363.2 15.9652004241943
366.8 70.6196441650391
366.9 30.3883018493652
367.0 68.5283279418945
371.0 24.9612827301025
372.7 14.7052192687988
386.9 42.372802734375
400.9 32.7179527282715
401.1 49.6337127685547
405.1 13.3180685043335
408.9 30.9784679412842
