#"+EI Scan (rt: 4.188-4.258 min, 13 scans) R5M4.D  Subtract "
#Point,X(Thompsons),Y(Counts)
40.1 885.588806152344
40.2 134.703720092773
41.1 23727.455078125
42.0 515.198547363281
42.1 1265.24829101563
43.1 39879.015625
44.0 1337.58923339844
44.9 115.461853027344
45.0 145.638305664063
45.7 12.5162868499756
45.8 12.1099796295166
46.0 35.5900573730469
47.1 150.321304321289
49.0 238.512130737305
49.1 44.4671669006348
50.0 1769.4189453125
51.0 6927.2197265625
52.1 5674.1572265625
52.9 65.2533264160156
53.0 3543.35888671875
53.9 46.1077117919922
54.1 482.950866699219
54.2 72.3073577880859
55.1 7445.78173828125
55.9 42.0686569213867
56.0 8.7178955078125
56.1 264.518676757813
56.2 28.5005359649658
57.0 774.419311523438
57.8 20.9582786560059
57.9 147.653656005859
58.1 52.0699920654297
59.0 2394.6279296875
60.1 134.099182128906
60.9 174.730117797852
61.0 269.622009277344
62.0 2489.0693359375
63.0 6649.146484375
64.0 2013.76599121094
64.2 40.7784614562988
65.0 6470.28515625
66.0 638.910278320313
66.1 91.338508605957
67.1 1296.97338867188
67.9 101.701400756836
68.1 109.265098571777
69.0 1906.1787109375
69.9 131.521057128906
70.1 75.4867858886719
71.0 834.600952148438
71.1 617.871459960938
71.7 18.5245037078857
71.9 33.7051849365234
72.1 52.6955108642578
72.2 182.948944091797
73.0 1476.326171875
74.0 1131.19299316406
75.0 5267.142578125
76.0 6558.61328125
77.0 33421.76171875
78.0 40083.0859375
78.9 170.967590332031
79.0 4616.91943359375
80.0 665.419677734375
80.3 55.5047454833984
81.0 892.70361328125
81.9 98.2870483398438
82.1 161.169540405273
82.4 35.855655670166
82.5 100.716316223145
83.0 3.54083251953125
83.2 168.571807861328
83.3 37.8786239624023
83.5 31.4649066925049
83.6 52.804817199707
83.8 125.711479187012
84.0 62.4068031311035
85.0 284.056671142578
85.9 96.0720291137695
86.0 377.248870849609
86.1 109.745361328125
87.0 2013.16442871094
88.0 6921.34716796875
89.0 35724.21875
90.0 8327.6484375
91.1 17173.34375
92.0 1944.83020019531
92.7 24.2471332550049
93.0 301.456298828125
93.1 186.728332519531
94.0 162.446670532227
94.1 54.491569519043
94.2 170.728271484375
94.5 48.7188949584961
95.0 259.032318115234
95.1 325.388977050781
95.3 193.048980712891
95.5 78.3931503295898
95.6 192.970977783203
95.9 94.6167449951172
96.0 50.0090713500977
96.3 13.2400207519531
96.5 187.08642578125
96.8 30.5175800323486
96.9 215.234756469727
97.2 72.2671356201172
97.8 57.2949142456055
97.9 109.052604675293
98.0 181.90739440918
98.9 197.639007568359
99.0 248.583847045898
100.0 602.376098632813
100.1 173.301422119141
101.0 11611.00390625
102.0 35904.390625
102.9 300.282409667969
103.0 13816.083984375
103.9 91.7388763427734
104.0 1653.978515625
104.1 272.682159423828
104.9 48.8883590698242
105.0 2299.49658203125
105.1 204.39111328125
106.0 5263.98095703125
107.0 1028.99768066406
107.1 930.621398925781
107.6 23.0586242675781
107.8 181.547576904297
108.0 135.407821655273
108.1 97.241569519043
108.4 133.835006713867
108.9 340.337036132813
109.0 638.852294921875
109.1 373.306427001953
110.0 432.814178466797
110.7 58.4161605834961
110.8 55.36279296875
111.0 313.512847900391
111.7 21.0998954772949
111.9 26.2546062469482
112.0 89.997688293457
112.1 51.2478218078613
113.0 1457.45288085938
113.1 271.128509521484
114.0 9729.505859375
115.0 36436.5546875
116.0 81518.03125
117.0 12102.1416015625
117.9 41.5362777709961
118.0 2040.603515625
119.0 821.203369140625
119.1 58.3763046264648
120.2 2223.70922851563
121.1 149888.546875
122.1 13258.587890625
122.8 67.1712417602539
123.0 597.231750488281
123.1 267.812133789063
123.6 59.0659980773926
123.8 84.941162109375
124.0 128.618789672852
124.2 35.3124542236328
124.8 58.425910949707
124.9 531.990234375
125.7 46.5834083557129
126.0 542.286743164063
126.1 636.328002929688
126.2 14.3051519393921
127.0 3351.90576171875
127.1 307.108612060547
128.1 31345.19921875
129.0 57939.8046875
130.0 39458.80859375
131.0 4760.41650390625
131.9 422.602661132813
132.1 578.763916015625
132.8 93.7240753173828
133.0 1762.8759765625
134.0 293.303161621094
134.1 193.365859985352
135.0 3598.88134765625
136.0 547.813720703125
136.1 208.848648071289
137.0 8371.4765625
138.0 1246.10302734375
139.0 2931.39892578125
140.0 2274.02172851563
141.0 4246.458984375
142.1 3236.65966796875
142.1 637.928771972656
143.0 39891.20703125
144.0 255993.328125
145.0 25710.1640625
146.0 2015.00952148438
147.0 335.819061279297
147.2 28.2682781219482
147.9 46.1844673156738
148.0 211.533325195313
149.0 147.505310058594
149.1 204.046875
149.9 132.550689697266
150.0 735.912475585938
150.2 15.8764181137085
151.0 2095.0693359375
152.0 1680.69384765625
153.0 1327.23034667969
154.0 4918.60693359375
155.0 2815.46801757813
156.1 7144.2900390625
157.0 11215.380859375
158.1 7214.9599609375
159.0 3596.6396484375
160.0 461.44873046875
160.8 62.1880836486816
161.0 353.317749023438
161.8 43.0299224853516
162.0 67.389518737793
162.1 153.882171630859
162.3 48.391487121582
163.0 2948.32055664063
164.0 673.585632324219
164.1 1172.28454589844
165.0 3608.64672851563
166.0 1224.29370117188
166.2 40.3059501647949
167.0 2339.91064453125
168.1 1739.20690917969
169.0 220.392654418945
169.1 555.432495117188
170.1 9531.2509765625
171.0 396.194213867188
171.1 1446.48120117188
171.9 160.088760375977
172.0 567.2431640625
172.9 166.027923583984
173.6 18.9459705352783
173.9 135.616500854492
174.1 128.382598876953
174.7 18.0056934356689
174.8 57.9578094482422
175.0 278.280883789063
175.1 159.13249206543
176.0 2142.5869140625
177.0 909.072509765625
177.1 425.341125488281
177.9 40.4510345458984
178.0 1968.61779785156
178.9 37.8120269775391
179.0 676.898986816406
179.9 246.482528686523
180.0 442.329467773438
180.1 314.036590576172
180.2 43.2930679321289
180.9 886.008850097656
182.0 423.076354980469
182.1 410.2490234375
183.0 328.744354248047
183.1 302.398010253906
184.0 3426.08764648438
185.0 1264.427734375
185.1 461.000152587891
186.0 871.145202636719
186.1 456.526397705078
186.9 91.6773376464844
187.0 247.869934082031
187.1 73.4153289794922
188.0 455.604705810547
188.2 66.2685394287109
188.9 58.5767211914063
189.0 1347.78149414063
190.0 717.653686523438
190.1 1022.20220947266
191.0 3819.9833984375
192.1 3335.265625
193.0 2263.20849609375
193.9 188.295806884766
194.0 432.704284667969
195.0 923.296142578125
195.8 62.7078056335449
195.9 223.981155395508
196.1 46.3094100952148
196.3 12.4413776397705
197.0 706.234313964844
197.8 19.6477813720703
197.9 101.377044677734
198.0 913.079345703125
198.2 31.0285873413086
198.9 119.193359375
199.0 599.025573730469
199.8 20.7092628479004
200.1 165.950546264648
200.2 454.724548339844
201.0 1405.86657714844
202.0 1014.12744140625
202.8 99.8765106201172
203.0 1647.65319824219
204.1 5144.0927734375
205.0 1133.12963867188
205.1 1118.77270507813
205.9 35.0024528503418
206.1 1316.81713867188
206.2 45.5811004638672
207.1 1596.86242675781
208.1 547.689697265625
208.6 40.7225685119629
208.7 124.78059387207
208.9 183.479705810547
209.2 453.097045898438
209.6 80.177864074707
209.9 36.5075149536133
210.0 308.330902099609
210.1 307.896789550781
211.0 2413.3173828125
212.1 6630.05517578125
213.1 8499.87890625
214.1 995271
215.1 168709.359375
216.0 815.497131347656
216.1 16054.8701171875
217.0 3354.701171875
218.0 1683.14453125
218.9 1613.4619140625
220.0 1897.58642578125
221.0 363.431488037109
221.0 858.748352050781
221.8 43.2765846252441
222.0 114.106117248535
222.1 184.042739868164
222.8 87.4245910644531
223.0 143.326568603516
223.9 121.127288818359
224.1 28.5798683166504
225.0 421.723602294922
226.1 106.519989013672
226.7 21.130931854248
227.0 366.377746582031
227.1 162.477111816406
227.9 133.010070800781
228.1 354.997436523438
228.9 34.048282623291
229.0 352.791870117188
229.9 110.842193603516
230.1 701.588623046875
230.8 59.8112449645996
231.0 288.981658935547
232.1 916.787109375
232.2 270.133026123047
233.0 2735.15869140625
234.0 1705.09155273438
235.0 1885.63732910156
236.0 798.280395507813
236.1 317.630523681641
237.0 2524.013671875
238.0 361.120971679688
238.7 50.5200347900391
238.9 269.800476074219
239.1 45.6297760009766
240.1 156.700134277344
240.8 177.94140625
240.9 16.73974609375
241.1 61.6977500915527
241.9 94.924186706543
242.1 183.579315185547
243.0 219.379241943359
243.9 50.3779907226563
244.0 60.2116317749023
244.1 102.2958984375
244.2 27.2003498077393
244.7 28.5510673522949
245.0 393.688171386719
245.1 45.1974563598633
246.0 730.048400878906
246.2 64.722785949707
246.8 18.0258159637451
247.0 448.108032226563
247.1 189.972885131836
248.0 311.812042236328
248.1 844.982482910156
248.9 267.963226318359
249.0 327.456390380859
250.0 374.222503662109
250.1 1019.62292480469
250.8 19.0923004150391
251.1 276.693328857422
251.2 159.570663452148
251.9 29.4145736694336
252.1 14.9770517349243
252.6 13.142617225647
253.0 240.986709594727
253.8 67.7284698486328
254.0 81.945671081543
254.2 12.4965772628784
254.9 119.691711425781
255.2 24.9500598907471
255.8 16.6972103118896
256.0 58.7874984741211
256.1 31.7557601928711
256.3 13.2220458984375
256.9 339.862609863281
257.1 19.2451629638672
257.9 63.1842803955078
258.0 18.4212265014648
258.1 72.2255859375
258.7 21.3474903106689
258.9 192.156646728516
259.2 73.0178146362305
259.8 22.3093547821045
260.0 259.151245117188
260.1 200.359191894531
260.8 91.8368225097656
261.0 250.929412841797
261.1 19.5809860229492
261.9 53.7485198974609
262.1 1443.994140625
263.0 163.2255859375
263.1 347.270568847656
263.3 26.1989326477051
263.8 56.0066947937012
263.9 117.562149047852
264.1 166.399108886719
264.8 15.9562320709229
265.0 99.8323593139648
265.1 38.7135162353516
267.1 86.6810607910156
267.8 20.4225482940674
268.0 16.581636428833
268.1 18.013521194458
268.8 45.2012710571289
269.0 231.138534545898
270.1 24.8436660766602
270.9 487.486938476563
272.0 177.471374511719
272.1 19.5798149108887
272.2 23.4812202453613
272.9 65.0153274536133
273.0 278.803833007813
273.9 131.955825805664
274.0 62.8192138671875
275.0 344.985076904297
275.7 22.7856254577637
275.9 309.966857910156
276.1 136.252014160156
276.8 30.0894470214844
277.0 424.076324462891
278.1 2654.12768554688
278.9 93.877197265625
279.0 592.04541015625
279.2 76.8807220458984
279.9 34.312442779541
280.2 13.7904348373413
280.8 28.3484077453613
280.9 197.878265380859
282.0 69.4034042358398
282.8 51.7414741516113
283.0 9.65435028076172
284.9 84.0445861816406
285.0 134.218200683594
285.6 21.5860118865967
285.8 31.2773952484131
285.9 72.3524932861328
286.0 164.594116210938
287.0 371.396301269531
287.2 54.9507217407227
288.1 208.646102905273
289.0 575.094604492188
289.8 57.9014472961426
290.0 489.243927001953
290.1 43.5648651123047
290.9 21.3412475585938
291.1 286.875885009766
291.7 23.7623462677002
291.8 20.3888874053955
292.0 108.397079467773
292.2 56.9461669921875
293.0 654.74560546875
293.7 47.2845458984375
293.9 186.126205444336
294.8 115.897552490234
296.0 119.39623260498
296.2 23.2905597686768
296.8 318.462677001953
298.0 165.247528076172
298.8 103.047653198242
299.1 30.9684638977051
299.7 13.9361152648926
300.0 37.5830917358398
300.2 14.4152717590332
300.4 16.1368522644043
300.8 13.5096120834351
300.9 73.8544464111328
301.1 93.124137878418
301.9 11.907054901123
302.0 147.970245361328
302.2 102.476402282715
302.9 99.4459686279297
303.1 163.989364624023
304.1 603.015747070313
304.2 204.158187866211
304.9 31.7845878601074
305.0 144.920623779297
305.1 200.829162597656
305.2 16.4695625305176
306.1 1301.53332519531
306.2 165.723205566406
307.1 496.7587890625
307.9 78.7425231933594
308.2 11.8814067840576
308.8 11.6746072769165
309.0 18.0143089294434
309.1 34.8970642089844
309.3 29.1530666351318
310.9 119.744468688965
311.1 24.8140964508057
312.0 62.5621337890625
312.9 40.0019149780273
313.2 14.5096368789673
314.9 45.2208938598633
315.0 100.015502929688
315.2 19.2717761993408
316.0 39.426643371582
316.1 20.7859783172607
316.3 43.468204498291
317.0 300.056762695313
317.1 410.351837158203
317.2 129.061492919922
318.1 196.663635253906
318.2 458.102722167969
319.2 3683.45532226563
320.1 520.017211914063
320.2 573.959899902344
320.9 15.9782409667969
321.0 148.2607421875
321.2 209.535797119141
322.9 48.0595932006836
324.9 13.0760154724121
327.0 51.9441108703613
328.9 18.4111557006836
329.2 68.0858612060547
329.9 18.6290416717529
330.0 14.8796987533569
330.8 31.0181102752686
331.0 117.846099853516
331.3 12.0750389099121
332.1 50.3388252258301
333.0 271.823547363281
333.2 35.4307327270508
334.0 93.1907196044922
334.2 553.374633789063
335.2 15828.984375
336.0 91.9696426391602
336.2 3777.25805664063
337.1 134.38591003418
337.2 503.248840332031
338.0 28.712308883667
339.1 17.4888515472412
343.1 15.4834747314453
344.9 23.8044757843018
345.0 68.8550109863281
346.8 28.1804180145264
347.0 39.2489280700684
347.2 14.974645614624
349.0 244.942901611328
349.2 122.37279510498
349.7 14.4346971511841
350.1 80.227897644043
351.1 13.2392520904541
351.3 18.8798656463623
352.1 12.5267601013184
352.8 41.234806060791
353.0 53.7580108642578
354.8 16.6765727996826
355.0 33.4529495239258
355.1 15.3486385345459
359.0 13.2772130966187
359.1 62.0656776428223
361.1 11.9958801269531
362.9 16.9640693664551
363.0 13.6718425750732
363.1 30.1672134399414
365.2 39.2423477172852
366.9 37.609992980957
367.8 14.6926774978638
368.8 19.4048042297363
368.9 12.3186168670654
370.8 12.6090040206909
371.1 32.1319122314453
373.1 15.1186227798462
375.0 25.7268543243408
386.9 13.7485771179199
390.2 15.5224494934082
394.9 16.0486011505127
400.8 15.558554649353
401.0 18.9722595214844
401.1 24.9898376464844
408.9 12.6476755142212
520.0 12.0149726867676
