#"+EI Scan (rt: 4.584-4.648 min, 12 scans) R3M4.D  Subtract "
#Point,X(Thompsons),Y(Counts)
40.1 1158.23876953125
41.1 46803.0234375
42.1 4106.36474609375
43.1 7613.80810546875
44.0 886.27197265625
44.9 452.982818603516
45.0 347.242065429688
45.9 52.0026245117188
46.1 15.5800285339355
47.0 17.690673828125
48.1 32.918628692627
48.9 205.284286499023
50.0 705.173950195313
51.0 1631.92297363281
52.0 729.226867675781
52.1 328.092864990234
53.0 6320.060546875
54.1 3081.009765625
55.1 99893.859375
56.1 7151.80224609375
57.1 50088.61328125
58.1 2339.76904296875
59.0 11919.130859375
59.9 151.699645996094
60.0 610.853698730469
60.7 25.6895904541016
61.0 220.87614440918
61.9 112.796905517578
62.0 696.548278808594
62.9 60.6307640075684
63.0 1688.4501953125
63.9 477.744506835938
64.1 115.469444274902
65.0 2136.90625
65.1 236.823944091797
65.9 95.6193313598633
66.0 280.898834228516
66.1 462.66455078125
67.1 9396.54296875
68.1 2280.48681640625
69.1 13062.416015625
70.1 2481.08154296875
71.1 905.010070800781
71.7 15.5365514755249
71.8 21.6806163787842
72.0 150.70295715332
72.2 30.6720714569092
72.3 33.5425491333008
73.0 5568.861328125
74.0 1697.97961425781
75.0 2585.58227539063
76.0 3221.3828125
77.0 11521.798828125
78.0 4835.6826171875
79.0 3163.56005859375
80.0 594.6123046875
80.1 260.38720703125
81.0 3382.607421875
82.0 789.648559570313
82.1 419.918334960938
83.1 9585.96875
83.9 48.2923469543457
84.0 1045.80920410156
84.1 486.436431884766
84.9 76.0356140136719
85.1 391.795257568359
86.0 877.908935546875
86.2 274.960998535156
87.0 1251.21813964844
87.1 250.655532836914
88.0 4566.19677734375
89.0 12356.4541015625
89.9 85.7827758789063
90.0 2413.76928710938
91.0 259.895629882813
91.0 2162.78833007813
91.8 84.8449783325195
91.9 56.9234275817871
92.0 355.857696533203
92.2 16.3510780334473
93.0 1171.19018554688
93.9 148.502090454102
94.0 213.147354125977
95.0 449.452087402344
95.1 3697.75170898438
95.9 213.239822387695
96.0 640.275695800781
96.3 38.2176475524902
97.1 10757.1552734375
98.1 1372.30029296875
98.6 30.4731159210205
98.9 212.079452514648
99.1 528.346252441406
99.9 318.507202148438
100.1 297.508972167969
100.2 53.3086090087891
101.0 7814.16552734375
102.0 26537.84765625
103.0 11854.5830078125
104.0 1755.16394042969
105.0 293.500457763672
105.1 141.753005981445
105.8 27.4635944366455
105.9 160.891174316406
106.0 178.348098754883
107.0 282.430206298828
108.0 102.389785766602
109.0 1825.03588867188
109.9 118.545974731445
110.0 198.157791137695
110.7 74.6879272460938
111.1 148.147064208984
111.9 390.900024414063
112.1 245.664260864258
112.2 74.2296371459961
112.9 99.8153762817383
113.0 875.804748535156
114.0 7844.484375
115.0 25806.09765625
116.0 37747.6796875
117.1 9610.7119140625
118.0 4353.0498046875
118.8 206.54768371582
119.1 260.976257324219
120.1 83.8375854492188
120.2 48.5137023925781
120.8 104.774505615234
121.0 340.991333007813
121.1 241.523727416992
121.5 140.409805297852
121.7 22.103141784668
121.8 101.585243225098
122.0 148.1884765625
122.1 54.4605903625488
122.8 159.41487121582
123.0 74.3475341796875
123.2 37.6075248718262
123.7 70.3614273071289
123.9 75.2861633300781
124.0 86.6507186889648
124.2 28.3607883453369
124.9 206.426834106445
125.1 222.718124389648
126.0 684.2568359375
126.2 71.2235336303711
127.1 3219.095703125
128.0 30094.392578125
129.0 96427.9609375
130.1 54287.2109375
130.9 69.2123489379883
131.1 8114.640625
131.9 52.5304145812988
132.0 2258.5888671875
133.0 708.293151855469
133.8 22.5489368438721
134.1 124.897926330566
134.2 34.3524589538574
135.0 737.885070800781
136.1 449.844116210938
137.0 10656.12109375
137.9 191.078201293945
138.0 989.042114257813
139.0 1020.96411132813
140.0 501.779632568359
140.1 815.893737792969
140.9 147.824569702148
141.0 1569.10278320313
141.9 131.544158935547
142.1 3674.79565429688
143.0 43889.48046875
144.0 268345.59375
145.0 28406.15625
146.0 2923.73852539063
146.8 118.354270935059
147.0 9.38670349121094
147.0 218.826416015625
148.0 322.542755126953
148.5 17.9381160736084
148.7 33.4468040466309
148.8 54.4448356628418
149.1 174.880920410156
149.9 20.4736919403076
150.0 45.0055122375488
150.3 29.3489818572998
150.9 173.837203979492
151.0 134.829772949219
151.1 124.834007263184
151.8 33.1075820922852
152.0 376.506805419922
152.1 540.892028808594
152.9 238.684936523438
153.1 973.708679199219
154.0 217.632751464844
154.0 7728.79833984375
155.0 8465.1318359375
156.0 10088.3369140625
157.0 34605.01171875
158.0 14048.513671875
159.0 5313.84716796875
160.0 908.384765625
160.9 848.011535644531
161.8 73.0031509399414
162.0 46.9386291503906
162.1 65.9002304077148
162.9 950.32568359375
163.7 17.602560043335
163.9 98.3376235961914
164.0 140.385055541992
164.8 100.474853515625
165.0 268.639465332031
165.2 38.4562911987305
165.9 69.2771606445313
166.1 910.669189453125
167.0 5113.08251953125
168.1 6451.85302734375
168.7 38.9003677368164
169.0 2043.63366699219
170.0 2340.42065429688
170.1 1504.89343261719
171.0 2412.23022460938
171.1 950.655944824219
171.9 426.647430419922
172.1 1044.42614746094
173.1 6938.19921875
174.1 1829.2041015625
174.7 16.0182132720947
174.9 89.6385879516602
175.0 144.288421630859
175.3 65.2863235473633
175.8 15.1024208068848
176.0 70.8598403930664
176.1 69.2920150756836
176.8 7.39222717285156
176.9 71.1346588134766
177.1 69.221076965332
177.9 82.5215148925781
178.1 283.978149414063
178.8 68.0671615600586
178.9 82.4985504150391
179.1 598.045837402344
180.0 1634.94934082031
181.0 1087.8876953125
181.1 738.557556152344
182.0 3198.6904296875
183.0 688.131896972656
183.1 1199.93493652344
184.0 4944.27099609375
185.0 4894.38623046875
185.9 51.8379783630371
186.0 710.742980957031
186.1 792.3701171875
187.0 830.576477050781
187.7 30.7600688934326
188.0 714.094970703125
188.1 55.2040557861328
189.0 371.290405273438
189.1 28.1585083007813
189.9 59.8658752441406
190.0 122.055267333984
191.0 623.564819335938
191.9 194.016342163086
192.0 301.466430664063
193.0 918.589477539063
193.9 213.20263671875
194.0 570.044616699219
195.0 432.774536132813
195.9 118.609916687012
196.1 1972.43078613281
196.9 1110.65637207031
197.9 102.210586547852
198.1 956.728454589844
198.9 423.994506835938
199.0 508.892486572266
200.0 808.36962890625
200.8 126.306427001953
200.9 109.317443847656
201.8 34.0867195129395
202.0 312.926116943359
202.1 45.6115570068359
202.9 242.784652709961
204.0 184.219802856445
204.1 60.9491157531738
205.0 236.014831542969
205.1 153.551284790039
206.0 242.336685180664
206.1 45.696949005127
207.0 623.2236328125
208.0 843.126159667969
209.0 315.380035400391
209.1 490.435180664063
210.0 705.594421386719
210.1 1003.84869384766
211.0 4173.759765625
212.1 7323.10205078125
213.1 8592.8857421875
214.1 4831.8349609375
215.0 5892.0009765625
216.0 1205.8037109375
217.0 1333.1982421875
217.8 175.822036743164
218.0 196.21240234375
218.2 27.7792129516602
218.9 1160.42846679688
219.8 48.6868286132813
220.0 308.68994140625
220.7 49.7544059753418
221.0 414.910064697266
221.9 52.9838714599609
222.0 112.525550842285
222.1 62.5094604492188
222.3 30.7572479248047
222.9 386.840759277344
223.0 198.854614257813
224.0 297.192779541016
224.1 206.396591186523
225.0 672.878112792969
225.1 95.7254486083984
225.8 27.2054653167725
226.0 544.74560546875
226.1 202.349060058594
226.9 216.435562133789
227.1 511.10546875
228.0 311.911468505859
228.1 327.490936279297
229.0 595.505249023438
230.0 111.904418945313
230.1 103.158515930176
230.2 16.3151760101318
230.7 34.6569976806641
230.8 92.9335708618164
231.0 183.653182983398
231.1 63.6952514648438
231.2 27.2126541137695
231.8 23.6117076873779
231.9 44.2332916259766
232.1 461.367767333984
233.0 3582.4384765625
233.8 123.732353210449
234.0 865.284545898438
235.0 1602.44836425781
235.8 147.212524414063
236.0 8.68138122558594
236.1 672.400085449219
237.0 3866.509765625
238.1 17156.55078125
239.1 10778.8876953125
240.1 678555
241.1 138441.921875
242.1 18587.4609375
243.0 581.119445800781
243.1 1566.79052734375
244.0 306.172088623047
244.1 429.070343017578
245.1 102062.8203125
246.1 15309.20703125
247.0 964.384338378906
247.1 1089.08312988281
247.9 93.9877548217773
248.1 228.628189086914
248.9 108.139610290527
249.0 89.7550888061523
249.9 61.2407073974609
250.0 26.2957305908203
250.2 15.9655838012695
250.5 56.3473815917969
251.1 255.784866333008
251.2 12.9028844833374
252.0 27.5708789825439
252.1 163.345092773438
252.2 49.6796760559082
253.0 618.692810058594
253.1 144.702438354492
254.1 736.069091796875
254.1 522.077331542969
255.0 613.037231445313
255.2 369.064208984375
256.0 127.538795471191
256.1 991.259521484375
256.9 51.9083251953125
257.1 276.875396728516
257.2 38.1131706237793
258.0 27.2715835571289
258.2 60.7425880432129
258.9 72.8204116821289
259.1 136.518615722656
259.2 21.9012584686279
259.3 26.588249206543
260.0 58.4639472961426
260.8 33.4592704772949
260.9 84.3408889770508
261.0 55.0899658203125
261.8 29.7142238616943
262.0 105.778411865234
262.3 14.6120376586914
262.6 31.2224197387695
262.8 16.7022876739502
262.9 59.3744773864746
263.1 31.7635173797607
263.7 14.8077249526978
263.9 20.6435623168945
264.0 38.6590576171875
264.8 14.9980783462524
264.9 34.3153381347656
265.0 198.763061523438
265.2 75.9965209960938
265.8 40.907470703125
266.0 35.8833160400391
266.1 315.693634033203
267.2 7157.27490234375
268.1 59495
269.2 12231.0771484375
270.1 1297.12622070313
270.9 109.939720153809
271.0 151.429565429688
271.9 139.160598754883
272.0 92.135871887207
272.1 60.4611396789551
272.2 39.662914276123
273.0 410.369049072266
273.8 71.2491760253906
274.3 13.2851638793945
274.8 134.997421264648
274.9 571.099731445313
275.9 175.95002746582
277.0 363.772094726563
277.7 27.7514781951904
277.8 16.4069690704346
278.0 53.8847961425781
278.7 22.5574741363525
278.9 172.089431762695
279.1 93.6973571777344
279.7 30.3453578948975
280.0 56.8466682434082
280.1 12.7391843795776
281.0 248.428604125977
281.1 318.221069335938
281.6 31.5386505126953
282.0 107.275840759277
282.1 213.301940917969
282.9 9.93112945556641
283.0 155.245254516602
283.2 61.0976448059082
283.9 23.2440643310547
284.0 53.5746459960938
284.1 262.877899169922
284.2 146.996490478516
285.0 904.648254394531
285.1 124.916412353516
285.9 19.7243461608887
286.1 985.813537597656
286.9 30.030294418335
287.0 218.567810058594
287.2 90.21728515625
287.9 13.5834350585938
288.0 34.4305648803711
288.2 13.5907983779907
289.0 648.828735351563
290.0 483.675323486328
290.2 34.5624198913574
290.9 75.2989196777344
291.1 58.0678100585938
291.8 21.0734386444092
292.0 122.970420837402
293.0 1260.12841796875
294.0 639.471740722656
295.1 4755.02099609375
296.1 28159.720703125
297.1 1919.74353027344
297.2 4754.05859375
297.9 164.001571655273
298.1 746.64306640625
298.6 54.2184104919434
298.8 42.0364875793457
298.9 125.610900878906
299.1 167.445693969727
299.9 34.2369613647461
300.0 31.4286956787109
300.3 33.4415626525879
301.2 10534.138671875
302.0 74.6593399047852
302.2 2201.03051757813
303.0 224.232345581055
303.1 240.196212768555
304.0 68.358154296875
304.2 59.8583068847656
304.7 29.93798828125
305.0 75.7190322875977
305.2 29.3890132904053
306.0 14.8558807373047
307.0 268.808746337891
307.1 194.843139648438
307.3 28.9056568145752
308.0 116.19034576416
308.1 153.17594909668
308.2 33.8929862976074
308.8 14.4645004272461
309.0 47.3271179199219
309.1 181.86799621582
310.1 4815.39208984375
311.1 1294.80126953125
311.3 197.687789916992
311.9 124.007804870605
312.2 128.839935302734
312.3 29.0547657012939
312.9 39.3733177185059
313.0 44.3533897399902
314.8 44.2653694152832
314.9 124.93448638916
315.1 58.0252838134766
315.9 13.6279325485229
316.8 14.4425287246704
316.9 41.3308868408203
317.1 39.608829498291
318.0 26.5569515228271
318.7 15.4833183288574
319.2 340.714019775391
319.3 81.9996032714844
320.0 78.6563415527344
320.1 46.1955375671387
320.9 20.459789276123
321.1 62.0584526062012
323.0 122.20361328125
323.1 238.910705566406
323.3 74.4608688354492
324.2 143.98258972168
324.3 42.6815071105957
325.1 722.7607421875
325.2 2025.97314453125
326.1 234.47917175293
326.2 792.591552734375
327.1 991.189514160156
328.2 89203.0703125
329.2 19268.458984375
330.0 55.0813255310059
330.2 2663.64575195313
330.9 22.1945972442627
331.1 387.637359619141
332.1 38.3282089233398
332.8 22.8365173339844
332.9 80.1980895996094
333.1 18.870532989502
334.6 17.7421684265137
334.9 64.6005020141602
335.2 141.021682739258
336.0 41.3233604431152
337.2 8162.099609375
338.2 1600.58435058594
338.3 274.094512939453
339.0 141.564270019531
339.1 136.125137329102
340.1 18.0439167022705
341.0 249.91618347168
341.2 174.553207397461
341.5 15.3276748657227
341.9 18.4572315216064
342.1 70.0317077636719
342.4 17.0203876495361
343.0 12.8253479003906
343.4 13.4050674438477
345.0 33.5883369445801
347.2 15.0891103744507
348.2 16.3673858642578
348.7 26.590446472168
348.9 38.7907562255859
349.0 135.59782409668
349.8 22.9795894622803
349.9 15.3193969726563
350.2 17.526912689209
350.9 20.5774059295654
351.0 327.537750244141
351.2 226.170471191406
352.2 1984.31701660156
353.2 431.308258056641
353.2 2503.04052734375
354.1 523.921081542969
354.3 198.145462036133
355.2 540.079284667969
355.2 210.542892456055
356.0 23.5799255371094
356.3 107.14249420166
363.0 48.3089447021484
364.9 37.466007232666
365.0 15.1942892074585
365.2 14.5206098556519
366.1 77.7023696899414
366.2 993.08935546875
367.2 4179.70166015625
368.0 23.6700649261475
368.2 1282.23083496094
369.1 601.599304199219
369.2 1104.03967285156
370.1 73.0871200561523
370.2 354.023590087891
370.9 26.3984069824219
371.0 34.5683784484863
371.1 16.2785015106201
371.3 29.9875259399414
372.8 17.193395614624
373.1 35.030704498291
382.1 166.348571777344
382.2 149.238296508789
382.9 14.158860206604
383.1 100.539756774902
383.2 408.237457275391
384.2 69202.1015625
385.3 18152.1171875
386.2 766.5146484375
386.3 1892.14416503906
387.0 101.701202392578
387.1 105.110877990723
387.3 94.2567443847656
387.4 84.4358901977539
388.3 66.3803329467773
398.3 33.4158020019531
403.0 31.1847019195557
404.9 14.5090017318726
408.9 13.102668762207
412.9 14.6728277206421
