#"+EI Scan (rt: 5.966-6.059 min, 17 scans) R4M4.D  Subtract "
#Point,X(Thompsons),Y(Counts)
40.1 88.7730865478516
41.1 3237.20532226563
41.9 31.6529731750488
42.0 391.650512695313
42.1 733.703979492188
42.9 97.4265899658203
43.1 245.462097167969
44.0 246.081787109375
44.0 653.343933105469
45.1 95.3199081420898
47.0 34.6987915039063
47.1 40.4108810424805
49.0 6.03862762451172
49.1 71.5380706787109
49.9 2.68548011779785
50.0 967.66015625
51.0 2438.53564453125
51.9 312.816253662109
52.0 509.885986328125
53.0 276.320495605469
53.1 257.336639404297
53.9 230.978210449219
54.1 703.859252929688
55.0 1769.552734375
55.8 31.9162368774414
55.9 55.6478271484375
56.0 97.2802276611328
56.1 62.5201606750488
57.0 244.249282836914
57.1 125.377014160156
57.3 32.0089797973633
57.7 10.0920104980469
57.8 81.3447494506836
57.9 407.474700927734
58.2 69.9251022338867
59.0 924.49267578125
60.0 160.270416259766
60.1 51.2162590026855
60.9 123.664093017578
61.1 105.612594604492
61.9 507.52978515625
62.0 144.753311157227
62.9 10.6679191589355
63.0 1315.50268554688
64.0 445.675354003906
64.1 172.038879394531
64.9 88.6614074707031
65.0 1129.01025390625
65.9 76.2907562255859
66.0 278.467376708984
66.1 21.3741760253906
66.8 73.6623687744141
67.0 53.3220367431641
67.8 13.2459135055542
68.0 136.867385864258
68.2 9.61062049865723
68.9 326.005493164063
70.1 7.77091836929321
70.2 20.4162273406982
70.8 1.87495565414429
70.9 48.9708824157715
71.9 1.72546863555908
72.0 41.195484161377
72.2 7.03264236450195
73.0 557.4443359375
74.0 559.953063964844
74.9 12.6972770690918
75.0 1048.23620605469
76.0 355.521209716797
76.1 1495.31762695313
77.0 8897.9501953125
78.0 3609.24560546875
79.0 1729.27368164063
79.8 2.03650665283203
80.0 184.136703491211
80.1 42.9411964416504
81.0 81.2612915039063
81.9 67.4193267822266
82.0 518.171081542969
82.9 19.4134368896484
83.0 26.8671875
83.1 24.3328971862793
83.9 16.2598209381104
84.1 132.433044433594
84.8 57.1744804382324
85.0 46.1998443603516
85.2 13.6648988723755
86.0 124.718322753906
86.1 98.8958892822266
86.8 98.6427688598633
86.9 219.424163818359
87.1 86.1425399780273
87.3 9.05347919464111
87.9 86.6451034545898
88.0 2252.48608398438
89.0 1453.83203125
89.1 1240.10607910156
90.0 4691.83203125
91.0 10863.583984375
91.9 136.013076782227
92.0 1165.33227539063
93.0 204.605255126953
93.8 15.0561761856079
94.0 33.1477546691895
94.1 81.2763214111328
94.3 8.57508945465088
94.6 11.6890563964844
94.8 2.82687187194824
95.0 67.3813781738281
95.1 319.759094238281
95.8 190.363052368164
96.6 18.9337539672852
97.0 15.16748046875
97.1 103.858261108398
97.7 33.6627159118652
97.9 44.5961837768555
98.5 9.29790782928467
98.9 56.7078475952148
99.0 5.85350799560547
99.2 33.2887954711914
99.4 32.8386116027832
99.7 15.5208892822266
100.0 46.743824005127
100.2 39.3482398986816
100.9 66.1076278686523
101.0 243.466156005859
101.1 128.064605712891
102.0 4127.5068359375
103.0 11541.5078125
104.0 7180.376953125
104.9 503.465728759766
105.0 750.669555664063
105.8 10.3474731445313
105.9 23.7253551483154
106.0 88.1856155395508
106.1 61.0783462524414
107.0 455.327880859375
107.1 86.0965347290039
107.9 52.5521392822266
108.0 2.80636978149414
108.1 33.5168952941895
109.0 251.537231445313
109.1 247.84211730957
110.0 119.939910888672
110.9 44.9361343383789
111.1 18.1039962768555
111.7 9.02287673950195
112.4 25.3637142181396
112.8 3.43673324584961
112.9 47.5333938598633
113.0 48.8637924194336
113.3 55.2001304626465
113.6 12.5367269515991
113.8 122.743965148926
113.9 127.807952880859
114.1 80.1924438476563
114.2 7.81731510162354
115.0 3040.7314453125
116.0 127.83137512207
116.1 1277.79956054688
117.0 8116.0869140625
118.1 8750.8447265625
119.1 5466.2177734375
119.9 10.9029474258423
120.0 1069.46545410156
120.9 152.763229370117
121.0 101.036933898926
121.2 17.7960433959961
121.4 10.662148475647
122.0 30.9276657104492
123.0 81.8442840576172
123.7 26.5349197387695
123.9 32.286937713623
124.0 1.54342365264893
124.5 383.477600097656
124.7 371.945739746094
125.2 16.1341533660889
125.9 60.9171714782715
126.7 62.981876373291
126.9 130.678649902344
127.1 52.9596328735352
128.0 269.465087890625
128.1 390.942108154297
129.0 2986.71459960938
130.0 1751.81274414063
130.2 14.2754859924316
131.0 6908.47705078125
131.9 124.710868835449
132.0 1232.06921386719
132.3 13.8672494888306
133.0 354.930633544922
133.1 48.2651252746582
134.0 140.572204589844
134.1 1867.82348632813
135.0 941.037841796875
135.7 15.1085815429688
135.9 139.010467529297
136.1 40.0432205200195
137.0 1895.52734375
138.1 659.672912597656
138.4 101.550628662109
138.6 57.1152687072754
138.7 252.503067016602
138.8 478.589141845703
139.7 16.0892868041992
140.0 102.595138549805
140.1 88.8301696777344
140.9 257.716613769531
141.7 39.2404632568359
141.9 94.7508087158203
142.0 206.846908569336
142.2 11.8783597946167
143.0 881.244506835938
143.1 74.1093063354492
143.8 7.50050926208496
143.9 167.257247924805
144.0 2040.82873535156
144.9 484.170104980469
145.0 17589.79296875
145.9 339.121856689453
146.0 2016.04040527344
146.1 17.1613292694092
147.0 193.785217285156
147.1 71.1269912719727
148.0 5.87445068359375
148.6 6.39554882049561
148.8 42.1376800537109
149.0 13.6055297851563
149.1 39.2363052368164
150.0 10.2402191162109
150.8 109.237815856934
151.8 42.5744705200195
152.0 0.718588829040527
152.6 10.2336483001709
153.0 198.209060668945
153.9 108.169769287109
154.0 80.1341857910156
154.2 11.0698976516724
155.0 898.148193359375
155.9 67.776985168457
156.0 1311.23291015625
156.1 123.406295776367
157.0 658.188598632813
157.1 367.284118652344
157.5 10.4680671691895
157.9 282.485260009766
158.0 348.193878173828
158.1 77.9575271606445
159.0 773.55322265625
160.0 251.276397705078
161.0 874.5244140625
161.7 12.0253772735596
162.0 149.741348266602
162.9 265.5224609375
164.0 18.2485389709473
164.7 19.4045944213867
164.9 124.08081817627
165.1 91.6424560546875
165.9 34.4941215515137
166.1 12.4822301864624
166.9 292.7470703125
167.9 60.5758590698242
168.0 48.7608642578125
168.1 10.874716758728
168.9 39.926082611084
169.0 915.985046386719
169.9 111.214401245117
170.0 190.647155761719
170.9 281.22216796875
171.0 466.198760986328
171.9 91.9904861450195
172.1 160.880386352539
172.2 67.3426666259766
172.9 142.967819213867
173.0 115.01619720459
173.1 96.7354431152344
174.1 7388.9072265625
174.9 53.7859840393066
175.0 1386.5693359375
175.9 25.9165706634521
176.1 120.17586517334
176.5 14.2362756729126
177.1 12.5196151733398
177.6 16.4901580810547
177.9 12.658317565918
178.1 32.5142784118652
179.0 63.4463119506836
179.7 17.8592739105225
179.9 105.716514587402
180.1 64.1921157836914
180.9 55.634765625
181.1 45.844066619873
181.2 21.8286113739014
181.8 14.8975381851196
181.9 102.153144836426
182.1 36.2333183288574
183.0 119.094604492188
183.1 43.3035202026367
183.8 21.9087562561035
183.9 193.390228271484
184.1 74.4535369873047
184.2 23.1909465789795
185.0 330.679046630859
185.0 392.499084472656
185.9 37.9922943115234
186.0 30.0390949249268
186.1 39.9432144165039
187.0 180.561752319336
187.1 52.1192588806152
188.0 41.379467010498
188.1 11.6864070892334
188.2 13.3782043457031
188.4 9.1001033782959
188.9 63.0025329589844
189.0 35.616455078125
189.8 25.5394401550293
190.0 28.2641124725342
190.6 18.717945098877
190.8 67.7474822998047
190.9 19.3802337646484
191.9 21.2627792358398
192.0 21.1348304748535
192.1 33.0905151367188
193.0 146.587112426758
193.8 21.9100875854492
193.9 41.5264549255371
194.0 1.53666305541992
195.0 38.0212097167969
195.8 98.6354217529297
196.0 313.757965087891
196.9 254.825164794922
197.0 90.1978149414063
197.9 3.18054962158203
198.0 148.286239624023
198.1 339.303985595703
198.3 32.0692443847656
199.0 701.1279296875
199.1 80.2351837158203
199.8 38.4647750854492
199.9 14.8540649414063
200.1 148.190780639648
200.9 11.5181884765625
201.0 292.441925048828
201.7 4.89796733856201
201.9 52.3808364868164
202.0 65.3437042236328
202.1 24.9975318908691
202.8 93.034912109375
204.0 25.8383045196533
204.1 12.05748462677
204.9 87.7112274169922
205.0 39.3543548583984
205.9 23.0419464111328
206.0 48.3695602416992
206.2 9.28169536590576
207.0 510.599182128906
207.8 12.6683864593506
207.9 163.907287597656
209.0 102.841011047363
209.9 8.95260047912598
211.0 337.705383300781
212.0 208.666046142578
213.0 184.660522460938
213.1 12.4850234985352
214.1 1562.61682128906
215.0 1417.345703125
216.0 1056.55200195313
217.0 229.48974609375
218.0 26.9617767333984
218.1 44.041145324707
218.9 153.70849609375
219.8 121.213882446289
219.9 78.9737319946289
220.7 2.98509836196899
220.8 84.344352722168
221.0 8.27008819580078
221.3 37.7876358032227
221.6 12.3135480880737
221.8 26.1934299468994
221.9 25.1595039367676
222.0 41.3125991821289
222.5 9.89382553100586
222.8 103.129272460938
222.9 65.498779296875
223.2 19.6821842193604
223.7 14.8432092666626
223.9 56.3874816894531
224.0 237.398864746094
224.1 263.442504882813
224.5 9.01740837097168
225.1 1353.30297851563
225.2 32.0611801147461
226.1 50666.1796875
227.1 7738.72216796875
227.9 12.8821249008179
228.0 114.100517272949
228.1 559.014465332031
228.2 105.030662536621
228.7 26.8676319122314
228.8 30.3988952636719
228.9 129.109756469727
229.9 26.0272331237793
230.0 12.7178993225098
230.6 20.3695182800293
230.8 16.3817405700684
231.1 24.9930381774902
231.2 11.6821594238281
231.9 74.5613861083984
233.0 710.81005859375
234.0 228.419281005859
234.9 116.683258056641
235.0 177.609924316406
235.1 53.5489807128906
235.9 73.9079818725586
236.1 29.2338600158691
237.0 560.1396484375
237.9 323.332275390625
238.9 224.705200195313
239.8 45.3028869628906
240.0 34.2469253540039
240.1 17.5966625213623
240.8 9.25767517089844
241.0 125.312507629395
242.1 1591.82580566406
242.1 2758.5380859375
242.6 11.6212482452393
242.8 4.1669340133667
243.0 115.720352172852
243.1 568.993835449219
243.9 9.31998062133789
244.1 30.7626876831055
244.7 12.8231029510498
244.9 34.7930221557617
245.9 44.4438743591309
246.1 10.3227462768555
246.8 0.885417938232422
248.0 52.6537094116211
248.1 11.5436716079712
248.8 22.7485942840576
249.0 38.019214630127
249.1 16.2074871063232
249.8 9.22682762145996
251.0 33.661060333252
252.0 21.5483169555664
252.8 29.7626037597656
253.0 25.2272567749023
255.0 459.562744140625
255.1 2656.64184570313
255.9 93.7064666748047
256.1 340.866821289063
256.2 116.470405578613
256.8 4.46825408935547
257.0 118.486145019531
258.9 4.24605846405029
259.0 38.6349601745605
259.1 14.295431137085
260.1 18.7095947265625
260.2 20.3941020965576
260.9 130.561508178711
261.1 57.4090347290039
261.2 60.1405982971191
261.9 59.2301864624023
262.1 67.6436996459961
262.2 75.1269378662109
262.4 10.5739488601685
262.8 0.451866149902344
262.9 60.969181060791
263.1 12.8717803955078
264.1 10.8489351272583
265.1 21.3670597076416
266.7 9.67782974243164
267.0 37.5678939819336
268.8 10.1940689086914
269.0 160.645523071289
270.7 21.2567501068115
270.9 58.0606994628906
271.1 52.4899520874023
271.8 1.12290477752686
272.9 84.1122589111328
273.8 77.0392456054688
274.0 64.1031723022461
274.7 12.7001914978027
274.8 86.4015045166016
275.2 19.3688926696777
275.9 18.6377830505371
276.0 139.431640625
276.6 17.1562004089355
276.8 67.6116333007813
277.3 13.7719831466675
277.9 102.142013549805
278.0 4.42150688171387
278.1 99.7207641601563
278.3 11.1071825027466
278.6 10.0830678939819
278.8 69.8964462280273
279.0 28.7517967224121
280.7 18.5993309020996
280.9 25.4362716674805
281.0 93.0865325927734
282.1 1.67862129211426
282.9 32.2366371154785
283.1 158.688262939453
283.1 732.781799316406
284.0 59.9957504272461
284.1 104.9716796875
284.2 15.9247455596924
285.0 316.251098632813
285.2 19.989221572876
285.9 68.3186340332031
286.3 9.87771987915039
286.9 56.4367446899414
287.0 69.7602691650391
289.0 233.699645996094
289.8 17.8800773620605
289.9 72.3607025146484
290.3 14.8025760650635
291.0 140.469711303711
291.2 33.1952476501465
292.0 67.9736099243164
292.1 46.5143814086914
292.2 10.8408088684082
292.7 122.531433105469
293.0 559.979614257813
294.0 207.293075561523
294.6 25.4907894134521
294.8 84.7090148925781
296.0 53.5422096252441
296.8 113.418518066406
297.8 49.1438980102539
298.7 7.02384614944458
298.9 38.7236709594727
300.8 1.16296291351318
301.0 18.6235313415527
302.2 9.23864459991455
302.8 17.9694004058838
303.0 9.50570487976074
303.1 99.1783447265625
304.1 23.5112800598145
306.0 10.7448530197144
307.0 39.3123550415039
307.1 11.6594076156616
307.8 7.50244903564453
309.0 24.0233955383301
310.8 8.57574272155762
310.9 26.2988624572754
311.0 9.75338363647461
315.0 3.03444957733154
315.2 13.904595375061
318.1 9.76422882080078
318.9 22.4563121795654
319.9 9.8060245513916
327.0 56.4157257080078
327.1 53.488151550293
328.9 16.152458190918
331.0 9.40021705627441
332.9 17.9152355194092
334.9 11.4504461288452
336.9 9.84663391113281
341.1 10.7983589172363
342.0 46.9395179748535
342.1 14.6198682785034
342.4 12.3478851318359
342.9 17.4394073486328
343.1 29.0080833435059
344.1 20.5121974945068
344.2 48.3401794433594
345.2 18528.6484375
346.0 217.09602355957
346.2 4251.4208984375
347.1 225.401275634766
347.2 419.781402587891
348.1 30.4196891784668
349.0 35.1380500793457
352.7 8.68566036224365
352.8 23.9964828491211
356.8 9.94710063934326
359.2 12.0737590789795
360.0 173.222106933594
360.1 505.305786132813
360.2 496.004425048828
360.9 20.0886535644531
361.1 96.7688827514648
361.2 87.6343688964844
361.3 58.249568939209
362.0 13.2532386779785
366.9 2.71338272094727
367.0 18.8601531982422
370.9 9.53183555603027
387.0 11.3261346817017
401.1 8.76051425933838
405.0 11.067232131958
