#"+EI Scan (rt: 5.972-6.071 min, 18 scans) R1M4.D  Subtract "
#Point,X(Thompsons),Y(Counts)
40.1 34.4924850463867
41.1 3727.50903320313
41.2 34.5805358886719
42.0 1354.08740234375
42.9 49.6953125
43.1 351.768890380859
44.0 721.230712890625
44.1 194.718505859375
45.0 128.964065551758
46.1 18.7753887176514
47.1 6.8814582824707
48.9 75.1710662841797
49.2 9.16243457794189
49.8 24.951473236084
50.0 939.205810546875
51.0 2568.73217773438
51.9 91.4354629516602
52.0 795.146362304688
53.0 407.147308349609
53.0 137.754730224609
53.9 9.51815891265869
54.0 116.101181030273
54.0 888.745910644531
55.1 2220.10913085938
55.9 65.8053588867188
56.0 174.395278930664
56.9 69.0557403564453
57.0 136.357543945313
57.2 39.7679977416992
57.7 137.038238525391
57.9 61.1421508789063
58.1 108.55265045166
58.2 66.3063430786133
58.3 25.0084781646729
59.0 844.66650390625
59.9 35.544563293457
60.9 49.1175537109375
61.0 166.946807861328
61.8 2.8369026184082
62.0 759.784423828125
62.9 327.558166503906
63.0 1069.93359375
63.9 307.819885253906
64.0 250.456665039063
64.2 62.9081764221191
65.0 916.330322265625
65.1 477.217163085938
65.9 221.036529541016
66.0 172.097030639648
67.0 24.5499649047852
67.1 132.177398681641
67.8 12.0008735656738
67.9 44.9532585144043
68.0 106.328323364258
68.2 65.4340133666992
69.0 111.10888671875
70.0 24.2759704589844
70.7 11.7052984237671
71.1 57.1926574707031
71.2 38.823787689209
73.0 613.138671875
73.9 274.923736572266
74.0 477.632415771484
75.0 1194.05871582031
75.8 47.1326560974121
76.0 2306.24755859375
77.0 10346.4345703125
78.0 4442.9091796875
79.0 1934.31323242188
79.9 136.393859863281
80.0 54.4226608276367
80.1 77.0900421142578
81.0 350.93798828125
82.0 858.460754394531
83.0 239.41796875
83.0 113.55859375
83.9 56.9348411560059
84.0 70.6954040527344
84.1 35.1272163391113
84.9 20.9828453063965
85.0 73.2776794433594
85.6 10.1589365005493
85.8 35.2389945983887
85.9 152.564804077148
86.1 40.1716995239258
86.8 58.6246223449707
87.0 215.805374145508
87.1 199.642761230469
87.9 29.2003555297852
88.0 2847.59594726563
89.0 3430.556640625
90.0 6145.666015625
91.1 13235.970703125
92.0 1367.58117675781
92.1 130.281280517578
92.9 171.986633300781
93.0 98.9286727905273
93.9 15.4062719345093
94.0 109.477264404297
94.8 55.7542572021484
95.0 407.950103759766
96.0 74.5221557617188
96.1 26.3162384033203
96.2 8.66508102416992
97.0 154.241058349609
97.1 39.1920051574707
97.9 9.30031585693359
98.1 47.9877738952637
98.6 9.25920295715332
98.8 40.6120758056641
99.0 75.4140167236328
99.6 35.5447845458984
99.8 73.5353240966797
99.9 13.3654041290283
100.1 35.4185180664063
100.2 20.2532176971436
100.9 42.5222702026367
101.1 381.891906738281
101.2 34.3857574462891
101.9 218.965866088867
102.0 4370.47265625
103.0 13306.59375
104.0 852.115295410156
104.0 7587.00439453125
105.0 1714.87951660156
105.8 40.8848762512207
106.0 36.7963333129883
106.1 98.5689849853516
106.3 14.6481971740723
107.0 608.661499023438
107.8 3.30260467529297
108.0 83.2220764160156
108.1 61.3379440307617
109.0 137.68408203125
109.1 271.372161865234
109.9 4.51956176757813
110.0 92.8873138427734
110.2 16.6269302368164
110.8 9.0629711151123
111.1 70.8607177734375
112.5 28.9124526977539
113.1 190.250991821289
113.3 54.6626396179199
113.7 29.7642688751221
113.8 75.0760650634766
114.0 70.6628799438477
114.1 140.823318481445
115.0 3518.17504882813
115.9 376.582153320313
116.0 1090.88708496094
116.1 89.8218231201172
117.0 9783.701171875
118.1 10049.5458984375
119.1 6696.08984375
119.9 275.560394287109
120.1 932.854064941406
120.9 9.39912033081055
121.0 222.528610229492
121.2 27.0515060424805
122.0 41.8941078186035
122.1 6.79490089416504
122.6 18.0844135284424
122.9 119.554565429688
123.3 11.2941761016846
123.7 34.5481414794922
123.8 9.55222702026367
124.2 36.9160308837891
124.5 357.834045410156
124.7 662.39990234375
124.8 31.1118297576904
125.2 37.9914360046387
125.3 38.4282684326172
125.8 11.2839603424072
126.0 15.3127994537354
126.1 26.5577201843262
126.7 8.48378372192383
126.9 15.6007690429688
127.0 132.184555053711
127.1 9.18239593505859
127.6 8.65802192687988
127.9 506.333465576172
128.1 304.687957763672
129.0 2547.80053710938
129.0 1167.59155273438
130.0 2194.90771484375
130.2 15.8304891586304
130.9 123.231842041016
131.0 8266.890625
131.8 26.3231201171875
132.0 295.199462890625
132.0 1350.46801757813
132.2 32.0870742797852
133.0 357.051208496094
133.1 367.537414550781
134.0 230.145004272461
134.1 2246.68188476563
135.0 1480.24487304688
135.9 27.6869659423828
136.0 22.9412536621094
136.2 70.4875640869141
137.0 3251.85546875
138.0 88.7100219726563
138.2 139.770553588867
138.7 141.199508666992
139.0 369.510925292969
139.6 16.5657444000244
140.0 135.128936767578
140.2 9.19252872467041
140.4 12.9179458618164
141.0 206.175842285156
141.0 135.071746826172
141.9 161.505584716797
142.0 383.596282958984
142.9 87.9103317260742
143.0 561.717651367188
143.1 377.827209472656
144.0 2773.1328125
144.1 159.943832397461
145.0 23859.146484375
146.0 3088.720703125
146.9 18.2886428833008
147.0 246.121002197266
147.1 74.1568603515625
147.7 16.6659736633301
148.7 28.4580993652344
148.9 65.4912109375
149.1 13.7476615905762
149.8 29.1754722595215
150.1 19.0682125091553
151.0 217.485900878906
151.8 34.201416015625
151.9 16.3104419708252
152.0 6.79601287841797
152.1 1.6781005859375
153.1 103.852180480957
153.2 18.3114643096924
153.6 10.3523035049438
153.7 39.5916633605957
153.8 2.7707405090332
154.0 50.4420890808105
154.1 87.7136459350586
154.9 238.845397949219
155.0 464.43310546875
156.0 1585.95764160156
156.1 176.110900878906
156.9 598.42333984375
157.0 563.907104492188
158.0 825.644836425781
158.1 274.453491210938
159.0 821.5380859375
159.9 82.1244201660156
160.0 233.500518798828
160.9 99.2918167114258
161.0 1014.31536865234
161.8 29.7617454528809
162.0 88.1294937133789
162.1 65.7210311889648
163.0 525.589294433594
164.0 70.1702041625977
164.6 16.2928714752197
164.9 144.907806396484
165.0 109.442047119141
165.7 10.4971122741699
165.9 25.3736515045166
166.0 72.9730224609375
166.8 71.2789764404297
167.0 56.9233551025391
168.0 139.497711181641
168.4 10.8106355667114
169.0 1088.97692871094
169.7 15.2056903839111
169.8 17.2220401763916
170.0 262.933624267578
170.1 138.714080810547
170.2 9.01635932922363
171.0 590.498657226563
171.1 304.911285400391
171.8 75.1734848022461
171.9 151.506210327148
172.1 197.81982421875
172.7 29.5647621154785
172.8 0.762975692749023
172.9 23.6280822753906
173.0 140.856109619141
173.1 232.823059082031
173.9 45.1128234863281
174.1 9393.4931640625
174.9 109.28971862793
175.0 1780.71728515625
175.8 19.3014507293701
176.0 137.419906616211
176.1 29.9058017730713
176.8 33.1138114929199
176.9 36.2501068115234
178.0 25.9871921539307
178.9 64.2936630249023
179.0 49.2634010314941
179.1 23.8784236907959
179.9 139.271499633789
180.0 3.29504013061523
181.0 187.306060791016
181.8 1.52506828308105
182.1 102.198028564453
182.8 47.2492218017578
183.0 88.0546417236328
183.1 22.3972511291504
183.9 190.164138793945
184.0 108.157234191895
184.9 192.514312744141
185.0 497.099914550781
185.8 86.2042465209961
186.0 36.5735931396484
186.1 39.0525512695313
186.8 33.6729125976563
186.9 22.5207214355469
187.0 36.4874114990234
187.1 34.3724594116211
187.8 14.6863498687744
188.7 2.7343635559082
188.9 103.233085632324
189.1 20.9430084228516
189.9 32.3597640991211
190.8 93.0250854492188
191.0 535.999145507813
191.8 6.40975952148438
191.9 57.8868255615234
192.1 31.6212043762207
192.3 10.1147918701172
192.7 32.44140625
193.0 362.198974609375
193.7 2.45509719848633
193.8 36.8052558898926
194.0 22.2574157714844
194.1 55.8212547302246
195.0 240.048950195313
196.0 649.829711914063
197.0 229.483337402344
197.0 194.373641967773
198.0 222.672958374023
198.1 468.257507324219
198.9 407.202270507813
199.1 193.139175415039
199.7 26.7065982818604
199.8 30.846134185791
200.0 87.85400390625
200.2 32.2152290344238
200.9 438.079528808594
201.7 12.450098991394
201.9 71.7557144165039
202.0 29.1922302246094
202.2 19.2196636199951
202.9 71.9905548095703
203.7 17.9696426391602
203.8 6.31450653076172
204.0 63.1727523803711
204.2 34.4625396728516
204.8 5.06784057617188
204.9 87.3783340454102
205.9 71.7508392333984
206.0 40.9463958740234
206.2 14.0184297561646
207.1 718.298461914063
207.9 40.4988327026367
208.0 45.5630798339844
208.1 27.1810836791992
208.9 2.28258895874023
209.0 58.4748802185059
209.2 8.7782096862793
210.0 18.0732421875
211.0 619.27880859375
211.8 16.3906135559082
212.0 302.152587890625
212.8 159.805313110352
212.9 214.820724487305
213.9 17.6740951538086
214.1 1984.82019042969
215.0 1946.18359375
216.0 186.177978515625
216.1 100.612831115723
217.0 440.468597412109
218.0 55.752685546875
218.2 11.1453285217285
219.0 1469.75463867188
219.7 27.9813976287842
219.8 114.182472229004
219.9 73.9946517944336
220.9 390.653686523438
221.2 8.56006240844727
221.9 23.886438369751
222.0 81.0177001953125
222.2 9.39157295227051
222.8 22.2276458740234
222.9 77.3936614990234
223.0 34.4141502380371
224.0 632.734924316406
224.1 184.434112548828
225.1 1618.25146484375
226.1 67423.4921875
227.1 10588.6064453125
227.9 9.60294437408447
228.0 517.099243164063
228.1 465.720062255859
228.9 57.6189041137695
229.0 110.437561035156
229.8 13.750096321106
230.0 71.8746337890625
230.8 61.4465065002441
231.0 29.0910110473633
231.1 10.4801750183105
233.0 545.14501953125
234.0 411.437774658203
235.0 106.056030273438
235.1 304.832794189453
235.9 6.16110992431641
236.0 135.795776367188
237.0 2463.70263671875
238.0 60.3828125
238.1 139.661865234375
239.0 123.830383300781
239.1 49.6782302856445
240.0 83.4250183105469
240.3 21.3344573974609
240.7 18.9722270965576
240.9 167.645721435547
242.1 1909.02551269531
242.1 3284.55249023438
242.8 19.4219036102295
243.0 924.235107421875
243.2 11.7370624542236
243.9 17.2622356414795
244.0 50.8057556152344
245.0 96.9061965942383
245.1 17.1871547698975
246.1 9.44680595397949
246.9 16.7628078460693
247.0 23.4133853912354
247.8 15.4338417053223
247.9 43.8469886779785
248.3 23.7309646606445
248.8 6.38377666473389
248.9 34.3007164001465
249.1 46.6695861816406
249.7 11.5320262908936
250.0 10.1615219116211
251.0 66.0256576538086
252.0 7.23290061950684
252.7 3.59578227996826
253.0 87.4667434692383
253.2 9.9124870300293
253.7 10.6655607223511
254.0 29.1037521362305
255.1 4041.24291992188
255.8 14.9199504852295
256.0 84.4564056396484
256.1 678.9560546875
256.4 24.9965133666992
256.9 111.771995544434
257.1 41.8870048522949
257.7 10.0544319152832
257.8 17.5255222320557
258.0 6.39485263824463
258.9 76.4133148193359
259.0 26.2478199005127
259.7 8.53827285766602
260.1 24.588888168335
260.8 15.6047382354736
261.0 219.555679321289
261.1 11.6882667541504
261.7 27.0314064025879
262.0 35.7430725097656
262.1 113.079696655273
262.3 13.5834350585938
262.9 66.8656616210938
263.1 24.8295974731445
264.9 51.4621887207031
265.2 8.96144199371338
265.4 12.235237121582
266.0 31.0058517456055
266.7 15.5488681793213
267.0 56.5009460449219
268.0 14.9816083908081
268.8 16.6918449401855
268.9 49.0454025268555
269.1 9.3636360168457
270.0 10.7211618423462
271.0 177.254150390625
271.8 10.6727695465088
273.0 290.362609863281
273.7 13.3379440307617
273.9 19.0564441680908
274.0 95.1951446533203
274.7 85.4532241821289
275.0 73.5596923828125
275.8 29.8156776428223
275.9 38.1407051086426
276.0 154.59538269043
276.2 48.8758087158203
276.9 47.5215606689453
277.0 37.746021270752
277.4 13.7428131103516
277.7 8.14862632751465
277.9 74.028450012207
278.1 191.453308105469
278.2 11.8589973449707
278.5 13.2607889175415
278.7 31.5489845275879
279.0 38.6469650268555
279.1 74.9572906494141
279.3 8.95793437957764
279.8 10.9377727508545
280.1 8.79059791564941
280.9 57.4225082397461
281.0 80.6565551757813
281.8 14.640754699707
282.0 29.7312355041504
282.8 15.0155086517334
283.0 173.761169433594
283.1 865.340515136719
283.2 63.7014312744141
284.1 149.469009399414
284.2 51.4717750549316
284.9 119.97021484375
285.8 39.2670822143555
285.9 43.6834564208984
286.8 35.0441513061523
286.9 44.0282363891602
287.1 0.799678802490234
288.0 15.8703718185425
289.0 487.949951171875
289.8 27.5193786621094
289.9 23.4195861816406
290.1 10.5410461425781
291.0 276.963500976563
291.9 115.274848937988
292.0 56.9019775390625
292.1 86.6002883911133
292.9 532.493713378906
293.8 50.7317352294922
293.9 184.575103759766
294.7 75.9651489257813
295.0 101.899261474609
295.7 16.760763168335
295.8 36.8290824890137
296.0 27.3391647338867
296.9 108.417236328125
297.0 16.3150482177734
298.8 1.54914474487305
299.0 23.6143379211426
299.1 18.9243106842041
300.8 38.91845703125
301.1 16.9882507324219
301.9 26.345609664917
302.9 24.0099563598633
303.0 98.5494232177734
303.1 26.2725830078125
303.9 29.8822593688965
304.0 15.916543006897
304.2 8.52860069274902
305.0 12.0594100952148
305.1 61.3198013305664
307.0 103.356788635254
307.1 3.25600337982178
308.0 17.9603385925293
308.9 6.50771331787109
311.0 25.5378341674805
312.0 10.3938789367676
314.7 32.3277587890625
314.9 40.8895988464355
315.9 10.2943162918091
316.9 8.72751522064209
317.0 20.8347263336182
317.1 40.7311134338379
318.0 8.71518802642822
318.2 12.9099397659302
319.0 31.9199314117432
319.8 12.0929822921753
320.1 12.0069932937622
320.2 22.5928993225098
327.0 114.547943115234
327.2 41.8901977539063
327.9 10.4210567474365
328.8 6.99047231674194
329.0 20.8334693908691
330.9 18.2516250610352
332.2 10.5535850524902
333.1 4.55072355270386
335.0 16.502405166626
336.9 8.71127510070801
340.8 10.5138854980469
340.9 9.8867769241333
341.2 13.3144264221191
341.5 15.3609008789063
342.0 10.4167909622192
342.1 51.802864074707
342.2 9.01754283905029
342.3 54.2402839660645
342.8 8.95137214660645
343.0 25.2293872833252
343.2 50.8396148681641
344.1 47.8236427307129
345.2 21874.8828125
346.1 435.497039794922
346.2 4914.02880859375
346.9 54.3225326538086
347.1 345.130035400391
347.2 292.438598632813
347.4 18.3384056091309
347.9 10.0771646499634
348.0 25.3354320526123
348.2 19.2627696990967
348.9 127.593719482422
349.1 6.13899803161621
350.9 23.7731132507324
351.1 5.792799949646
352.7 13.7762393951416
352.9 50.1247749328613
353.2 10.7082538604736
355.0 10.342264175415
356.9 8.79233837127686
358.9 9.3274564743042
360.1 1105.33251953125
360.3 264.395446777344
360.9 26.1214714050293
361.1 208.900802612305
361.2 143.506683349609
361.4 20.4406719207764
362.0 8.99268341064453
366.8 9.32995891571045
366.9 0.994857311248779
369.0 10.4130210876465
370.9 30.1521415710449
388.9 9.17811489105225
