#"+EI Scan (rt: 2.503-2.568 min, 12 scans) R2M5.D  Subtract "
#Point,X(Thompsons),Y(Counts)
40.1 282.482604980469
41.1 4584.91357421875
41.9 80.0680236816406
42.1 430.196655273438
43.1 1217.89404296875
44.0 181.278930664063
44.8 38.0904197692871
45.1 190.500045776367
45.9 38.8276786804199
47.0 1605.78552246094
47.9 17.4819869995117
48.1 13.9272956848145
50.0 191.058654785156
50.9 293.519866943359
51.0 51.3704223632813
51.8 15.3255796432495
51.9 125.176025390625
52.1 44.7573432922363
53.0 516.994506835938
53.9 148.417938232422
54.1 46.9363555908203
55.0 1022.89227294922
56.0 434.443389892578
57.1 4850.17578125
57.9 88.7233200073242
58.0 298.397033691406
59.0 2141.5966796875
60.0 340.095184326172
61.0 163.207168579102
61.2 19.6342945098877
61.7 27.1727676391602
61.9 112.70970916748
62.1 112.087554931641
62.2 18.2081241607666
63.0 435.621032714844
64.0 27.9727478027344
64.1 252.590805053711
65.0 311.013671875
65.9 100.243537902832
66.0 49.0801429748535
66.2 5.147873878479
67.0 531.7001953125
68.1 159.713439941406
68.2 93.4344711303711
69.1 3237.02416992188
70.0 581.189453125
70.1 180.952056884766
70.9 202.453170776367
71.9 78.3314590454102
72.1 59.6281661987305
72.2 2.50015640258789
73.0 1259.19775390625
74.0 335.113189697266
74.9 0.12542724609375
75.0 418.493438720703
76.0 471.596984863281
76.1 261.582427978516
77.0 1733.9599609375
78.0 91.53759765625
80.0 46.3372955322266
80.1 64.0754318237305
80.2 86.4889755249023
81.0 70.20703125
81.9 346.543426513672
83.0 1118.35876464844
84.0 23.76025390625
84.1 445.838439941406
85.1 620.366821289063
85.9 68.6280822753906
86.1 263.586517333984
86.2 92.3476943969727
86.8 20.7189769744873
86.9 147.725921630859
87.0 195.19612121582
87.2 18.5568389892578
88.0 1857.70849609375
88.8 27.1884307861328
89.0 1523.39636230469
90.0 3680.27270507813
91.0 601.42138671875
91.8 41.4192695617676
92.0 98.1569671630859
92.1 18.6047592163086
92.8 76.9248733520508
93.1 94.2830581665039
93.8 13.377402305603
93.9 24.0992050170898
94.8 16.2462539672852
95.0 23.6667022705078
95.1 93.8811416625977
95.8 85.0985336303711
96.2 79.9490127563477
96.9 41.9010391235352
97.0 144.074188232422
98.0 152.503997802734
98.2 11.0509414672852
98.9 100.746437072754
99.1 109.563919067383
99.9 99.3602905273438
100.1 18.3096561431885
100.8 38.4691696166992
101.0 153.628707885742
101.1 135.668197631836
102.0 2469.64453125
103.0 6811.255859375
103.8 62.9460296630859
104.0 1957.67883300781
104.9 152.001007080078
105.0 45.0549774169922
105.2 91.3012619018555
106.1 57.070011138916
107.0 49.4391479492188
107.2 33.3147392272949
107.8 13.264181137085
108.0 56.4157485961914
109.9 0.990066528320313
111.0 277.966766357422
112.0 248.495498657227
112.1 65.749137878418
112.2 48.9269599914551
113.0 258.463623046875
113.9 172.394577026367
114.0 146.375305175781
114.1 108.405570983887
114.9 134.851196289063
115.0 87.9732055664063
116.0 475.214324951172
116.1 79.1307678222656
117.0 283.879333496094
117.0 1797.92065429688
118.0 1217.27551269531
118.9 90.1543426513672
119.0 13.5394134521484
119.1 88.2166290283203
120.0 59.7209663391113
120.1 40.6800193786621
120.5 6.29050540924072
120.8 90.4753799438477
121.0 126.917839050293
121.8 18.902322769165
122.0 23.4012107849121
123.0 232.272659301758
123.9 62.1048393249512
124.9 72.0517425537109
125.0 59.9316101074219
125.8 45.8240661621094
125.9 5.24793243408203
126.1 25.9406585693359
126.8 175.547103881836
127.0 103.266662597656
127.8 59.9426879882813
127.9 152.664840698242
128.0 152.153518676758
129.0 3062.32470703125
130.0 3020.98657226563
131.0 14168.3408203125
132.0 1478.59289550781
132.1 132.754013061523
133.0 438.697875976563
133.9 38.516429901123
134.0 142.564514160156
134.9 334.626373291016
135.8 40.503719329834
135.9 151.15119934082
137.0 1866.09375
138.0 236.27880859375
139.7 29.1180553436279
139.8 18.3450050354004
140.1 26.5523681640625
141.0 266.202758789063
142.0 207.161010742188
142.7 9.34845161437988
143.0 952.215270996094
143.2 34.3198280334473
144.0 390.617126464844
144.1 1320.51220703125
145.0 18632.60546875
146.0 1205.25268554688
146.0 689.925598144531
146.9 278.094421386719
147.1 59.9645500183105
147.8 30.3042030334473
148.0 76.8750457763672
148.9 7.96778106689453
149.0 235.532806396484
149.8 44.2276573181152
150.9 33.0294799804688
151.1 184.654067993164
151.8 42.5846786499023
152.0 78.1508483886719
153.2 33.4482040405273
153.9 87.8523483276367
154.1 216.131423950195
154.2 12.8779573440552
155.0 3.25439453125
155.9 24.5167121887207
156.0 45.2566833496094
156.1 366.027679443359
157.0 1122.34851074219
158.0 1225.49475097656
159.0 348.54296875
160.0 225.662460327148
160.9 331.270263671875
161.7 14.614405632019
161.9 60.1925010681152
162.1 5.41679763793945
162.2 14.0607452392578
163.0 133.326904296875
163.7 77.1901779174805
163.8 88.4178085327148
164.8 0.4169921875
164.9 177.83447265625
165.9 19.9065647125244
166.1 57.846736907959
166.2 28.3769683837891
166.9 53.2188110351563
167.0 222.421920776367
167.9 112.842559814453
168.1 154.539077758789
168.3 26.9085597991943
168.8 26.2884750366211
169.0 230.437088012695
169.1 84.1035461425781
169.8 33.697868347168
169.9 10.0647659301758
170.0 365.055603027344
170.1 71.5010757446289
171.0 5404.953125
172.1 1046.369140625
172.8 131.029052734375
173.0 41.3869247436523
173.1 17.110200881958
173.9 263.871459960938
174.1 255.392440795898
174.9 150.341873168945
175.2 14.9146919250488
175.9 60.8504981994629
176.2 43.8103218078613
177.0 927.308837890625
177.0 1012.2666015625
177.9 162.360610961914
178.0 10.3726921081543
179.0 88.1457061767578
179.5 16.9666843414307
179.8 20.1044960021973
180.8 130.845474243164
181.0 32.0576782226563
181.8 86.4278717041016
182.0 8.2831916809082
182.2 21.0730457305908
182.9 38.4266967773438
183.1 63.881275177002
183.8 39.2939682006836
183.9 41.7336845397949
184.1 191.613021850586
185.1 1922.21130371094
186.0 729.034423828125
186.1 142.470916748047
186.9 286.094451904297
187.0 2.77909851074219
187.9 21.4757862091064
188.0 65.4479522705078
189.0 127.777709960938
189.1 103.109756469727
189.2 34.9830169677734
189.9 17.5673637390137
190.0 15.6356382369995
190.2 14.5098114013672
191.0 365.458892822266
191.8 69.4110412597656
192.1 22.6684036254883
193.0 319.189025878906
193.7 89.1719970703125
194.0 120.270896911621
194.1 52.0477447509766
194.9 85.213623046875
195.9 32.0619926452637
196.0 108.743072509766
197.9 68.3133697509766
198.0 18.2681579589844
199.0 158.402603149414
199.8 44.6990280151367
199.9 73.0201416015625
201.0 1643.05041503906
201.9 176.75927734375
202.0 138.320953369141
202.5 13.3618135452271
203.0 217.949691772461
203.9 50.1629257202148
204.0 30.837158203125
204.7 20.525463104248
205.0 81.6630706787109
205.9 47.0483932495117
206.1 158.260314941406
207.0 177.052734375
208.1 174.692459106445
208.6 40.331111907959
209.0 130.49494934082
209.2 22.4571685791016
209.6 17.3915004730225
209.9 25.3858299255371
210.0 32.572509765625
210.2 17.1963367462158
212.0 98.229248046875
213.1 4651.46435546875
214.1 754.459350585938
215.0 788.212890625
216.0 21.92138671875
216.9 700.83154296875
217.8 90.8602066040039
218.0 60.1259613037109
218.9 247.565185546875
220.0 162.100204467773
220.8 38.2289123535156
221.6 13.7297620773315
221.9 71.7197647094727
222.8 178.907791137695
223.8 2.27301216125488
224.0 21.7437286376953
224.1 54.6180839538574
224.9 101.638824462891
225.0 20.9158172607422
225.9 90.6434707641602
226.1 253.947341918945
226.2 15.3715372085571
226.7 12.4096097946167
226.8 23.4258346557617
227.0 96.3524627685547
227.1 96.0839004516602
227.8 42.7862701416016
228.0 29.1624984741211
228.3 19.0031223297119
229.0 149.695373535156
229.1 179.359939575195
230.0 308.300109863281
230.7 52.7898254394531
231.0 722.636169433594
231.1 173.069244384766
231.9 0.0212326049804688
232.0 357.989196777344
233.1 39774.6171875
234.1 6545.376953125
234.8 71.7009658813477
235.0 633.129760742188
236.0 141.440124511719
237.0 742.99169921875
237.8 155.263763427734
239.0 139.612182617188
239.9 53.9367141723633
240.0 8.21852111816406
240.1 32.491527557373
240.9 297.126708984375
241.1 29.116096496582
242.1 254.412979125977
242.9 107.801956176758
243.1 122.794532775879
243.8 15.7522239685059
244.0 98.6860733032227
244.1 51.5843963623047
245.0 163.111755371094
245.1 38.431770324707
246.0 118.492500305176
246.1 4044.9599609375
247.1 869.28857421875
248.0 42.4023780822754
248.1 38.0241584777832
248.4 15.6325263977051
248.7 12.6689672470093
249.0 74.805061340332
249.9 20.6618957519531
251.0 23.6740665435791
253.9 2.33237457275391
254.7 25.2281513214111
255.0 74.3461532592773
255.1 43.3213920593262
256.3 18.9032039642334
256.8 52.7990264892578
257.0 26.8482894897461
257.2 18.6998958587646
257.8 15.4488515853882
257.8 77.0518341064453
258.0 54.0647926330566
258.5 22.1893692016602
259.0 28.4214305877686
260.0 113.387908935547
260.2 11.9033851623535
260.9 111.452507019043
261.2 46.6223449707031
262.0 275.831146240234
262.2 70.3444595336914
263.0 95.8479080200195
263.2 58.7052421569824
265.1 105.176345825195
266.7 31.5607128143311
266.8 0.632877349853516
267.0 35.1835899353027
268.1 17.8534317016602
268.8 10.2913665771484
269.0 465.101257324219
269.2 327.000122070313
269.8 44.9233436584473
270.0 146.602142333984
270.2 38.6728858947754
270.9 57.1791687011719
271.1 35.0578651428223
271.9 60.7051696777344
272.1 15.0235767364502
272.8 54.8308372497559
273.8 85.2891311645508
274.8 79.1534271240234
275.0 267.122802734375
275.7 45.1400909423828
275.8 0.980766296386719
276.3 15.2854681015015
276.6 20.0963497161865
276.9 21.1333618164063
277.9 178.891937255859
278.1 44.5168724060059
278.9 111.146186828613
279.0 92.7524337768555
281.1 27.0247955322266
282.0 22.0602016448975
282.1 18.9157638549805
282.7 16.2747459411621
283.0 117.37158203125
285.1 136.510330200195
286.0 144.804336547852
286.1 249.855346679688
286.2 40.3889656066895
287.0 238.692321777344
288.1 94.5750350952148
289.1 6966.94482421875
290.0 978.049743652344
290.2 218.79248046875
290.9 182.925903320313
291.1 99.234245300293
293.0 405.760498046875
293.7 37.5931434631348
293.9 124.26651763916
294.1 31.701566696167
294.8 54.2982749938965
295.0 129.107833862305
295.8 18.0547351837158
296.0 54.5526924133301
296.9 97.9715270996094
298.2 181.532760620117
298.7 15.2390718460083
298.9 69.6918029785156
299.0 16.1889381408691
300.0 73.9367980957031
300.1 41.310977935791
300.7 3.65364551544189
300.9 111.752029418945
301.0 127.114585876465
301.1 113.253799438477
301.3 19.7546863555908
301.7 14.2045097351074
301.9 58.2012138366699
302.1 401.826568603516
302.2 63.529483795166
302.8 13.9240531921387
303.1 370.658782958984
303.9 24.8955078125
304.1 19.3473377227783
306.7 13.1005477905273
306.9 26.4173049926758
307.1 89.6322174072266
307.3 18.3100280761719
308.0 43.6767692565918
309.0 55.2850799560547
309.1 20.2137813568115
310.1 12.5247955322266
310.2 15.0415754318237
310.7 34.5339469909668
311.2 14.3459749221802
311.8 21.2180442810059
311.9 18.2498188018799
312.1 13.8185453414917
315.0 31.4948844909668
315.2 14.4645662307739
316.0 50.5697479248047
316.2 18.6199951171875
317.0 14.839916229248
317.2 18.6388854980469
318.2 6185.802734375
318.9 36.2557411193848
319.2 1329.93273925781
320.0 42.7904396057129
320.1 504.923858642578
320.2 138.786697387695
321.0 24.4867858886719
321.1 9969.3017578125
322.1 1929.94116210938
322.2 16.0498123168945
323.0 29.8978672027588
323.1 165.685180664063
324.0 36.5434989929199
328.8 0.736167907714844
329.9 52.3657035827637
330.0 124.17293548584
330.1 131.111373901367
330.2 21.8937816619873
330.3 51.4804496765137
330.9 46.6659622192383
331.0 141.478927612305
331.2 34.1998748779297
331.9 17.1589794158936
334.0 33.5413551330566
334.2 71.1829605102539
334.7 0.633353233337402
334.9 4.26978874206543
342.2 16.2602825164795
344.8 28.8018398284912
344.9 50.9113655090332
345.9 36.3307762145996
346.2 46.6199798583984
346.9 26.8571720123291
348.6 17.0825119018555
348.9 40.198184967041
349.1 71.6613922119141
350.2 4.78617668151855
351.1 59.4751853942871
352.8 97.1640930175781
352.9 24.677074432373
355.0 15.4129676818848
356.9 14.5182027816772
357.1 31.0074062347412
357.2 15.8195571899414
362.1 220.620040893555
362.2 112.781105041504
363.0 23.1252822875977
363.1 15.7496309280396
365.0 19.6338062286377
366.9 95.3029708862305
370.9 4.31649780273438
371.8 15.206901550293
372.1 17.3709678649902
377.2 806.711730957031
377.3 27.9361724853516
378.0 103.731018066406
387.0 12.9629716873169
405.1 33.7154541015625
408.8 14.0784940719604
