#"+EI Scan (rt: 2.498-2.562 min, 12 scans) R1M5.D  Subtract "
#Point,X(Thompsons),Y(Counts)
41.1 4548.20458984375
41.9 168.009231567383
42.1 415.676055908203
43.0 161.353790283203
43.1 482.109252929688
44.0 78.0078125
45.0 177.154724121094
45.9 39.9507179260254
46.0 37.4770126342773
47.0 1645.28405761719
48.0 16.9368705749512
48.7 27.0794467926025
49.0 62.3025131225586
50.1 169.078704833984
50.9 68.6351928710938
51.0 319.751892089844
52.0 88.6131362915039
52.1 143.544326782227
52.9 192.872787475586
53.0 123.336700439453
53.8 32.4422912597656
53.9 24.8090496063232
54.0 193.941467285156
55.0 698.195678710938
56.0 301.9013671875
57.1 4575.66015625
58.1 336.838317871094
59.0 1987.21875
59.9 102.653076171875
60.2 70.2557678222656
60.9 166.767395019531
61.0 115.280967712402
61.7 27.7940807342529
61.9 41.4659423828125
62.0 126.343231201172
62.8 87.03662109375
63.0 178.373809814453
63.1 131.273544311523
63.9 54.3056564331055
64.0 199.7578125
64.7 19.5439701080322
64.8 43.0329742431641
65.0 175.02490234375
65.1 4.38324356079102
66.0 75.5240173339844
66.3 24.3821430206299
67.0 245.966659545898
67.1 212.986633300781
68.0 165.722259521484
68.1 268.843902587891
69.1 3421.1494140625
70.0 449.085754394531
70.0 629.913024902344
71.1 9.56192016601563
71.2 38.0450553894043
71.9 58.8512725830078
73.0 818.1240234375
74.0 468.326965332031
75.0 186.674072265625
75.1 254.998626708984
76.0 838.100402832031
76.1 31.6137237548828
77.0 725.4716796875
78.0 361.4736328125
79.1 151.17643737793
80.0 35.5907897949219
81.9 158.536437988281
82.0 49.2214508056641
82.9 63.3313140869141
83.0 1198.83959960938
84.0 327.292083740234
84.1 33.7892074584961
85.0 20.9014282226563
85.1 178.361862182617
86.0 106.243743896484
86.1 314.142639160156
86.9 17.2428359985352
87.0 395.479919433594
87.1 25.3111877441406
88.0 2499.33764648438
89.0 1613.31298828125
90.0 3001.08422851563
91.0 410.355834960938
91.0 207.699859619141
92.0 143.448776245117
92.0 71.5110168457031
92.9 200.082626342773
95.0 38.6185913085938
95.1 208.373046875
96.0 272.743621826172
96.7 7.01152038574219
96.9 110.228424072266
97.0 202.019348144531
98.0 41.2403564453125
98.2 71.7782669067383
99.1 249.492095947266
99.3 12.8461132049561
99.7 37.8764991760254
100.0 108.635932922363
101.0 282.014282226563
101.1 60.3052139282227
102.0 885.922485351563
102.0 1232.15771484375
102.1 86.9338684082031
103.0 6606.41845703125
104.0 2101.0146484375
104.8 25.9903106689453
105.0 199.682037353516
105.8 6.67879867553711
106.0 122.981353759766
106.2 5.00658512115479
106.6 54.876148223877
106.9 254.906661987305
107.2 0.722089767456055
108.0 82.7741775512695
108.1 12.5705986022949
109.0 1318.10107421875
109.8 75.8630752563477
109.9 83.0127563476563
110.8 49.259204864502
111.0 131.067291259766
111.2 61.2635231018066
111.9 47.282413482666
112.1 333.029296875
113.1 91.0483016967773
113.9 37.5735740661621
114.0 539.953430175781
115.0 253.188934326172
116.0 397.240844726563
116.1 163.134948730469
117.0 1054.51098632813
117.1 618.904846191406
118.0 799.535766601563
118.1 36.6414985656738
118.7 17.0929737091064
119.0 368.996765136719
119.8 6.47267818450928
120.0 121.853454589844
121.0 97.195182800293
121.2 29.1050643920898
121.7 8.50289916992188
121.9 45.4935302734375
122.0 82.4576721191406
122.1 17.2982749938965
122.8 74.1596145629883
123.2 37.0759620666504
124.0 56.1635971069336
124.8 109.61750793457
125.1 82.4325180053711
125.8 20.4393215179443
126.1 84.0207672119141
127.0 231.731781005859
127.1 71.669792175293
128.0 471.720245361328
129.0 3065.16577148438
130.0 2903.60107421875
131.0 15113.2529296875
132.0 1628.95336914063
132.9 110.48974609375
133.7 36.2047996520996
134.1 12.1810874938965
135.1 314.909851074219
135.7 47.2802619934082
136.1 44.7192993164063
136.2 66.3662948608398
137.0 969.99609375
138.0 298.765167236328
139.0 286.173431396484
139.8 82.9441452026367
140.0 168.113174438477
141.0 70.9952392578125
141.8 122.47046661377
142.0 140.177673339844
142.8 58.1293106079102
143.0 392.861572265625
143.1 549.155883789063
143.9 74.2831420898438
144.1 1764.65441894531
145.0 18970.974609375
146.0 1056.99841308594
146.1 975.26025390625
146.8 44.7108955383301
146.9 57.4362030029297
147.8 21.9065322875977
147.9 63.2841911315918
148.5 19.7858009338379
148.9 140.089019775391
149.1 43.8763732910156
149.9 11.0677757263184
150.0 18.1151752471924
150.9 117.925354003906
151.7 15.4813585281372
151.9 58.2797698974609
152.0 6.81560516357422
152.1 65.7174530029297
152.9 112.287338256836
153.2 54.9942970275879
153.9 10.5266952514648
154.1 158.367126464844
155.0 644.26904296875
155.9 14.8180351257324
156.0 503.8310546875
157.0 723.409790039063
157.1 177.118423461914
158.0 1198.09802246094
159.0 499.138671875
159.8 71.0471649169922
161.0 281.767761230469
162.0 167.836044311523
162.9 198.5537109375
163.8 27.0899143218994
163.9 33.5895156860352
164.0 0.906200408935547
165.0 112.384757995605
165.4 12.8911638259888
165.7 20.7254829406738
166.1 47.223087310791
166.9 80.4559326171875
168.0 277.550109863281
168.1 23.8529510498047
169.0 517.761474609375
169.7 39.5339164733887
170.0 331.140563964844
170.1 169.687866210938
171.0 5769.0478515625
171.9 155.223327636719
172.0 696.7294921875
172.6 12.9445791244507
172.9 100.960517883301
173.0 196.248901367188
173.9 138.337814331055
174.0 465.184722900391
174.7 57.8258857727051
174.9 55.5163536071777
174.9 6.48114013671875
175.9 44.5346183776855
176.1 57.6858940124512
176.9 4.74989318847656
177.0 1890.87585449219
177.9 122.144409179688
178.0 66.7355041503906
178.7 7.44020938873291
179.1 38.3315467834473
179.2 12.8142499923706
179.7 0.226719856262207
179.9 118.232666015625
180.8 75.2135848999023
181.0 22.4082946777344
181.8 42.4372940063477
182.1 94.9452133178711
183.0 298.560485839844
183.2 33.3101959228516
183.9 12.9166679382324
184.0 234.720031738281
184.2 27.9718017578125
185.1 1865.40661621094
185.9 398.141845703125
186.1 468.193908691406
187.0 229.715057373047
187.9 19.128604888916
188.0 17.8135795593262
188.2 28.1306838989258
189.0 137.245971679688
189.1 14.1681842803955
189.8 33.2056884765625
190.0 104.460708618164
190.1 23.281156539917
190.8 56.546875
191.0 728.280578613281
191.9 37.0435905456543
193.0 26.6802978515625
194.1 105.060501098633
194.9 307.400146484375
195.7 56.6016731262207
196.0 60.6251068115234
196.8 100.308769226074
197.0 264.961364746094
197.7 48.6125335693359
198.0 90.0955963134766
198.2 27.7561435699463
199.0 272.427795410156
199.9 88.1004486083984
201.0 2090.33178710938
201.8 101.595031738281
201.9 9.30030822753906
202.1 211.194564819336
202.3 17.6047611236572
203.0 447.258117675781
203.8 2.47785186767578
204.1 32.5446434020996
205.0 188.649658203125
205.9 164.200119018555
206.0 23.8610877990723
207.0 46.74365234375
207.9 339.78515625
208.7 19.1473541259766
209.1 1.15045928955078
209.2 81.7514266967773
210.0 14.5618591308594
210.1 31.5153903961182
211.0 199.39501953125
212.0 227.828247070313
213.0 3805.2998046875
214.0 1529.90966796875
215.0 617.8798828125
216.0 100.961181640625
217.0 181.700439453125
217.8 53.4469680786133
218.1 80.8706588745117
219.9 488.708251953125
220.9 90.7134094238281
221.8 118.604881286621
222.8 59.7430076599121
223.2 23.7355365753174
223.7 27.8218746185303
224.8 42.1011009216309
225.0 121.835304260254
225.9 82.7421798706055
226.1 242.992980957031
227.0 155.464004516602
227.1 8.43329238891602
227.9 138.024932861328
228.1 54.1751899719238
229.1 169.214233398438
230.0 122.433609008789
230.1 65.1630706787109
230.3 21.9611053466797
230.9 173.825439453125
231.1 618.897338867188
231.9 67.2257308959961
232.1 384.937347412109
233.1 40108.328125
234.1 8325.2978515625
235.0 38.6111450195313
235.1 544.064636230469
236.1 191.831680297852
237.0 184.96484375
238.0 38.6258544921875
239.0 166.130783081055
239.9 138.86393737793
240.1 17.2906761169434
240.9 237.390579223633
242.0 326.653533935547
242.1 39.7604827880859
242.9 132.224075317383
243.1 92.8905029296875
244.0 64.0781173706055
244.1 17.855676651001
244.8 19.6078224182129
245.0 81.4524993896484
245.1 19.4971656799316
246.1 4569.40869140625
247.0 240.240432739258
247.1 673.591125488281
247.9 40.163516998291
248.0 38.1512603759766
248.2 40.898120880127
248.8 50.3609008789063
249.0 2.18071746826172
249.2 19.6567859649658
250.7 41.3281097412109
251.1 39.5188179016113
251.9 43.8462867736816
252.7 2.78924942016602
252.9 178.261123657227
253.1 151.054260253906
253.8 7.52783727645874
254.0 89.4081497192383
254.9 33.818603515625
255.0 39.0670623779297
256.0 34.5611305236816
256.9 96.2609558105469
257.8 34.5784530639648
258.0 194.761077880859
258.2 44.7966346740723
258.7 32.1483993530273
259.0 68.1258697509766
259.8 77.4360656738281
260.0 85.4234924316406
260.1 41.02685546875
261.0 215.42951965332
262.1 241.808547973633
262.2 49.2021751403809
262.8 11.5384788513184
262.9 97.0059432983398
264.8 42.6891975402832
264.9 57.4272422790527
267.1 61.1670951843262
268.0 23.1280059814453
269.0 951.380493164063
269.9 202.591171264648
270.0 65.7240829467773
270.8 213.961807250977
271.8 82.279426574707
272.1 35.4241180419922
272.9 85.0690231323242
274.0 59.0526428222656
274.9 360.123443603516
275.9 82.0004272460938
276.1 5.35844802856445
276.4 12.6015195846558
276.8 36.5496139526367
277.9 141.713592529297
278.0 75.7530746459961
278.2 42.3256797790527
279.0 158.189514160156
280.7 15.1710138320923
280.8 10.0417404174805
281.1 31.7496204376221
281.2 52.0665092468262
281.9 13.0354337692261
283.0 116.274543762207
284.1 12.567645072937
284.8 54.9389839172363
285.1 245.877517700195
286.0 89.8606414794922
286.1 93.3312301635742
287.1 38.0821380615234
288.1 126.151054382324
289.1 6884.63427734375
290.0 1193.95190429688
291.0 304.062591552734
291.9 45.3974571228027
292.9 10.835693359375
294.0 156.973968505859
295.0 38.0806274414063
295.9 9.62225341796875
296.0 15.5698432922363
297.9 183.058486938477
298.1 71.9636077880859
299.0 2.49892807006836
299.7 13.3490028381348
299.8 36.6916732788086
300.0 65.1915664672852
300.1 17.3037376403809
300.9 110.807823181152
301.1 267.655731201172
302.1 416.68408203125
302.7 0.0834026336669922
303.0 43.4381866455078
303.1 160.548950195313
303.2 50.185375213623
304.0 18.8141593933105
304.1 19.7920570373535
304.8 16.7991695404053
305.0 17.6481304168701
306.7 15.093921661377
307.0 76.2119827270508
307.8 16.1435012817383
308.0 49.1687431335449
308.7 15.6313018798828
309.2 18.6131362915039
310.0 30.744384765625
310.9 62.645320892334
311.8 7.60544681549072
313.1 49.2003288269043
315.0 25.5026550292969
315.1 45.3830986022949
315.9 30.3037071228027
316.1 81.9818420410156
317.2 20.4567909240723
318.1 196.405197143555
318.2 5882.85400390625
319.1 95.8143615722656
319.2 1260.04675292969
319.4 40.3211784362793
320.1 310.858489990234
320.2 239.6826171875
321.1 10221.7119140625
321.9 20.0429191589355
322.1 184.539672851563
322.1 1956.10534667969
322.9 58.9988174438477
323.1 173.040145874023
323.2 126.151054382324
323.9 12.6042709350586
324.0 13.6634292602539
324.2 33.0122184753418
326.9 5.56876754760742
328.8 5.6615161895752
329.0 35.0545616149902
329.9 35.6002082824707
330.0 128.992614746094
330.2 126.958351135254
331.0 89.7509078979492
331.1 84.9641952514648
332.1 21.1480007171631
332.9 46.7063179016113
333.8 13.4746704101563
333.9 39.4184837341309
334.1 110.553932189941
334.2 15.4033517837524
334.4 13.7518434524536
335.1 64.298210144043
342.1 23.9955501556396
342.3 12.8982000350952
344.6 7.3277702331543
344.8 26.1723575592041
345.0 92.4654922485352
345.9 33.406078338623
346.1 29.440673828125
348.9 65.2472610473633
349.9 8.16934776306152
350.0 18.9181346893311
350.8 11.1944370269775
350.9 73.2202377319336
352.8 27.2682189941406
352.9 40.0095062255859
353.1 21.8249034881592
354.9 16.1104049682617
356.9 29.0080013275146
357.0 16.8090991973877
357.3 13.1654272079468
359.1 1.78416633605957
361.1 29.7326564788818
361.9 20.814790725708
362.0 196.751770019531
362.1 120.043769836426
362.3 22.0333690643311
362.5 30.0897045135498
363.0 77.0921936035156
367.1 26.5288791656494
371.0 16.4385528564453
375.1 15.9965200424194
377.1 78.2591171264648
377.2 329.893585205078
377.3 111.259910583496
377.4 44.7168884277344
378.1 143.976348876953
408.8 9.6213207244873
409.0 34.851375579834
427.1 20.4269123077393
