#"+EI Scan (rt: 3.716-3.780 min, 12 scans) R5M5.D  Subtract "
#Point,X(Thompsons),Y(Counts)
40.1 2400.85473632813
41.1 37349.8671875
42.1 6962.810546875
43.1 34170.5234375
44.0 3874.642578125
44.9 149.592376708984
45.8 22.7398509979248
46.0 52.7889099121094
47.0 4.27005004882813
49.0 49.1448249816895
49.1 88.4938278198242
50.0 31.0723266601563
50.0 917.692687988281
51.0 3516.1064453125
51.9 51.474063873291
52.0 1743.95288085938
53.1 8422.7080078125
54.0 1417.7607421875
54.1 2744.88354492188
55.1 18833.85546875
56.0 5569.5048828125
57.1 5490.1494140625
58.1 5510.67626953125
59.0 1814.513671875
59.9 89.5196762084961
60.0 122.546371459961
60.9 128.355026245117
61.0 129.202682495117
61.1 59.1250610351563
61.9 401.479217529297
62.0 1117.46655273438
63.0 3291.29052734375
64.0 1472.18676757813
64.1 240.28955078125
65.0 8379.865234375
66.1 6129.54541015625
67.1 24584.25390625
68.1 4190.48779296875
69.1 7780.10400390625
70.1 2820.77197265625
71.1 2007.1025390625
72.0 190.372924804688
72.1 88.3600158691406
73.0 2104.072265625
74.0 440.339813232422
74.0 99.4307861328125
75.0 3418.48828125
76.1 6654.62109375
77.0 46450.83984375
78.0 13059.2265625
79.1 47428.71484375
80.1 10433.3671875
81.0 15680.1748046875
82.1 4374.3916015625
83.0 1693.11352539063
83.7 17.8400382995605
83.9 88.1155700683594
84.1 388.629241943359
84.2 34.8016395568848
84.8 76.3975448608398
85.1 369.405364990234
85.8 15.791145324707
85.9 98.8687210083008
86.1 312.357604980469
86.7 13.7289533615112
87.0 293.175689697266
87.1 1063.59497070313
88.0 15265.93359375
89.0 17172.125
90.0 36152.0078125
91.1 51114.54296875
92.1 42449.98828125
93.1 74948.359375
94.1 40834.578125
95.1 7770.83203125
96.0 34.198974609375
96.1 2298.02026367188
97.0 483.249389648438
97.1 21.6855163574219
97.2 140.978988647461
97.9 138.730529785156
97.9 114.561683654785
98.1 117.673194885254
98.3 40.7782554626465
98.4 14.2098875045776
98.9 67.4584274291992
99.0 213.985916137695
99.9 130.37727355957
100.0 118.391662597656
100.2 49.6221466064453
101.0 960.632629394531
101.1 384.775604248047
102.0 15839.9931640625
103.0 44192.98046875
104.0 20405.544921875
105.1 14411.09375
106.1 9868.6015625
107.1 18020.138671875
108.1 18489.236328125
109.1 9963.96875
110.0 1849.40466308594
110.2 164.729263305664
110.8 57.4198112487793
111.0 342.201721191406
111.2 166.670669555664
111.7 85.0959854125977
111.9 54.4734649658203
112.2 107.20947265625
112.8 94.7774429321289
113.0 500.145294189453
113.5 13.7133722305298
113.9 62.3335342407227
114.0 479.447052001953
115.0 3665.31811523438
116.0 5215.96728515625
117.0 24452.267578125
118.0 9496.6435546875
119.0 10777.7607421875
120.1 5964.35400390625
121.0 2458.85498046875
122.1 1687.28161621094
123.0 1074.21838378906
123.1 225.162750244141
123.7 22.2292156219482
124.0 134.84098815918
124.0 136.351211547852
124.1 69.9329223632813
124.9 437.877716064453
125.3 249.021041870117
125.5 326.781005859375
125.6 1274.68859863281
125.9 149.847763061523
126.1 284.680267333984
127.0 1028.80688476563
127.1 416.979583740234
128.1 4018.04711914063
129.0 20765.302734375
130.0 17578.76953125
131.0 94606.671875
132.1 15337.4873046875
133.1 8974.8642578125
134.1 8470.3154296875
135.1 83606.2421875
136.1 18986.63671875
137.0 12226.37890625
138.0 2338.47485351563
138.9 246.999755859375
139.0 541.515380859375
139.9 156.412322998047
140.0 509.060913085938
141.0 1088.38354492188
141.9 73.0468902587891
142.0 2243.72924804688
143.1 6866.60009765625
144.1 17313.677734375
145.0 316891.90625
146.0 32048.828125
147.1 3417.7060546875
147.2 166.792083740234
148.0 1257.83508300781
148.1 969.692626953125
148.3 51.3347816467285
149.1 5488.20849609375
150.1 136954.34375
151.1 17512.15625
151.9 97.9852523803711
152.1 1255.94189453125
152.8 98.6944274902344
153.0 175.221435546875
153.1 298.118072509766
153.9 305.939208984375
154.0 905.300720214844
155.0 3959.72143554688
156.0 5598.05322265625
157.0 6637.5791015625
158.1 7620.33447265625
159.0 7178.2138671875
160.0 2753.7294921875
161.0 10217.8037109375
162.0 702.844970703125
162.1 1067.92517089844
162.9 435.618530273438
163.8 49.7988395690918
164.1 104.731506347656
164.8 1.85292816162109
165.0 657.896911621094
166.0 348.822387695313
166.1 169.269668579102
167.0 1237.62475585938
168.0 351.356323242188
168.0 675.234680175781
168.1 133.158050537109
168.9 162.397399902344
169.0 1845.52014160156
169.9 18.1945323944092
170.1 2416.29565429688
171.1 9935.9677734375
172.1 3277.00268554688
173.1 3205.029296875
174.1 24944.1015625
175.1 8007.923828125
176.1 1446.41564941406
177.0 327.85302734375
177.2 70.9732437133789
178.0 287.558471679688
178.8 73.2478408813477
179.0 222.324462890625
179.8 63.153736114502
179.9 157.865005493164
180.0 473.975219726563
180.9 859.104370117188
181.1 373.837005615234
181.7 17.0594882965088
181.9 158.508087158203
182.0 534.786010742188
182.2 106.663543701172
182.8 63.8753089904785
183.0 562.325439453125
183.1 918.05810546875
184.0 635.029174804688
184.1 805.904907226563
185.1 6612.67724609375
186.1 5064.94677734375
187.1 18571.142578125
188.1 3830.650390625
189.1 11805.0234375
190.0 137.252059936523
190.1 1641.1123046875
191.0 503.818359375
191.9 56.7925605773926
192.0 252.720733642578
192.9 72.8041305541992
193.0 1056.94250488281
193.7 21.1611270904541
193.9 163.58659362793
194.1 342.567718505859
195.0 1320.03173828125
195.8 185.012405395508
196.0 381.100738525391
196.0 111.789947509766
196.9 265.896362304688
197.1 784.185363769531
197.9 82.2502670288086
198.1 1117.26721191406
199.0 1622.69714355469
199.1 2039.97705078125
200.1 2081.56323242188
201.1 3960.60278320313
202.1 33245.45703125
203.1 5234.42529296875
203.9 83.7548751831055
204.1 864.469970703125
204.2 183.37516784668
204.8 58.3896751403809
204.9 41.0665283203125
205.0 215.438278198242
205.6 14.0560503005981
206.0 200.06623840332
206.1 203.039733886719
206.2 32.2442512512207
207.0 971.416015625
207.9 105.132820129395
208.1 802.931335449219
208.9 308.323211669922
209.0 146.146545410156
209.1 503.381683349609
209.9 18.9312973022461
210.0 835.972106933594
210.1 745.753967285156
211.0 2332.0126953125
212.0 2166.51489257813
213.1 8153.96630859375
214.1 6227.32666015625
215.1 440031.375
216.1 65536.640625
217.1 6093.912109375
218.1 332.924468994141
218.2 73.88037109375
219.0 1252.08544921875
220.0 619.866149902344
220.9 946.15576171875
221.0 444.945190429688
222.0 430.748352050781
222.1 372.589752197266
222.5 67.3539352416992
222.9 201.093002319336
223.0 751.42529296875
224.0 587.044250488281
224.1 135.174545288086
225.1 630.476989746094
225.9 53.4311790466309
226.0 318.080535888672
226.1 233.934326171875
227.1 862.240295410156
227.2 117.365608215332
228.0 127.517448425293
228.1 682.162719726563
229.0 1295.48132324219
229.1 348.456146240234
230.1 7665.2734375
231.0 169.798156738281
231.1 2028.44006347656
232.1 1618.19860839844
233.0 2829.939453125
234.0 682.6201171875
235.0 606.213562011719
236.0 1019.36810302734
236.1 335.225463867188
237.0 4007.9755859375
238.1 4480.953125
239.0 2995.20239257813
240.0 300.0830078125
240.1 956.5625
241.0 457.948547363281
241.1 1286.24035644531
241.9 42.2029724121094
242.1 780.861083984375
242.2 504.56494140625
243.0 168.337875366211
243.1 2132.52319335938
244.0 204.841842651367
244.2 543.160522460938
245.0 257.500244140625
245.1 69.8696594238281
245.9 63.3386421203613
246.0 79.5241622924805
246.9 70.6200485229492
247.0 34.4316062927246
248.0 72.5726776123047
248.1 78.6773910522461
248.3 21.6048126220703
249.0 102.430267333984
249.1 2001.69348144531
250.0 76.3847351074219
250.1 2213.48071289063
250.9 99.739631652832
251.1 2451.564453125
252.1 3145.82495117188
253.1 1333.11157226563
253.2 277.186248779297
254.0 153.656967163086
254.1 738.183837890625
255.0 251.177856445313
255.2 293.170562744141
255.2 322.595123291016
255.9 177.525268554688
256.1 182.652389526367
256.2 144.949081420898
256.6 35.6520881652832
256.7 33.6864318847656
256.9 63.961368560791
257.0 243.293701171875
257.9 36.319450378418
258.1 48.6810340881348
258.9 115.033294677734
259.9 70.3815765380859
261.0 122.934150695801
261.9 22.6571884155273
262.0 94.2170333862305
263.1 2837.17700195313
264.1 1330.48889160156
265.2 10610.82421875
266.0 175.114151000977
266.2 3700.78881835938
267.1 1706.83166503906
268.0 98.9652938842773
268.1 264.708160400391
268.2 50.469066619873
268.3 23.1045398712158
269.1 917.575012207031
270.1 4837.9833984375
271.1 3034.93286132813
271.2 3225.68725585938
272.1 988.539978027344
272.2 2375.13696289063
273.0 592.092041015625
273.1 750.614929199219
273.6 19.2824554443359
273.9 227.109436035156
274.1 30.275749206543
274.8 227.378540039063
275.0 329.134918212891
275.8 144.043228149414
276.0 2.383056640625
276.1 27.2756595611572
277.0 313.013519287109
277.1 2235.44750976563
278.1 1044.15380859375
278.2 679.504577636719
279.2 4489.73291015625
280.2 69287.3203125
281.2 17201.5859375
282.1 527.256164550781
282.2 2248.42407226563
283.0 150.079330444336
283.1 306.626190185547
283.8 26.0076808929443
284.0 58.3517265319824
284.2 45.7834930419922
284.9 118.811393737793
285.0 620.937805175781
285.8 27.8649005889893
286.0 289.089508056641
286.8 38.5510787963867
287.1 109.423866271973
288.0 17.2548828125
288.2 88.0485916137695
289.0 1101.046875
290.0 317.665405273438
290.1 968.4091796875
291.1 863.008239746094
291.2 105.471862792969
292.0 513.935241699219
292.2 299.340087890625
293.1 2465.85620117188
294.2 151884.953125
295.2 34798.484375
296.2 8186.85888671875
297.0 726.564697265625
297.1 1419.91149902344
298.0 169.58430480957
298.1 254.445205688477
298.6 54.1249809265137
298.8 61.8825225830078
298.9 40.1496276855469
299.0 134.628234863281
299.9 28.2432250976563
300.0 17.4961948394775
300.6 12.7174911499023
301.0 104.323829650879
302.1 18.9721088409424
302.5 13.711709022522
302.6 30.7543125152588
302.9 51.7588195800781
303.1 158.702270507813
303.2 51.1736946105957
304.0 35.8705444335938
304.1 220.554550170898
304.3 20.2696914672852
304.9 20.8335475921631
305.1 494.571533203125
305.2 366.475738525391
306.1 666.426330566406
307.2 1144.11389160156
308.2 50575.17578125
309.2 15016.6630859375
310.2 3105.2841796875
311.0 354.664703369141
311.1 177.733123779297
311.9 15.8684110641479
312.1 33.1999168395996
313.1 13.3147888183594
314.0 37.6046447753906
314.2 33.3761024475098
314.3 41.2001609802246
314.6 43.4026679992676
314.8 12.9890012741089
314.9 52.5315132141113
315.0 60.2108001708984
315.7 14.2766237258911
316.1 33.5734558105469
317.1 36.6082153320313
317.3 14.864143371582
318.0 82.2039566040039
318.2 53.3091163635254
319.1 58.7441864013672
319.2 2149.97143554688
320.2 55505.31640625
321.2 18927.294921875
322.2 11097.5087890625
323.0 93.5025329589844
323.2 3027.4814453125
324.1 614.901306152344
324.2 2904.5517578125
325.0 105.152893066406
325.2 699.024230957031
326.2 20.9099197387695
327.0 85.8734970092773
328.7 43.9656677246094
328.8 28.6084041595459
329.0 33.7463722229004
329.3 69.7236785888672
329.9 19.4571304321289
330.2 16.9106388092041
330.7 31.2994136810303
331.0 125.82054901123
331.1 31.0824298858643
331.8 15.0679512023926
332.2 32.403076171875
332.4 14.8134412765503
332.6 13.5599641799927
332.8 41.347827911377
333.0 60.5651969909668
333.2 108.512725830078
333.4 12.7370681762695
333.9 18.8612155914307
334.0 74.8633499145508
334.2 67.6314544677734
334.3 20.1448612213135
334.9 35.0769653320313
335.1 142.673187255859
335.3 79.2344436645508
336.3 7748.14404296875
337.3 143008.078125
338.3 36251.4921875
339.2 1249.58093261719
339.3 2922.61450195313
340.0 97.3670272827148
340.1 107.965705871582
340.3 183.64323425293
340.4 39.2520790100098
340.9 13.6038093566895
341.0 13.5268144607544
344.8 52.4540863037109
346.0 49.6559867858887
346.2 84.1706008911133
346.9 22.7153949737549
347.0 100.275733947754
347.1 69.9831390380859
347.2 82.8417358398438
347.5 17.7114677429199
348.1 232.682723999023
348.2 529.063903808594
348.9 42.1440124511719
349.0 175.586013793945
349.1 206.488632202148
349.3 167.184173583984
349.6 21.7537097930908
350.1 244.003189086914
350.3 1001.29730224609
351.0 101.489418029785
351.1 149.348709106445
351.3 164.119201660156
351.4 13.6954917907715
352.0 27.4454784393311
352.8 44.8277244567871
352.9 99.4377517700195
353.0 24.9675369262695
354.1 17.9536800384521
354.7 16.3523616790771
355.0 35.3641242980957
358.8 13.958911895752
362.0 104.69815826416
362.2 14.117579460144
363.1 192.987442016602
363.2 224.158462524414
364.3 5013.1640625
365.3 99859.3046875
366.3 26076.033203125
367.2 1213.70178222656
367.3 2072.84057617188
368.2 256.759735107422
368.3 116.307685852051
369.0 32.559757232666
369.2 29.5593509674072
370.9 42.8627586364746
371.0 19.4930381774902
371.1 15.2609224319458
380.8 13.3007659912109
381.3 65.2862243652344
387.0 18.1071834564209
387.1 12.8473768234253
396.3 17.6019115447998
396.5 13.8370885848999
399.2 15.4731941223145
399.5 38.3422317504883
399.7 14.8020353317261
400.5 12.9850149154663
401.0 34.3422508239746
401.2 43.3353462219238
414.3 100.715667724609
414.5 34.9532508850098
415.4 45.5553321838379
425.0 16.8867149353027
483.1 16.9916706085205
