#"+EI Scan (rt: 4.584-4.683 min, 18 scans) R8M5.D  Subtract "
#Point,X(Thompsons),Y(Counts)
40.1 9.64848327636719
41.0 130.055252075195
41.1 105.476379394531
42.0 255.88459777832
42.1 145.930648803711
43.0 195.498748779297
44.0 907.266845703125
45.0 207.544143676758
45.9 13.046142578125
46.0 13.628529548645
46.8 52.320915222168
46.9 180.417022705078
48.8 41.4539947509766
49.0 22.0646133422852
49.9 144.233489990234
51.0 286.633972167969
51.9 28.8642616271973
52.0 44.9167900085449
52.9 253.868865966797
53.2 25.9814300537109
54.0 155.578704833984
54.2 10.6764650344849
54.7 22.0763206481934
55.0 274.902374267578
55.1 163.060974121094
55.8 11.1228561401367
55.9 150.304733276367
56.0 214.657592773438
57.1 477.763244628906
57.9 31.5682754516602
58.2 34.9040985107422
58.3 29.0950584411621
59.0 494.025390625
59.9 1.97234344482422
60.0 35.7218933105469
60.1 94.588134765625
61.0 82.4835205078125
61.2 9.28766536712646
61.4 10.7362117767334
61.8 102.171295166016
61.9 147.733383178711
62.1 20.735107421875
62.9 224.488906860352
63.0 130.457672119141
63.9 23.3796405792236
64.0 88.0384292602539
64.9 82.0126647949219
65.1 129.008193969727
65.9 35.7262535095215
66.0 31.2817993164063
66.8 52.1613845825195
67.1 116.768173217773
68.0 79.8609924316406
68.1 30.6652565002441
68.9 361.102844238281
69.2 31.5757579803467
70.0 142.304672241211
70.1 68.8164367675781
71.0 215.007690429688
71.1 169.992111206055
71.9 21.9827728271484
71.9 117.887870788574
72.1 362.338684082031
73.0 233.93505859375
73.8 18.8334407806396
74.0 329.357543945313
75.0 863.244262695313
75.9 91.1517562866211
76.0 508.726348876953
77.0 893.8662109375
78.0 83.25439453125
78.8 32.0606842041016
79.1 61.8304901123047
79.8 9.4853401184082
79.9 70.8636169433594
81.0 416.35791015625
81.8 10.0833053588867
82.0 134.608627319336
82.2 62.1807174682617
82.9 57.7837066650391
83.0 693.648681640625
83.1 380.353698730469
83.7 13.3891019821167
83.9 29.7817306518555
84.1 88.847541809082
84.5 10.5441303253174
85.0 290.244476318359
85.1 75.8683166503906
85.8 10.2579917907715
85.9 18.4970932006836
86.0 53.4109954833984
86.7 16.2102146148682
86.9 60.8180541992188
87.0 179.308700561523
87.2 18.7335891723633
88.0 923.870788574219
88.1 46.2405586242676
89.1 519.841674804688
89.9 56.4618988037109
90.0 398.805511474609
90.1 95.3041076660156
90.9 41.1223907470703
91.0 339.052856445313
91.9 29.0027236938477
92.0 62.7669143676758
92.2 20.5661354064941
92.8 52.0097923278809
93.0 114.100814819336
94.0 65.8932571411133
94.2 11.3530025482178
94.9 122.365081787109
95.1 51.5308570861816
95.9 41.4773101806641
96.0 68.4956817626953
96.2 49.08984375
97.0 145.729248046875
97.1 122.121620178223
97.8 11.2115793228149
98.2 12.6206979751587
98.8 26.8013591766357
99.0 61.7144165039063
99.8 22.9121475219727
100.0 12.6676988601685
100.7 40.7241401672363
100.8 40.7867813110352
101.1 42.0434417724609
101.9 78.6035842895508
102.0 354.753021240234
102.1 36.6148376464844
102.9 125.988250732422
103.0 439.272796630859
103.9 69.4115905761719
104.0 171.313507080078
104.8 97.0675811767578
105.0 66.5933456420898
105.1 63.9792289733887
105.9 23.7683486938477
106.0 27.4927577972412
107.0 253.579345703125
107.0 222.505279541016
107.7 23.5544605255127
107.8 47.3210525512695
108.0 22.8565273284912
108.1 364.391479492188
108.2 14.5930786132813
109.0 19210.90625
109.9 202.138977050781
110.0 1381.84423828125
110.9 194.829895019531
111.1 45.1809883117676
111.2 19.313102722168
112.0 14.3024225234985
112.9 124.172393798828
113.0 163.097595214844
113.1 31.649715423584
113.7 11.1445407867432
113.9 41.3032302856445
114.0 42.1274261474609
114.2 8.61043167114258
115.0 296.145843505859
115.1 85.6760864257813
115.9 47.4777488708496
116.0 141.806747436523
116.1 16.0559177398682
117.0 191.018981933594
117.8 21.5959568023682
117.9 224.452285766602
118.2 8.69150161743164
118.6 9.72973251342773
119.0 148.214645385742
119.7 22.3550453186035
119.9 11.4758205413818
120.1 19.5263156890869
120.8 83.9971160888672
121.9 54.5633697509766
122.0 36.9062576293945
122.8 201.879745483398
123.0 87.5591659545898
123.8 9.49656677246094
124.1 8.90459537506104
124.8 46.861442565918
124.9 226.782852172852
125.8 50.3506507873535
125.9 119.982528686523
126.1 74.8031387329102
126.7 52.5016403198242
126.8 19.3358974456787
127.1 208.843368530273
127.2 42.7241401672363
127.7 39.7072067260742
127.8 39.0454711914063
128.0 26.8276977539063
128.1 88.3815460205078
128.9 129.357604980469
129.0 271.051849365234
129.8 41.0936470031738
130.0 197.143325805664
130.2 28.2373161315918
130.7 26.008768081665
130.9 138.76025390625
131.0 430.200317382813
131.9 53.7487525939941
132.0 158.793518066406
132.1 42.5605010986328
132.9 95.0870819091797
133.0 196.601165771484
133.9 14.0452651977539
134.0 85.9724655151367
134.2 35.209228515625
134.8 45.6251068115234
135.1 31.6561546325684
135.6 19.0976314544678
135.9 230.757919311523
137.0 958.986328125
137.8 75.8758850097656
138.0 203.706665039063
139.1 179.602493286133
139.9 101.360321044922
140.0 71.3418273925781
140.3 16.4212417602539
141.0 848.323791503906
142.0 93.9399566650391
142.8 54.0876884460449
142.9 109.945350646973
143.8 107.454704284668
144.0 225.54914855957
145.0 1651.29699707031
145.9 24.3837890625
146.0 207.893905639648
146.2 67.8543167114258
146.5 27.4623680114746
146.7 94.8693618774414
146.8 46.6504211425781
147.2 23.7520217895508
148.7 13.1077661514282
148.9 92.6802673339844
149.0 54.8625831604004
149.2 8.81237983703613
150.0 37.787239074707
150.1 33.3109588623047
150.8 76.0918121337891
151.1 160.963928222656
151.6 8.38167953491211
151.7 39.1267433166504
151.9 89.4742279052734
152.1 42.1559371948242
152.8 52.0132713317871
153.0 278.653778076172
153.2 43.524845123291
153.7 26.3164024353027
154.1 50.5488357543945
154.2 23.8112869262695
155.0 917.172424316406
155.9 153.703048706055
156.0 2.65753173828125
157.0 695.707275390625
158.0 209.841552734375
158.1 34.0409545898438
159.0 306.21875
160.0 180.227264404297
160.8 96.0357131958008
160.9 275.369506835938
162.0 34.8167686462402
162.8 209.569519042969
163.0 153.72575378418
163.9 57.0190887451172
164.0 76.4414672851563
164.9 89.9909744262695
165.0 58.4061126708984
165.9 32.6349029541016
166.0 27.7657241821289
166.8 34.581428527832
167.0 58.4284362792969
167.8 36.658634185791
168.0 54.3754653930664
168.1 38.9771919250488
168.8 21.3476047515869
168.9 278.104125976563
169.1 60.701530456543
169.9 81.8861236572266
169.9 27.0889911651611
170.0 72.6527099609375
170.6 8.8037691116333
170.9 308.831176757813
171.1 281.434936523438
171.7 8.72336196899414
172.0 120.150909423828
172.8 48.468864440918
173.1 20.3010215759277
173.9 15.0251874923706
174.9 44.4523811340332
175.8 13.4752168655396
175.9 65.4814147949219
177.1 85.961296081543
177.8 8.9897632598877
177.9 13.7641401290894
178.0 71.8682861328125
178.9 62.9967727661133
179.7 8.74641132354736
179.9 20.8219814300537
180.0 11.0574226379395
180.2 23.7241592407227
180.8 87.3921203613281
181.0 227.7919921875
181.1 27.9414901733398
181.8 51.6594619750977
182.0 43.8355255126953
182.0 49.0140724182129
182.6 12.8673219680786
182.8 21.8582534790039
183.0 71.2157897949219
183.9 27.3282947540283
184.0 30.9902610778809
185.0 113.982025146484
185.7 16.4036560058594
185.9 43.4748191833496
186.0 94.2711486816406
186.1 12.503399848938
187.0 253.903182983398
187.1 72.3340759277344
187.9 11.5907020568848
188.0 9.00373649597168
188.9 75.4168472290039
189.0 6.105712890625
190.8 203.432678222656
191.1 26.6080093383789
191.8 35.1762962341309
192.0 45.2942161560059
192.1 8.74231433868408
192.3 12.3061027526855
193.0 35.9734191894531
193.7 16.0545539855957
194.0 28.4387130737305
194.1 70.035041809082
195.0 267.510925292969
195.9 207.218856811523
196.0 23.6251068115234
196.2 19.4921188354492
196.9 127.907287597656
197.7 20.0707778930664
197.9 11.26416015625
198.0 28.7919006347656
198.1 18.0352878570557
198.8 55.1813850402832
199.0 442.420623779297
199.7 17.3937091827393
199.8 22.8987331390381
199.9 97.233024597168
200.1 28.0185642242432
200.6 21.3257751464844
200.9 414.321624755859
201.0 174.908935546875
201.8 46.5535545349121
202.0 72.1068954467773
202.1 13.9369430541992
202.7 32.2758979797363
202.8 104.436454772949
203.1 34.5665740966797
203.8 9.35792827606201
204.2 18.3581085205078
204.7 32.5523872375488
204.8 46.0318336486816
205.7 12.1147661209106
206.0 9.47619819641113
206.9 186.74430847168
207.9 28.1952152252197
208.0 88.4803314208984
209.0 39.9168930053711
209.1 146.828720092773
209.2 19.6694164276123
209.5 10.3873596191406
210.0 20.2920761108398
211.0 304.106689453125
212.0 464.771148681641
212.1 309.808319091797
212.8 101.368209838867
213.0 163.178466796875
213.7 10.7861270904541
213.8 15.8645782470703
213.9 131.75325012207
214.1 247.390274047852
215.0 1177.1455078125
216.0 180.177612304688
216.9 137.883331298828
217.0 380.179138183594
217.7 9.57730484008789
217.9 101.753326416016
218.1 15.8734455108643
218.9 199.9775390625
219.9 210.993240356445
220.0 143.382369995117
220.7 12.1648225784302
221.0 248.576736450195
221.1 10.0073509216309
222.0 34.2055473327637
223.0 352.851440429688
223.9 117.400299072266
224.0 182.045806884766
224.9 98.8097381591797
225.0 342.466430664063
225.2 46.7228546142578
225.8 11.3092155456543
225.9 50.6602973937988
226.1 41.7239685058594
226.7 14.0951261520386
227.0 256.563018798828
227.9 22.0269012451172
228.9 297.715698242188
229.2 23.1202621459961
229.8 9.70816040039063
229.9 62.7260818481445
230.2 9.19526958465576
230.7 18.0958423614502
233.0 737.99560546875
234.1 142.167449951172
234.9 120.50724029541
234.9 406.916229248047
235.7 31.7279052734375
235.9 80.5405578613281
237.0 420.40869140625
238.0 1006.46319580078
238.7 21.9004402160645
238.9 253.722137451172
239.8 44.8633728027344
239.9 32.9066314697266
240.1 37.1292762756348
240.8 162.264007568359
241.0 305.198608398438
241.2 30.534538269043
241.6 10.621563911438
241.8 27.6040573120117
241.9 82.8054580688477
242.8 20.8204307556152
243.0 64.0847702026367
243.1 98.0898818969727
243.7 8.51602649688721
243.9 9.66213893890381
244.9 75.4767456054688
248.9 24.0656642913818
249.1 10.8396492004395
250.8 17.1575164794922
250.9 98.3015518188477
251.1 145.200836181641
251.9 85.5882339477539
252.0 153.31689453125
252.3 24.1088428497314
253.1 12451.12890625
254.1 1898.87280273438
254.2 24.8272247314453
254.8 22.813383102417
254.9 153.33903503418
255.0 194.674102783203
255.1 130.27490234375
255.8 12.0692453384399
255.9 129.853744506836
256.1 24.6882095336914
256.2 26.7139492034912
256.8 71.3972778320313
256.9 167.249816894531
257.1 71.8219757080078
257.7 19.0429782867432
257.9 26.7217845916748
260.9 55.4442939758301
261.1 8.8267297744751
262.9 9.17926692962646
264.9 12.0792922973633
265.0 32.7870674133301
266.6 9.9875373840332
266.8 8.64332962036133
267.1 16.9997310638428
268.0 88.1298522949219
268.1 34.6116752624512
268.7 28.3149356842041
269.0 349.004455566406
269.7 15.6481370925903
269.9 56.255973815918
270.0 18.7345314025879
270.1 58.9566459655762
270.7 18.2217864990234
271.1 342.954010009766
271.9 41.5163116455078
272.6 9.21274089813232
272.8 21.779167175293
273.0 114.810150146484
273.9 32.8633155822754
274.8 192.5869140625
275.1 18.5382270812988
275.7 38.3303146362305
276.0 26.5991249084473
276.7 77.9264602661133
276.9 133.411071777344
277.1 10.5787010192871
277.8 11.1205940246582
277.9 9.54049015045166
278.7 20.24827003479
278.9 90.1348037719727
279.1 26.2138290405273
280.1 11.0570011138916
280.8 40.0236625671387
280.9 96.4936294555664
281.0 60.1143608093262
282.1 8.5415506362915
283.1 59.9234085083008
283.2 10.7774343490601
284.9 89.9331436157227
285.0 176.83447265625
286.0 108.362274169922
286.9 137.998092651367
287.1 61.4093704223633
288.9 352.464050292969
289.1 73.3545761108398
289.9 122.838050842285
290.0 166.480041503906
290.7 16.739616394043
290.8 102.167266845703
291.1 38.4708099365234
292.0 50.8179702758789
292.9 300.68359375
293.7 9.08749294281006
293.9 247.581405639648
294.2 43.9794769287109
294.5 14.087329864502
294.7 8.9839334487915
294.8 97.449592590332
295.1 30.5257434844971
295.9 49.2421035766602
296.0 65.7232971191406
296.7 45.236888885498
297.0 97.3602905273438
297.9 47.5624351501465
298.0 38.4917144775391
298.9 39.1624870300293
299.0 13.7466478347778
299.1 21.7681293487549
301.9 8.73267364501953
303.0 20.6817054748535
305.1 29.3124294281006
306.8 50.0186614990234
306.9 35.433952331543
307.1 18.8062801361084
307.2 37.1214332580566
308.1 25.0535049438477
309.0 40.0302391052246
311.1 22.2983169555664
311.8 18.2900428771973
314.8 20.276237487793
318.7 21.6319198608398
319.1 10.3647880554199
320.0 11.6695642471313
320.8 20.5533237457275
321.0 212.366195678711
321.1 233.86572265625
321.9 46.1361503601074
322.0 125.70174407959
322.2 41.0825347900391
322.9 97.5658111572266
323.1 70.6410522460938
324.0 77.0705871582031
324.1 6304.12109375
324.8 16.5276584625244
325.0 132.908447265625
325.1 1167.57006835938
325.2 88.1083679199219
326.1 122.849105834961
326.2 58.1449127197266
326.8 9.64042282104492
326.9 12.4496574401855
331.0 27.3965320587158
333.0 9.04052352905273
334.8 8.94410228729248
334.9 9.57172870635986
339.1 9.83134174346924
344.0 10.6625938415527
344.4 11.9428834915161
345.1 45.5230102539063
346.8 10.0140419006348
348.6 9.45901966094971
349.9 48.9029502868652
350.1 34.7049560546875
350.9 10.3510990142822
351.0 63.9304351806641
351.2 45.2282257080078
352.8 12.9931612014771
359.0 33.5338745117188
359.3 34.6230735778809
359.8 8.56418895721436
366.9 14.1491594314575
