#"+EI Scan (rt: 4.596-4.713 min, 21 scans) R2M5.D  Subtract "
#Point,X(Thompsons),Y(Counts)
40.1 94.2847595214844
41.0 472.763732910156
42.0 430.949859619141
42.2 35.4941139221191
42.8 5.51114273071289
42.9 79.5705795288086
43.0 128.716461181641
44.0 686.099548339844
45.0 147.313995361328
45.8 18.9873390197754
46.0 16.6661033630371
47.0 46.0579681396484
48.7 7.7784948348999
48.9 20.9237823486328
49.0 34.8907699584961
49.8 30.1837596893311
50.0 100.140296936035
50.1 33.3507232666016
50.9 7.78276252746582
51.0 218.342178344727
51.8 9.57999420166016
52.0 39.8332366943359
52.1 41.2990417480469
53.0 161.898574829102
54.0 103.434356689453
54.1 22.3746223449707
55.0 437.089172363281
56.0 286.412628173828
56.9 25.8441162109375
57.0 364.517913818359
58.1 37.8242797851563
59.0 1356.4189453125
59.9 51.2415199279785
60.1 17.1336898803711
61.0 98.6468734741211
61.1 23.8544845581055
61.9 124.767517089844
62.0 161.42887878418
63.0 439.191436767578
63.1 18.7631378173828
63.8 32.6460571289063
63.9 7.91848182678223
64.0 140.956451416016
64.1 38.607063293457
64.8 46.6719093322754
65.0 46.7368316650391
65.2 45.3312454223633
66.0 43.4747314453125
66.2 8.16579341888428
67.0 136.609558105469
67.2 13.9929780960083
67.8 8.73898887634277
67.9 11.8393993377686
68.1 9.27809047698975
68.2 20.2480392456055
68.9 43.921012878418
69.0 113.266723632813
69.2 11.4617948532104
69.7 6.16164875030518
69.9 107.252685546875
70.0 144.790084838867
70.1 82.0632171630859
70.3 8.27635192871094
70.9 32.6204528808594
71.0 230.206390380859
71.1 219.097885131836
72.0 297.377136230469
72.1 491.8984375
72.2 6.02020931243896
73.0 772.457092285156
73.8 36.7817497253418
73.9 17.8106536865234
74.0 89.5694427490234
75.0 559.575012207031
75.8 34.8973159790039
75.9 42.3924789428711
76.0 42.1864776611328
76.1 169.095642089844
77.0 1640.0146484375
78.0 950.31494140625
79.0 441.554016113281
80.0 8.78886413574219
80.2 31.2897624969482
81.0 388.129638671875
81.9 65.1518859863281
82.0 7.32330322265625
82.2 13.2822732925415
82.3 13.6022300720215
83.0 1778.6142578125
83.1 1.11274528503418
83.9 9.42961311340332
84.0 83.0313415527344
84.2 58.988151550293
85.0 68.3567199707031
85.1 72.7147369384766
85.8 16.2190589904785
86.1 107.431030273438
86.8 76.2443771362305
87.0 112.078231811523
87.1 35.4450569152832
87.9 248.42546081543
88.0 780.186584472656
89.0 621.328002929688
89.2 3.94183158874512
90.0 676.071350097656
90.9 85.1988372802734
91.0 245.1533203125
91.9 63.5833282470703
92.1 38.9920310974121
92.3 20.5650577545166
92.8 0.097259521484375
93.0 2.90536499023438
93.1 69.5013427734375
93.8 4.03952789306641
93.9 51.7355613708496
94.1 18.9044132232666
94.9 31.5594062805176
95.0 92.185302734375
95.1 26.4345436096191
96.0 167.466064453125
96.2 28.6397857666016
96.6 11.5975732803345
96.9 74.4060974121094
97.0 40.8416442871094
97.1 32.2746353149414
97.9 112.049949645996
98.1 57.7771759033203
98.9 52.8513679504395
99.1 48.1200942993164
100.0 41.0668258666992
100.2 9.15167427062988
100.4 7.51372718811035
100.7 19.7055149078369
100.8 8.20190620422363
100.9 40.8944931030273
101.2 34.5903434753418
101.8 25.0604629516602
101.9 399.402801513672
102.0 225.426635742188
102.2 18.6642532348633
102.7 0.132437705993652
102.9 95.4359436035156
103.0 208.626281738281
103.1 48.3527755737305
104.0 266.696594238281
104.1 38.459041595459
104.8 24.0953788757324
104.9 9.67539215087891
105.0 22.403564453125
105.2 9.78577995300293
105.8 8.02949905395508
105.9 14.7551984786987
106.0 31.1815910339355
106.2 28.299165725708
107.0 575.207763671875
108.0 118.03295135498
108.2 399.946411132813
109.0 21872.5546875
110.0 1911.54968261719
110.9 112.812744140625
111.0 12.1624183654785
111.2 40.4795455932617
112.0 4.47617721557617
112.8 100.771629333496
113.0 74.9564971923828
113.9 68.0218353271484
114.0 37.7305526733398
114.9 62.4918823242188
115.0 189.353607177734
115.2 21.3669757843018
115.7 9.72440814971924
115.8 55.746524810791
116.0 75.1698608398438
116.2 31.7702960968018
116.9 699.340881347656
117.9 26.398380279541
118.0 97.5905303955078
118.3 8.04134654998779
118.8 49.2753067016602
119.0 63.5428237915039
119.8 6.06026935577393
119.9 52.3181381225586
120.1 4.78138256072998
120.7 16.1457405090332
121.0 73.6565933227539
121.1 33.7477264404297
121.9 110.794540405273
122.0 58.5836944580078
122.7 22.9937553405762
123.1 102.131042480469
124.1 21.231575012207
124.7 1.2985315322876
124.8 24.9619903564453
125.0 60.00439453125
125.2 12.3011341094971
125.8 17.0857906341553
126.0 57.523609161377
126.1 62.7301788330078
126.9 232.565475463867
127.0 88.4549713134766
127.7 41.7160491943359
127.9 51.5260467529297
128.1 256.832672119141
128.9 185.129409790039
129.0 123.690322875977
129.1 94.151611328125
130.0 165.838012695313
130.1 38.6707878112793
131.0 516.265686035156
131.8 66.5592346191406
132.0 229.036514282227
132.9 386.262664794922
133.7 12.7155275344849
133.8 58.0231590270996
134.0 20.9835243225098
134.2 6.10183334350586
135.0 14.3463134765625
135.1 198.220367431641
135.8 57.495849609375
135.9 216.733322143555
137.0 3055.423828125
138.0 313.60205078125
138.8 55.3070411682129
139.0 142.115356445313
139.7 11.2860069274902
140.0 102.867858886719
140.9 480.749694824219
141.1 19.5805854797363
141.8 9.32297515869141
141.9 37.7381210327148
142.0 87.3521118164063
142.6 10.1576490402222
142.9 1.97916412353516
143.0 198.377777099609
143.7 23.8184375762939
143.8 5.81722784042358
144.0 156.474212646484
144.1 120.176795959473
144.7 20.4296035766602
145.0 1799.55163574219
145.1 27.7617855072021
145.9 126.880844116211
146.1 205.295684814453
146.5 19.8959312438965
146.7 6.86234569549561
147.1 67.4697494506836
147.2 9.7508716583252
147.7 10.860951423645
147.9 19.1355438232422
148.1 22.3180751800537
148.8 21.686336517334
148.9 41.2061157226563
149.9 32.5664749145508
150.0 22.0492153167725
151.0 185.441558837891
151.1 160.43505859375
151.7 8.37305164337158
151.8 70.0573272705078
152.0 43.1060333251953
152.1 0.941816329956055
153.0 233.920913696289
153.1 16.1704063415527
153.8 16.9591979980469
153.9 57.4241752624512
154.1 129.10888671875
155.0 546.879638671875
155.9 165.529403686523
156.1 111.985908508301
157.0 623.266479492188
158.0 109.390380859375
158.1 96.02197265625
158.3 28.4812068939209
159.0 1124.4990234375
160.0 208.859039306641
160.7 53.4178161621094
160.8 61.5587615966797
161.0 15.6548767089844
161.2 15.0101823806763
161.8 4.07981109619141
161.9 28.8077411651611
162.0 33.0658302307129
162.9 117.965637207031
163.7 18.4146213531494
164.1 83.2902297973633
164.7 21.6393489837646
164.9 74.8308486938477
165.0 73.5023880004883
165.8 9.06156730651855
165.9 18.7614650726318
166.0 19.5889854431152
166.2 7.60135126113892
166.8 39.9317169189453
166.9 64.0481567382813
167.0 44.254753112793
167.6 2.81600379943848
167.7 25.5840339660645
167.9 51.8934783935547
169.0 211.069107055664
169.2 10.4131755828857
169.9 119.370056152344
170.0 108.965972900391
170.1 18.7092552185059
170.7 13.5132656097412
170.9 28.5473175048828
171.0 85.1028900146484
171.9 34.5542259216309
172.0 51.754020690918
172.1 36.6136703491211
172.3 8.9355297088623
172.9 66.3064270019531
173.1 11.4284839630127
173.9 12.9067659378052
174.0 28.5656967163086
174.7 8.43196201324463
174.8 25.8647346496582
174.9 26.9392395019531
175.1 6.02850151062012
175.9 67.4666213989258
176.1 24.8411083221436
176.9 27.2708587646484
177.0 156.00390625
177.9 25.9022541046143
178.0 26.4829654693604
178.2 11.0258302688599
178.6 4.50827312469482
179.0 44.2494621276855
179.8 30.703971862793
180.0 34.2173233032227
180.9 36.0349731445313
181.0 91.4198150634766
181.1 7.62026596069336
181.7 3.84987640380859
182.8 33.2400703430176
182.9 17.2422256469727
183.1 21.2441062927246
183.8 7.89806747436523
184.1 32.3109397888184
185.6 8.14726734161377
185.7 5.46142768859863
185.9 49.4097099304199
186.0 70.5567321777344
186.8 118.114608764648
187.1 69.1447372436523
187.9 29.8400592803955
188.0 69.2560958862305
189.0 75.6160202026367
190.0 22.378044128418
191.0 305.149017333984
191.8 59.8141479492188
192.2 7.18525171279907
193.0 28.2183227539063
193.1 18.7501392364502
193.7 22.8489093780518
193.9 74.1498870849609
194.0 12.4316329956055
194.8 51.2746162414551
195.0 111.372467041016
195.9 153.427429199219
196.1 124.23706817627
197.0 532.216857910156
197.8 22.8120651245117
197.9 43.5744705200195
198.1 88.6023101806641
198.2 11.4925861358643
198.7 26.2995662689209
199.0 191.683410644531
199.0 140.612350463867
199.7 8.40303230285645
200.0 117.86336517334
200.1 71.5146713256836
200.9 361.918792724609
201.6 14.8727188110352
201.7 23.94899559021
201.9 3.57830047607422
202.1 6.57239151000977
202.3 8.43403816223145
202.7 6.44600296020508
203.0 83.8619155883789
203.8 12.6373252868652
204.0 29.3150081634521
204.2 13.6515502929688
204.6 22.4503803253174
204.9 26.1826095581055
205.0 44.8381042480469
206.0 9.50993156433105
207.0 310.424987792969
207.9 72.6675262451172
208.7 32.4631118774414
209.0 112.793754577637
209.7 8.1718864440918
209.8 35.1521339416504
211.0 560.480773925781
212.1 96.1838989257813
212.8 77.414924621582
212.9 211.868804931641
214.0 97.6398696899414
214.1 231.174652099609
215.0 1633.7177734375
216.0 347.71337890625
216.9 185.020416259766
217.7 29.4074039459229
217.8 21.1547012329102
217.9 74.7485504150391
218.2 26.3268985748291
218.9 1373.95263671875
219.8 237.352111816406
220.7 120.662750244141
221.0 322.676116943359
221.7 18.1868629455566
221.9 32.7699317932129
222.8 211.195343017578
222.9 126.377952575684
223.7 21.7384948730469
224.0 148.29377746582
224.1 119.638816833496
224.6 14.8509197235107
224.9 62.6953201293945
225.0 285.216430664063
225.7 11.1133441925049
226.0 97.3276672363281
226.1 38.4867973327637
226.4 11.2013998031616
226.9 244.569793701172
228.0 33.5559768676758
229.0 349.506042480469
229.2 22.8991794586182
229.9 24.0338573455811
230.0 93.9882354736328
230.8 15.3719291687012
231.0 9.31884765625
231.1 55.8037719726563
233.0 724.7763671875
234.0 591.313232421875
234.9 10.4970245361328
235.0 155.666870117188
235.6 9.54676246643066
235.8 16.190860748291
235.9 12.0021543502808
236.1 26.534351348877
237.0 1109.93701171875
237.8 313.026428222656
237.9 117.673278808594
238.7 10.6459798812866
239.0 33.705810546875
239.0 175.661254882813
240.0 69.0297698974609
240.3 8.02078723907471
241.0 384.858337402344
241.1 130.344635009766
241.7 1.95959377288818
241.8 44.7228202819824
241.9 111.814735412598
242.8 21.8115062713623
242.8 40.0885620117188
243.0 67.3052368164063
243.2 25.3250331878662
244.1 15.3550186157227
244.7 11.7899703979492
244.8 19.0691261291504
245.0 9.2089900970459
246.0 8.09648513793945
246.8 20.2193832397461
248.9 32.4508857727051
249.0 35.599967956543
249.1 14.6077184677124
249.8 7.62187051773071
250.0 19.900089263916
250.8 16.044994354248
250.9 56.0969200134277
251.1 166.620758056641
251.2 14.5554809570313
252.0 190.488174438477
252.1 191.474731445313
252.2 20.359769821167
253.1 14114.71875
253.9 205.112533569336
254.1 2177.79077148438
254.8 74.6091995239258
255.0 289.425079345703
255.1 170.154266357422
255.8 6.77178192138672
256.0 135.352584838867
256.1 171.415374755859
256.2 33.5224075317383
256.9 165.649780273438
257.0 79.3049621582031
257.8 11.7411975860596
258.0 37.3102684020996
258.6 9.75491428375244
258.8 21.7762641906738
258.9 37.8223190307617
259.9 1.86425447463989
260.5 8.21919727325439
260.6 8.39505481719971
262.9 20.3513622283936
264.9 4.79145956039429
266.0 21.5669612884521
266.8 0.929546356201172
267.7 7.19130754470825
267.9 13.1134586334229
268.0 54.4307098388672
268.1 62.6467170715332
268.9 4.06312561035156
269.0 111.999610900879
269.1 441.397247314453
269.9 78.1745452880859
270.0 73.0325088500977
270.2 43.2394599914551
270.8 6.83403778076172
271.0 275.411346435547
271.7 3.03642177581787
271.8 76.3751449584961
272.0 63.3854064941406
272.9 148.899017333984
273.0 73.4181289672852
273.8 5.15792274475098
273.9 19.2184867858887
274.9 156.626876831055
275.0 26.1971950531006
275.7 2.36731004714966
275.8 39.9910125732422
276.1 26.182430267334
276.8 80.369140625
277.0 56.332649230957
277.2 7.76996421813965
277.9 27.194164276123
278.5 8.06826210021973
278.7 50.8402442932129
278.8 64.13232421875
279.1 12.3302736282349
280.0 27.8962478637695
280.1 5.0552282333374
280.8 48.0139770507813
280.8 18.1436195373535
281.0 49.9933013916016
281.2 22.4446563720703
282.1 3.15475082397461
282.8 12.958963394165
283.0 65.0384674072266
283.1 9.84362983703613
284.1 8.348708152771
284.9 249.591033935547
285.0 46.87841796875
285.9 74.4103393554688
286.8 13.0766944885254
287.0 43.6524658203125
287.2 9.94073295593262
287.9 17.4822292327881
288.9 281.002044677734
289.8 30.4888305664063
290.0 73.94091796875
290.6 20.6931209564209
290.8 45.1189346313477
291.0 24.1057891845703
291.1 29.5249195098877
291.8 4.97583484649658
291.9 40.7484970092773
292.1 19.2063465118408
293.0 892.484985351563
293.8 152.797912597656
294.0 39.9333190917969
294.9 1.65203857421875
295.0 115.645523071289
295.1 89.3221817016602
295.8 3.36849117279053
296.0 22.9693222045898
296.1 6.75041770935059
296.6 15.291561126709
296.7 15.4878597259521
296.8 73.4487609863281
296.9 35.9147644042969
297.1 0.955217361450195
297.8 14.2577934265137
297.9 24.1531181335449
298.8 14.9780197143555
299.0 81.2385101318359
300.8 2.81560707092285
301.0 19.1547698974609
301.9 7.46098232269287
302.7 0.357653617858887
302.9 8.99849700927734
303.0 1.67913246154785
303.1 28.3444309234619
304.9 4.46944808959961
305.1 16.2690696716309
307.0 40.4287796020508
307.1 82.0438919067383
307.2 6.95805978775024
307.9 1.85494184494019
308.0 4.88195419311523
308.1 5.90637302398682
308.9 14.0920181274414
309.8 7.31620407104492
310.9 24.326171875
311.1 82.4389190673828
311.8 8.84562683105469
311.9 24.4932613372803
315.0 34.8284111022949
318.9 8.58047676086426
320.9 38.827033996582
321.0 258.487945556641
321.1 99.2501983642578
321.3 7.93226718902588
322.0 140.245574951172
322.1 41.2393341064453
322.3 19.5694065093994
323.0 47.0795555114746
323.1 53.9538917541504
323.3 20.1675930023193
324.1 6927.40087890625
324.9 28.7986164093018
325.0 82.7691116333008
325.1 1543.53063964844
325.3 9.3284330368042
325.9 55.8705024719238
326.1 60.7105941772461
326.2 62.1099624633789
326.3 16.898078918457
326.9 10.8152236938477
327.1 7.18410730361938
328.8 2.3198413848877
330.7 10.0738906860352
330.9 18.2088375091553
331.0 29.3472290039063
331.4 8.8607006072998
332.0 15.6050853729248
332.1 7.38555192947388
332.3 7.75455284118652
332.5 6.52782297134399
332.8 7.62861728668213
334.9 22.2652320861816
340.2 7.27874231338501
343.0 18.4595680236816
343.2 9.93025684356689
344.0 30.4225959777832
344.2 9.77482414245605
344.9 5.42015504837036
345.0 39.5963172912598
345.1 17.1474571228027
345.3 9.69277191162109
346.0 51.9466094970703
346.2 19.0014190673828
348.8 32.3269462585449
349.0 34.4388999938965
349.8 3.15395975112915
349.9 53.7261161804199
350.1 37.4453086853027
350.9 44.7810859680176
351.1 109.427917480469
351.2 38.8263511657715
352.1 11.9590673446655
352.7 23.1197776794434
352.8 30.254373550415
353.0 14.83154296875
354.6 7.31429815292358
355.1 6.66072368621826
356.0 7.18143844604492
357.1 13.1317691802979
358.7 7.85874700546265
359.0 104.782775878906
359.1 19.9848976135254
359.3 13.7969379425049
360.0 26.3307952880859
360.1 19.2521705627441
360.3 7.18932819366455
362.9 14.2823839187622
365.0 12.1400680541992
366.8 29.9222412109375
367.2 11.7278518676758
368.0 8.09977149963379
371.0 17.6034755706787
401.1 19.2899932861328
