#"+EI Scan (rt: 6.199-6.286 min, 16 scans) R6M5.D  Subtract "
#Point,X(Thompsons),Y(Counts)
40.1 729.782287597656
41.1 24117.970703125
42.0 1124.82312011719
43.0 264.407104492188
43.1 274.305633544922
44.0 307.966918945313
45.1 101.128280639648
46.0 1.21804141998291
47.0 277.131042480469
48.0 10.4315099716187
49.1 28.8304119110107
49.9 76.8929901123047
50.0 488.392120361328
51.0 1280.12194824219
51.8 14.448263168335
52.0 499.621734619141
52.2 8.48194122314453
53.1 1986.70678710938
53.9 107.145690917969
54.0 473.025512695313
55.0 498.598266601563
55.1 701.266723632813
56.0 54.9709014892578
56.1 16.442850112915
56.8 33.9585380554199
57.1 171.208206176758
58.2 88.3931427001953
59.0 1643.509765625
60.1 101.190551757813
60.2 17.7996692657471
61.0 127.432113647461
61.1 42.5415000915527
61.9 216.716766357422
62.0 517.929565429688
63.0 2492.51391601563
64.0 336.116394042969
64.1 214.772872924805
65.0 632.032775878906
65.0 939.126586914063
65.9 73.3689804077148
66.1 158.689804077148
67.0 1262.5205078125
67.1 548.686218261719
67.9 85.1131973266602
68.1 278.275054931641
69.1 4038.99780273438
69.9 45.9719734191895
70.0 65.3872833251953
70.1 201.255752563477
70.3 10.3289270401001
70.9 11.1310348510742
71.0 36.8875427246094
71.1 30.4588203430176
71.7 11.6724758148193
72.1 12.6101322174072
72.2 30.452054977417
73.0 1045.423828125
74.0 859.622802734375
75.0 2200.0400390625
76.0 2190.01098632813
77.0 4384.9482421875
78.0 1973.47509765625
79.0 452.383483886719
79.8 46.5348358154297
80.0 4.69756317138672
80.2 7.88366222381592
81.0 371.6552734375
81.9 57.1602935791016
82.0 95.3145370483398
82.7 54.7365074157715
82.8 48.5780220031738
82.9 45.4280853271484
83.3 15.7410297393799
83.9 102.324035644531
84.1 39.2011985778809
84.4 23.8884010314941
84.8 54.308464050293
85.1 168.931945800781
85.8 23.7777786254883
86.0 399.919586181641
86.1 25.0659255981445
86.9 65.5442581176758
87.0 816.319396972656
87.1 210.318649291992
87.9 158.208190917969
88.0 1691.26257324219
88.1 140.676864624023
89.0 7094.89013671875
90.0 822.039428710938
90.1 338.678527832031
91.0 2079.97631835938
91.9 129.537933349609
92.0 122.383285522461
92.2 29.6296577453613
93.0 5.83006286621094
93.1 164.325271606445
93.3 10.7393178939819
93.7 13.6192378997803
93.9 148.750518798828
94.2 43.5349769592285
94.5 125.902565002441
94.7 41.6123199462891
94.8 89.4417572021484
95.0 74.878303527832
95.3 12.4532384872437
95.6 19.2571868896484
95.8 130.786865234375
96.1 42.5232124328613
97.0 84.8440856933594
97.1 43.8773193359375
97.8 37.4167060852051
97.9 1.03989028930664
98.0 237.55354309082
98.2 81.4730377197266
98.8 168.647674560547
99.0 265.555541992188
99.9 104.115127563477
100.0 308.105590820313
100.1 264.581298828125
101.0 1941.55944824219
101.1 1874.76733398438
102.0 8353.9267578125
103.0 3145.724609375
104.0 574.487365722656
104.1 47.001766204834
104.4 13.6383790969849
105.0 48.3235778808594
105.1 123.044189453125
105.3 14.228554725647
105.8 69.4889068603516
105.9 33.2115287780762
106.3 21.7563323974609
106.4 39.6077842712402
106.5 377.998596191406
106.7 193.301010131836
106.9 213.600219726563
107.1 24.0748977661133
107.2 111.809028625488
107.4 42.1693458557129
107.5 54.3713531494141
107.6 133.942092895508
107.8 110.775611877441
108.2 66.9780426025391
108.9 151.266754150391
109.0 648.761962890625
109.8 16.7339706420898
109.9 33.5243911743164
110.0 96.2635879516602
110.4 13.0355529785156
110.7 24.0398445129395
110.8 60.1607284545898
110.9 81.7434387207031
111.0 136.612045288086
111.6 23.7338619232178
112.0 353.788513183594
112.2 108.464370727539
112.3 122.231025695801
113.0 2870.0810546875
113.1 627.038879394531
113.9 64.5821228027344
114.1 4141.70556640625
115.0 51108.6875
116.0 15794.1396484375
117.0 422.758514404297
117.0 2330.89697265625
117.9 37.8867568969727
118.1 459.508941650391
118.4 123.887870788574
118.5 50.5253067016602
118.8 288.699951171875
119.1 214.481948852539
119.2 338.067504882813
119.3 19.6473770141602
119.5 203.467895507813
119.6 422.203186035156
119.8 112.908004760742
119.9 62.8898239135742
120.3 210.258850097656
120.4 70.422607421875
120.6 1669.92944335938
121.3 204.859329223633
121.4 345.283752441406
121.6 228.442947387695
121.9 46.5371475219727
122.0 67.5335998535156
122.2 25.1972160339355
122.7 14.5785789489746
123.0 122.708999633789
123.9 11.5968189239502
124.0 63.6881484985352
124.1 12.9273719787598
124.9 383.775695800781
125.1 138.764602661133
125.2 14.2445678710938
125.8 13.0940189361572
126.0 1363.58715820313
126.1 889.224731445313
126.9 290.587707519531
127.1 6737.92236328125
127.7 113.934989929199
128.0 11150.9775390625
129.0 8466.46484375
130.0 9810.998046875
131.0 1635.43286132813
131.9 76.2895202636719
132.0 322.8798828125
132.2 46.4479751586914
132.4 332.877380371094
132.5 51.0074081420898
132.7 215.554672241211
132.9 27.4408569335938
133.5 1039.82092285156
133.6 1842.63537597656
134.2 177.674011230469
134.4 611.80859375
134.6 2230.5390625
134.7 596.14208984375
134.8 79.6020278930664
135.2 662.625305175781
135.4 266.089813232422
135.5 966.607238769531
135.7 79.1889801025391
136.1 259.008728027344
137.0 6152.296875
138.0 1662.33129882813
139.0 19644.9140625
140.0 507.350677490234
140.1 6733.49560546875
141.1 42190.1953125
141.8 2157.65673828125
142.0 4608.90380859375
142.0 2848.470703125
143.0 6310.38720703125
144.0 24342.39453125
144.8 43.4427719116211
144.9 341.424652099609
145.0 2181.03271484375
145.7 5.51475238800049
145.9 392.773712158203
146.0 712.872131347656
146.7 40.823543548584
147.0 156.324645996094
147.2 121.713485717773
147.4 26.7784767150879
147.6 1067.39868164063
147.7 17.6515960693359
147.9 21.2929973602295
148.5 1399.41320800781
148.6 7952.72119140625
149.3 43.5456199645996
149.4 273.219543457031
149.6 1133.00268554688
149.7 183.137725830078
149.9 261.403900146484
150.0 194.354705810547
150.1 40.4162712097168
151.0 1092.75122070313
152.0 1739.43774414063
152.1 201.727691650391
153.0 863.84716796875
153.1 1535.83154296875
153.8 28.2974243164063
153.9 154.012802124023
154.0 1953.54296875
155.0 2943.99536132813
156.0 282.380493164063
156.1 2047.5361328125
157.0 908.356201171875
157.1 281.510009765625
158.0 2645.36083984375
159.0 1961.51513671875
160.0 384.791259765625
160.4 31.8778610229492
160.8 191.336090087891
160.9 153.665618896484
161.4 40.9335708618164
161.6 11.6076202392578
161.8 106.270721435547
161.9 31.2062492370605
162.1 97.3676605224609
162.2 17.1595134735107
162.9 440.495269775391
163.0 349.3564453125
163.7 54.8744239807129
163.9 21.1161231994629
164.0 578.157409667969
164.2 17.775260925293
165.0 1499.99987792969
165.9 132.010681152344
166.0 317.918701171875
166.1 229.957611083984
167.0 1666.1708984375
168.0 2441.75390625
169.0 80060.5546875
170.1 15902.6884765625
171.0 1969.86547851563
171.9 3.13587760925293
172.0 224.175918579102
172.2 122.780471801758
172.8 42.3582992553711
172.9 32.7360076904297
173.1 9.12283039093018
173.8 49.8747863769531
173.9 154.306106567383
174.0 172.171661376953
174.8 37.7666931152344
174.9 158.909378051758
175.0 176.123092651367
175.8 75.9342346191406
176.0 605.692443847656
176.1 38.6425552368164
176.3 101.669799804688
176.7 59.10009765625
177.0 506.287200927734
177.6 23.7438411712646
177.9 217.456481933594
178.1 262.517211914063
178.3 14.4711418151855
178.9 91.5804138183594
179.0 347.06201171875
179.8 31.9550838470459
180.0 263.222717285156
180.1 321.916046142578
181.0 12486.4560546875
181.9 27.388277053833
182.0 2854.51831054688
182.9 83.46875
183.1 1321.38977050781
184.1 9802.607421875
185.1 2402.7451171875
185.9 87.8040771484375
186.0 363.240417480469
187.0 748.922485351563
187.0 224.782684326172
187.8 17.9571704864502
187.9 205.06819152832
188.1 430.976196289063
188.9 226.943222045898
189.0 820.902099609375
189.8 45.6183319091797
190.0 409.586486816406
190.9 1.51327514648438
191.0 253.217697143555
191.8 7.30759811401367
191.9 71.0527420043945
192.0 90.8505706787109
192.2 24.1010799407959
192.8 102.55982208252
192.9 264.044189453125
193.7 20.0120029449463
193.8 43.9856872558594
194.0 137.319610595703
194.1 113.726295471191
194.9 285.729736328125
195.0 409.419219970703
195.9 18.556396484375
196.1 260.471282958984
196.2 24.2905521392822
196.9 552.79541015625
197.9 59.6941757202148
198.0 462.454956054688
198.1 271.006225585938
199.0 676.814208984375
199.9 236.290283203125
200.0 1085.75378417969
201.0 1338.02502441406
202.0 301.996520996094
202.1 1343.83117675781
203.0 298.891326904297
203.1 208.957061767578
203.7 18.5390872955322
203.9 79.4688949584961
204.0 118.82413482666
204.6 4.04766845703125
204.8 21.487476348877
205.0 88.1415939331055
205.1 16.0441799163818
205.8 28.6623630523682
206.0 74.4685134887695
207.0 434.1181640625
208.0 173.315856933594
208.6 26.1069641113281
208.8 28.6226081848145
209.0 95.5427474975586
209.1 102.758865356445
210.0 238.167739868164
210.0 116.642868041992
210.1 275.506103515625
211.0 1793.07739257813
212.1 33080.4609375
213.1 8250.5673828125
214.0 967.458618164063
214.1 2047.54174804688
215.0 3509.3486328125
215.9 414.859588623047
216.0 467.074951171875
217.0 509.011474609375
217.8 30.8511123657227
217.9 30.2915344238281
218.0 74.208122253418
218.9 670.234436035156
219.8 91.424690246582
220.0 44.775936126709
221.0 192.189331054688
221.9 10.4330596923828
222.0 140.314651489258
222.6 9.81867027282715
222.9 258.004730224609
223.0 142.921844482422
223.5 11.5602207183838
224.0 574.505493164063
224.1 886.934387207031
225.0 231.647262573242
225.1 1236.20495605469
225.9 64.2679748535156
226.1 5831.36083984375
227.1 3200.609375
228.1 3172.87084960938
229.0 206.27619934082
229.1 1175.23657226563
229.2 169.243743896484
230.0 487.136383056641
230.1 116.798080444336
231.0 185.990325927734
231.1 5.564697265625
231.9 103.423614501953
232.1 30.43674659729
233.0 1641.57275390625
233.9 40.1665496826172
234.0 665.244079589844
235.0 305.771911621094
236.0 123.323654174805
236.1 56.4957427978516
237.0 1993.6865234375
238.0 1248.92358398438
239.0 3003.69580078125
240.1 5676.11572265625
241.1 11705.44140625
242.1 2554.95825195313
242.1 952.983459472656
242.9 44.8523979187012
243.1 735.474426269531
243.9 29.8950843811035
244.0 135.686965942383
244.2 53.4241409301758
244.8 38.9537544250488
245.0 92.2948455810547
245.1 3.17372703552246
246.0 9.72657203674316
246.8 24.1613445281982
247.0 16.9453277587891
247.9 11.4356727600098
248.1 16.4934616088867
248.3 14.5932912826538
248.6 16.1215629577637
248.8 25.0157432556152
249.0 131.491851806641
249.1 71.4783782958984
249.2 9.70630359649658
249.8 14.2463836669922
249.9 129.265472412109
250.1 172.071060180664
250.2 30.933479309082
250.9 65.5741653442383
251.0 1496.28857421875
252.0 30.2092342376709
252.1 1868.08166503906
252.2 173.697784423828
253.1 4375.68408203125
254.1 16226.3544921875
255.1 8339.6484375
255.9 149.762832641602
256.0 1578.82080078125
256.1 1240.36669921875
257.0 325.559875488281
257.0 510.201843261719
257.3 14.9710083007813
257.8 19.4403114318848
257.9 69.8999099731445
258.0 81.9233169555664
258.7 21.2973117828369
258.9 7.83438873291016
259.1 40.6696586608887
260.0 24.2403030395508
260.8 46.4350852966309
260.9 31.9936466217041
261.1 12.9104375839233
262.0 52.0036697387695
262.2 46.5440864562988
262.7 37.5709457397461
262.9 20.7581329345703
263.0 90.4153747558594
263.1 39.7066841125488
264.0 492.447326660156
264.1 273.935363769531
264.9 378.160766601563
265.0 747.509338378906
265.1 175.129196166992
266.0 847.787414550781
266.1 1667.78662109375
267.0 199.351806640625
267.1 3842.79223632813
268.1 8465.85546875
269.1 8419.134765625
270.1 7752.51171875
270.9 181.468795776367
271.1 1772.03283691406
271.9 12.6928977966309
272.0 390.475891113281
272.3 36.7409591674805
272.9 402.584594726563
274.0 39.9740905761719
274.1 26.3321952819824
274.7 6.52206420898438
274.9 117.669158935547
275.0 135.756774902344
275.7 5.79628086090088
275.9 19.337230682373
276.0 116.724319458008
276.6 32.6003646850586
277.0 300.528869628906
278.0 245.074676513672
278.1 544.1435546875
279.0 203.716552734375
279.1 366.792694091797
279.2 89.1757965087891
280.1 2767.16625976563
281.0 1503.78674316406
281.1 1180.88024902344
282.1 9078.8701171875
283.1 11374.970703125
284.1 18476.0703125
285.1 4476.99755859375
286.1 839.614135742188
286.8 20.4969654083252
287.0 52.0644836425781
287.1 105.536796569824
288.0 34.7652626037598
288.9 478.543579101563
289.9 166.40234375
290.1 79.2398529052734
290.7 1.99503993988037
291.0 277.012084960938
291.1 141.308166503906
291.9 8.03360080718994
292.0 243.156433105469
292.1 318.651184082031
293.0 1185.34265136719
294.1 3316.52880859375
295.1 1658.11669921875
296.1 7860.10595703125
297.1 4847.53857421875
298.1 27156.326171875
299.1 8274.10546875
299.9 70.0931091308594
300.0 299.281158447266
300.1 1051.80822753906
300.8 36.0625686645508
301.0 16.6905403137207
301.1 196.721221923828
303.0 20.9176349639893
304.1 27.1975841522217
304.3 19.1980495452881
305.0 101.128967285156
305.0 44.6227188110352
305.9 22.0966110229492
306.0 148.127410888672
306.2 94.8298034667969
306.3 30.9702587127686
306.8 0.800193786621094
307.0 103.642974853516
307.1 165.526062011719
307.2 13.5944013595581
308.0 181.98796081543
308.1 887.031494140625
308.2 283.240051269531
309.0 235.835494995117
309.1 448.943878173828
310.0 164.937240600586
310.1 16212.4130859375
311.1 2358.5322265625
311.1 2064.50268554688
312.1 3151.87426757813
312.9 17.0623607635498
313.0 179.808990478516
313.1 409.623748779297
313.2 96.1504211425781
314.0 16.7256126403809
314.2 114.479080200195
314.9 17.5849628448486
315.1 54.4523544311523
316.8 11.7212467193604
317.0 7.0558443069458
318.1 15.4859762191772
318.2 13.7528057098389
318.9 52.9001235961914
319.1 38.1387138366699
320.0 249.364044189453
320.1 392.683166503906
320.2 134.961700439453
321.0 114.039268493652
321.2 180.065658569336
321.9 86.6392822265625
322.1 1473.85925292969
322.9 66.914436340332
323.1 460.360076904297
323.2 585.750244140625
324.1 2654.42944335938
324.2 758.365295410156
324.9 71.9964447021484
325.0 282.066650390625
325.1 545.027709960938
325.2 337.04150390625
325.3 35.8013572692871
326.0 41.6371383666992
326.1 132.112762451172
326.2 50.6568031311035
326.3 28.4170989990234
326.8 7.66446924209595
327.1 31.6208362579346
327.2 12.7687654495239
329.0 10.4227590560913
329.7 13.8008947372437
330.5 20.6350059509277
330.8 14.7687101364136
331.1 54.7933731079102
331.9 22.5160121917725
332.1 11.323413848877
332.8 10.8436241149902
332.9 16.4632377624512
333.1 6.99612379074097
333.8 49.8329696655273
334.1 475.754058837891
334.2 223.814224243164
334.8 29.7404727935791
334.9 86.2486801147461
335.1 372.830017089844
335.2 49.751594543457
336.2 17380.880859375
337.1 4317.56298828125
337.2 567.649597167969
338.1 402.538177490234
338.1 4546.748046875
339.0 12.9317350387573
339.1 1372.61596679688
339.2 50.4716262817383
339.9 21.0647277832031
340.1 156.284744262695
340.3 24.2300891876221
340.8 14.2029638290405
344.2 9.95216655731201
344.9 36.396411895752
345.1 13.0276012420654
346.1 7.58150291442871
347.1 10.5415725708008
347.4 9.68905830383301
348.0 21.2535076141357
348.7 0.470474243164063
349.0 82.5871124267578
349.1 27.7774887084961
349.7 11.0180110931396
350.0 91.3677978515625
350.1 133.572082519531
350.2 14.5736560821533
351.0 47.7717132568359
351.1 227.206619262695
351.2 71.4492797851563
352.2 22666.177734375
353.2 62114.0625
354.1 383.846557617188
354.2 16245.1748046875
355.1 698.728698730469
355.2 1725.17614746094
355.5 12.8477277755737
356.0 9.94061756134033
356.2 155.421127319336
356.3 54.2313499450684
360.1 28.2155647277832
361.3 7.86778831481934
363.0 12.8474817276001
363.1 15.5704946517944
367.0 86.5006484985352
367.2 21.7556838989258
367.7 11.8962249755859
369.1 25.9965782165527
370.9 0.276909828186035
374.8 10.382833480835
393.8 13.0688858032227
