#"+EI Scan (rt: 6.216-6.298 min, 15 scans) R2M5.D  Subtract "
#Point,X(Thompsons),Y(Counts)
40.1 592.68994140625
41.1 26105.80859375
42.0 496.931762695313
42.1 693.206909179688
43.0 230.992858886719
43.0 383.609069824219
44.0 166.645935058594
45.1 45.6628723144531
46.1 9.97280502319336
47.0 153.223083496094
48.8 63.8869285583496
48.9 10.933292388916
49.0 49.2287979125977
49.9 172.952972412109
50.1 307.229125976563
51.0 1395.56323242188
51.8 71.9253921508789
52.0 420.486755371094
52.2 41.0553131103516
53.0 312.637084960938
53.1 1787.65856933594
53.9 33.7289543151855
54.1 520.285888671875
55.0 1338.12646484375
55.9 92.1152038574219
56.0 14.2669830322266
56.1 6.29991912841797
57.0 352.679382324219
58.0 77.4034881591797
58.1 51.5014724731445
59.0 1144.63720703125
60.0 156.45539855957
60.8 2.90786361694336
61.0 154.436141967773
62.0 373.859069824219
62.0 419.786407470703
63.0 2399.23168945313
63.8 8.47281837463379
63.9 300.019226074219
64.1 200.170272827148
64.9 39.2445106506348
65.0 1604.27197265625
65.2 41.0471878051758
65.8 9.95174789428711
65.9 106.064788818359
66.0 88.6863098144531
66.1 54.9142189025879
66.2 13.3992404937744
67.0 1093.97473144531
67.1 853.558410644531
67.8 32.7278518676758
68.0 112.374336242676
68.1 167.371963500977
69.1 4354.51220703125
69.9 230.482208251953
70.0 119.993721008301
70.2 39.7384376525879
70.7 18.2326908111572
71.0 76.1114044189453
71.2 60.3600082397461
71.9 29.3032264709473
72.0 37.4016075134277
72.2 37.6712799072266
73.0 956.756103515625
73.9 79.0038223266602
74.0 762.005920410156
74.1 0.536544799804688
75.0 2151.75390625
76.0 1179.78894042969
76.1 1050.75146484375
77.0 4805.9345703125
78.0 1986.26513671875
79.0 324.210754394531
80.0 116.908233642578
80.1 3.77304840087891
81.0 309.0400390625
81.7 0.993082046508789
81.8 77.8742218017578
82.0 12.982795715332
82.3 16.809850692749
82.4 16.9826774597168
82.7 13.436206817627
82.9 62.5511474609375
83.1 25.5827865600586
83.6 10.6450510025024
84.0 75.7405090332031
84.1 13.1696081161499
84.4 13.5421724319458
84.9 52.4154052734375
85.1 118.191543579102
85.9 114.098274230957
86.0 298.272003173828
86.9 102.120452880859
87.0 1028.97119140625
87.2 15.6770658493042
87.9 31.5561428070068
88.0 1538.06396484375
88.1 735.175231933594
89.0 7849.07763671875
89.8 24.2093353271484
90.0 521.214538574219
90.1 566.500854492188
91.0 2048.45288085938
91.9 80.2798538208008
92.0 165.421279907227
92.1 93.370002746582
93.1 229.01220703125
93.5 23.9695148468018
93.8 63.939338684082
93.9 112.047370910645
94.2 66.8058700561523
94.3 72.0959014892578
94.5 91.9420623779297
94.9 67.806884765625
95.0 4.38348770141602
95.7 19.8455467224121
96.0 56.4617767333984
96.2 80.3447570800781
96.8 61.451904296875
97.0 43.3320617675781
97.9 312.980163574219
98.8 60.1126136779785
98.9 316.596099853516
99.0 11.8962936401367
99.8 149.733856201172
100.0 411.962615966797
100.1 42.0317039489746
100.2 131.219711303711
100.9 76.7416610717773
101.0 4068.46875
102.0 9123.52734375
103.0 3294.13134765625
103.9 79.5316696166992
104.0 343.789825439453
104.1 164.982482910156
104.2 64.4284286499023
104.8 5.36038017272949
105.0 183.49462890625
105.2 25.086519241333
105.5 24.9746475219727
105.6 20.8828220367432
105.8 56.9784927368164
105.9 79.3697128295898
106.0 95.4336853027344
106.4 90.0020446777344
106.5 212.722274780273
106.7 367.455474853516
106.8 134.398529052734
107.1 65.6699142456055
107.3 157.625961303711
107.5 47.2968254089355
107.7 174.111694335938
107.9 51.9329948425293
108.1 14.6727952957153
108.2 82.8244400024414
109.0 668.712890625
109.8 30.8826675415039
110.0 6.93939208984375
110.1 165.707977294922
110.3 21.0143985748291
110.9 284.582397460938
111.7 12.1282291412354
111.9 34.8041305541992
112.1 195.765274047852
112.3 258.069427490234
113.0 3733.25927734375
113.9 64.806999206543
114.0 4490.3251953125
115.0 54264.98046875
116.0 17231.0546875
117.0 3359.63500976563
118.0 227.689651489258
118.1 388.232635498047
118.3 88.1795654296875
118.6 47.9485931396484
118.9 107.420211791992
119.1 88.298957824707
119.2 279.124114990234
119.3 304.915130615234
119.5 212.600387573242
119.6 462.714569091797
119.7 114.253845214844
119.9 77.2460327148438
120.3 345.24853515625
120.5 779.589782714844
120.6 807.613586425781
120.8 233.329238891602
120.9 13.3478517532349
121.0 105.530685424805
121.4 281.977020263672
121.5 304.368225097656
121.7 366.412750244141
121.9 27.0659713745117
122.1 19.893928527832
122.7 47.252857208252
123.0 170.616058349609
123.1 25.9038352966309
123.8 52.6341285705566
124.1 76.9287033081055
124.3 27.1605224609375
124.8 103.752731323242
125.0 349.087890625
125.8 28.2402381896973
125.9 86.8145980834961
126.1 2457.04833984375
126.2 113.482818603516
126.6 73.9049224853516
127.1 7636.20751953125
127.2 241.019256591797
128.0 12356.171875
129.0 9316.3369140625
130.1 11168.5712890625
131.0 1864.90979003906
131.8 37.7244033813477
131.9 176.028869628906
132.0 223.170593261719
132.1 78.0334091186523
132.2 31.3482723236084
132.4 123.359825134277
132.6 361.984313964844
132.7 471.594329833984
133.1 253.352874755859
133.4 131.141143798828
133.6 3187.40869140625
133.7 59.2675247192383
134.0 135.12272644043
134.2 205.233505249023
134.5 1258.04064941406
134.6 2678.57104492188
134.8 76.5354995727539
135.1 394.608123779297
135.3 251.758712768555
135.5 716.623596191406
135.6 1050.24523925781
136.1 20.6973648071289
137.0 5690.896484375
138.0 1587.61059570313
139.0 21087.40625
140.1 7639.7744140625
141.1 47022.25
141.9 474.119689941406
142.0 9505.697265625
143.0 6802.64501953125
144.0 26502.458984375
145.0 2805.03442382813
145.9 211.941101074219
146.0 1176.36499023438
146.7 8.56953048706055
146.8 166.499847412109
147.2 118.236595153809
147.4 311.255859375
147.6 117.459182739258
147.7 783.0078125
147.9 18.472972869873
148.6 10062.1650390625
149.1 319.633697509766
149.3 166.625518798828
149.4 129.17317199707
149.6 306.758636474609
149.7 712.926452636719
149.8 91.8400039672852
150.1 331.704437255859
151.0 306.698608398438
151.0 1055.87963867188
152.0 2230.55541992188
153.0 2680.11547851563
153.1 127.564117431641
154.0 2528.24267578125
155.1 4048.54516601563
156.0 2738.5888671875
157.0 1552.47509765625
157.1 200.459457397461
157.9 106.230201721191
158.0 3169.02319335938
159.0 2448.07373046875
159.9 213.681533813477
160.0 141.330322265625
161.0 603.304260253906
161.1 75.0292663574219
161.7 14.5514898300171
161.9 59.4899215698242
162.1 200.684097290039
162.3 110.035400390625
162.9 302.191589355469
163.0 765.25341796875
163.9 140.937622070313
164.0 577.956665039063
165.0 1452.87341308594
165.9 457.215454101563
166.1 192.104064941406
166.2 89.5825958251953
167.0 872.498168945313
167.1 1008.52368164063
167.2 81.9147415161133
168.0 2737.13232421875
169.0 89198.1171875
170.1 18020.677734375
171.0 2057.74096679688
171.1 231.601089477539
171.8 7.56965065002441
171.9 41.7040481567383
172.0 291.525543212891
172.1 170.93782043457
172.9 85.2357635498047
173.1 41.0234222412109
174.0 231.13005065918
174.1 143.0390625
175.0 157.523834228516
175.1 225.465026855469
175.6 14.9468936920166
175.9 18.818229675293
176.0 368.566497802734
176.1 501.026245117188
176.3 22.1761722564697
176.6 50.8020858764648
176.7 26.8599643707275
176.9 253.587066650391
177.1 123.548736572266
177.9 24.9246025085449
178.0 363.600006103516
178.1 239.162582397461
178.3 25.605863571167
178.8 81.7878952026367
178.9 121.801910400391
179.1 348.661773681641
179.8 22.5768222808838
180.0 325.516326904297
180.1 406.891326904297
181.0 13508.2041015625
182.0 3272.96899414063
183.1 1754.4130859375
184.1 11005.5859375
185.0 216.383239746094
185.1 1981.49182128906
185.9 7.67122268676758
186.0 259.863128662109
186.1 175.357376098633
186.9 11.7710266113281
187.0 1041.03942871094
187.8 37.8901443481445
188.0 466.815277099609
188.1 113.481330871582
189.0 869.351196289063
189.1 161.855361938477
189.9 33.9222145080566
190.0 382.388519287109
190.2 51.201099395752
190.9 81.1436157226563
191.0 318.269378662109
191.7 16.4093055725098
191.8 34.5141448974609
192.0 99.7836532592773
192.1 52.472297668457
192.9 227.543853759766
193.0 115.769950866699
193.8 28.359899520874
194.0 211.85075378418
194.1 77.0571136474609
195.0 810.86865234375
195.6 31.5061569213867
195.8 11.0701370239258
196.0 241.015045166016
196.2 25.4944362640381
196.8 68.7671737670898
196.9 454.259063720703
197.0 15.0264892578125
197.9 437.587493896484
198.1 491.261505126953
198.8 256.134704589844
198.9 64.9290161132813
199.0 227.727737426758
200.0 1503.98828125
200.1 71.0672378540039
201.0 1544.17443847656
202.0 1484.68896484375
202.2 202.204879760742
203.0 367.463439941406
203.1 310.303802490234
203.7 15.266788482666
203.9 11.5541744232178
204.0 214.87126159668
204.2 11.3650331497192
204.8 33.1576538085938
205.0 148.533477783203
205.8 13.5576438903809
205.9 17.1791801452637
206.1 88.0499114990234
206.2 16.3758010864258
206.8 50.0034370422363
207.0 369.625732421875
207.7 21.6095504760742
207.8 142.179412841797
208.2 69.5037002563477
208.8 51.2793807983398
209.0 120.719924926758
209.1 49.9239349365234
209.8 18.5947189331055
210.0 131.459686279297
210.0 510.383972167969
210.2 23.170768737793
211.0 1835.5888671875
212.1 36553.6953125
213.1 9585.2177734375
214.1 3154.71850585938
214.2 79.0767974853516
215.0 3959.85546875
216.0 1015.1962890625
217.0 511.407318115234
217.8 44.4699249267578
217.9 24.5100250244141
218.1 23.7381114959717
218.3 14.4938611984253
218.9 576.92236328125
220.0 194.044006347656
220.7 22.9879570007324
220.8 93.5804595947266
221.1 10.7758274078369
221.2 35.6312217712402
221.9 62.5835113525391
222.0 92.6329803466797
222.9 168.948928833008
223.0 133.364440917969
223.1 36.093822479248
224.0 613.729919433594
224.1 746.072875976563
224.9 248.9794921875
225.1 1409.45227050781
226.1 6626.912109375
227.0 3422.99975585938
228.1 3112.63208007813
229.0 1625.20812988281
229.9 19.003755569458
230.0 599.257019042969
230.1 14.5055885314941
230.8 4.62046432495117
231.1 156.849578857422
231.2 17.8792114257813
231.7 21.1599197387695
232.1 22.0442428588867
233.0 1540.576171875
233.9 200.073059082031
234.0 250.824920654297
234.9 113.823608398438
235.0 114.515258789063
235.8 41.6532249450684
236.0 187.486663818359
237.0 1637.08056640625
238.0 1589.67224121094
239.0 3128.87548828125
239.9 49.4928588867188
240.1 5854.6591796875
241.1 13249.734375
241.9 56.952880859375
242.1 3787.28344726563
242.9 134.430801391602
243.0 497.231842041016
243.1 190.845458984375
243.8 66.9429092407227
243.9 40.397762298584
244.1 125.21768951416
244.2 11.7114610671997
244.8 20.4333229064941
244.9 100.443199157715
245.1 50.2644958496094
246.1 10.8375816345215
246.9 59.6991653442383
247.5 12.2580375671387
247.9 13.4562692642212
248.7 28.0687503814697
248.9 81.6618194580078
249.1 101.090721130371
249.3 23.7859630584717
249.6 16.4750289916992
249.9 120.863693237305
250.0 65.9276962280273
250.1 161.166915893555
250.2 28.1485004425049
250.9 67.6001739501953
251.1 1354.75341796875
251.2 263.231567382813
252.0 994.162658691406
252.1 1351.58947753906
253.1 4816.97265625
254.1 17297.947265625
255.1 8915.69921875
256.1 3422.11157226563
256.9 203.563140869141
257.1 743.397521972656
257.8 57.6331062316895
258.0 220.435974121094
258.7 33.250114440918
258.8 26.6809978485107
259.1 20.0345497131348
260.6 2.41724395751953
260.9 118.886741638184
261.1 40.7172050476074
261.9 25.4145011901855
262.0 32.4149932861328
262.2 33.8867263793945
262.8 49.0575790405273
263.0 134.947402954102
263.1 13.6649227142334
264.0 363.144683837891
264.1 495.097229003906
264.8 13.2389001846313
264.9 29.0309352874756
265.1 1280.28820800781
265.2 17.4339809417725
266.0 170.967376708984
266.1 2722.77709960938
267.1 4648.72412109375
268.1 9233.953125
269.1 9265.0439453125
270.1 8174.07275390625
271.0 893.221984863281
271.1 1087.04821777344
271.8 4.04190921783447
272.0 201.447357177734
272.1 202.838027954102
272.3 33.9515495300293
272.9 141.099060058594
273.1 96.2902526855469
273.8 12.7380342483521
274.0 130.197906494141
274.7 45.9000854492188
274.9 32.1266479492188
275.0 120.2880859375
275.9 27.6412963867188
276.0 50.9789886474609
276.2 36.3838539123535
277.0 244.22216796875
277.1 200.681838989258
277.9 45.4931411743164
278.0 638.905029296875
278.2 156.582931518555
278.9 46.900749206543
279.0 173.816253662109
279.1 338.305511474609
279.9 59.4947395324707
280.1 3045.17919921875
281.1 2845.11450195313
281.2 265.230316162109
282.1 6083.80224609375
282.1 3585.681640625
283.1 12222.9501953125
284.1 19796.8359375
285.1 5230.43603515625
286.0 7.25938415527344
286.1 589.669311523438
286.2 336.899871826172
286.7 8.07902812957764
286.9 121.778762817383
287.0 134.49674987793
287.9 12.3680009841919
288.0 48.6906623840332
288.9 481.884521484375
289.7 20.7729263305664
289.9 30.2225189208984
290.1 52.003719329834
291.0 89.4747619628906
291.1 345.871002197266
291.7 13.8053092956543
291.9 124.814430236816
292.0 316.147705078125
292.1 160.482284545898
293.0 722.328247070313
294.1 3740.77856445313
295.1 1967.18505859375
296.1 8467.6552734375
297.1 4891.82421875
298.1 29863.744140625
299.1 9246.6416015625
300.1 1381.50366210938
300.9 161.418197631836
301.1 18.6257019042969
301.2 40.474983215332
302.9 59.1084594726563
303.8 12.2132577896118
304.0 80.3832321166992
304.1 72.6091003417969
304.9 37.7639236450195
305.0 185.671829223633
305.1 8.50718212127686
305.7 11.9070529937744
305.9 100.095855712891
306.1 167.422454833984
306.2 37.4856338500977
306.9 13.1657447814941
307.0 268.051605224609
308.1 1586.17736816406
308.2 55.0828437805176
308.9 185.739212036133
309.1 602.539733886719
310.1 17158.0625
311.0 736.163208007813
311.1 4202.693359375
312.0 364.106170654297
312.1 3004.28759765625
313.0 227.867492675781
313.1 583.540588378906
314.0 15.6258449554443
314.2 14.451714515686
314.3 17.2515525817871
314.6 29.990161895752
314.9 0.853790283203125
315.0 43.2484245300293
315.1 11.9313020706177
315.8 10.152943611145
316.8 22.2138900756836
317.0 11.5270204544067
317.9 43.3127517700195
318.0 21.7627353668213
318.8 13.7882556915283
319.0 40.4487228393555
319.1 13.6426115036011
319.2 18.8226909637451
320.0 60.3787422180176
320.1 467.540832519531
320.2 352.089782714844
320.8 33.7122993469238
321.1 236.237854003906
321.2 109.332618713379
322.0 77.5578842163086
322.1 850.364135742188
322.2 611.045104980469
323.1 1201.92492675781
324.1 3473.13647460938
325.0 42.7251777648926
325.1 605.629699707031
325.2 649.373229980469
325.9 28.7279357910156
326.0 117.749114990234
326.2 75.2292709350586
326.8 32.2844047546387
327.0 36.2461166381836
328.9 10.7974243164063
330.8 9.02313232421875
331.0 42.1367225646973
332.1 37.1754417419434
332.4 12.3710336685181
332.9 22.5444793701172
333.0 27.915433883667
333.1 25.2487125396729
333.9 23.4589309692383
334.1 772.882629394531
335.0 473.299102783203
335.2 40.6877670288086
336.2 18388.166015625
337.0 252.037689208984
337.2 5382.76416015625
338.2 5882.27783203125
338.9 30.0467624664307
339.0 116.313407897949
339.1 1406.94519042969
339.9 13.5742435455322
340.0 66.0194396972656
340.1 136.718841552734
340.3 23.6580104827881
344.2 11.2284717559814
344.7 7.39986228942871
345.1 34.8463020324707
346.0 14.6154336929321
346.9 13.7979345321655
347.0 12.1569652557373
349.0 115.749801635742
349.9 44.9958686828613
350.0 41.5357780456543
350.2 126.758392333984
350.3 18.2927799224854
350.7 4.45829105377197
350.9 70.734748840332
351.1 145.832427978516
351.2 44.3324546813965
352.2 23709.875
353.2 67571.2890625
354.2 17768.298828125
355.2 2531.38256835938
355.9 10.7475214004517
356.0 80.2255325317383
356.1 118.375846862793
356.3 14.8820505142212
356.8 29.2147579193115
356.9 10.4013242721558
357.1 26.1290817260742
358.0 11.7247047424316
359.1 10.7694149017334
360.3 10.1674184799194
360.9 10.7834358215332
361.0 25.0579662322998
361.1 20.9914016723633
361.3 13.8147821426392
363.1 53.4792518615723
363.2 22.25852394104
367.0 74.8803329467773
367.2 16.0513801574707
370.6 15.3144187927246
370.9 42.745304107666
400.8 10.9200372695923
404.9 10.7484273910522
