#"+EI Scan (rt: 6.857-6.945 min, 16 scans) R2M5.D  Subtract "
#Point,X(Thompsons),Y(Counts)
40.1 358.499603271484
41.1 10928.00390625
41.9 20.3897895812988
42.0 1300.6015625
43.0 85.6551284790039
43.1 1989.41467285156
43.9 103.035194396973
45.0 46.1023406982422
45.1 52.2953872680664
45.9 23.2209243774414
46.1 32.0492668151855
46.2 10.842942237854
46.8 24.0893440246582
47.0 440.101013183594
48.8 20.302547454834
49.0 344.990081787109
49.1 113.356315612793
49.8 10.6299867630005
49.9 48.3010444641113
50.0 159.206558227539
50.1 208.304138183594
51.0 953.991638183594
51.9 185.575942993164
52.1 203.327178955078
53.1 2511.69116210938
54.0 1128.02087402344
55.1 5020.23486328125
56.0 1272.77954101563
57.0 1031.17700195313
57.9 49.2950172424316
58.0 483.611389160156
58.1 410.962371826172
59.0 579.26611328125
59.8 18.7985534667969
60.2 57.8754501342773
60.8 28.0581321716309
61.1 98.7948532104492
62.0 386.100646972656
62.1 192.78515625
63.0 1618.74353027344
63.9 240.282012939453
64.1 204.377105712891
65.0 2185.1044921875
66.0 1072.76586914063
66.1 359.028137207031
67.1 5870.9033203125
67.9 112.049606323242
68.0 801.29638671875
68.1 246.230438232422
69.1 7103.65283203125
69.9 87.4302520751953
70.0 743.342407226563
70.2 70.8217315673828
71.0 164.447113037109
71.5 10.0480480194092
71.9 40.367748260498
72.0 52.2357711791992
72.3 26.1450347900391
73.0 713.27880859375
74.1 338.201934814453
74.2 27.2582683563232
75.0 1050.06262207031
76.1 1761.95361328125
77.0 10808.28125
78.0 2783.095703125
79.1 10991.138671875
80.0 2307.88989257813
80.1 67.5191955566406
81.0 3675.95361328125
81.9 399.9853515625
82.0 827.570495605469
82.9 170.177215576172
83.0 141.473648071289
83.8 9.48449897766113
84.0 10.2642545700073
84.1 37.1394729614258
84.9 3.86627197265625
85.0 124.201675415039
85.9 24.1868743896484
86.1 81.4449615478516
86.8 47.206298828125
87.0 191.690551757813
87.1 130.030624389648
87.8 48.996223449707
88.0 1723.95947265625
88.1 988.846313476563
89.0 3006.46655273438
90.0 6691.17724609375
91.0 10631.12109375
92.1 8820.4521484375
93.0 252.273498535156
93.1 14630.685546875
94.1 7759.50732421875
95.0 1086.99621582031
95.1 418.685485839844
95.9 185.734359741211
96.1 432.82275390625
96.9 41.2409820556641
97.0 130.918594360352
97.2 31.7600860595703
97.7 29.8916969299316
97.9 30.0845222473145
98.0 14.9629211425781
98.2 51.2589111328125
98.6 25.1138458251953
98.8 15.5162296295166
98.9 18.5117855072021
99.0 66.7221374511719
99.9 61.4603233337402
100.0 69.9651489257813
100.2 9.57505226135254
100.8 117.238159179688
100.9 155.189376831055
101.0 123.599113464355
101.1 82.7769012451172
101.2 27.6283645629883
101.9 845.740417480469
102.0 2847.20971679688
103.0 9891.80078125
103.9 82.1449737548828
104.0 3918.81127929688
105.0 2991.38134765625
105.9 28.3703384399414
106.0 1775.79333496094
106.1 102.386787414551
107.0 3495.99194335938
108.1 3425.38989257813
108.2 132.057601928711
109.0 723.380615234375
109.1 1555.84069824219
109.9 73.8604736328125
110.1 411.616882324219
110.8 73.4288177490234
111.0 113.149139404297
111.1 98.9769134521484
111.3 62.5207824707031
112.0 11.0074052810669
112.9 379.229553222656
113.0 62.3806838989258
113.8 68.1127166748047
114.0 124.626579284668
114.2 12.6081848144531
114.7 12.5467185974121
114.8 82.6494293212891
115.0 1054.35388183594
115.8 33.9776306152344
116.0 758.92724609375
116.1 460.575012207031
117.0 4366.28466796875
118.0 804.298156738281
118.1 1003.86651611328
118.9 183.658309936523
119.0 1978.7919921875
119.9 485.459442138672
120.0 875.666625976563
120.9 99.6051712036133
121.0 297.909240722656
121.1 146.117080688477
122.0 117.873245239258
122.1 250.02978515625
122.2 16.0451221466064
122.8 100.997177124023
122.9 6.13754272460938
123.1 148.396575927734
123.2 35.7035102844238
123.7 9.60017776489258
123.9 31.088529586792
124.0 31.6209659576416
124.8 154.356002807617
124.9 185.568496704102
125.2 116.953918457031
125.4 108.057228088379
125.6 151.095489501953
125.7 175.382202148438
125.8 105.656768798828
126.0 65.4128341674805
126.2 49.8980445861816
126.8 105.482620239258
126.9 128.940582275391
127.1 283.157623291016
127.9 378.28466796875
128.0 175.342254638672
128.1 189.901123046875
129.0 4919.0322265625
130.0 3864.78540039063
131.0 17651.30078125
132.0 2470.77490234375
132.1 571.762084960938
133.0 1010.23944091797
133.1 730.671630859375
133.9 91.9074554443359
134.0 983.904907226563
134.1 646.717895507813
135.1 12795.677734375
136.0 521.309448242188
136.1 3638.23754882813
137.0 3293.1015625
138.1 130.176788330078
138.9 471.477203369141
139.1 78.1879959106445
139.7 41.8787956237793
139.9 162.927139282227
140.1 62.8065719604492
141.0 365.788696289063
142.0 712.00927734375
143.0 1374.93432617188
143.2 47.2110481262207
143.9 60.6614151000977
144.0 2739.60791015625
145.0 43472.3515625
146.0 4388.89794921875
146.9 115.494697570801
147.0 549.615356445313
147.9 127.563735961914
148.1 277.026336669922
148.2 56.4802436828613
149.0 317.930114746094
149.1 833.008117675781
150.1 26007.3984375
151.1 3930.69873046875
151.9 20.1026229858398
152.1 356.979888916016
152.8 192.919342041016
153.1 92.633659362793
153.7 11.9014434814453
153.9 195.359939575195
154.0 122.615615844727
154.1 113.076835632324
155.0 1065.28515625
156.0 1848.22607421875
157.0 2541.70458984375
158.0 1761.25463867188
159.0 1779.6728515625
160.0 583.799072265625
160.9 184.672119140625
161.0 762.1220703125
161.8 100.531326293945
162.0 54.4524612426758
162.3 20.6853618621826
162.8 116.539390563965
163.1 127.132766723633
163.8 56.9810600280762
164.1 40.5762176513672
164.9 196.421905517578
165.0 628.436645507813
165.8 21.337532043457
165.9 93.3151702880859
166.1 130.537628173828
167.0 318.34423828125
167.9 226.899658203125
168.1 250.111236572266
168.9 211.240859985352
169.0 427.259063720703
169.9 79.5445098876953
170.0 327.532318115234
170.1 160.773635864258
171.0 1190.07800292969
171.1 1529.41613769531
171.7 27.2598400115967
171.8 56.2177200317383
172.0 305.994750976563
172.1 293.25927734375
172.7 19.852144241333
172.8 43.4871826171875
173.0 260.654541015625
173.1 195.016983032227
173.9 80.0004425048828
174.0 4797.8818359375
174.9 17.6285648345947
175.0 1032.46752929688
175.1 481.994903564453
175.9 29.50830078125
176.0 68.3275146484375
176.1 167.296249389648
176.7 21.4119205474854
177.0 56.9729614257813
177.1 115.672821044922
177.7 17.7917003631592
177.8 30.9858150482178
177.9 21.068473815918
178.2 28.0314083099365
178.6 12.6793947219849
178.9 134.924697875977
179.1 53.9139060974121
179.2 9.911452293396
179.8 48.2372436523438
179.9 93.9239273071289
180.1 60.589469909668
180.2 54.2500190734863
180.6 27.2637004852295
181.0 438.604156494141
181.7 14.5299406051636
181.9 239.61979675293
182.0 64.2182235717773
183.0 466.260284423828
183.9 15.4928598403931
184.0 405.001953125
184.2 100.358642578125
184.9 89.9578399658203
185.0 2620.4462890625
185.7 18.6568965911865
185.9 213.007629394531
186.0 597.679138183594
187.0 480.327453613281
187.1 196.416763305664
187.8 52.1471099853516
188.0 53.2092132568359
188.1 55.7468643188477
188.8 169.939544677734
189.0 124.454689025879
191.0 96.6021728515625
191.8 28.9940757751465
192.9 1247.34912109375
193.0 164.572967529297
193.8 26.3928890228271
194.0 317.280670166016
194.9 272.87255859375
195.0 513.26611328125
196.0 206.865020751953
196.9 216.275939941406
197.7 18.8812942504883
197.8 115.336975097656
198.0 170.36767578125
198.1 144.560516357422
198.9 781.281433105469
199.0 818.470703125
199.7 20.2518634796143
199.8 42.155330657959
200.0 176.039840698242
200.1 81.2177200317383
200.9 84.4236450195313
201.0 104.465469360352
201.8 33.7557792663574
202.1 79.6920394897461
202.8 31.9266395568848
203.0 98.5951309204102
203.6 9.66743946075439
203.8 67.4780426025391
204.0 52.2890396118164
204.5 15.4347505569458
204.7 18.749490737915
204.9 58.6194000244141
205.0 153.048095703125
205.6 10.7704391479492
205.9 63.4627380371094
206.1 21.2264289855957
206.9 69.3135070800781
207.0 480.847351074219
207.0 35.2979125976563
207.9 156.507858276367
208.9 44.3693542480469
209.0 192.564346313477
209.1 67.3032302856445
209.7 35.3790054321289
209.8 93.8273696899414
210.0 131.557922363281
210.2 83.3589019775391
211.0 840.390625
211.8 43.8709335327148
212.1 159.889190673828
213.1 10696.779296875
214.0 352.550048828125
214.1 1474.08325195313
215.0 1888.6142578125
216.0 712.974853515625
216.9 439.314208984375
218.0 134.600616455078
218.1 43.0722198486328
218.9 38.674072265625
219.9 321.08447265625
221.0 350.741394042969
221.9 167.941299438477
222.1 136.062744140625
222.2 28.4237194061279
223.0 1067.51708984375
223.1 993.048706054688
224.0 202.804626464844
224.1 293.256896972656
224.7 15.3785076141357
225.0 527.926025390625
225.1 65.8101272583008
225.9 136.978210449219
226.1 106.239440917969
226.2 25.4040012359619
226.8 84.6980743408203
227.1 40.7225494384766
228.0 168.143478393555
228.1 90.8996353149414
229.0 371.970855712891
229.9 48.4715576171875
230.0 193.701309204102
230.1 315.254089355469
231.1 198.168151855469
231.8 10.5016527175903
231.9 65.8709869384766
232.0 84.7240295410156
232.2 17.3796672821045
233.0 687.46240234375
233.7 48.9644432067871
234.0 919.805603027344
234.9 234.245056152344
235.0 384.786376953125
236.0 1946.3134765625
236.1 2986.4248046875
237.0 1836.36669921875
238.0 2590.40625
239.0 535.664672851563
239.9 148.873901367188
240.1 80.7900314331055
240.7 22.0143699645996
240.9 32.2242240905762
241.0 294.942657470703
241.1 50.1243591308594
241.8 30.7645854949951
241.9 166.654739379883
242.1 283.579498291016
242.8 69.3396835327148
243.1 257.546478271484
244.7 40.8621826171875
244.8 61.7038841247559
245.0 60.4302368164063
245.2 36.0836601257324
245.7 27.9886474609375
246.0 25.1536674499512
246.2 9.95392608642578
246.3 21.268138885498
246.9 203.261566162109
247.0 161.087860107422
247.2 200.800491333008
247.3 28.7966136932373
247.8 43.1663780212402
248.0 468.307006835938
248.1 22.2470321655273
249.1 43246.6171875
250.1 7017.9169921875
251.1 14334.3759765625
251.9 178.549102783203
252.0 1376.3427734375
252.1 811.418884277344
252.9 116.268241882324
253.0 301.438690185547
253.1 166.741226196289
253.9 74.3540802001953
254.1 34.9631271362305
254.9 100.858352661133
255.0 24.2927932739258
255.2 21.5292644500732
256.0 25.1356945037842
257.0 221.767349243164
258.7 23.0861930847168
258.8 20.8148155212402
260.9 15.6101207733154
261.1 125.723045349121
262.0 163.264602661133
262.2 15.5466060638428
262.9 156.915161132813
263.0 295.971069335938
263.1 82.75634765625
264.0 280.118133544922
264.1 167.994140625
264.3 10.9013576507568
264.5 11.4985675811768
264.9 16.2494277954102
265.0 63.8096656799316
265.1 1076.85852050781
265.2 349.568969726563
265.9 101.700607299805
266.1 525.242065429688
266.2 125.944946289063
266.9 190.261306762695
267.1 178.264724731445
267.2 27.2662773132324
267.8 15.6259107589722
268.0 112.652801513672
268.1 40.4089508056641
268.5 9.58636474609375
268.9 126.147735595703
269.0 278.752563476563
270.8 104.345092773438
271.1 147.121643066406
271.9 96.8827514648438
272.7 50.2531051635742
272.9 326.835205078125
273.8 33.2763595581055
273.9 24.3947219848633
274.0 129.1396484375
274.1 25.7898426055908
274.9 482.817291259766
275.8 16.0340843200684
275.9 78.703483581543
276.1 88.9657821655273
276.2 29.2297763824463
276.4 20.941427230835
276.9 184.913208007813
277.1 741.987670898438
277.9 45.1082077026367
278.0 320.4638671875
278.2 130.331314086914
279.0 242.156341552734
279.1 93.8368072509766
279.3 25.0224666595459
280.0 156.61833190918
280.1 578.595336914063
280.7 47.0950202941895
280.9 19.3827743530273
281.0 84.2648086547852
281.1 231.827392578125
281.9 25.9368953704834
282.0 31.6010131835938
282.2 41.7356033325195
282.7 15.4656352996826
282.9 31.1316299438477
282.9 71.426513671875
283.1 47.7698059082031
284.0 12.5020608901978
284.1 11.4886140823364
284.9 502.290405273438
285.9 158.913772583008
286.1 23.9381046295166
286.3 11.1151943206787
286.7 11.7293815612793
286.9 95.3604736328125
287.1 83.0390472412109
287.8 48.2468681335449
288.0 29.4689388275146
288.1 73.7685775756836
288.9 431.235748291016
289.1 358.546875
289.9 239.379776000977
290.0 2.1630859375
290.9 139.708877563477
291.1 90.2536010742188
291.7 12.1677646636963
291.9 35.5251235961914
292.0 150.351348876953
292.1 95.6545562744141
292.8 101.701538085938
293.0 192.1865234375
294.1 28005.5234375
295.1 6334.1552734375
296.0 274.8681640625
296.1 447.305114746094
296.2 69.6255035400391
296.7 40.9569320678711
296.9 166.009765625
297.1 200.770355224609
297.7 12.5702962875366
297.9 50.4716911315918
298.0 135.842712402344
298.8 90.4094085693359
299.0 262.409088134766
299.2 71.8388824462891
299.8 14.0837373733521
300.0 70.8606491088867
300.3 11.4211044311523
300.8 47.1849212646484
301.0 56.3969802856445
301.1 44.5622787475586
301.9 26.5940093994141
302.1 22.5107460021973
302.8 63.8233222961426
302.9 128.466278076172
303.1 66.4883117675781
303.8 32.2359008789063
304.1 528.637268066406
304.1 422.378570556641
304.8 29.023416519165
305.0 323.110229492188
305.1 825.620483398438
305.9 100.155654907227
306.1 1066.48107910156
306.9 15.5146036148071
307.0 741.677734375
307.3 9.78912544250488
307.9 77.0519790649414
308.0 100.809677124023
308.1 1905.31604003906
308.9 16.339672088623
309.0 158.341918945313
309.1 705.609924316406
310.0 14.1272411346436
310.1 21.3414344787598
310.3 11.0449914932251
310.9 125.059547424316
311.1 176.324859619141
311.2 32.5255546569824
312.0 73.0856781005859
312.2 23.9642639160156
313.0 75.7992553710938
313.1 146.158172607422
313.2 137.785522460938
314.0 142.149765014648
314.1 7436.8330078125
315.1 1535.80847167969
315.2 260.162872314453
316.0 51.7880439758301
316.1 2645.76611328125
316.9 41.9333267211914
317.0 467.126220703125
317.2 70.464714050293
317.3 74.0215454101563
318.0 42.7032089233398
318.1 117.06095123291
319.0 50.7965621948242
319.0 70.2006988525391
319.2 164.475692749023
320.1 122.74885559082
321.0 69.9823837280273
321.1 32.8990135192871
321.3 102.879898071289
321.5 11.090126991272
322.0 44.8036460876465
322.2 143.964965820313
323.1 12.6296319961548
323.2 9.74199390411377
323.9 12.3142147064209
324.0 41.6897659301758
324.1 58.4894218444824
324.2 42.0226211547852
324.8 10.1472263336182
325.1 13.2121667861938
326.0 35.7615966796875
326.1 11.7545404434204
326.2 40.841178894043
326.9 27.8014297485352
327.1 28.9821929931641
327.2 12.5128364562988
327.9 16.0937824249268
328.0 138.233459472656
328.1 132.85627746582
328.6 16.2669811248779
329.1 167.617324829102
329.9 25.1026401519775
330.1 743.193725585938
330.2 34.8229637145996
330.8 12.52321434021
331.0 176.443252563477
331.2 156.759292602539
331.9 21.4338626861572
332.0 144.867279052734
332.1 163.985473632813
332.9 42.8404960632324
333.0 77.8651885986328
333.1 40.913631439209
334.1 75.9810943603516
334.8 19.3679828643799
335.0 98.2628707885742
335.2 106.925933837891
335.9 47.4639205932617
336.1 118.721588134766
336.2 103.949668884277
336.4 12.7014036178589
337.0 104.279762268066
337.1 68.9956970214844
337.2 51.2873840332031
338.0 31.3893661499023
338.3 13.8117628097534
338.9 17.9358425140381
339.1 92.4038009643555
341.0 77.8751068115234
341.1 73.0091247558594
342.0 114.13939666748
342.1 7944.73876953125
342.9 35.6613349914551
343.1 1778.14953613281
343.2 123.640716552734
344.1 749.822509765625
344.1 2256.357421875
344.9 19.9479427337646
345.0 225.750213623047
345.1 486.893981933594
345.2 16.361608505249
345.9 22.8801689147949
346.1 140.440811157227
347.0 37.7843322753906
348.8 43.1414489746094
349.0 53.0595970153809
349.2 13.0036907196045
350.0 23.671781539917
350.8 20.2956314086914
350.9 9.85480690002441
351.2 11.6991872787476
351.8 10.0561170578003
353.0 128.566986083984
353.1 232.227478027344
353.3 9.68964862823486
354.2 6184.75048828125
355.1 1421.09887695313
355.2 637.635375976563
356.2 3608.08227539063
356.9 30.0363712310791
357.1 741.10986328125
357.2 412.698120117188
358.1 430.010437011719
358.2 543.757507324219
358.3 12.1433067321777
359.1 237.214782714844
359.9 12.5247611999512
360.1 202.766616821289
360.3 21.3718395233154
360.8 13.7049198150635
361.1 10.7585849761963
362.2 93.0631103515625
362.4 9.90180110931396
362.9 18.2615718841553
363.0 13.3050012588501
363.2 98.2754592895508
363.3 79.5801467895508
363.9 11.7512464523315
364.1 222.676635742188
364.2 100.961151123047
364.4 95.6576080322266
364.9 25.3851509094238
365.1 68.7573928833008
365.3 61.9087142944336
366.1 24.3599243164063
367.0 84.044792175293
369.9 47.4878616333008
370.1 243.35693359375
370.2 530.215942382813
371.2 18693.17578125
372.2 5099.513671875
373.2 6864.904296875
374.0 27.7359466552734
374.2 1356.75622558594
374.3 304.786651611328
375.0 40.806510925293
375.2 100.802322387695
375.3 39.339054107666
376.0 14.0039958953857
381.9 28.3960418701172
382.1 36.2022895812988
382.2 44.5128402709961
382.4 14.0301961898804
383.2 13.6754341125488
383.9 39.1890869140625
384.1 53.0525817871094
384.2 77.6159286499023
386.2 28.2418670654297
398.1 90.0252075195313
398.2 458.434875488281
398.4 28.5011234283447
399.2 9660.1162109375
399.3 2090.23291015625
400.1 53.8801498413086
400.2 3077.46801757813
401.0 19.785758972168
401.2 2598.12670898438
401.2 1645.01538085938
402.1 262.863311767578
402.2 467.164031982422
402.3 343.187744140625
403.1 30.1426086425781
403.2 59.1010932922363
