#"+EI Scan (rt: 6.846-6.939 min, 17 scans) R4M5.D  Subtract "
#Point,X(Thompsons),Y(Counts)
40.1 217.35969543457
41.1 8763.125
41.9 15.1445007324219
42.0 1069.27197265625
42.2 78.1205520629883
43.0 1644.51220703125
44.0 577.503051757813
44.8 14.8112106323242
45.0 25.7198028564453
45.1 49.8426055908203
45.8 16.3312015533447
46.8 42.1593627929688
47.1 56.6172981262207
48.8 21.9116172790527
48.9 217.340194702148
49.0 172.553253173828
49.8 26.934061050415
49.9 168.155517578125
50.0 33.8392066955566
50.2 30.7960033416748
51.0 239.178848266602
51.1 408.469512939453
51.8 13.2235555648804
51.9 120.835632324219
52.0 285.285461425781
52.9 62.4782333374023
53.0 1637.3046875
54.0 444.147613525391
54.1 509.960815429688
55.0 3654.99658203125
56.1 969.491027832031
57.0 918.278076171875
57.9 32.2014389038086
58.1 765.533142089844
59.0 1067.4638671875
60.0 124.562484741211
60.1 19.1833305358887
60.9 39.3999328613281
61.0 84.5299530029297
61.7 3.26228737831116
61.9 132.429077148438
62.0 145.535430908203
63.0 1237.6708984375
63.1 130.6044921875
63.8 6.68140411376953
64.0 304.563781738281
64.1 32.2279281616211
64.9 216.937408447266
65.0 1731.45544433594
66.0 1095.99633789063
66.1 45.450008392334
67.0 2.06379699707031
67.0 4551.19482421875
68.0 246.296478271484
68.1 681.957885742188
69.1 5524.83642578125
69.9 41.4976654052734
70.0 171.848495483398
70.1 498.081237792969
70.9 12.9583749771118
71.1 96.3745498657227
71.9 25.7541465759277
72.2 7.80426263809204
73.0 601.4638671875
74.0 39.0561981201172
74.1 99.8557586669922
74.9 656.002563476563
75.0 58.5177001953125
75.9 364.564117431641
76.0 858.671142578125
77.0 7798.4931640625
78.0 2600.72802734375
79.0 8151.76220703125
80.0 976.898742675781
80.1 919.339172363281
81.0 2487.07861328125
81.9 73.0766448974609
82.0 596.776672363281
82.9 5.59218597412109
83.0 154.759338378906
83.6 8.91763496398926
83.9 6.55371475219727
84.0 24.9951553344727
84.1 13.3808689117432
84.5 9.99562644958496
85.0 148.0869140625
85.9 17.8844757080078
86.7 7.14956855773926
86.9 8.62418174743652
87.0 200.53369140625
87.1 36.75048828125
88.0 1538.98303222656
88.1 623.435607910156
89.0 2043.11413574219
89.1 250.561096191406
90.0 4766.7470703125
91.0 8333.36328125
92.1 6731.94384765625
93.1 11327.4033203125
94.1 6126.0107421875
94.8 10.5815620422363
95.0 1093.13024902344
95.1 125.570892333984
96.0 355.579772949219
96.1 169.001998901367
97.0 193.773864746094
98.0 46.7504348754883
98.8 10.8575849533081
99.0 9.76724052429199
99.1 26.9359188079834
100.0 26.7397727966309
100.9 38.6363983154297
101.0 215.342620849609
101.1 35.6148223876953
102.0 2772.81469726563
103.0 7248.1064453125
103.9 69.7981109619141
104.0 2862.59326171875
105.0 1960.46740722656
105.1 399.935516357422
105.8 65.7229156494141
106.0 1551.71350097656
107.1 2551.27978515625
108.0 36.0125007629395
108.1 2719.75341796875
109.0 1621.90270996094
109.8 15.3449935913086
109.9 102.647514343262
110.0 170.803588867188
111.0 139.412033081055
111.2 22.7099952697754
111.7 41.4098358154297
111.9 10.6731872558594
113.0 81.2158432006836
113.8 20.6981029510498
113.9 83.2512054443359
114.0 60.6684455871582
114.9 345.273559570313
115.1 369.433837890625
115.9 135.637344360352
116.0 396.386047363281
116.1 369.140686035156
116.9 66.2677612304688
117.0 2974.28466796875
117.8 7.85390567779541
118.0 889.232971191406
118.1 381.4697265625
119.0 1603.30407714844
119.9 185.251525878906
120.0 901.74365234375
120.7 14.6035041809082
121.0 297.868835449219
121.1 208.607604980469
121.9 26.0362186431885
122.0 181.638473510742
122.7 7.82385063171387
122.8 23.5102844238281
122.9 101.731842041016
123.1 11.3515357971191
123.7 25.3796310424805
123.8 39.7144737243652
124.0 18.6180019378662
124.1 15.2808475494385
124.3 10.8836183547974
124.5 14.8007020950317
124.7 16.7833061218262
124.8 95.1568374633789
124.9 1.03726196289063
125.1 87.464485168457
125.2 99.3490982055664
125.5 243.991012573242
125.6 194.994201660156
125.9 9.12669372558594
126.2 37.1700897216797
126.7 5.28343200683594
126.9 335.252075195313
127.1 56.8313255310059
127.7 37.8711776733398
127.9 20.2226142883301
128.0 582.172729492188
128.1 103.12858581543
129.0 3889.93603515625
129.9 28.7636585235596
130.0 3016.79174804688
131.0 13049.71484375
131.8 11.7629165649414
132.0 1993.2412109375
132.8 69.1474304199219
133.0 411.912994384766
133.1 634.049438476563
133.8 32.2797088623047
134.0 236.533630371094
134.1 1098.17858886719
135.1 9463.34375
136.1 2754.62548828125
137.0 3261.689453125
138.0 254.742828369141
138.9 94.8295288085938
139.0 258.612243652344
139.8 30.933687210083
139.9 26.0375957489014
140.0 142.071701049805
140.3 12.5529890060425
141.0 670.945129394531
141.9 90.0422973632813
142.0 195.7548828125
142.1 72.0417785644531
143.0 730.798095703125
143.0 366.875152587891
144.0 1422.13305664063
144.1 715.810729980469
145.0 31541
146.0 3349.54565429688
146.8 192.935287475586
147.0 68.7351455688477
147.1 158.899291992188
147.8 94.6850204467773
148.0 173.179962158203
148.2 107.500114440918
148.9 39.0187835693359
149.1 540.699768066406
149.2 214.292297363281
150.1 18478.1953125
151.1 2514.10571289063
151.2 96.1586685180664
151.9 135.553771972656
152.1 138.467269897461
152.2 16.6985664367676
152.8 171.762664794922
153.0 42.330207824707
153.4 9.22005558013916
153.5 12.5652675628662
153.8 26.0282459259033
153.9 48.9673233032227
154.0 130.435089111328
155.0 896.614074707031
156.0 1632.65466308594
156.1 58.7180328369141
157.0 582.37109375
157.1 803.327331542969
157.8 1.53400421142578
158.0 1152.43029785156
158.2 27.4653282165527
159.0 1229.0380859375
159.9 467.129089355469
160.2 21.4146366119385
161.0 656.269836425781
161.8 15.9714212417603
162.0 65.905632019043
162.1 45.0920028686523
162.9 512.840576171875
164.0 55.6610107421875
164.1 34.40283203125
164.9 317.787963867188
165.0 166.534194946289
165.1 29.9651260375977
165.8 22.5098571777344
166.0 111.401077270508
166.1 33.9617691040039
167.0 519.05224609375
167.1 43.3968849182129
168.0 220.227966308594
168.1 78.1455230712891
169.0 406.306976318359
169.1 133.70329284668
169.9 24.8397541046143
170.0 311.700286865234
170.1 165.200775146484
171.0 2056.25561523438
171.8 39.7428398132324
172.0 92.9149322509766
172.1 310.442504882813
172.8 89.162109375
173.0 116.123168945313
173.1 82.1893463134766
173.9 63.8463554382324
174.0 3591.37866210938
174.9 56.0078468322754
175.0 409.468170166016
175.1 623.357543945313
175.9 139.604370117188
176.1 51.5974998474121
176.8 21.7934513092041
176.9 41.7514610290527
177.0 60.1804847717285
177.9 39.8754272460938
178.0 1.08831882476807
178.2 23.8565998077393
178.6 11.9617557525635
178.8 61.083423614502
178.9 25.4198684692383
179.0 63.2656631469727
179.9 80.3952026367188
180.0 26.5583915710449
180.1 16.8546600341797
180.8 32.4292755126953
180.9 228.668960571289
181.8 51.5401573181152
182.0 149.513931274414
182.1 63.7942962646484
182.8 35.2466812133789
183.0 114.951873779297
183.1 188.273315429688
183.9 120.615051269531
184.0 176.696884155273
184.1 64.5953826904297
184.3 14.9560871124268
185.0 1722.18957519531
185.8 68.7369537353516
186.0 501.302795410156
186.2 112.859390258789
187.0 487.518218994141
187.1 44.17041015625
187.9 34.1841506958008
188.0 20.7056140899658
188.1 5.17553281784058
188.6 13.4432783126831
188.9 34.4886360168457
189.0 66.091926574707
190.8 294.712554931641
191.0 91.4142761230469
191.8 38.0924377441406
191.9 53.6718215942383
192.0 23.1720752716064
192.1 60.6694259643555
192.9 550.327209472656
193.0 447.572143554688
193.7 13.8083229064941
193.8 98.2201843261719
194.0 86.4237670898438
194.9 631.434448242188
195.7 14.9571094512939
195.9 190.779571533203
196.0 45.2677116394043
196.9 387.966186523438
197.8 13.7813062667847
198.0 56.8437957763672
198.1 155.823089599609
198.9 377.562469482422
199.0 398.196685791016
199.7 1.56502342224121
199.8 54.7345161437988
200.0 168.610565185547
200.1 82.5108032226563
200.2 15.3421077728271
200.6 13.5885562896729
201.0 167.50016784668
202.0 149.863494873047
202.1 90.8025665283203
202.7 3.72298431396484
202.9 88.6148529052734
203.0 39.3015518188477
203.8 8.7595386505127
204.1 6.15476274490356
204.6 21.4057769775391
204.8 38.5687561035156
205.4 10.3995246887207
205.9 40.0571784973145
206.1 24.8215789794922
206.2 17.0473022460938
206.8 45.1031532287598
207.0 260.099548339844
207.9 112.311088562012
208.0 89.2143096923828
208.2 5.13235569000244
209.0 178.814208984375
209.1 94.3318099975586
209.8 45.747875213623
210.0 88.9438171386719
210.1 61.4675025939941
211.0 921.460693359375
212.0 699.81005859375
213.1 7373.92919921875
214.0 827.838623046875
214.1 248.488662719727
215.0 1903.5380859375
216.0 651.626220703125
216.9 82.3429870605469
217.0 371.048797607422
217.7 31.6926460266113
218.0 30.6029739379883
218.9 1284.34997558594
219.9 244.399703979492
220.9 392.01416015625
221.0 173.522552490234
221.9 98.3157196044922
222.0 125.11873626709
222.2 13.5869884490967
223.0 1285.5810546875
223.9 65.749626159668
224.0 151.437316894531
224.1 106.870254516602
224.6 11.9803075790405
224.9 128.744583129883
225.0 209.073348999023
225.2 151.473693847656
225.9 30.567928314209
226.0 56.1914138793945
226.6 13.0575304031372
226.7 43.9352340698242
226.9 33.7527008056641
227.0 32.4200439453125
227.9 9.53011798858643
228.0 48.1009674072266
228.1 55.667854309082
228.4 10.7088661193848
229.0 184.415435791016
229.9 73.1412734985352
230.0 131.149063110352
230.1 131.9794921875
230.7 2.87700653076172
230.8 41.2526245117188
231.0 10.4063625335693
231.1 24.6325836181641
231.8 9.63908195495605
231.9 34.4856185913086
232.0 44.9210891723633
232.2 15.5185022354126
233.0 603.6513671875
234.0 261.619201660156
235.0 127.296752929688
235.1 322.870361328125
236.1 3111.345703125
237.0 1602.7392578125
238.0 1985.40625
238.8 55.551887512207
239.0 328.572540283203
239.1 70.340202331543
239.7 4.80782127380371
240.0 118.649543762207
241.0 148.280075073242
241.7 7.03263378143311
241.9 65.3865280151367
242.1 76.9626235961914
242.1 188.309051513672
242.8 92.2862548828125
243.0 69.3037185668945
244.2 12.3790807723999
244.5 8.98137092590332
244.9 35.0567779541016
245.0 63.8721694946289
245.7 9.47423839569092
245.8 24.7922401428223
246.0 31.2788524627686
246.1 17.361909866333
246.3 20.7207183837891
246.9 91.222541809082
247.0 229.074249267578
247.0 112.085594177246
247.9 77.7912521362305
248.0 351.114074707031
249.1 30210.33203125
250.1 4908.9287109375
251.1 5490.3544921875
251.1 4816.31640625
251.9 33.4852867126465
252.0 643.09521484375
252.1 890.232055664063
252.7 19.7574939727783
253.1 152.584518432617
253.9 32.7452774047852
254.1 48.1415939331055
254.2 10.821870803833
254.8 29.8962001800537
254.9 25.8715362548828
255.1 30.5236377716064
256.1 37.4785804748535
256.8 18.1872978210449
257.0 76.2243576049805
257.1 28.0928707122803
258.9 0.0215835571289063
259.0 9.07187080383301
260.7 10.8074016571045
260.9 97.7964019775391
261.8 13.0706853866577
262.1 9.68182182312012
263.0 150.35612487793
263.2 210.711059570313
263.9 52.660701751709
264.0 264.01171875
264.1 73.660026550293
264.9 11.9724960327148
265.0 189.444931030273
265.1 772.120544433594
265.9 27.0718193054199
266.0 193.697036743164
266.1 328.547485351563
266.2 43.8422508239746
266.8 14.1631393432617
267.0 140.888519287109
267.1 66.3116683959961
268.0 55.3602561950684
268.2 12.3004512786865
268.5 11.1200580596924
268.7 9.96815204620361
268.8 36.1020851135254
269.0 16.6913528442383
269.1 74.040153503418
270.0 59.0341911315918
270.2 28.2144012451172
270.5 9.62582302093506
270.6 10.6900949478149
270.9 58.7611694335938
271.0 46.0577697753906
271.7 20.1569290161133
271.8 17.8788280487061
272.0 29.0989074707031
272.9 175.736587524414
273.0 51.1843185424805
273.7 8.07256889343262
273.8 80.6258316040039
274.1 10.2071838378906
275.0 212.252334594727
275.0 23.2557964324951
275.2 63.7000389099121
275.7 10.7349309921265
275.9 81.7359619140625
276.0 71.6331634521484
276.9 110.148101806641
277.1 289.384429931641
277.2 59.2428550720215
278.0 106.204818725586
278.1 358.396240234375
278.3 31.560697555542
278.6 12.5988178253174
278.9 99.6519927978516
279.0 204.012603759766
279.9 88.7694702148438
280.1 275.845550537109
280.2 95.7546157836914
280.8 11.9747409820557
281.0 17.9206771850586
281.1 119.10302734375
281.9 9.52864551544189
282.1 42.8943214416504
282.3 11.3753089904785
282.9 17.7549228668213
282.9 1.61942291259766
283.1 16.1740951538086
284.0 23.453197479248
284.3 10.8990077972412
285.0 96.1392822265625
285.1 49.7765121459961
285.6 19.5326862335205
285.8 66.757453918457
286.0 86.5750961303711
286.2 16.436336517334
286.9 42.0428695678711
287.1 78.3818054199219
287.2 13.9994344711304
288.0 149.823135375977
288.9 264.195037841797
289.0 27.9905090332031
289.8 39.1059494018555
290.0 129.240798950195
290.8 118.655395507813
291.0 13.0608139038086
291.9 65.1662750244141
292.0 25.3298301696777
292.2 12.6622819900513
292.9 519.518920898438
293.1 61.7767753601074
294.1 20158.38671875
295.1 4529.09912109375
295.2 60.5646057128906
295.8 14.5452709197998
295.9 181.672775268555
296.1 339.330871582031
296.3 34.7315292358398
296.8 2.25277709960938
297.0 96.1422424316406
297.1 16.9242782592773
297.8 56.5501174926758
298.0 46.3538818359375
299.0 93.7577209472656
299.1 200.564666748047
300.0 53.5028343200684
301.0 88.5109634399414
301.1 0.999685287475586
301.2 10.0826873779297
301.8 19.9232177734375
302.1 9.66708564758301
302.8 29.8676605224609
303.0 123.93408203125
303.1 16.6773738861084
303.8 19.9323043823242
304.0 64.9300003051758
304.1 246.82405090332
304.2 346.033599853516
304.9 9.7814998626709
305.0 313.094940185547
305.1 671.454284667969
305.8 13.1537485122681
306.1 794.755615234375
306.3 61.1883888244629
306.8 37.5436134338379
306.9 50.5431747436523
307.1 403.343505859375
308.1 895.594543457031
308.2 608.60693359375
309.0 99.1982040405273
309.1 320.729278564453
309.2 184.080825805664
309.9 10.2558107376099
310.0 46.3895492553711
310.1 30.8721561431885
310.2 21.1330375671387
310.9 53.9162521362305
311.0 24.2549133300781
311.1 42.1177444458008
311.9 32.5448112487793
312.8 20.8139457702637
312.9 24.065315246582
313.0 140.584762573242
313.2 55.1057434082031
314.0 125.87931060791
314.1 5250.47265625
315.1 1200.21545410156
315.2 234.243835449219
315.9 42.463623046875
316.1 415.504577636719
316.1 1202.92980957031
316.2 149.65625
317.1 445.988403320313
317.2 129.17854309082
318.0 121.602249145508
318.2 47.0619201660156
318.9 15.8894777297974
319.1 21.0854873657227
319.2 151.874557495117
319.9 15.7924480438232
320.2 77.056510925293
320.3 30.5469932556152
320.9 9.32705307006836
321.1 116.04810333252
321.9 21.8867149353027
322.1 23.8783721923828
322.2 26.7745037078857
323.9 12.7780570983887
324.0 10.9706087112427
324.1 5.61338806152344
325.0 22.8911170959473
325.9 12.0444173812866
327.0 19.4068946838379
327.2 9.55465602874756
328.0 17.9226703643799
328.1 148.418121337891
328.2 65.2309112548828
329.1 68.7025299072266
329.2 36.0976829528809
329.7 9.75554466247559
330.0 168.826400756836
330.1 392.802490234375
330.3 26.3654308319092
330.8 48.293025970459
331.0 58.4488677978516
331.2 197.131683349609
331.9 102.586845397949
332.1 72.3053512573242
332.2 40.2702560424805
332.7 19.6854476928711
332.9 78.7700347900391
333.1 37.9602355957031
334.0 23.0554981231689
334.1 79.540397644043
335.1 53.3681335449219
335.2 113.008209228516
335.4 11.3789482116699
335.9 20.905481338501
336.2 181.367218017578
336.9 9.78592777252197
337.0 134.876373291016
337.2 16.1614875793457
337.3 62.8586196899414
338.1 9.60143756866455
338.2 10.5322999954224
338.9 20.4728889465332
340.1 9.56823921203613
341.1 43.7177734375
342.1 5583.21435546875
342.9 20.8597011566162
343.1 1303.3505859375
343.2 12.861291885376
343.7 10.7792339324951
344.0 225.28564453125
344.1 1323.07348632813
344.2 568.651245117188
344.9 15.1346759796143
345.0 375.469421386719
345.1 172.805603027344
345.8 9.5935001373291
346.1 51.7515106201172
346.4 22.0323848724365
347.1 14.6857833862305
348.0 12.7342824935913
348.8 38.341911315918
348.9 5.75578498840332
349.0 77.0483474731445
350.1 10.3472929000854
350.8 24.8133983612061
351.0 10.9818201065063
352.7 12.2706747055054
352.8 7.67302703857422
353.0 27.0294208526611
353.1 221.184753417969
353.3 15.7747135162354
354.2 4694.548828125
355.1 567.7685546875
355.2 1203.88879394531
356.2 1731.97875976563
356.2 879.254821777344
357.0 125.429618835449
357.2 561.405822753906
357.3 58.667179107666
358.0 62.3277931213379
358.1 670.624450683594
358.3 87.2762069702148
359.0 61.571949005127
359.1 116.363525390625
359.3 15.0290403366089
359.9 46.5401420593262
360.0 67.7010269165039
360.2 40.573486328125
360.9 9.9557580947876
362.1 59.1982841491699
362.2 10.8316583633423
362.9 5.79205656051636
363.0 27.4901351928711
363.1 73.2079467773438
363.2 19.056510925293
363.3 24.6394157409668
364.0 55.9863662719727
364.2 214.597137451172
364.3 40.6669692993164
364.8 9.8299503326416
365.1 72.2311325073242
365.3 50.1728363037109
366.7 8.88662433624268
366.9 9.36594009399414
368.9 9.60932064056396
369.9 26.559362411499
370.1 235.766052246094
370.2 276.333099365234
370.3 24.6695671081543
371.2 13880.0498046875
372.2 3573.86254882813
373.2 2884.58544921875
373.2 1887.98950195313
374.1 209.42692565918
374.2 971.268127441406
375.0 27.6856155395508
375.2 117.830108642578
377.0 6.33280563354492
382.0 39.1694183349609
382.9 13.0475387573242
383.0 10.9778308868408
383.8 13.148796081543
384.0 47.2507934570313
384.2 9.79935264587402
384.4 10.0108118057251
385.0 27.9006633758545
386.1 9.63871002197266
398.0 181.193374633789
398.2 301.913848876953
399.0 85.6542205810547
399.1 544.803833007813
399.2 7801.67724609375
400.1 681.650634765625
400.2 1583.34130859375
401.0 34.1748962402344
401.2 2702.52026367188
401.3 29.39231300354
401.9 64.9546051025391
402.1 393.433929443359
402.2 391.441070556641
403.2 48.7037200927734
403.4 10.2303819656372
