#"+EI Scan (rt: 6.852-6.945 min, 17 scans) R1M5.D  Subtract "
#Point,X(Thompsons),Y(Counts)
40.1 380.309753417969
41.1 10501.4189453125
42.0 1251.75366210938
43.0 866.686462402344
43.1 1210.87255859375
44.0 605.895874023438
44.8 50.6361198425293
44.9 15.2500915527344
46.1 23.825138092041
46.9 362.664337158203
48.9 238.496932983398
49.0 200.978546142578
49.1 45.8207893371582
49.9 116.173187255859
50.0 156.453201293945
51.0 954.823120117188
51.9 50.1565742492676
52.0 227.736526489258
52.1 157.366241455078
53.0 2132.91357421875
53.9 71.3379745483398
54.0 996.339965820313
55.0 4316.1953125
56.0 435.233337402344
56.1 558.897216796875
57.0 940.422302246094
57.9 101.293502807617
58.1 1042.27685546875
59.0 1675.8896484375
60.0 47.653564453125
60.1 84.0599670410156
60.9 85.2410583496094
61.0 25.312313079834
61.8 17.3262329101563
62.0 414.836059570313
62.2 12.5734405517578
63.0 1551.8974609375
63.9 143.37239074707
64.0 312.195220947266
64.2 16.9676380157471
65.0 2095.32055664063
66.0 1291.466796875
66.2 17.1984748840332
67.1 6037.2099609375
67.9 10.8840045928955
68.1 1097.0791015625
69.1 6890.7197265625
70.0 643.936889648438
70.1 204.253814697266
70.8 7.90109634399414
70.9 73.1829833984375
71.1 72.3040084838867
71.2 9.83810710906982
71.9 4.77165699005127
72.0 50.5571594238281
73.0 1097.62963867188
74.0 79.0026931762695
74.1 93.4155502319336
75.0 997.261047363281
76.0 716.428283691406
76.1 703.381225585938
77.0 10799.78125
78.0 3399.099609375
79.0 9744.875
80.0 2361.90063476563
81.0 2944.8916015625
82.0 563.399475097656
82.1 394.502624511719
83.0 314.755828857422
83.1 29.4776020050049
83.8 18.0674514770508
84.0 50.8263511657715
84.2 18.7574024200439
84.7 14.0506553649902
85.0 127.619155883789
85.1 96.0155487060547
85.9 57.7298812866211
86.1 50.8959655761719
87.0 283.344635009766
87.1 112.455093383789
87.9 421.996520996094
88.0 2428.361328125
89.0 3474.49340820313
90.0 6397.92822265625
91.0 837.959716796875
91.1 9330.0263671875
92.1 8466.587890625
93.0 14550.513671875
94.0 8089.25146484375
95.0 1137.3251953125
95.1 431.924652099609
95.9 22.2496337890625
96.0 463.247619628906
97.0 51.2627716064453
97.1 175.329956054688
98.0 80.3615646362305
98.2 6.48335218429565
98.7 11.1966323852539
98.9 18.9209289550781
99.0 67.9366226196289
99.1 21.4314556121826
99.7 9.18705940246582
100.0 11.7206220626831
100.1 24.571310043335
100.7 34.0218048095703
100.9 42.6039390563965
101.0 285.7509765625
101.1 45.2557983398438
101.9 135.537628173828
102.0 3361.55859375
103.0 9092.0634765625
103.9 118.421005249023
104.0 3770.06689453125
105.0 3139.13232421875
106.1 2020.17651367188
106.9 253.434875488281
107.0 3022.92822265625
108.1 3478.45532226563
109.0 2231.5849609375
110.0 150.768280029297
110.1 294.855560302734
110.8 44.2343368530273
111.0 78.5775146484375
111.7 54.5188865661621
112.8 43.4330825805664
112.9 31.8026580810547
113.0 29.8255004882813
113.1 21.369873046875
113.8 15.3183937072754
113.9 88.3682174682617
114.1 12.5566959381104
114.9 740.601684570313
115.1 199.546035766602
115.9 0.116783142089844
116.0 1051.11633300781
116.1 85.8290710449219
117.0 4535.404296875
117.7 12.9721927642822
118.0 908.761901855469
118.1 777.961059570313
119.0 2230.61767578125
119.9 355.067443847656
120.0 969.821350097656
120.8 37.5060043334961
121.0 473.202667236328
121.2 48.1720771789551
121.9 56.9535598754883
122.0 401.053741455078
122.6 23.0577602386475
122.9 77.5403900146484
123.1 177.187896728516
123.8 4.90134906768799
123.9 12.1371650695801
124.0 81.852897644043
124.2 35.0334815979004
124.8 110.421592712402
124.9 9.00199890136719
125.1 172.730987548828
125.3 152.217437744141
125.4 136.908294677734
125.6 264.211120605469
125.8 41.0330543518066
125.9 54.284236907959
126.0 68.007438659668
126.2 21.4262027740479
126.3 31.4334716796875
126.9 153.646713256836
127.0 344.306060791016
127.9 151.738037109375
128.0 525.814880371094
128.1 196.390869140625
129.0 4799.5947265625
129.9 44.732292175293
130.0 4102.958984375
131.0 17888.681640625
132.0 2285.76513671875
132.1 600.100646972656
133.0 672.190673828125
133.1 820.921813964844
134.0 1614.18713378906
134.2 54.222972869873
135.1 12617.2890625
136.1 3751.87280273438
137.0 5466.30859375
138.0 565.979675292969
139.0 610.665283203125
139.9 205.392837524414
140.0 3.16617584228516
140.1 33.1681594848633
141.0 539.026916503906
141.9 46.1626739501953
142.0 321.891235351563
142.1 269.017700195313
142.9 369.972747802734
143.0 1036.74682617188
143.8 21.7034645080566
144.0 2770.04833984375
145.0 42792.32421875
146.0 4384.87158203125
146.9 5.82622528076172
147.0 384.525604248047
147.1 170.470092773438
147.9 80.6122131347656
148.1 155.279876708984
148.2 215.424453735352
148.7 21.1312942504883
148.9 2.92887115478516
149.1 980.166748046875
149.2 54.8492431640625
150.1 24711.6484375
151.1 3441.6376953125
151.9 82.3675842285156
152.1 307.697357177734
152.8 9.38320922851563
153.0 60.8182373046875
153.1 117.458938598633
153.8 46.5956878662109
154.1 388.274017333984
155.0 1077.50634765625
156.0 2040.33081054688
157.0 1976.01440429688
158.0 205.854766845703
158.0 1569.95178222656
159.0 1793.4775390625
160.0 584.369995117188
160.9 558.66259765625
161.0 131.233200073242
161.9 134.090118408203
162.1 28.5884056091309
163.0 396.232086181641
163.7 1.88706970214844
163.9 8.09679412841797
164.0 86.5690689086914
164.1 31.6104316711426
165.0 772.57275390625
165.1 29.8232269287109
165.8 43.2429618835449
166.0 66.1042022705078
166.1 48.0371742248535
166.9 592.062622070313
167.8 3.91232109069824
167.9 342.081695556641
168.0 41.6573715209961
168.2 33.1040496826172
169.0 528.023376464844
169.1 266.837188720703
169.9 178.448959350586
170.1 388.369415283203
170.2 52.9072341918945
170.3 9.51400375366211
171.0 2474.71557617188
171.6 9.205735206604
171.9 37.6957130432129
172.0 578.099914550781
172.1 24.1039867401123
172.2 26.6942977905273
172.8 54.6010284423828
172.9 238.822250366211
173.1 111.971717834473
174.0 4466.36181640625
175.0 1458.04760742188
175.9 48.9281921386719
176.0 183.351287841797
176.8 98.0317535400391
177.0 96.4323120117188
177.1 9.71973133087158
177.8 35.5570907592773
178.0 66.9026947021484
178.2 23.0302982330322
178.7 3.74239492416382
178.8 9.90152931213379
178.9 81.1704254150391
179.0 43.5062141418457
179.3 12.0500659942627
179.7 7.75862407684326
179.8 107.68253326416
180.0 40.1087608337402
180.1 67.1804275512695
180.9 305.125091552734
181.0 16.3775939941406
182.0 235.564193725586
182.1 101.371154785156
182.2 30.7639007568359
183.0 166.40022277832
183.1 355.390594482422
183.8 21.01979637146
184.0 134.358489990234
184.1 257.716705322266
184.2 30.7641925811768
185.0 2657.25439453125
185.8 11.365592956543
186.0 398.423400878906
186.1 608.100524902344
187.0 738.141296386719
187.8 32.6262130737305
187.9 23.2397270202637
188.0 95.3683471679688
188.1 33.288013458252
188.9 132.883773803711
189.8 11.3180494308472
190.9 258.83935546875
191.8 44.0256195068359
192.0 165.064575195313
193.0 1105.88940429688
193.0 347.116333007813
193.7 24.4648895263672
193.9 126.032363891602
194.0 130.02880859375
194.3 11.3582649230957
195.0 703.669921875
195.8 27.3946990966797
196.0 138.315048217773
196.2 20.9268188476563
196.8 55.2852745056152
197.0 245.548736572266
197.9 47.8988227844238
197.9 112.394638061523
198.1 129.416702270508
199.0 1144.005859375
199.1 81.5118103027344
199.9 194.392639160156
200.1 250.695739746094
200.9 147.047973632813
201.1 110.074340820313
201.9 70.0006256103516
202.0 124.751571655273
202.3 24.4863224029541
202.5 14.9091949462891
202.8 5.29843139648438
203.0 103.547592163086
204.0 48.4404067993164
204.7 2.03374481201172
204.9 143.376113891602
205.2 9.99007606506348
205.7 7.19116544723511
205.9 72.6353607177734
206.1 49.0027694702148
207.0 630.514404296875
207.9 62.0035552978516
208.0 79.6978988647461
208.1 108.781913757324
208.6 10.6295890808105
209.0 177.384857177734
209.3 10.6893501281738
209.9 22.6411933898926
210.1 312.330718994141
211.0 1086.787109375
212.0 408.499908447266
212.1 81.2766342163086
213.1 9913.9931640625
214.0 1669.8125
215.0 2616.201171875
216.0 465.277160644531
216.9 211.273696899414
217.0 40.9283447265625
217.8 43.0833473205566
217.9 61.9653091430664
218.0 31.6893196105957
218.9 520.5283203125
219.9 207.871597290039
220.8 17.8108367919922
220.9 506.15966796875
221.9 24.7754859924316
222.0 260.280548095703
222.2 6.99528551101685
223.0 1818.65893554688
223.6 6.09251642227173
224.0 299.326171875
224.1 172.505584716797
224.9 73.3965148925781
225.1 586.204467773438
225.2 25.1931171417236
225.8 43.7577629089355
226.0 125.622505187988
226.1 43.1159133911133
227.0 61.6516494750977
227.1 29.4276561737061
227.8 10.9710721969604
228.0 48.7074928283691
228.1 88.6515502929688
228.9 5.36050415039063
229.0 176.563980102539
230.0 293.353881835938
230.1 161.045150756836
231.0 148.342086791992
231.1 16.0785827636719
231.9 55.414867401123
233.0 1164.4248046875
234.0 252.269744873047
234.9 470.5263671875
236.1 4784.77490234375
237.0 2073.5517578125
238.0 3061.70043945313
239.0 289.268371582031
239.0 364.664764404297
239.7 21.5086135864258
239.8 33.2251586914063
240.0 59.296199798584
240.1 23.7639293670654
240.8 23.1517333984375
241.0 109.579635620117
241.2 30.3196449279785
241.8 2.97585678100586
241.9 33.7872314453125
242.0 216.517761230469
242.2 173.390594482422
242.3 40.2047309875488
242.9 22.9204235076904
243.0 72.3797225952148
243.1 88.2431030273438
244.2 20.3156280517578
244.6 17.1449432373047
245.0 91.7046356201172
245.1 21.9714527130127
245.6 11.6737251281738
246.0 48.761791229248
246.2 18.7606773376465
246.3 22.3259716033936
246.8 7.87919282913208
246.9 250.748199462891
247.0 230.092956542969
247.2 44.7835121154785
247.7 36.1102066040039
247.9 156.488464355469
248.0 288.630798339844
249.1 41448.375
250.1 6882.76708984375
251.0 14232.7900390625
252.0 1206.86547851563
252.1 1169.68579101563
253.0 338.745788574219
253.1 66.4187850952148
253.8 50.1474533081055
254.0 64.1807250976563
254.1 17.8317680358887
254.8 18.1217880249023
254.9 81.6849365234375
255.1 61.5717239379883
256.0 38.086124420166
256.8 55.9596939086914
256.9 89.9094696044922
257.0 7.00374031066895
258.0 7.95691204071045
258.8 17.5738945007324
259.0 31.3034896850586
260.8 44.0504112243652
261.0 21.6101207733154
261.1 41.5281066894531
262.1 23.2348880767822
262.2 45.0782814025879
262.9 35.5253448486328
263.1 143.141326904297
263.1 350.343353271484
263.2 34.4950714111328
263.9 109.151908874512
264.1 353.104522705078
265.0 42.8653678894043
265.1 1273.6787109375
265.8 11.3822841644287
266.0 239.431747436523
266.1 434.508911132813
266.9 85.7445678710938
267.1 243.611312866211
267.2 15.5505695343018
267.9 11.4771509170532
268.0 138.187057495117
268.1 38.7044906616211
269.0 149.039764404297
269.9 10.4772510528564
270.0 39.9941215515137
271.0 226.311614990234
271.1 7.03139781951904
271.6 23.8796463012695
271.8 71.7775955200195
272.9 242.91032409668
273.0 29.4561386108398
273.7 11.1613597869873
273.8 76.6266250610352
274.0 70.0707473754883
274.9 660.86669921875
275.9 150.039535522461
276.0 114.939712524414
276.1 43.7569389343262
277.0 328.03662109375
277.0 413.747741699219
277.2 18.4981441497803
277.9 101.437721252441
278.0 114.91845703125
278.1 367.573608398438
278.3 42.0073318481445
278.9 73.18603515625
279.0 273.764007568359
279.2 17.8237628936768
279.9 33.1593322753906
280.1 289.846313476563
280.2 401.981567382813
280.9 131.574401855469
281.1 75.8011474609375
281.2 28.1876983642578
281.8 11.4943151473999
282.0 57.958927154541
282.3 23.4338779449463
282.8 26.2045574188232
283.0 18.311466217041
283.1 16.8473243713379
284.0 20.2888469696045
284.8 4.73368835449219
284.9 144.344299316406
285.0 7.31941509246826
286.0 49.5551910400391
286.1 42.3302574157715
286.6 14.4939937591553
286.8 33.2636032104492
286.9 67.3881988525391
287.0 51.5613098144531
287.2 4.9417142868042
287.9 87.94189453125
288.1 90.7302398681641
289.0 697.99072265625
290.0 220.975509643555
290.1 152.076446533203
290.8 43.2953414916992
291.0 56.2752685546875
291.1 102.536987304688
291.9 20.354887008667
292.0 92.5178604125977
292.1 105.480133056641
293.0 785.2041015625
294.1 28043.634765625
295.1 5931.0361328125
296.0 184.687622070313
296.1 606.552490234375
296.3 37.5105400085449
296.9 146.538269042969
297.0 131.876617431641
297.7 3.23802947998047
297.8 41.108772277832
298.0 127.723449707031
298.8 49.434700012207
298.9 77.4776992797852
299.1 184.022476196289
299.8 22.9181747436523
299.9 37.8237266540527
300.1 49.6705589294434
300.7 5.73280048370361
300.9 129.307083129883
301.1 61.9243011474609
301.2 14.4624538421631
301.9 33.7687339782715
302.1 26.3218669891357
302.2 29.928165435791
302.9 100.235023498535
303.1 16.8963661193848
303.2 46.0466232299805
303.8 15.6992511749268
304.0 49.7435150146484
304.1 736.709655761719
304.2 123.413673400879
305.0 311.712097167969
305.1 855.365539550781
305.4 30.946683883667
306.1 1112.8623046875
306.9 68.288330078125
307.1 608.227294921875
308.1 1471.29553222656
308.2 537.0673828125
308.9 44.3834762573242
309.1 667.64599609375
310.0 15.3946170806885
310.2 63.3662452697754
310.7 11.1140203475952
310.8 50.6966018676758
311.0 124.564277648926
311.1 24.1335735321045
311.8 23.3455772399902
311.9 80.8659820556641
312.1 23.1516265869141
312.7 20.065185546875
312.9 101.39306640625
313.1 217.413711547852
313.3 10.502100944519
314.1 7357.259765625
315.1 1887.15307617188
316.1 1163.77795410156
316.1 1395.46228027344
317.0 96.1422805786133
317.1 365.70263671875
317.2 120.992301940918
318.0 96.1927871704102
318.1 26.5427074432373
318.2 43.3220520019531
318.9 8.23173713684082
319.0 121.921119689941
319.2 154.967788696289
320.0 14.490382194519
320.2 57.9085731506348
320.3 21.5280628204346
321.0 52.5380897521973
321.1 44.142520904541
321.2 121.757629394531
321.3 9.34756851196289
321.8 16.7217884063721
322.0 58.3248062133789
322.2 63.790454864502
322.5 15.9539432525635
322.9 9.21968841552734
323.8 32.2145195007324
324.1 74.6280059814453
324.1 55.148006439209
325.0 25.272777557373
325.1 10.7067241668701
325.9 51.3846054077148
326.0 38.6128997802734
326.2 11.4566669464111
327.0 27.4558525085449
328.0 99.0377960205078
328.1 184.356475830078
328.3 21.7193145751953
328.9 44.4604988098145
329.0 70.7960815429688
329.2 20.9342155456543
329.9 19.0576629638672
330.0 142.747848510742
330.1 751.013671875
330.9 124.072006225586
331.0 118.705711364746
331.2 132.985549926758
331.7 11.9179239273071
331.9 36.5030250549316
332.1 274.125274658203
332.9 96.2349166870117
333.1 39.5464286804199
334.0 27.2166919708252
334.1 59.3865661621094
334.2 63.1001853942871
334.8 20.2387466430664
334.9 15.4854612350464
335.1 109.869369506836
335.2 79.4354400634766
336.0 45.0689239501953
336.1 168.921844482422
336.3 68.8821182250977
337.0 47.8211364746094
337.2 152.662307739258
337.7 15.906925201416
338.0 18.9803237915039
338.4 10.9887037277222
338.7 21.6621246337891
338.9 12.0926704406738
339.0 15.2016820907593
341.0 54.3013496398926
341.2 11.7513990402222
342.1 7667.3125
343.0 270.311614990234
343.1 1575.30285644531
344.1 1092.20471191406
344.2 1700.81604003906
344.9 29.5669841766357
345.1 630.15673828125
345.2 57.9543800354004
345.9 44.7030830383301
346.0 124.494255065918
346.2 33.3648834228516
346.8 9.31305980682373
347.0 27.0995635986328
347.2 22.4634208679199
348.1 30.223934173584
348.6 20.2598495483398
348.9 43.4812698364258
349.1 12.9219284057617
350.0 9.03759479522705
350.1 55.5558128356934
350.7 45.3152160644531
350.9 51.0501365661621
351.0 21.0886211395264
351.7 10.8424615859985
351.9 9.68957138061523
352.1 10.5721292495728
352.5 25.4812259674072
352.8 35.6692237854004
353.0 157.791305541992
353.2 146.421279907227
353.3 27.9372425079346
354.2 6432.4912109375
355.2 1522.46765136719
355.2 805.177185058594
356.1 1454.0263671875
356.2 1878.08544921875
356.8 19.5250129699707
357.1 356.444549560547
357.2 641.380859375
357.9 23.8643913269043
358.0 351.166534423828
358.2 536.931335449219
359.0 96.211669921875
359.2 136.928833007813
359.3 57.6799087524414
360.0 42.972469329834
360.1 177.155181884766
360.2 18.6638965606689
361.0 12.8480138778687
361.1 9.38546657562256
361.9 11.5070972442627
362.0 9.08042812347412
362.3 10.3064050674438
362.4 11.138916015625
362.8 24.5529003143311
363.0 34.9197731018066
363.1 63.287670135498
363.2 29.942554473877
363.4 11.808479309082
364.0 24.6855316162109
364.1 160.022552490234
364.2 223.643539428711
364.4 71.3545303344727
365.0 51.590087890625
365.1 43.4421310424805
365.3 51.4099464416504
365.4 11.8769483566284
366.3 20.7119789123535
366.8 13.4422464370728
366.9 53.5574684143066
367.1 0.646193504333496
369.0 23.5460052490234
370.1 324.705780029297
370.2 401.192962646484
371.2 19169.1640625
372.2 4996.6025390625
372.3 68.61474609375
373.2 6480.3330078125
374.0 34.3919258117676
374.2 917.748168945313
374.2 644.95361328125
375.0 44.5416603088379
375.1 105.756332397461
375.3 74.7272186279297
380.0 11.789984703064
380.9 25.4821929931641
382.1 32.6635818481445
382.2 81.8428573608398
383.1 44.812313079834
383.9 12.5054922103882
384.2 57.3518257141113
384.3 33.3260612487793
385.0 21.633394241333
385.2 16.1255722045898
389.0 9.69532585144043
397.0 9.0388126373291
398.1 535.295471191406
398.2 98.3596725463867
399.2 10651.6552734375
400.2 3285.2763671875
401.0 31.1966781616211
401.2 3983.865234375
401.9 25.0709056854248
402.2 947.410400390625
402.3 37.2783279418945
403.2 49.3238410949707
405.1 9.21907806396484
446.1 10.2696733474731
