#"+EI Scan (rt: 6.823-6.916 min, 17 scans) R10M5.D  Subtract "
#Point,X(Thompsons),Y(Counts)
40.1 150.142456054688
41.1 8203.8994140625
41.9 155.278381347656
42.0 861.947448730469
43.0 1396.65930175781
44.0 554.248168945313
45.0 0.955295562744141
45.1 46.6088409423828
45.7 10.5109481811523
46.0 1.19599628448486
47.0 269.073547363281
48.9 235.127777099609
49.1 111.345748901367
49.1 31.7130699157715
49.8 6.91987419128418
50.0 249.689514160156
50.1 72.7056579589844
51.0 456.542907714844
51.1 348.946044921875
51.8 9.85914039611816
52.0 360.869934082031
52.3 20.5472946166992
53.0 838.045959472656
53.1 722.345520019531
54.0 180.542602539063
54.1 589.581726074219
55.1 3325.44409179688
56.0 572.407287597656
56.1 312.554077148438
57.0 658.587890625
57.1 63.6501235961914
58.0 199.967300415039
58.1 628.139709472656
59.0 1271.646484375
60.1 90.7112579345703
60.2 16.0361175537109
60.8 17.7675533294678
61.0 44.626537322998
61.9 141.127853393555
62.0 134.450653076172
62.2 27.95458984375
63.0 1215.6025390625
63.9 167.393859863281
64.0 171.874313354492
64.8 44.4613609313965
64.9 165.340637207031
65.0 1369.36926269531
65.9 286.445159912109
66.0 698.251770019531
66.1 112.520690917969
67.1 4290.77099609375
67.8 22.3888244628906
67.9 146.319549560547
68.1 706.9736328125
68.9 59.8626708984375
69.1 4341.09814453125
70.0 190.686508178711
70.1 356.104675292969
70.2 132.122360229492
70.9 9.31573867797852
71.1 92.7650375366211
72.0 9.28764533996582
73.1 920.681945800781
73.8 16.4974689483643
73.9 193.782470703125
74.2 13.6301441192627
74.9 39.0858154296875
75.0 592.084228515625
75.8 71.0800323486328
76.0 1032.63696289063
77.0 7552.98291015625
78.0 2412.41552734375
79.0 7376.1142578125
79.9 255.752243041992
80.1 1524.84765625
81.0 2272.39990234375
81.9 244.693664550781
82.1 395.868865966797
82.8 18.7697467803955
82.9 141.497695922852
83.1 136.791549682617
83.9 8.9496021270752
84.0 18.7134761810303
84.3 13.1874942779541
84.7 20.138355255127
85.1 112.237594604492
85.8 9.06720733642578
86.0 20.9758415222168
86.1 21.6692905426025
86.9 36.4224853515625
86.9 54.5403137207031
87.1 160.846649169922
88.0 1912.12329101563
89.0 2395.72705078125
90.0 4189.52685546875
91.0 7449.5126953125
91.9 146.84765625
92.1 6107.05615234375
93.1 9961.94921875
93.1 380.731689453125
94.0 2989.92211914063
94.1 2321.34228515625
94.8 14.653284072876
95.0 388.715606689453
95.1 726.023254394531
95.7 11.8932676315308
95.9 48.0821990966797
95.9 121.142623901367
96.1 88.6327819824219
96.2 43.3489303588867
97.0 262.376403808594
97.8 5.45657920837402
97.9 38.3852882385254
98.3 9.48697471618652
98.8 1.65506935119629
99.0 9.73100566864014
99.2 15.4797525405884
99.7 21.1506195068359
100.1 23.6750373840332
100.7 9.90322303771973
101.0 139.214294433594
101.1 191.348007202148
101.4 12.2901344299316
102.0 1942.90856933594
102.1 762.128540039063
103.0 6619.416015625
104.0 2950.81616210938
104.9 67.5086441040039
105.1 2022.75073242188
105.9 12.4733085632324
106.1 1397.82861328125
107.0 2260.75830078125
107.1 144.000885009766
108.1 2565.30615234375
109.0 1769.50244140625
109.9 70.1326751708984
110.0 137.986083984375
110.1 94.5965576171875
110.9 158.336029052734
112.2 27.5353679656982
112.9 89.3887329101563
113.1 13.7433624267578
113.7 24.4500980377197
113.9 26.8804988861084
114.0 44.2181625366211
114.1 16.9842567443848
114.3 40.3066329956055
114.8 70.9067840576172
115.0 615.519348144531
115.9 46.5520973205566
116.0 385.140289306641
116.1 413.006988525391
117.0 2869.64770507813
118.0 644.948120117188
118.1 495.755737304688
118.9 507.808807373047
119.1 937.713012695313
119.2 90.1051330566406
119.9 95.1384582519531
120.0 363.008605957031
120.1 474.908996582031
121.0 174.456588745117
121.1 269.819915771484
122.0 80.1204071044922
122.0 178.51579284668
122.2 21.8739032745361
123.0 266.845153808594
123.1 32.4127311706543
123.7 8.93076801300049
124.1 37.353214263916
124.5 12.9216527938843
124.8 22.951530456543
124.9 108.561744689941
125.1 120.316635131836
125.2 121.659698486328
125.4 45.3110580444336
125.6 198.396026611328
125.8 59.2429122924805
125.9 12.2477569580078
126.0 13.6251430511475
126.1 52.7099838256836
126.5 15.8702306747437
127.0 305.860870361328
127.1 49.8420028686523
127.9 220.10871887207
128.1 468.758056640625
129.0 1571.93859863281
129.0 1875.56591796875
130.0 1247.75512695313
130.1 1543.0400390625
131.0 12180.8837890625
131.9 128.140991210938
132.0 1766.55065917969
133.0 388.131713867188
133.1 930.219543457031
134.0 497.204284667969
134.1 740.200866699219
135.1 8337.087890625
136.1 2712.85620117188
137.0 3861.0966796875
138.0 284.679321289063
139.0 727.277465820313
139.8 47.4983787536621
140.0 93.2323913574219
140.1 59.929084777832
141.0 215.838500976563
141.0 125.136474609375
141.9 132.26725769043
142.0 332.135894775391
142.2 25.7974338531494
143.0 1105.03479003906
143.1 20.0850639343262
143.9 173.368408203125
144.1 1736.70446777344
145.0 27794.10546875
146.0 2908.28125
146.7 2.43751859664917
147.0 290.254272460938
147.8 14.4249229431152
147.9 175.072967529297
148.1 160.37809753418
148.3 32.4668884277344
148.5 10.3305797576904
148.9 33.1419830322266
149.1 304.083557128906
149.2 455.496673583984
150.1 16136.056640625
151.0 1056.56530761719
151.1 880.516479492188
151.8 52.8598594665527
152.0 88.9021453857422
152.1 154.669204711914
152.8 30.7372550964355
152.9 11.4815826416016
153.0 109.929260253906
153.5 30.0289916992188
153.8 7.16569519042969
153.9 55.699333190918
154.1 139.13493347168
155.0 989.484619140625
155.9 37.9891662597656
156.0 562.221252441406
156.1 856.468627929688
156.9 192.374237060547
157.0 1177.49816894531
157.9 107.799247741699
158.0 1110.13757324219
159.0 1556.7958984375
159.9 28.3497009277344
160.0 183.101806640625
160.1 42.5505332946777
160.9 363.763824462891
161.7 12.13978099823
161.9 74.6701965332031
162.1 50.2991523742676
162.9 179.032928466797
163.0 7.81790161132813
163.8 23.5855598449707
163.9 13.9049005508423
164.0 38.4384689331055
164.8 5.0282154083252
164.9 258.5400390625
165.1 135.573287963867
165.9 70.720100402832
166.0 120.244262695313
166.9 51.6083068847656
167.0 391.563415527344
167.7 13.8568859100342
168.0 193.573638916016
168.1 153.247024536133
168.2 22.0054492950439
168.8 29.3229370117188
169.0 340.111328125
169.1 113.226829528809
169.9 250.954696655273
170.1 188.291442871094
171.0 971.8798828125
171.1 682.752075195313
171.8 14.9922380447388
172.0 148.738662719727
172.1 196.056060791016
172.2 32.2214736938477
172.7 12.0422515869141
172.9 67.142578125
173.0 128.621078491211
173.1 83.863883972168
173.9 72.6260147094727
174.0 3189.93701171875
174.2 32.4834213256836
174.9 51.4984855651855
174.9 177.725143432617
175.1 649.653564453125
175.9 13.580924987793
176.0 31.9519901275635
176.1 55.6578063964844
176.9 131.589126586914
177.0 81.0169372558594
177.1 33.0912933349609
177.9 0.742260932922363
178.1 45.6743507385254
178.8 122.581916809082
179.0 68.8626022338867
179.1 50.7334327697754
179.9 89.570068359375
180.1 46.9483947753906
180.8 66.5944671630859
181.0 102.784713745117
181.9 94.7346343994141
182.0 58.6617050170898
182.1 106.134994506836
182.8 36.7028961181641
183.0 219.777130126953
183.8 116.967147827148
183.9 24.2718200683594
184.0 165.781234741211
184.2 49.1613159179688
185.1 1826.93737792969
186.0 246.043823242188
186.1 312.802612304688
186.2 25.2179126739502
187.0 681.460693359375
187.1 6.55728912353516
187.9 55.5524597167969
188.0 53.1409492492676
188.2 13.8195114135742
188.7 54.4077453613281
189.0 67.1972885131836
189.1 12.2142038345337
189.9 3.71005249023438
190.8 122.826721191406
191.0 99.8824462890625
191.7 37.5691223144531
191.9 74.9867477416992
192.0 81.9175262451172
192.9 171.610153198242
193.0 646.2880859375
193.1 54.4095726013184
193.7 9.66199493408203
193.9 74.3021392822266
194.0 139.913635253906
194.9 44.5236206054688
195.0 473.861968994141
195.6 3.39806270599365
195.9 62.4937629699707
196.0 281.194671630859
197.0 744.25244140625
197.6 21.875467300415
197.9 114.310447692871
198.1 61.3774452209473
198.9 219.162200927734
199.1 540.336975097656
199.9 131.833511352539
200.0 16.3664207458496
200.1 143.910903930664
200.8 22.211784362793
200.9 109.233917236328
201.9 38.7520599365234
202.0 117.058616638184
202.1 26.923698425293
202.9 123.404251098633
203.0 26.4922409057617
204.9 105.062622070313
205.1 51.5688247680664
205.7 15.7180585861206
205.9 43.3963851928711
206.1 2.89461708068848
206.9 340.298156738281
207.7 15.1756229400635
207.9 40.9829711914063
208.0 130.176391601563
208.1 16.9559020996094
208.9 57.6808395385742
209.1 151.714019775391
209.6 9.23783493041992
209.8 30.3941040039063
209.9 57.8399353027344
210.1 48.6356430053711
210.2 25.8828582763672
211.0 860.61865234375
212.0 395.567718505859
213.1 6602.13720703125
214.0 578.324768066406
214.1 528.048278808594
215.0 2258.72265625
215.9 298.496643066406
216.0 1.12408447265625
216.8 100.316902160645
216.9 319.662658691406
217.9 7.61785888671875
218.1 19.7785797119141
218.9 340.586669921875
220.0 290.335144042969
220.1 12.1604127883911
221.0 365.601013183594
222.0 158.904083251953
222.1 63.3000144958496
222.2 16.0325508117676
222.4 11.3223037719727
223.0 423.538909912109
223.1 577.538513183594
223.8 11.3287620544434
224.0 102.586883544922
224.1 186.977447509766
224.7 5.20675134658813
225.0 413.172210693359
225.1 49.708812713623
225.9 28.164363861084
226.0 103.880302429199
226.8 3.85927581787109
226.9 12.0693740844727
227.0 146.084564208984
227.8 11.3266048431396
227.9 12.576473236084
228.1 79.3202514648438
228.1 52.3701171875
228.9 25.8344955444336
229.1 167.762649536133
229.8 9.52501487731934
229.9 85.4592895507813
230.0 107.363075256348
230.2 104.732116699219
230.8 67.9898681640625
231.0 44.5422592163086
231.9 32.9154205322266
233.0 1112.65771484375
233.9 256.079254150391
234.0 45.60888671875
235.0 458.974578857422
236.0 298.782653808594
236.1 2717.06176757813
237.0 1599.80419921875
238.0 1917.80615234375
239.0 526.478454589844
239.9 93.5110092163086
240.1 62.8793067932129
240.2 14.4683437347412
240.7 14.0299110412598
240.8 153.297164916992
241.0 28.760498046875
241.9 82.4830551147461
242.1 91.3561477661133
242.2 131.692291259766
242.4 31.4573612213135
242.8 23.6602630615234
243.0 119.503372192383
243.1 11.1140699386597
243.9 19.8857955932617
244.7 25.1496753692627
244.9 80.8631820678711
245.0 70.89599609375
245.2 9.76259326934814
245.6 9.06526851654053
245.8 27.8516445159912
245.9 15.6706666946411
246.1 34.8976173400879
246.8 6.77959060668945
247.0 119.097366333008
247.0 216.912887573242
247.3 44.9672698974609
247.6 10.1157083511353
247.9 18.0121841430664
248.0 91.7138061523438
248.0 191.611328125
248.2 9.35424423217773
249.1 27835.2421875
249.9 97.3231506347656
250.1 4561.07421875
251.1 9198.9462890625
252.0 1576.408203125
252.9 147.179840087891
253.2 83.0557479858398
254.0 42.8629455566406
254.2 14.7970638275146
254.8 21.320198059082
255.0 77.3950424194336
256.0 25.6888236999512
256.5 14.3862543106079
256.8 16.3735485076904
256.9 77.1777496337891
257.1 14.7412042617798
258.8 32.4048690795898
258.9 25.9254531860352
260.6 10.0078811645508
260.8 30.3750495910645
260.9 19.6076202392578
261.0 11.4685497283936
261.2 9.80249309539795
262.2 42.384578704834
263.0 96.4863433837891
263.1 204.874481201172
263.2 75.2095260620117
263.8 10.0380334854126
263.9 73.5213165283203
264.0 178.60546875
264.2 21.4971466064453
264.7 15.0964736938477
265.0 181.373184204102
265.1 612.652587890625
265.2 125.16707611084
265.8 13.285906791687
266.0 74.9872436523438
266.1 308.694122314453
266.2 70.6453094482422
266.9 119.968643188477
267.1 84.0379486083984
267.9 12.0952596664429
268.0 62.2924575805664
268.2 36.807731628418
269.0 109.425102233887
269.1 62.4164390563965
269.8 15.1654071807861
269.9 24.6408252716064
270.1 42.0389099121094
270.9 145.566818237305
271.1 27.1546993255615
271.7 11.6009016036987
272.0 18.4179954528809
272.9 420.963012695313
273.9 20.300012588501
274.0 99.8509750366211
274.6 10.0510320663452
274.8 5.75638580322266
274.9 9.61788940429688
275.0 204.617370605469
275.7 17.230640411377
275.9 44.8028411865234
276.0 115.863906860352
276.2 11.6128463745117
276.6 10.8738737106323
277.0 239.890472412109
277.1 197.022415161133
277.2 30.8976593017578
277.7 3.94235229492188
277.9 28.4352703094482
278.0 135.0673828125
278.1 277.463775634766
278.3 19.9310169219971
278.9 250.086532592773
279.1 132.680709838867
280.0 110.516448974609
280.1 215.590667724609
280.2 46.481689453125
281.0 228.301864624023
281.2 57.1632080078125
281.9 25.8793449401855
282.0 53.280948638916
282.7 20.3555660247803
282.9 22.3582649230957
283.0 43.9621124267578
284.8 41.5290832519531
285.0 282.652221679688
285.1 57.8102989196777
285.9 32.9912796020508
286.1 92.1410140991211
286.7 0.767953872680664
286.9 94.535530090332
287.1 13.4231815338135
287.9 26.9479579925537
288.0 48.2386322021484
289.0 544.479675292969
289.7 19.3911533355713
289.9 38.3506317138672
290.0 179.997482299805
290.2 4.34271907806396
291.0 51.6586303710938
291.1 32.2557373046875
291.6 18.7783145904541
292.0 112.119232177734
292.1 12.7804803848267
292.2 25.3876686096191
292.9 440.649963378906
293.0 71.9839324951172
294.0 153.577026367188
294.1 18538.177734375
295.0 349.517974853516
295.1 3647.59033203125
295.9 33.9731178283691
296.0 22.4733333587646
296.1 495.83203125
296.7 72.8404388427734
296.9 2.75337982177734
297.9 10.9420871734619
298.0 43.1934013366699
298.8 35.8339157104492
298.9 128.280899047852
299.0 119.094665527344
299.2 18.7023525238037
299.9 35.4884147644043
300.0 10.9695663452148
300.2 57.3641471862793
300.8 22.4620304107666
301.0 81.6340713500977
301.1 56.9697151184082
301.9 19.4303703308105
302.1 9.88581657409668
302.8 24.0106620788574
303.0 53.7647171020508
303.1 14.9524021148682
304.0 247.261840820313
304.1 310.327301025391
304.2 29.6689624786377
304.9 121.960220336914
305.1 665.102416992188
305.2 34.1537017822266
306.1 811.087585449219
306.8 42.6145172119141
306.9 54.0687294006348
307.1 363.865753173828
307.2 161.540405273438
307.9 32.7360877990723
308.1 545.417724609375
308.1 944.517700195313
308.9 12.8985195159912
309.0 235.885177612305
309.1 137.964614868164
309.2 192.850662231445
309.8 13.4652156829834
310.0 49.6166534423828
310.2 12.324200630188
310.8 7.2216100692749
310.9 41.1883850097656
311.0 119.900352478027
311.1 33.855052947998
311.9 9.47034072875977
312.8 10.8096323013306
313.0 258.974151611328
313.1 32.4324378967285
314.1 1518.11608886719
314.1 3573.30444335938
315.0 226.656784057617
315.1 998.592590332031
315.3 30.0098094940186
316.0 655.691955566406
316.1 1052.36462402344
316.2 59.687816619873
316.9 23.4769878387451
317.0 96.5394668579102
317.1 192.750305175781
317.2 104.762535095215
318.1 32.7797241210938
318.9 15.1124753952026
319.1 71.1279220581055
319.2 83.3202056884766
319.4 10.992259979248
320.1 105.30509185791
320.9 34.5759696960449
321.1 40.293773651123
321.3 32.691478729248
322.0 10.0405673980713
322.1 59.5967102050781
324.0 9.91218280792236
324.2 81.9345397949219
324.9 13.2151699066162
326.0 10.3388786315918
327.0 12.1421432495117
327.9 26.2452430725098
328.1 112.005783081055
328.8 10.7397918701172
329.0 112.982543945313
329.4 11.9663114547729
330.0 147.788665771484
330.1 415.807708740234
330.9 57.7988624572754
331.1 106.090881347656
331.2 60.8624267578125
331.9 14.0951881408691
332.0 40.2237358093262
332.1 102.377464294434
332.2 13.6928691864014
333.0 59.4090995788574
333.2 17.311372756958
334.0 12.4372177124023
334.2 17.1833686828613
335.0 55.8474960327148
335.2 76.2600708007813
336.1 133.054275512695
336.2 20.142557144165
336.3 74.750358581543
337.1 68.9057083129883
337.3 23.8242015838623
338.0 20.2428779602051
338.9 23.5826854705811
339.2 20.7744579315186
341.1 21.953161239624
342.1 2511.20166015625
342.1 2951.36450195313
343.1 786.333068847656
343.2 457.952941894531
343.9 29.470832824707
344.0 403.083221435547
344.1 1603.0068359375
344.8 14.0440063476563
345.0 145.752136230469
345.2 314.903503417969
345.9 10.8876419067383
346.2 38.9649047851563
346.3 11.1880369186401
346.9 52.4584274291992
348.1 9.9516773223877
348.9 80.002197265625
349.0 16.3158378601074
350.0 22.0013065338135
350.2 10.9680223464966
350.3 22.9680500030518
350.9 26.9111289978027
351.0 6.79280662536621
352.8 14.6057081222534
353.1 173.307708740234
353.2 31.3889045715332
354.1 1294.05847167969
354.2 2832.34643554688
355.1 653.929443359375
355.2 905.860229492188
356.2 1788.185546875
356.2 552.850891113281
357.1 271.271789550781
357.2 434.159790039063
358.0 112.740447998047
358.1 515.521545410156
358.3 52.7185134887695
359.0 86.890998840332
359.2 23.4984035491943
359.2 45.7535820007324
359.8 28.1020412445068
360.0 45.9412498474121
360.2 96.2106781005859
361.0 48.4939193725586
361.2 24.1618976593018
362.1 21.2777900695801
362.4 10.5910177230835
363.0 25.7070026397705
363.2 34.2596130371094
364.0 34.5397911071777
364.1 146.75373840332
364.3 91.6700973510742
365.0 37.9776344299316
365.2 50.1437454223633
365.3 39.8197822570801
366.3 14.8705596923828
366.8 9.2987117767334
367.1 35.3468933105469
370.0 26.4705715179443
370.1 89.887939453125
370.2 352.637939453125
370.3 84.642463684082
371.2 12619.0107421875
372.0 11.7170639038086
372.2 3239.3271484375
373.2 4457.37109375
374.1 276.176055908203
374.2 867.453979492188
375.0 23.3887691497803
375.1 42.3451080322266
375.3 52.6984252929688
375.5 10.0721416473389
382.0 11.947979927063
382.5 10.803503036499
384.1 38.4890480041504
384.2 13.0079946517944
385.0 10.5571689605713
385.9 9.20837593078613
386.1 9.30252075195313
398.0 13.1946172714233
398.1 172.175659179688
398.2 204.039291381836
398.3 40.7718505859375
399.2 7642.47705078125
400.1 764.831420898438
400.2 1309.8701171875
401.1 280.982666015625
401.2 2467.4091796875
401.9 11.3709278106689
402.1 177.445571899414
402.2 481.791717529297
402.3 70.895378112793
403.1 17.290735244751
403.3 31.4253005981445
