#"+EI Scan (rt: 3.063-3.116 min, 10 scans) R3M6.D  Subtract "
#Point,X(Thompsons),Y(Counts)
40.1 1384.65515136719
41.1 36448.203125
42.1 6835.81396484375
43.1 44807.84765625
44.1 38728.1796875
45.0 2665.11010742188
45.8 99.16015625
46.0 293.656829833984
47.0 107.176605224609
49.0 176.024475097656
49.2 39.7283782958984
50.0 312.01806640625
50.0 1057.02270507813
51.0 4182.13330078125
52.0 1416.27905273438
52.1 263.085144042969
53.0 3139.06884765625
53.1 5.97904968261719
54.0 2278.18286132813
54.1 126.071228027344
55.1 21115.140625
56.0 10481.228515625
57.1 7755.48193359375
58.0 418.593902587891
58.1 909.562438964844
59.0 3175.35205078125
60.0 136.720809936523
60.1 76.2513580322266
60.8 8.62034606933594
60.9 42.9551696777344
61.1 232.118118286133
62.0 3628.90356445313
63.0 5047.67626953125
64.0 2547.82543945313
64.9 49.2370834350586
65.0 2444.88232421875
65.9 38.9140129089355
66.0 768.331481933594
67.0 1721.73791503906
67.9 26.2009601593018
68.0 1503.10693359375
69.0 5935.84033203125
70.1 7019.17529296875
71.1 15714.728515625
72.1 27860.609375
73.0 4716.294921875
74.0 925.327880859375
75.0 5033.87744140625
76.0 11354.8369140625
77.0 23907.025390625
78.0 5032.07177734375
79.0 1394.31274414063
79.9 6.34452438354492
80.0 509.331573486328
81.0 1387.06640625
82.0 1114.48461914063
83.0 455.458984375
83.1 1835.28076171875
84.0 572.376220703125
84.1 644.537780761719
85.0 197.020782470703
85.1 621.441955566406
85.9 46.5262107849121
86.1 1515.48071289063
86.9 121.508773803711
87.0 2870.177734375
88.0 27199.966796875
89.0 23934.658203125
90.0 53434.390625
91.0 8276.6171875
92.0 535.911743164063
92.1 1709.55847167969
92.9 147.323699951172
93.1 417.186431884766
93.7 154.955520629883
93.9 29.9522953033447
94.1 187.551147460938
94.8 16.3438243865967
95.0 174.563934326172
95.1 8.77735900878906
96.0 141.807403564453
96.1 123.494438171387
97.0 609.184936523438
97.1 11.9730682373047
97.9 162.71484375
98.1 4078.83935546875
99.0 1006.59436035156
99.9 345.650451660156
100.1 676.333129882813
100.9 43.6002655029297
101.0 1850.74230957031
102.0 27050.80859375
103.0 72877.21875
104.0 25258.794921875
105.0 688.806274414063
105.1 2621.92944335938
105.8 18.351863861084
106.0 408.115936279297
106.2 220.865646362305
106.7 53.1912078857422
106.9 138.545440673828
107.2 121.412460327148
107.4 103.82706451416
107.5 231.042510986328
107.6 488.140350341797
108.1 8.52975845336914
108.2 77.5526580810547
109.0 1643.35302734375
110.0 184.291580200195
110.1 116.664100646973
111.0 303.986389160156
111.8 26.4850883483887
112.0 125.519668579102
112.3 35.101978302002
113.0 138.82829284668
113.1 340.734191894531
113.9 363.537445068359
114.1 588.7978515625
115.0 6168.5869140625
116.0 6628.64501953125
117.0 26637.052734375
118.0 10118.365234375
118.9 16.7331390380859
119.0 3335.3828125
119.7 16.1295967102051
120.0 303.108947753906
120.2 148.071624755859
120.7 41.9489555358887
120.8 39.1603546142578
121.1 205.8486328125
121.4 122.325485229492
121.6 211.48974609375
121.7 68.8532257080078
122.0 165.341583251953
122.8 172.586364746094
123.0 65.8020172119141
123.7 46.5624237060547
124.0 12.2157869338989
124.3 16.4711036682129
125.0 26.1883850097656
125.0 175.97492980957
125.2 90.5410308837891
125.9 67.8279342651367
126.0 52.9702987670898
126.1 241.963134765625
126.9 73.5327224731445
127.0 1421.79968261719
127.2 104.567115783691
128.0 4762.14013671875
129.0 28843.654296875
130.0 24732.873046875
131.0 87651.1875
132.0 12400.4873046875
133.0 800.063232421875
133.1 1015.10125732422
133.9 155.412368774414
134.1 170.683685302734
135.0 416.951354980469
135.1 318.534790039063
135.9 70.2957763671875
136.0 353.091888427734
137.0 11032.572265625
138.0 1289.20251464844
139.0 383.731018066406
139.1 383.888488769531
139.9 181.120590209961
140.0 310.686798095703
140.3 27.9432773590088
140.9 1153.45300292969
142.0 1810.90881347656
142.1 944.22412109375
143.0 9016.25390625
144.0 18846.16796875
145.0 374466.03125
146.0 36215.53515625
146.9 33.3538627624512
147.0 3401.083984375
147.8 88.8252334594727
147.9 223.861206054688
148.1 61.7915496826172
149.0 254.156280517578
149.1 6.65651893615723
149.9 65.3403930664063
150.0 46.5939559936523
150.8 155.494918823242
151.1 516.69384765625
151.9 17.1298980712891
152.0 168.456298828125
152.1 120.939414978027
153.0 416.448577880859
153.1 41.4037170410156
153.9 46.0733413696289
154.0 564.042053222656
154.1 268.658782958984
155.0 3059.13208007813
156.0 3351.43676757813
157.0 7324.068359375
158.0 9001.7333984375
159.0 6704.60009765625
160.0 2619.72827148438
161.0 5601.45654296875
161.9 113.823165893555
162.1 647.862731933594
162.9 458.51025390625
163.8 105.884162902832
164.0 3.78747177124023
164.1 28.7253818511963
164.8 36.4957389831543
164.9 199.617126464844
165.9 111.10302734375
166.1 43.6730728149414
166.8 9.74965667724609
166.9 440.012542724609
167.1 128.236038208008
167.9 111.36067199707
168.0 413.825958251953
168.1 312.216247558594
169.0 1389.5361328125
169.1 72.12109375
170.0 2285.6181640625
171.1 11463.68359375
171.9 80.3361206054688
172.0 3993.79565429688
173.1 2667.29370117188
174.1 11985.4716796875
174.8 160.877822875977
175.1 4503.19921875
175.9 103.958908081055
176.0 494.082611083984
176.2 33.4577865600586
176.9 54.8739700317383
177.0 91.5958709716797
177.7 17.7689590454102
177.9 137.701034545898
178.8 145.40705871582
179.1 39.1118927001953
179.9 38.4654922485352
180.0 84.9434356689453
180.9 253.252029418945
181.0 82.1230697631836
182.0 336.335815429688
182.1 32.9334487915039
182.9 311.974212646484
183.1 673.431945800781
183.9 34.8845138549805
184.0 940.828308105469
185.0 7691.2919921875
186.1 4787.8447265625
187.1 6313.05078125
187.9 147.608367919922
188.0 634.275512695313
188.2 492.251861572266
188.9 349.705444335938
189.0 254.514862060547
189.9 72.9176635742188
190.9 14.1553039550781
191.0 273.885101318359
191.7 41.0977973937988
192.0 122.273139953613
192.8 30.251823425293
192.9 30.3156433105469
193.0 345.200317382813
193.7 95.4825668334961
193.8 0.983745574951172
194.0 89.7800064086914
194.9 454.980712890625
195.9 21.2172088623047
196.0 303.473510742188
196.1 35.7566146850586
196.9 661.099792480469
197.0 14.7737293243408
197.8 72.6862945556641
198.0 124.831153869629
198.1 391.518585205078
199.1 3432.52392578125
200.0 2419.33422851563
201.0 1543.90625
201.1 462.913269042969
201.9 12.1998672485352
202.0 708.912719726563
202.2 279.645721435547
202.8 195.019805908203
203.1 89.5449676513672
203.6 19.8636608123779
203.8 44.4668922424316
204.0 159.611740112305
204.7 57.2425689697266
204.8 2.26052856445313
204.9 145.523880004883
205.2 28.8029594421387
205.4 33.2403335571289
205.6 17.6693344116211
206.0 48.3612670898438
206.1 65.7141876220703
207.0 1004.01361083984
207.8 32.450569152832
207.9 307.168823242188
208.9 133.99739074707
209.0 316.331359863281
210.0 845.826293945313
210.2 341.183074951172
211.0 2692.79248046875
211.9 52.4428520202637
212.0 1543.66455078125
213.1 12151.99609375
214.1 11793.3408203125
215.1 904595.1875
216.1 139982.59375
217.1 13675.662109375
218.0 844.238159179688
218.2 173.12255859375
218.9 1221.68493652344
219.9 242.667388916016
220.8 109.539443969727
221.0 172.598480224609
221.8 48.7122611999512
221.9 54.5822448730469
222.1 17.1859683990479
222.6 22.5114631652832
222.9 237.557891845703
223.7 53.6225509643555
223.9 37.9633255004883
224.0 91.8207168579102
224.2 29.8037071228027
224.4 26.3544406890869
224.9 96.2969512939453
225.0 168.278442382813
225.8 7.87717628479004
226.0 267.28173828125
226.1 18.5007743835449
226.3 29.3253517150879
226.9 97.0000305175781
227.1 639.685546875
228.1 3910.93041992188
229.1 2309.61010742188
230.1 2204.65014648438
231.1 2877.14428710938
232.0 30.4910774230957
232.1 681.998962402344
233.0 3197.93994140625
234.0 487.511627197266
235.0 388.159423828125
236.1 81.4923477172852
237.0 2795.36181640625
237.9 556.794982910156
238.8 32.8386383056641
238.9 240.27067565918
239.0 254.800720214844
239.8 88.1961517333984
240.0 125.50016784668
241.0 542.900634765625
241.9 1.89533233642578
242.1 1315.54907226563
242.9 134.32746887207
243.1 521.305603027344
243.2 212.067291259766
243.8 53.4067764282227
244.0 104.016494750977
244.1 395.570617675781
244.2 169.198318481445
244.9 28.5709533691406
245.1 257.900024414063
245.4 33.6774368286133
246.0 27.5230674743652
246.9 33.8709831237793
248.0 16.990406036377
249.1 73.7081985473633
251.0 90.7294006347656
252.0 17.8721580505371
252.9 1.63827514648438
253.0 303.463256835938
253.1 196.940216064453
254.1 845.367065429688
254.2 209.003341674805
254.9 6.13085174560547
255.0 433.504699707031
255.2 217.819885253906
256.0 357.545104980469
256.2 539.171203613281
256.3 49.4399147033691
257.0 661.372802734375
257.2 269.396301269531
258.0 119.683799743652
258.1 196.659408569336
258.9 140.258010864258
259.1 20.1649112701416
259.9 26.7978935241699
260.7 7.99597072601318
260.8 2.40117168426514
260.9 1.21327972412109
261.1 15.5721740722656
262.9 108.374458312988
264.9 68.8285140991211
265.1 16.0422611236572
266.1 24.09423828125
266.9 233.614349365234
267.0 9.96074676513672
268.0 47.4682998657227
268.1 563.889038085938
268.2 250.361038208008
269.1 3446.7392578125
270.1 2463.806640625
270.2 305.177825927734
271.1 2809.06787109375
272.1 426.177429199219
272.2 225.921340942383
273.0 176.436981201172
273.1 2068.111328125
273.8 41.3505554199219
274.0 340.219299316406
274.1 80.0161743164063
274.4 42.5688133239746
274.7 50.1072082519531
274.9 145.298706054688
275.0 179.855224609375
275.7 24.8667697906494
276.0 120.920288085938
276.2 69.0154342651367
276.3 17.7129440307617
276.8 13.734001159668
276.9 69.2185211181641
277.0 135.848556518555
277.6 46.8875312805176
278.0 60.9562568664551
278.8 158.721923828125
279.1 61.5488128662109
279.7 52.7250747680664
279.9 40.1666717529297
280.0 74.0704956054688
280.2 26.8774471282959
280.5 19.9157123565674
280.8 168.803497314453
281.0 214.794281005859
281.2 20.5923118591309
281.4 112.050941467285
281.6 30.8598747253418
281.9 66.8571624755859
282.0 79.6079025268555
282.2 166.816787719727
282.6 78.68505859375
282.8 143.592727661133
283.0 74.9623107910156
283.3 129.564849853516
284.1 568.418579101563
284.1 1417.74609375
285.1 3370.90869140625
286.2 408802.40625
287.2 86147.6171875
288.1 1425.27465820313
288.2 8161.44384765625
289.0 1794.70397949219
290.0 394.581176757813
290.9 59.1778793334961
291.0 107.828414916992
292.0 30.0550155639648
292.1 36.2522277832031
292.9 236.523788452148
293.0 1088.44909667969
294.0 171.860397338867
294.1 458.487121582031
294.9 5.55055236816406
295.1 169.711242675781
295.8 14.7346858978271
296.0 194.396240234375
296.9 330.852172851563
297.0 455.703643798828
298.0 139.692687988281
298.1 903.257507324219
298.9 75.0038604736328
299.0 161.355712890625
299.2 88.5081024169922
300.1 4.72760581970215
300.7 22.815731048584
300.9 10.216739654541
301.0 192.118682861328
301.2 19.0448989868164
301.9 13.0364446640015
303.0 105.824272155762
305.0 35.1320343017578
305.1 74.8268966674805
306.8 19.2459125518799
306.9 53.8653030395508
307.1 38.1783676147461
307.9 15.3590698242188
309.2 16.6685523986816
310.0 48.2438888549805
310.1 90.4312744140625
310.2 21.8722343444824
310.8 39.0076484680176
311.0 47.9499435424805
311.2 77.2819290161133
312.0 46.0257911682129
312.1 1191.68518066406
312.9 63.4625625610352
313.1 188.751129150391
313.2 904.678100585938
314.0 176.395889282227
314.1 90.5363464355469
314.2 25.7607364654541
314.9 28.2567176818848
315.1 451.715667724609
315.2 628.777465820313
316.0 106.43327331543
316.1 124.259689331055
316.3 79.2800369262695
316.7 26.7836952209473
317.2 46.7837409973145
319.1 17.7193851470947
323.0 20.8529186248779
325.3 15.9904022216797
326.7 49.8950004577637
327.0 39.0251159667969
327.1 18.4316158294678
328.8 27.1432800292969
329.1 33.152717590332
329.2 140.268096923828
330.0 37.7632904052734
330.1 1138.38513183594
330.2 1323.13818359375
331.0 187.61897277832
331.2 434.645904541016
331.9 45.0622863769531
332.8 24.4447059631348
333.0 44.3502807617188
334.8 43.4965438842773
335.0 44.1701927185059
336.9 32.9134674072266
344.1 22.3782653808594
344.9 110.438529968262
346.7 16.8115406036377
348.9 217.798355102539
349.7 17.80446434021
349.9 41.2477188110352
351.0 13.4999418258667
351.1 23.7797698974609
352.7 21.437183380127
352.9 118.371658325195
354.9 65.7371292114258
357.2 18.6720371246338
366.7 13.1039571762085
366.9 43.0132446289063
367.1 56.8662261962891
370.8 35.134220123291
371.0 3.31378936767578
371.9 15.352388381958
385.0 16.2178764343262
387.0 16.5813426971436
401.0 77.249641418457
401.2 36.9207229614258
414.9 18.9264469146729
427.1 19.2557830810547
483.1 16.0174922943115
