#"+EI Scan (rt: 3.057-3.116 min, 11 scans) R8M6.D  Subtract "
#Point,X(Thompsons),Y(Counts)
40.1 1291.61450195313
41.1 34217.5078125
42.1 6197.55810546875
43.1 40225.625
44.0 36851.94140625
45.0 58.8328552246094
45.0 2176.92114257813
45.9 104.635429382324
46.0 242.356597900391
47.0 9.50765228271484
47.1 72.2711486816406
48.9 106.814796447754
49.0 61.8094139099121
49.9 20.2716827392578
50.0 1150.32653808594
51.0 4062.59057617188
52.0 1034.14526367188
52.1 575.298828125
53.0 3045.58447265625
54.0 2193.42138671875
54.2 71.163818359375
55.1 19237.625
56.1 10010.9365234375
57.1 6559.36376953125
58.1 1180.18823242188
59.0 3640.1982421875
60.0 275.566925048828
61.0 337.961364746094
62.0 2922.94287109375
63.0 4605.72314453125
63.1 175.207183837891
64.0 2286.38720703125
64.8 50.5502090454102
65.0 2325.94555664063
65.8 74.752685546875
66.1 689.488098144531
66.2 92.7387771606445
67.0 1440.66650390625
67.2 42.4369812011719
68.0 1418.22888183594
69.0 5520.58984375
70.1 6505.666015625
71.0 1999.30615234375
71.1 11445.697265625
72.1 23721.669921875
73.1 4605.8212890625
74.0 572.231750488281
74.1 399.404724121094
75.0 4549.8583984375
75.1 144.589599609375
76.0 10461.873046875
77.0 21262.48046875
78.0 4883.89404296875
79.0 754.6669921875
79.0 261.341979980469
79.9 22.1103668212891
80.0 230.081726074219
80.1 52.6416473388672
81.0 1246.21533203125
82.0 800.664489746094
82.2 81.7513275146484
83.0 42.9862976074219
83.1 1972.72619628906
83.8 31.5074844360352
84.1 1143.61108398438
85.0 903.05029296875
86.0 541.678466796875
86.1 914.481750488281
86.9 41.0099334716797
87.1 2734.83056640625
88.0 23988.66015625
89.0 21399.2578125
90.0 45659.75
91.0 6983.19580078125
91.8 32.6555671691895
92.0 2078.06982421875
92.3 25.2602005004883
93.0 348.592895507813
93.1 269.671752929688
93.8 210.346740722656
94.0 123.983367919922
94.9 2.59320068359375
95.1 324.279724121094
95.9 78.8814239501953
96.0 200.997680664063
96.2 160.283355712891
97.0 503.305297851563
97.1 45.5762329101563
97.9 13.4056434631348
98.0 3436.39306640625
98.9 87.5391998291016
99.0 761.745483398438
99.2 41.3120346069336
99.8 36.3255043029785
99.9 419.285095214844
100.1 539.676208496094
100.3 78.8757781982422
101.0 997.689147949219
101.1 957.208129882813
102.0 24284.021484375
103.0 63383.9140625
104.0 21408.337890625
105.0 2875.65747070313
105.1 43.5685119628906
106.1 518.889221191406
106.2 148.314300537109
106.7 110.111259460449
106.8 130.700866699219
107.1 126.624519348145
107.3 270.991821289063
107.4 120.867851257324
107.5 104.875442504883
107.7 278.821899414063
107.9 29.6599044799805
108.1 10.3172054290771
109.0 1525.27954101563
109.9 129.680358886719
110.0 155.071670532227
111.0 452.682800292969
111.7 12.0221729278564
111.9 16.1542358398438
112.1 103.533790588379
112.2 8.9872875213623
112.9 169.354629516602
113.0 308.949035644531
113.8 35.6631050109863
114.0 460.91259765625
114.1 355.387329101563
115.0 5325.134765625
116.0 6033.25146484375
117.0 22978.201171875
118.0 8727.29296875
119.0 2758.1025390625
119.2 81.9599304199219
119.8 90.4256820678711
120.0 282.839660644531
120.1 140.984481811523
120.9 109.816291809082
121.0 125.78296661377
121.2 172.410308837891
121.5 54.2235832214355
121.6 98.8663558959961
121.8 123.864936828613
122.0 19.5010566711426
123.0 268.330047607422
123.1 29.7633113861084
123.8 23.4007873535156
123.9 77.5188751220703
124.1 43.6310005187988
124.9 110.436416625977
125.0 64.0433044433594
125.2 51.8172950744629
125.8 51.7822723388672
126.0 305.603240966797
126.7 31.8135852813721
127.0 1406.02465820313
127.3 62.6600799560547
128.0 1665.45520019531
128.1 2487.79907226563
129.0 25664.7109375
130.0 21512.8203125
131.0 74358.640625
132.0 10740.4765625
133.0 1798.17895507813
133.9 114.239524841309
134.0 98.1638641357422
134.1 51.0160980224609
135.0 688.208435058594
135.1 70.3861083984375
135.6 124.360816955566
135.9 51.3370056152344
136.1 227.865280151367
137.0 10195.0419921875
138.0 1133.89758300781
138.8 89.6104202270508
139.0 802.431335449219
140.0 102.249900817871
140.1 345.113189697266
141.0 963.976135253906
142.0 1776.73754882813
142.2 347.310028076172
143.0 7748.5849609375
144.0 16998.91796875
145.0 313520.4375
146.0 31575.08984375
147.0 2991.05224609375
147.9 144.262268066406
148.0 317.102203369141
148.9 76.8778686523438
149.0 105.920738220215
149.9 14.7253122329712
150.0 52.3946304321289
150.1 17.4093952178955
151.0 622.247436523438
151.8 82.9853057861328
151.9 17.2034320831299
152.0 155.262084960938
153.0 383.267456054688
153.8 63.1056671142578
154.0 419.693359375
154.0 285.445434570313
155.0 3021.59130859375
156.0 3117.97387695313
156.2 81.2936401367188
157.0 5951.9638671875
158.1 7485.27099609375
159.0 6808.01416015625
159.9 279.018218994141
160.0 1650.95971679688
161.0 4483.1826171875
161.1 108.607513427734
161.9 111.103172302246
162.0 359.930450439453
162.1 145.998718261719
162.8 69.9180603027344
163.0 434.659149169922
163.9 126.877616882324
164.1 22.2396011352539
164.6 14.6830787658691
164.8 4.8443717956543
165.0 31.1198654174805
165.2 133.341491699219
165.7 10.2007684707642
165.8 49.898681640625
166.0 80.8720245361328
167.0 863.777465820313
167.8 75.6796798706055
167.9 380.556549072266
168.1 305.008453369141
168.3 35.568790435791
169.0 714.635070800781
169.1 491.216735839844
170.0 429.090301513672
170.1 1591.3447265625
171.0 9467.755859375
172.0 626.341552734375
172.1 2976.45532226563
173.0 2337.20288085938
174.1 10971.638671875
175.1 3843.26196289063
176.0 342.793426513672
176.1 125.508636474609
176.9 106.788009643555
177.0 106.252746582031
177.8 34.7432556152344
178.0 62.5125579833984
178.1 16.2029914855957
178.6 18.1615028381348
178.9 96.4858856201172
179.0 24.5007820129395
179.1 33.9307479858398
179.9 28.1600914001465
180.1 5.42552375793457
181.0 693.997924804688
181.9 110.807693481445
182.0 288.628845214844
183.0 627.294738769531
183.0 116.869781494141
183.9 143.29296875
184.0 352.873382568359
184.1 218.813034057617
185.1 6102.5244140625
185.9 66.1679840087891
186.1 4203.1279296875
187.1 5221.3720703125
188.0 101.478790283203
188.1 1168.09020996094
188.8 79.9048461914063
188.9 159.541778564453
189.1 97.6072387695313
189.9 57.9014472961426
190.0 83.8389739990234
190.9 492.932769775391
191.8 73.4647521972656
192.0 14.4308261871338
192.2 54.0201416015625
192.9 318.639678955078
193.0 253.298599243164
193.9 79.2955856323242
194.0 79.1840515136719
195.0 755.000793457031
195.8 68.1836090087891
196.0 143.431427001953
196.1 29.8389205932617
196.7 72.017951965332
196.9 122.884216308594
197.0 594.30712890625
197.9 18.2314224243164
198.0 357.018890380859
198.1 157.771865844727
199.1 2583.65771484375
200.1 2177.0478515625
201.0 853.28466796875
201.1 688.243530273438
201.9 305.901794433594
202.1 467.603149414063
202.6 19.1585235595703
202.7 21.4578456878662
203.0 281.85009765625
203.2 65.4430999755859
203.8 10.0368413925171
203.9 87.5083923339844
204.1 67.2670974731445
204.9 188.040512084961
205.0 59.3068695068359
205.8 90.1310119628906
205.9 69.7355651855469
206.1 51.6410179138184
207.0 743.816528320313
208.1 260.842742919922
208.8 77.8559112548828
208.9 2.71609497070313
209.0 268.124938964844
209.6 70.961067199707
209.9 229.535690307617
210.1 353.278381347656
210.3 153.552169799805
211.0 2763.99829101563
212.1 2148.99365234375
213.1 10656.5595703125
214.1 9709.3310546875
215.1 760203.25
216.1 116157.828125
217.1 11809.54296875
218.0 222.850738525391
218.1 618.040344238281
219.0 1241.1005859375
219.9 321.484680175781
220.9 129.645263671875
221.0 116.057815551758
221.8 16.0778045654297
221.9 82.4113235473633
222.7 42.7473106384277
222.8 220.262878417969
223.1 52.1837310791016
223.9 42.911434173584
224.0 86.0058746337891
224.8 38.8875274658203
225.0 170.724349975586
226.0 82.0808715820313
226.1 302.462829589844
226.9 82.4498672485352
227.0 532.676635742188
227.2 63.350170135498
228.1 1472.14221191406
228.1 2026.71411132813
229.0 1840.10522460938
230.0 137.032592773438
230.1 1658.52221679688
231.1 2548.22998046875
231.2 97.2426986694336
231.9 88.1775512695313
232.1 431.32958984375
233.0 3126.77587890625
233.9 524.76806640625
234.0 87.3564453125
235.1 412.612487792969
235.9 68.3487396240234
236.0 15.5920143127441
237.0 3069.67626953125
237.9 220.884643554688
238.0 421.191467285156
239.0 676.772827148438
239.1 107.251708984375
239.8 136.175888061523
240.0 72.0141067504883
240.2 23.5978107452393
241.0 647.265808105469
241.9 56.6895332336426
242.1 1135.73303222656
242.8 10.3104572296143
243.0 236.549819946289
243.1 457.583374023438
243.2 82.4675750732422
243.9 72.0842971801758
244.0 31.0665702819824
244.1 411.047241210938
244.9 1.37343215942383
245.1 267.024963378906
245.8 17.3946170806885
246.0 15.3611392974854
246.8 45.6276206970215
246.9 19.8626327514648
248.1 16.6000804901123
248.8 3.08830451965332
249.0 118.865867614746
249.9 19.0344924926758
250.8 40.7774620056152
250.9 69.2920227050781
251.1 18.7153625488281
252.9 89.1826324462891
253.0 363.779327392578
254.1 812.482971191406
254.2 116.741790771484
254.8 18.4084701538086
255.0 117.949584960938
255.1 471.712585449219
255.3 72.1048278808594
255.9 27.9458847045898
256.1 882.991149902344
256.9 65.5957946777344
257.1 909.596862792969
257.9 89.2147064208984
258.1 110.244186401367
258.2 168.295883178711
258.7 43.7978897094727
258.9 33.6632804870605
259.0 71.4904403686523
260.0 15.674036026001
260.8 62.7944030761719
261.0 39.5140724182129
262.9 54.3417778015137
264.9 12.9812526702881
265.0 18.3484725952148
266.8 52.8714218139648
267.0 120.831130981445
267.2 14.5237007141113
267.9 94.6239547729492
268.1 472.514617919922
268.3 82.8151092529297
269.1 3178.10375976563
270.1 2494.951171875
271.1 2334.80615234375
271.9 10.7122831344604
272.1 545.425415039063
272.2 105.379463195801
272.8 16.623291015625
273.1 1925.42102050781
274.0 179.955490112305
274.1 263.951141357422
274.3 34.2287445068359
274.8 36.5406455993652
274.9 56.7974853515625
275.1 151.616333007813
275.8 71.2678680419922
275.9 51.150749206543
276.0 79.0158233642578
276.1 35.2097854614258
276.2 35.6936912536621
276.7 101.639022827148
276.9 45.3693084716797
277.1 90.5703353881836
277.3 24.259916305542
277.7 44.7117652893066
277.8 65.3086853027344
278.3 67.3070068359375
278.7 25.9811363220215
278.9 91.2355422973633
279.1 87.9299697875977
279.4 42.0321388244629
279.7 53.3851776123047
279.8 48.942195892334
280.0 58.8864059448242
280.9 94.7402496337891
281.0 63.7104721069336
281.1 111.687492370605
281.2 15.3385610580444
281.7 14.3229885101318
282.0 240.898345947266
282.3 41.1223983764648
282.7 23.426155090332
282.8 153.634490966797
283.0 41.2318572998047
283.2 200.852691650391
283.3 33.7043571472168
283.5 30.0856494903564
284.0 428.220306396484
284.1 1175.19116210938
284.3 235.169296264648
285.1 3128.21923828125
286.2 363491.4375
287.2 74833.6015625
288.2 7762.7841796875
289.0 37.1820068359375
289.1 1306.63159179688
290.0 234.768829345703
290.1 194.251174926758
291.0 276.273864746094
291.9 23.9137420654297
292.0 3.7599515914917
292.9 1188.92797851563
293.9 202.037643432617
294.0 75.6213836669922
294.7 37.3021850585938
295.0 69.7505416870117
295.1 198.034408569336
295.7 18.982479095459
295.9 146.560012817383
296.1 1.11238098144531
296.3 24.7361679077148
297.0 459.776977539063
297.0 201.341552734375
297.8 17.4805889129639
298.0 206.38542175293
298.1 697.560729980469
298.9 20.546012878418
299.0 165.739288330078
299.1 117.055595397949
299.9 21.1897506713867
300.1 21.4024124145508
300.9 5.24237394332886
301.1 78.8237152099609
301.2 55.2550010681152
302.0 34.2466773986816
302.8 50.1815414428711
303.1 18.1645431518555
303.9 17.3973350524902
306.9 20.721508026123
307.1 10.9260330200195
309.2 17.9146881103516
309.7 15.5654935836792
310.0 6.17603302001953
310.2 163.755340576172
310.8 31.0005283355713
311.0 212.140243530273
311.1 0.78081488609314
312.0 107.215896606445
312.1 787.220336914063
312.3 228.158462524414
313.0 102.827301025391
313.1 832.708435058594
313.3 101.882911682129
314.1 198.217636108398
314.3 58.976490020752
315.1 845.869384765625
315.2 162.627365112305
316.0 25.3578605651855
316.2 92.9237060546875
316.3 57.7136878967285
317.1 30.6470336914063
319.1 26.98952293396
321.2 13.9273319244385
324.0 28.3584098815918
324.1 34.6705932617188
327.0 21.7373275756836
328.9 105.663131713867
329.0 33.3510246276855
329.1 32.0043830871582
329.3 18.7636337280273
330.1 141.226806640625
330.2 2131.10717773438
330.8 38.8373565673828
331.0 180.081237792969
331.1 459.383209228516
331.5 17.3695316314697
331.9 38.5922737121582
332.4 16.370756149292
332.9 21.690767288208
337.1 28.8403606414795
344.9 40.8736343383789
346.9 22.1568126678467
347.8 16.4536361694336
348.8 46.8433418273926
348.9 114.401565551758
350.0 21.5065498352051
350.9 13.9479179382324
351.1 28.597505569458
352.9 75.0397109985352
353.0 56.0699195861816
356.9 23.3713874816895
365.2 14.3303260803223
366.8 18.377420425415
367.2 64.6376647949219
368.0 20.4430866241455
369.2 21.7883472442627
370.8 40.4708099365234
376.8 14.9003257751465
401.1 9.46656513214111
409.0 23.8269786834717
426.9 13.9864110946655
460.1 14.8929758071899
