#"+EI Scan (rt: 3.856-3.949 min, 17 scans) R4M6.D  Subtract "
#Point,X(Thompsons),Y(Counts)
40.1 26.2810974121094
40.9 59.1372451782227
41.0 164.063659667969
41.2 100.415550231934
42.0 107.893600463867
42.1 32.3046417236328
43.0 415.5244140625
43.9 190.787933349609
44.0 524.520874023438
45.0 39.2458419799805
45.2 16.0857944488525
46.0 12.1447134017944
46.9 124.694038391113
48.9 13.6414661407471
49.1 29.2549896240234
49.9 9.88743591308594
50.1 46.6932678222656
51.0 307.221740722656
52.0 122.660530090332
52.1 38.0049095153809
52.3 12.2021436691284
52.9 1.2926025390625
53.0 8.2432861328125
53.1 23.8027267456055
54.0 20.3183135986328
54.1 79.7257690429688
54.3 19.1402530670166
55.0 300.867370605469
56.1 350.170684814453
56.2 11.8684272766113
57.0 517.272888183594
57.8 73.9054718017578
58.2 14.8194789886475
59.0 480.54248046875
60.1 175.416213989258
61.0 24.5277671813965
61.1 24.9418544769287
61.8 14.175464630127
62.0 290.272766113281
62.9 185.581069946289
63.0 113.686531066895
63.1 22.8940620422363
63.8 3.37072372436523
64.0 63.4027328491211
64.1 38.1173934936523
65.1 143.375457763672
65.8 38.2745361328125
65.9 8.34734535217285
67.1 81.5987014770508
67.2 22.9859771728516
68.1 63.9554290771484
68.2 4.60730028152466
69.0 240.116088867188
69.8 7.39583396911621
69.9 47.3955078125
70.1 81.3416290283203
71.0 184.107559204102
71.2 54.2977256774902
72.0 220.782836914063
72.1 107.53328704834
72.3 14.2426557540894
73.0 171.709228515625
73.9 99.6622848510742
74.0 14.7511444091797
75.0 389.789245605469
75.9 223.949813842773
76.1 29.2383117675781
77.0 804.623046875
78.0 62.89013671875
79.0 22.54443359375
79.1 20.4351501464844
79.8 8.47290325164795
79.9 56.0341873168945
81.0 189.5380859375
82.0 103.447875976563
82.1 65.8081512451172
83.0 2034.31677246094
83.2 22.1331386566162
83.9 121.693702697754
84.1 97.7686462402344
84.9 179.976776123047
85.0 11.693920135498
86.0 231.808700561523
86.1 52.023380279541
86.9 109.70556640625
87.0 119.466941833496
88.0 1025.02478027344
88.1 70.9582977294922
88.6 18.7941913604736
88.8 8.71265029907227
89.0 314.555297851563
89.0 279.371704101563
89.9 128.009155273438
90.0 191.363418579102
90.1 197.753997802734
90.9 175.324493408203
91.0 118.537322998047
92.9 4.78434753417969
93.0 116.386657714844
93.2 22.9874801635742
94.1 40.455207824707
94.9 88.8550109863281
95.1 1.10330963134766
95.2 14.7685546875
95.7 2.85144138336182
95.9 66.7308044433594
96.0 143.829315185547
96.9 27.5303039550781
97.1 81.5061874389648
97.2 12.1630764007568
98.0 28.4871482849121
98.2 18.555269241333
98.3 16.4927539825439
98.9 65.9063110351563
99.9 21.7711963653564
100.1 2.96097040176392
100.9 35.1282768249512
101.1 38.0240898132324
101.8 37.1707496643066
102.0 143.297317504883
102.1 142.265808105469
102.9 269.909545898438
103.7 1.26506996154785
103.9 132.740936279297
104.0 60.1406364440918
104.2 13.0498123168945
104.7 10.4550094604492
104.8 6.68693161010742
105.0 66.6367797851563
105.9 13.5866107940674
106.1 10.1832571029663
106.9 4.57930755615234
107.0 704.877380371094
107.1 51.7694244384766
107.7 12.2794694900513
107.9 17.5286407470703
108.0 104.105400085449
108.1 444.489532470703
109.0 19634.099609375
110.0 1649.54235839844
110.8 47.8291931152344
110.9 17.5518646240234
111.1 72.6356811523438
112.1 36.9874420166016
112.7 13.4955625534058
112.8 46.5351715087891
112.9 60.704963684082
113.8 23.8791637420654
114.8 13.9423294067383
115.0 55.4710845947266
115.1 15.2513837814331
115.8 82.115608215332
116.0 36.3210487365723
116.2 38.0148506164551
116.8 107.197196960449
117.0 16.38525390625
117.7 14.1356744766235
117.9 248.142547607422
118.6 9.12317752838135
118.8 37.9985198974609
118.9 66.926872253418
119.8 51.1811714172363
119.9 17.2226943969727
120.0 26.0367774963379
120.7 14.185754776001
121.0 22.3148345947266
121.8 14.1556415557861
122.0 180.435592651367
122.7 13.5588340759277
122.9 37.5789108276367
123.0 40.1658477783203
123.8 47.934642791748
123.9 81.2096786499023
124.0 44.1322822570801
124.8 33.6139297485352
124.9 40.4987487792969
125.0 31.3777465820313
125.9 44.2381286621094
126.1 10.0819272994995
126.9 120.825988769531
127.8 21.2192325592041
127.9 75.8220062255859
128.1 20.3433589935303
128.2 2.92231273651123
128.5 19.7329025268555
128.9 224.767654418945
129.0 147.155395507813
129.1 11.7606973648071
129.8 51.466423034668
129.9 29.1851119995117
130.1 128.908096313477
130.2 17.6665706634521
130.8 32.2142219543457
131.0 116.199714660645
131.7 35.6946144104004
132.3 9.20025062561035
133.0 3.64373779296875
133.1 59.1594543457031
133.9 42.217887878418
134.1 45.2239646911621
134.3 8.63658332824707
134.7 18.1657104492188
135.0 56.5501251220703
135.9 129.543472290039
137.0 1147.9560546875
138.0 529.738586425781
138.9 198.274719238281
139.9 12.9452972412109
140.2 9.74876117706299
140.9 285.079071044922
141.8 58.6038970947266
142.0 12.4423294067383
142.1 17.6300163269043
142.2 8.59006786346436
143.0 39.7704925537109
143.1 13.2854623794556
143.9 35.1598777770996
144.0 107.599166870117
144.1 24.3013248443604
144.3 18.7266502380371
145.0 1748.75903320313
145.9 158.135681152344
146.0 82.0915222167969
146.7 28.9382095336914
147.1 42.5243453979492
147.8 35.7071533203125
148.0 8.06915473937988
148.6 9.51822757720947
148.8 80.0593185424805
149.1 62.3347663879395
149.8 27.1001892089844
150.7 43.0571517944336
150.9 140.662857055664
151.1 61.1062164306641
151.8 46.8884963989258
152.9 172.600479125977
153.0 18.4589157104492
154.0 27.2045021057129
154.2 32.4503936767578
155.0 95.0004119873047
155.8 147.146789550781
156.2 23.8312225341797
157.0 136.682159423828
157.9 72.8736267089844
158.0 23.1349868774414
158.9 1253.83618164063
159.8 15.2352294921875
160.0 41.061279296875
160.8 121.020568847656
161.1 84.9611892700195
161.9 6.84796714782715
163.0 58.614990234375
163.7 17.9648456573486
163.8 84.9859313964844
164.8 32.8599014282227
164.9 37.6875343322754
165.1 13.3550186157227
165.2 10.666784286499
165.7 10.526707649231
166.0 10.4060297012329
166.1 12.5115003585815
166.5 18.9251194000244
167.8 35.3166351318359
167.9 21.5994911193848
168.1 10.1786136627197
168.8 11.3373031616211
168.9 161.562591552734
169.1 39.8400993347168
169.5 11.0638961791992
169.9 77.4659957885742
170.0 136.758209228516
170.2 13.6272420883179
170.9 277.070098876953
171.8 26.9393539428711
171.9 65.2649536132813
172.0 109.148178100586
172.2 62.3748779296875
173.0 21.7120399475098
173.1 34.4502182006836
173.8 11.6185111999512
174.1 12.1053380966187
174.9 15.9895849227905
175.0 31.5173225402832
175.2 9.52774238586426
175.8 9.13641262054443
175.9 46.6899757385254
176.1 34.7724533081055
176.8 13.1911106109619
176.9 35.3211364746094
177.1 16.6657829284668
177.9 59.8316345214844
178.0 54.8270683288574
178.8 13.7239980697632
179.0 11.1501502990723
180.0 26.7407398223877
180.1 20.336145401001
180.9 172.533386230469
181.7 23.056697845459
181.9 31.8287906646729
182.0 89.0451354980469
182.8 11.4582214355469
183.0 55.1771392822266
183.1 35.0565948486328
183.9 27.6271343231201
184.0 30.0702152252197
184.2 9.23898696899414
184.3 9.28286552429199
184.8 9.08306121826172
185.9 34.6381607055664
186.1 13.3622245788574
186.7 17.0996475219727
187.0 11.5173873901367
187.2 9.43002891540527
188.0 20.4368858337402
188.8 68.2476806640625
189.0 23.2913608551025
190.1 10.3559637069702
191.0 198.390686035156
191.8 55.383960723877
192.8 89.518684387207
193.0 30.7500610351563
193.8 13.8582315444946
193.9 1.30578994750977
194.1 40.3542785644531
195.0 216.891662597656
195.6 31.350679397583
195.9 51.2262954711914
196.0 199.900650024414
196.9 425.997894287109
197.0 26.86962890625
197.8 20.0802688598633
198.0 117.048263549805
198.1 50.69873046875
198.7 44.244930267334
199.0 158.888381958008
199.9 30.6707611083984
200.0 44.5915184020996
200.8 266.671997070313
202.0 4.31324672698975
202.6 8.83704566955566
202.7 12.2605857849121
202.9 25.4777679443359
203.1 25.3345184326172
203.8 9.04105567932129
203.9 26.5157737731934
205.0 36.0324478149414
205.1 15.4412755966187
205.9 11.8474597930908
206.1 16.7287273406982
206.8 22.8019866943359
207.0 467.391845703125
207.9 93.989990234375
208.0 65.8986206054688
208.9 46.0046882629395
209.1 11.4501953125
209.8 44.4819641113281
210.0 54.2177886962891
210.1 13.0919733047485
211.0 13.166259765625
211.9 37.2168121337891
212.0 13.2317924499512
212.8 40.5504379272461
213.1 231.309219360352
213.9 112.851753234863
216.0 510.085357666016
217.0 514.475524902344
217.8 45.6644897460938
218.1 14.9050254821777
218.9 256.636474609375
219.9 437.104248046875
220.6 26.7709274291992
220.9 102.694717407227
222.0 18.2384643554688
222.1 8.43185615539551
222.9 174.559692382813
223.0 506.782867431641
223.8 5.71998453140259
223.9 41.1151504516602
224.1 548.175354003906
224.4 16.5968456268311
225.0 806.30908203125
225.9 12.111743927002
226.0 150.544128417969
226.1 137.036865234375
226.6 11.6349544525146
226.8 59.9612312316895
227.8 2.16452789306641
228.0 35.5990104675293
229.0 126.691772460938
229.8 13.5369386672974
231.0 34.2781944274902
231.3 9.56087398529053
232.1 10.0735731124878
234.0 18.2085571289063
234.1 132.374160766602
234.8 34.4402656555176
235.0 349.859497070313
235.8 39.4046478271484
235.9 28.5630321502686
236.0 4.28954792022705
237.0 105.958984375
238.0 431.125244140625
238.9 101.318420410156
239.0 9.94990158081055
240.1 22.998664855957
240.8 40.2402496337891
241.0 90.6768951416016
241.9 0.000335693359375
242.1 6.27817153930664
242.8 18.9008331298828
244.9 2.26069259643555
246.0 38.4376182556152
246.2 10.861611366272
246.8 44.5606918334961
247.0 47.8664321899414
247.2 12.6172494888306
247.7 10.060378074646
248.9 8.72516250610352
249.9 29.094482421875
250.1 12.9184579849243
250.5 16.6597805023193
250.9 17.8576850891113
251.0 915.484375
251.9 6.80480003356934
252.0 4037.263671875
253.1 9365.73046875
254.0 1614.41516113281
255.0 104.054473876953
255.1 56.5263900756836
256.9 35.2665863037109
257.1 21.1650543212891
257.8 29.927848815918
258.9 8.1212682723999
260.0 176.415435791016
260.1 222.270477294922
260.2 10.8725786209106
260.8 34.8436737060547
260.9 33.089729309082
261.0 60.1778717041016
262.8 2.98771381378174
263.0 4.03777027130127
265.9 9.0993127822876
267.9 28.6731376647949
268.0 84.9810180664063
268.1 9.89090538024902
268.9 120.594261169434
269.1 249.446762084961
269.2 16.1306419372559
269.9 48.3703269958496
270.1 22.9972896575928
270.2 9.62799739837646
270.7 23.8037910461426
270.8 57.5527725219727
271.1 32.2726554870605
271.8 23.430061340332
272.0 14.0662059783936
273.1 55.828742980957
273.9 32.2827568054199
274.0 30.0879306793213
274.9 205.227142333984
276.2 18.6314830780029
277.1 32.2959671020508
277.8 18.3178691864014
278.2 10.2015066146851
278.6 47.3985443115234
278.9 3.21954345703125
279.0 28.1215229034424
279.9 64.3121032714844
280.0 510.381439208984
280.1 34.2842903137207
280.7 25.0167236328125
280.9 41.6903686523438
281.0 36.7301406860352
282.9 20.8030128479004
283.0 18.6236228942871
284.7 33.2965202331543
284.9 0.2880859375
285.0 24.0816497802734
285.8 60.0198440551758
286.0 12.1648406982422
287.1 5.2249755859375
287.2 21.8749675750732
288.0 11.6298732757568
288.8 104.172058105469
289.0 172.405212402344
289.9 53.6177978515625
290.0 144.940567016602
290.8 55.6389999389648
291.8 5.78669118881226
292.1 9.99280548095703
292.9 177.064819335938
294.0 35.7911415100098
294.7 11.751916885376
295.0 53.6242218017578
295.8 18.8257617950439
296.0 10.6983776092529
296.7 38.2448654174805
297.0 53.9306945800781
297.7 12.0974426269531
297.8 20.134744644165
298.1 5.13229084014893
298.9 11.8761940002441
300.7 13.1406784057617
300.9 36.0007553100586
307.0 42.5708923339844
307.8 9.75680160522461
308.0 2.33276271820068
308.1 32.4253578186035
308.9 23.6673049926758
309.1 14.567419052124
318.8 13.1674814224243
322.0 17.5107040405273
322.8 71.0154495239258
323.0 45.9216461181641
323.1 164.233276367188
323.2 38.6778793334961
324.0 373.779571533203
324.1 469.418731689453
324.3 28.7914161682129
324.9 11.7104167938232
325.0 89.0658874511719
325.1 60.1558609008789
325.9 11.798357963562
330.9 19.5517444610596
332.0 9.23572540283203
332.8 10.4446878433228
334.8 9.65629482269287
336.0 10.6176614761353
336.2 14.8423547744751
342.1 18.4589252471924
342.9 9.69268131256104
343.1 187.822601318359
343.2 168.835311889648
344.0 35.8261642456055
344.1 11.2458305358887
344.2 44.0234031677246
346.7 9.79568481445313
348.8 14.9385414123535
349.0 38.0249938964844
349.9 17.7185401916504
350.0 95.5736389160156
350.2 34.2826843261719
350.9 54.6554756164551
351.1 1159.26293945313
352.1 200.515853881836
352.2 48.6020393371582
352.8 56.2852516174316
353.4 10.3932571411133
353.9 10.0638084411621
363.0 10.8200712203979
366.9 21.7868881225586
367.0 17.8428077697754
367.9 37.4783668518066
368.1 944.464965820313
369.0 156.172470092773
369.2 86.8130416870117
370.1 12.4637479782104
