#"+EI Scan (rt: 4.415-4.485 min, 13 scans) R2M6.D  Subtract "
#Point,X(Thompsons),Y(Counts)
40.1 428.697357177734
41.1 20935.888671875
42.0 58.8707885742188
42.1 2001.55932617188
43.1 4079.92211914063
44.0 9826.453125
45.0 295.584289550781
45.1 531.095092773438
45.9 66.9352645874023
46.0 102.514724731445
46.8 57.6707305908203
46.9 94.9133148193359
48.8 33.2957305908203
48.9 84.2455825805664
49.7 13.2654323577881
49.9 183.069442749023
50.0 243.819107055664
50.2 3.66629552841187
51.0 1525.1748046875
51.9 122.232902526855
52.1 481.286346435547
53.0 3034.22338867188
54.0 400.060516357422
54.1 1733.69201660156
55.1 35097.07421875
56.1 3356.74291992188
57.1 14775.5703125
58.0 827.66015625
58.1 414.86767578125
59.0 1644.47802734375
59.9 105.986831665039
60.1 34.542797088623
60.9 60.7875785827637
61.0 42.9773292541504
61.9 137.229537963867
62.0 468.969177246094
62.1 38.8655624389648
63.0 1070.39086914063
64.0 384.455139160156
64.1 135.966644287109
64.9 234.976028442383
65.0 954.396606445313
65.1 59.8570251464844
65.9 346.155883789063
66.1 252.118499755859
66.2 60.09228515625
67.0 5282.97216796875
67.9 143.81135559082
68.1 1057.96228027344
69.1 4860.82666015625
70.1 3430.79174804688
71.0 524.283325195313
71.1 893.296447753906
71.8 22.4011154174805
72.0 580.796142578125
72.1 15.7627506256104
72.3 16.1899032592773
73.0 2081.41259765625
73.9 55.6041603088379
74.1 396.245300292969
75.0 1099.73779296875
76.0 3115.8203125
77.0 8001.46484375
78.0 1946.771484375
78.9 88.5103378295898
79.0 1737.96118164063
79.9 79.3644714355469
80.1 421.303955078125
81.0 1722.82861328125
82.0 882.957153320313
83.1 5208.546875
84.0 1426.25476074219
84.1 779.428771972656
85.0 965.941772460938
85.1 50.8381195068359
86.1 8130.919921875
86.9 52.9960479736328
87.1 950.623840332031
87.9 280.853454589844
88.0 4748.640625
88.2 77.1165924072266
89.0 4839.28466796875
89.1 106.142242431641
90.0 10131.5048828125
91.0 1590.07153320313
91.1 566.71923828125
91.8 62.8734130859375
92.0 461.917846679688
92.1 120.109573364258
93.0 945.271057128906
93.9 70.0499877929688
94.0 274.083953857422
94.1 108.83122253418
95.0 2739.30590820313
96.0 467.836090087891
96.1 99.9167327880859
97.1 3968.27954101563
98.0 219.708129882813
98.1 667.388305664063
98.9 22.7958087921143
99.0 633.215393066406
99.2 37.2006454467773
100.0 333.982299804688
100.0 295.117736816406
100.9 66.8955001831055
101.0 938.573303222656
102.0 855.847534179688
102.0 5664.125
103.0 28559.083984375
104.0 9552.3427734375
104.9 100.009994506836
105.0 1290.97717285156
105.8 8.35683059692383
106.0 239.270141601563
106.1 92.9515991210938
106.7 0.718128204345703
107.0 63.342903137207
107.1 7.40446853637695
107.3 24.7419662475586
107.9 39.6870880126953
108.0 1.23035430908203
108.1 73.2125549316406
109.0 759.3701171875
109.8 81.8431854248047
110.1 112.376739501953
110.9 2.60256576538086
111.0 43.9045104980469
111.2 98.6948928833008
112.0 383.072967529297
112.0 613.080871582031
113.0 304.962982177734
113.9 74.254524230957
114.1 161.146224975586
115.0 1048.70385742188
116.0 1415.55615234375
117.0 5752.13671875
117.9 12.3135681152344
118.0 3721.22583007813
118.8 18.1260719299316
119.0 941.71533203125
119.8 46.6244087219238
119.9 75.6421890258789
120.1 50.866584777832
120.2 12.8620185852051
120.9 46.1780662536621
121.1 109.801742553711
121.8 27.9088401794434
121.9 125.385864257813
122.0 11.1806182861328
122.2 63.140323638916
122.7 28.5152549743652
122.9 322.935333251953
123.9 91.036491394043
124.6 15.0475988388062
124.9 28.9645233154297
125.0 90.3300170898438
125.8 64.4789581298828
126.0 37.5558013916016
126.2 48.7370796203613
126.9 47.5834121704102
127.0 473.902709960938
127.1 65.4939956665039
127.9 104.302337646484
128.0 1556.443359375
129.0 9784.5048828125
130.0 11549.48046875
131.0 55932.28125
132.0 7688.88818359375
133.0 887.682495117188
133.1 103.94108581543
133.7 11.9582996368408
133.9 61.9386711120605
134.0 74.6364440917969
134.2 24.1045970916748
135.0 439.616088867188
136.0 228.058929443359
137.0 4996.32421875
138.0 601.856689453125
139.0 438.79345703125
139.1 145.505020141602
139.8 28.9152927398682
139.9 146.605255126953
140.1 59.3779563903809
140.9 361.8251953125
141.0 143.921585083008
141.8 75.1757431030273
142.0 163.235198974609
142.1 482.424865722656
143.0 2113.9443359375
143.1 37.307487487793
144.1 6545.44482421875
145.0 134134.828125
146.0 14030.89453125
147.0 383.16748046875
147.1 1085.49572753906
147.8 45.5680198669434
147.9 58.6954040527344
148.1 75.977912902832
148.8 6.74766540527344
148.9 134.665161132813
149.0 31.1548252105713
150.1 4.21244812011719
150.9 24.4701156616211
151.1 153.890518188477
151.9 13.3016586303711
152.0 168.796203613281
152.8 64.1681365966797
152.9 188.213012695313
153.6 38.1344795227051
153.8 18.7904834747314
153.9 70.0737152099609
154.0 115.766647338867
154.2 103.958740234375
155.0 1631.95629882813
156.0 724.564208984375
156.1 1086.19848632813
157.0 2685.32275390625
158.0 4336.02099609375
159.0 3491.86279296875
159.9 365.264495849609
160.0 374.640014648438
161.0 662.58984375
161.1 60.4320640563965
161.8 3.18386077880859
162.0 207.466552734375
162.1 32.1210708618164
162.8 508.28271484375
163.7 12.3584156036377
163.8 77.5444107055664
164.1 19.0111312866211
164.8 45.0083427429199
165.1 88.9985809326172
165.7 31.7393093109131
165.9 38.4090347290039
166.1 30.6536140441895
166.9 471.44384765625
167.9 31.8386306762695
168.0 480.779510498047
168.1 203.74267578125
168.3 12.6791296005249
169.0 871.108337402344
169.1 1173.73461914063
169.8 70.3227157592773
170.0 549.367065429688
170.1 590.878784179688
171.0 1209.25061035156
171.1 386.966583251953
171.9 113.22029876709
172.0 704.465637207031
173.0 779.530700683594
173.1 723.513427734375
174.1 3251.72509765625
175.0 517.482482910156
175.1 296.223693847656
175.2 88.9939041137695
175.9 58.2442893981934
176.0 47.1588592529297
176.1 20.221851348877
176.8 77.1071166992188
177.0 11.6747188568115
177.1 17.9523143768311
177.8 12.3753795623779
178.1 8.08397102355957
178.8 68.6528472900391
178.9 110.35962677002
179.8 37.296688079834
179.9 53.4890213012695
180.0 58.5379486083984
181.0 572.724426269531
182.0 371.098236083984
182.1 31.5916576385498
183.1 837.790649414063
183.7 19.8692321777344
184.0 565.9365234375
184.9 26.9936981201172
185.0 1530.79748535156
186.0 2131.978515625
186.9 525.471557617188
187.0 399.327728271484
187.8 101.059516906738
188.0 139.56120300293
188.1 37.3070640563965
188.4 16.1910438537598
188.7 13.5746688842773
188.9 71.6507110595703
189.0 49.5411911010742
191.0 179.862579345703
191.8 9.0936279296875
192.0 67.5454711914063
192.9 53.6536560058594
193.0 164.826904296875
194.0 123.451728820801
194.1 80.6439743041992
194.9 217.994201660156
195.0 142.667221069336
195.9 153.659957885742
196.1 92.1356048583984
196.2 38.0310668945313
197.0 763.899108886719
197.9 221.997848510742
198.0 118.516670227051
198.9 550.508544921875
200.0 1492.70300292969
200.1 1617.71948242188
201.0 14207.265625
202.0 1983.78991699219
202.8 32.8844680786133
202.9 167.647888183594
203.0 31.2250480651855
203.2 34.3349990844727
203.9 12.8995990753174
204.2 16.138786315918
204.9 49.3463897705078
205.0 96.6170806884766
205.8 29.5259742736816
205.9 27.6295967102051
206.1 11.662880897522
207.0 780.580932617188
207.8 74.9283218383789
208.0 29.242431640625
208.9 250.09294128418
209.9 71.467041015625
210.1 187.28125
211.0 1344.78662109375
212.0 1087.52612304688
213.0 2757.85961914063
214.0 3389.1220703125
215.0 3435.1904296875
216.0 335.661560058594
216.1 125.793228149414
217.0 545.406188964844
217.8 14.6324729919434
217.9 4.51026916503906
218.0 48.9217147827148
218.1 61.9630584716797
218.9 287.638671875
219.1 219.82080078125
219.9 172.958831787109
220.6 30.9971809387207
220.9 18.1949005126953
221.0 140.777038574219
222.0 32.0320701599121
222.9 279.880676269531
223.8 14.1928863525391
224.0 23.4213981628418
224.1 109.935508728027
224.9 46.5529251098633
225.0 137.055969238281
225.2 24.0466194152832
225.8 16.3553276062012
226.0 186.448394775391
226.1 370.688598632813
226.2 21.5075531005859
226.8 0.804771423339844
227.0 278.044860839844
227.9 160.567489624023
228.1 310.606994628906
228.2 22.4616508483887
229.0 325.562561035156
229.1 149.200103759766
229.9 16.2344951629639
230.0 490.039398193359
230.1 388.235321044922
231.0 267.782409667969
231.1 79.662712097168
231.9 67.186653137207
232.0 26.5355567932129
233.0 1636.296875
234.0 351.801086425781
234.1 112.994155883789
234.9 265.698181152344
235.7 14.7563362121582
235.8 96.5860137939453
235.9 21.9241218566895
236.0 141.32209777832
237.0 1341.68798828125
238.0 706.146545410156
239.1 4945.8388671875
239.9 6.73347091674805
240.1 2703.78344726563
241.1 224885.59375
242.1 41059.08984375
243.1 5743.63134765625
244.0 418.004058837891
244.1 321.9345703125
244.8 34.9839248657227
244.9 94.0263671875
245.0 28.1279067993164
246.0 7.53105735778809
246.8 25.9260501861572
247.0 85.334716796875
248.8 38.7917900085449
249.0 43.1735305786133
250.0 37.9016036987305
250.9 13.6595001220703
251.1 62.8052101135254
251.9 42.1470832824707
252.0 94.604606628418
252.2 19.2987804412842
253.0 251.859771728516
253.1 530.72802734375
254.0 49.0464019775391
254.1 1009.10357666016
254.2 90.30029296875
255.0 39.8095741271973
255.1 429.796539306641
255.9 52.2701644897461
256.1 412.023132324219
256.2 94.5839996337891
257.0 165.768615722656
257.2 284.658813476563
257.9 5.73966312408447
258.1 954.849731445313
258.9 129.823013305664
259.0 73.8017349243164
259.1 34.7221527099609
259.9 106.52352142334
260.8 23.504810333252
260.9 88.7517929077148
262.0 13.1506490707397
262.6 17.4313793182373
262.9 32.4258193969727
264.0 12.2771797180176
264.9 11.7034206390381
266.1 40.9053115844727
266.3 20.3355503082275
266.8 42.6969375610352
267.0 90.0461578369141
267.2 63.8910484313965
268.0 54.7509498596191
268.1 278.631713867188
268.3 38.831428527832
269.0 246.583892822266
269.1 212.266357421875
269.9 30.488899230957
270.1 437.430633544922
270.2 310.124786376953
271.0 403.013092041016
271.1 407.61669921875
271.9 82.3739929199219
272.1 167.830596923828
272.2 21.3395023345947
272.3 11.7293996810913
272.9 294.484466552734
273.8 12.6285429000854
274.0 11.6920471191406
274.1 16.2844219207764
274.7 49.7128105163574
275.0 153.363540649414
275.8 9.54310035705566
275.9 29.8299217224121
276.1 31.01171875
276.7 1.9764461517334
276.9 126.169372558594
277.0 43.1892929077148
277.1 30.2628211975098
277.8 27.2858600616455
278.7 21.9991264343262
278.8 43.4010200500488
279.0 44.1004409790039
279.9 22.3813858032227
280.0 279.940582275391
280.1 264.536895751953
280.3 54.6673126220703
280.8 42.0982856750488
280.9 145.218551635742
281.2 38.5861282348633
281.8 12.8322906494141
281.9 12.8640670776367
282.1 95.2473068237305
282.2 106.154541015625
283.0 108.303375244141
283.2 80.3944625854492
283.4 14.5127935409546
283.9 35.673828125
284.1 32.4302024841309
284.9 16.3763046264648
285.0 18.1155090332031
285.9 60.7255210876465
286.0 124.531562805176
286.1 15.8605346679688
286.7 19.7615222930908
287.0 233.699829101563
287.2 254.947998046875
287.8 20.5186176300049
288.1 65.8229217529297
288.2 15.6753492355347
289.0 482.557495117188
289.0 10.9145202636719
289.8 133.275299072266
290.1 51.8740005493164
290.9 67.8375091552734
291.1 118.979866027832
291.8 28.4386959075928
292.0 38.4764289855957
292.9 591.838989257813
293.9 154.434158325195
294.1 145.655258178711
294.9 83.766357421875
295.1 485.904388427734
296.1 1492.81591796875
296.2 1814.94128417969
297.1 21900.486328125
297.9 39.7213821411133
298.1 1681.71728515625
298.1 2559.73413085938
299.0 388.241973876953
299.1 199.209777832031
300.0 14.0733690261841
300.3 16.07936668396
301.1 37.0603370666504
303.1 22.5092029571533
306.8 18.893087387085
306.9 1.05085754394531
307.0 39.0020217895508
307.9 34.9372673034668
308.0 14.7843236923218
308.2 37.4140853881836
308.3 18.452579498291
308.9 10.5092134475708
309.1 30.1622619628906
309.2 23.9483013153076
310.1 378.736633300781
310.2 355.638549804688
310.9 81.7675170898438
311.1 210.796234130859
312.1 181.875106811523
312.3 47.8512153625488
313.0 72.8466873168945
313.1 383.734893798828
314.1 817.816467285156
314.2 1924.869140625
314.3 67.3220367431641
314.8 25.4762344360352
315.0 197.767623901367
315.1 387.080688476563
315.2 20.8080444335938
316.0 58.4368896484375
316.2 35.335693359375
316.8 13.6173086166382
318.0 13.0514078140259
319.0 11.9258794784546
319.7 15.8307304382324
320.9 17.6709575653076
321.1 15.4761552810669
321.5 36.7173004150391
321.7 12.6090602874756
322.5 16.781286239624
323.0 62.1774711608887
323.3 23.4196147918701
324.1 142.602966308594
324.2 706.322937011719
325.1 15.4736309051514
325.2 582.100341796875
326.2 121114.5625
327.2 28573.4609375
328.1 63.706413269043
328.2 3412.10668945313
328.4 39.8684730529785
329.1 218.52507019043
329.2 144.112808227539
329.3 35.2893104553223
330.7 28.1662311553955
330.9 30.7593002319336
333.0 6.65250968933105
333.8 15.7104120254517
336.1 15.3156518936157
336.7 10.0401163101196
336.9 7.74825859069824
337.1 102.906852722168
337.2 87.144889831543
337.9 26.0018653869629
338.1 116.931282043457
338.2 1172.62756347656
338.9 23.1915512084961
339.1 194.350280761719
339.2 70.1370010375977
340.0 12.4226217269897
340.1 14.6234798431396
340.3 12.9719104766846
342.9 9.81353569030762
343.1 12.53049659729
344.9 1.76337051391602
345.0 60.805233001709
345.1 16.7601947784424
347.0 28.3948860168457
348.1 12.9771308898926
348.8 39.7454528808594
349.1 34.7321548461914
349.9 14.394965171814
350.6 17.1694602966309
350.8 31.7727909088135
351.0 75.6388778686523
352.0 53.7651710510254
352.2 308.524963378906
352.3 31.8117485046387
352.7 21.4517631530762
353.0 46.5712280273438
353.1 302.549835205078
353.2 91.9783172607422
354.0 25.2519989013672
354.3 36.5633583068848
355.0 268.713836669922
355.2 300.355987548828
356.1 15.6996927261353
356.3 26.3258247375488
366.8 76.1815795898438
366.9 71.9532470703125
370.0 20.2354469299316
370.2 100.373481750488
370.4 20.9365406036377
370.8 3.53039789199829
371.1 19.8809280395508
371.2 50.8723106384277
374.1 16.903434753418
377.9 18.8721885681152
387.2 12.0118408203125
404.7 12.9502820968628
404.9 13.7821235656738
