#"+EI Scan (rt: 4.952-5.039 min, 16 scans) R6M6.D  Subtract "
#Point,X(Thompsons),Y(Counts)
40.1 134.167770385742
41.1 1963.0361328125
42.0 392.644104003906
42.1 119.305999755859
43.1 1807.62744140625
44.0 4410.66943359375
45.0 309.714599609375
46.0 52.8081703186035
47.0 98.6896057128906
49.0 28.730806350708
49.0 43.5137329101563
49.9 124.392211914063
50.0 271.588165283203
50.1 11.2549114227295
51.0 656.192016601563
51.8 21.3407554626465
51.9 67.6231689453125
52.0 171.568450927734
53.0 137.176879882813
53.1 110.378479003906
54.0 333.111297607422
54.1 80.6858520507813
55.0 1332.65173339844
55.9 352.815002441406
56.1 558.82568359375
57.0 1381.09924316406
58.0 143.014022827148
59.0 1621.0380859375
60.0 155.103500366211
60.8 135.289367675781
61.0 44.282283782959
61.1 25.1693687438965
61.8 10.1623573303223
62.0 608.576293945313
62.0 268.648010253906
63.0 1527.15893554688
64.0 205.658828735352
64.1 275.751403808594
64.9 178.345184326172
65.0 109.499336242676
66.0 85.665412902832
66.9 206.117111206055
67.9 81.7288436889648
68.0 180.547988891602
68.2 20.0220489501953
69.0 142.609466552734
69.1 291.954040527344
70.0 352.795837402344
70.1 782.648132324219
71.0 974.013549804688
71.1 468.291564941406
72.1 2264.88208007813
73.0 746.681396484375
74.1 336.002319335938
75.0 1175.7392578125
75.9 372.639862060547
76.0 632.217834472656
76.1 102.998504638672
77.0 1649.1298828125
78.0 1097.19140625
79.1 385.828521728516
80.0 164.450149536133
81.0 425.451141357422
81.8 114.048728942871
81.9 9.11032104492188
82.1 237.525238037109
83.0 8562.1171875
83.9 215.841949462891
84.0 308.657867431641
84.1 97.2277984619141
84.9 80.3844299316406
85.0 80.1766052246094
85.1 15.4516372680664
85.8 10.2350387573242
86.0 187.219421386719
86.1 175.80517578125
86.9 78.1880264282227
87.0 640.622802734375
87.1 47.2948150634766
87.9 53.2330360412598
88.0 4800.44580078125
89.0 2765.95385742188
90.0 1488.03308105469
90.1 1139.52563476563
91.0 671.757446289063
92.0 134.912979125977
92.9 105.077545166016
93.7 12.5452976226807
93.8 72.3753204345703
93.9 89.1938323974609
94.0 62.0549163818359
95.0 926.368103027344
95.9 337.483734130859
96.0 397.420074462891
96.2 11.3189554214478
97.1 103.278732299805
97.2 67.9758224487305
97.9 192.457061767578
98.1 87.6572189331055
98.7 12.8481016159058
98.8 29.485897064209
98.9 118.109146118164
99.1 50.7007293701172
99.8 6.69575500488281
100.0 144.245681762695
100.1 59.0014991760254
101.0 156.883178710938
101.1 189.5947265625
102.0 2855.37084960938
102.9 814.8974609375
103.0 874.74609375
103.8 17.2351627349854
104.0 408.35107421875
104.1 559.508911132813
104.2 24.3591823577881
104.9 97.7014083862305
105.0 532.640441894531
105.3 16.0010929107666
105.8 75.8829803466797
106.0 113.955718994141
106.2 49.2736587524414
106.8 0.218532562255859
107.0 1860.67822265625
108.0 7.83863067626953
108.1 2226.84936523438
109.0 118172.25
110.0 9178.875
111.0 349.781555175781
111.1 35.1535415649414
111.8 33.518684387207
112.0 39.4423904418945
112.2 32.0387992858887
113.0 85.1170043945313
113.1 51.8400382995605
113.9 115.334289550781
114.1 159.650817871094
115.0 412.007659912109
115.9 104.145820617676
116.0 259.941223144531
116.1 9.70498847961426
117.0 1159.03149414063
118.0 659.361511230469
118.1 177.006713867188
119.0 399.184967041016
119.9 77.5621948242188
120.0 50.6135101318359
120.9 176.781356811523
121.1 52.7777557373047
121.8 48.7736740112305
122.0 313.902557373047
122.1 165.433074951172
122.8 107.934715270996
123.0 18.404956817627
123.9 73.8269729614258
124.2 22.6274948120117
124.6 11.2859058380127
124.8 28.5354080200195
125.0 54.4703674316406
125.8 28.4966430664063
126.0 63.3795394897461
126.8 54.4947509765625
127.0 48.5597534179688
127.1 20.3087539672852
127.8 14.1221523284912
128.0 214.910079956055
128.0 82.6117706298828
129.0 1996.09643554688
129.9 121.472930908203
130.0 407.555908203125
130.1 47.4555625915527
130.9 331.119445800781
131.0 757.863403320313
131.7 45.223705291748
132.0 167.535217285156
132.1 94.0876235961914
133.0 298.203491210938
133.7 12.450891494751
133.9 85.9685363769531
134.0 70.3161163330078
134.9 392.768157958984
136.0 56.6066589355469
137.0 1804.005859375
138.0 325.93115234375
139.0 613.410766601563
139.8 21.3871059417725
139.9 14.9391174316406
140.1 31.7182807922363
140.2 33.7486381530762
141.0 401.399230957031
141.9 45.3975830078125
142.0 0.974781036376953
142.2 37.8229141235352
142.7 4.73525047302246
143.0 417.195770263672
143.2 87.4955139160156
144.0 236.148193359375
144.1 672.5283203125
145.0 11185.115234375
146.0 1056.02575683594
146.1 306.743347167969
146.7 25.4771633148193
146.8 5.54243469238281
147.0 86.5580215454102
147.2 44.8072509765625
148.0 0.870894432067871
148.2 10.9185552597046
148.9 23.8754653930664
149.0 130.340789794922
149.1 3.40468788146973
149.8 24.2388801574707
150.0 82.3016052246094
150.9 28.5169525146484
151.0 276.830932617188
151.8 22.7574882507324
152.0 129.401992797852
152.1 5.0731372833252
152.9 150.399063110352
153.0 89.7011871337891
153.8 51.0712089538574
154.0 29.348876953125
155.0 307.544311523438
155.9 183.301345825195
156.0 54.682373046875
157.0 113.409545898438
157.1 149.311431884766
157.8 126.091896057129
158.0 20.4320373535156
158.1 7.87827301025391
159.0 865.4326171875
159.9 149.186401367188
160.7 38.2277793884277
160.9 411.89111328125
161.5 10.763072013855
161.9 48.2602081298828
162.1 11.9618978500366
163.0 388.397918701172
163.9 45.1217193603516
164.1 18.2109260559082
164.8 25.435115814209
165.0 115.948913574219
165.8 51.0396423339844
166.1 14.7226800918579
167.0 104.53532409668
167.9 44.155689239502
168.0 151.017150878906
168.2 44.3093605041504
169.0 437.102600097656
169.9 373.963714599609
170.1 320.519226074219
170.8 30.8406295776367
170.9 338.755981445313
172.0 891.758544921875
172.1 68.9707336425781
173.0 250.667144775391
173.0 327.989685058594
173.2 29.966703414917
173.9 41.2396392822266
174.0 32.8914451599121
174.0 198.656051635742
174.8 3.63446998596191
174.9 184.375869750977
175.0 84.2789535522461
175.8 15.5260305404663
176.0 31.7832221984863
176.0 263.491333007813
176.2 15.1144380569458
177.0 192.388488769531
177.1 190.371734619141
178.0 126.045303344727
178.1 119.547286987305
178.8 66.4790420532227
179.0 65.3934631347656
179.7 5.23691987991333
179.9 43.9496994018555
180.1 54.7506637573242
180.8 67.7452239990234
181.0 102.390571594238
181.7 8.0297908782959
181.9 25.7631607055664
182.0 17.4653930664063
182.1 22.2791786193848
182.9 178.735107421875
183.7 13.2035369873047
184.1 41.0005493164063
184.9 12.6781921386719
185.0 140.237518310547
185.9 54.3605117797852
186.0 97.4066314697266
186.2 11.9688425064087
186.8 46.6891021728516
187.0 134.506225585938
187.8 32.689510345459
188.1 14.255654335022
188.9 55.3396644592285
189.0 27.8739776611328
190.8 20.4022216796875
191.8 37.867301940918
192.0 91.7270584106445
192.9 38.5628051757813
193.0 113.496955871582
193.8 57.1689987182617
194.0 261.432037353516
194.1 30.0935878753662
194.9 697.721984863281
195.0 162.044311523438
196.0 791.361694335938
196.1 244.508880615234
197.0 899.242797851563
197.6 22.905481338501
197.9 81.1349716186523
198.0 363.943298339844
198.1 140.15315246582
198.8 201.17170715332
198.9 214.87353515625
199.9 79.144889831543
200.0 328.899780273438
200.4 12.9229021072388
200.8 7.05692672729492
200.9 12.2239990234375
201.8 70.2284774780273
202.0 70.5200576782227
202.9 97.7554016113281
203.0 60.7262878417969
204.0 35.4469451904297
204.7 13.9497318267822
204.8 3.77658081054688
204.9 29.0248413085938
205.1 195.691619873047
205.8 37.724178314209
206.1 14.0479431152344
206.9 153.094085693359
207.0 79.80810546875
208.1 63.4899673461914
208.9 176.425659179688
209.8 11.2286729812622
210.0 78.3426055908203
210.1 28.17018699646
211.0 591.2822265625
211.9 224.246337890625
212.8 35.5526847839355
212.9 49.3726806640625
213.0 60.3981628417969
213.8 16.5306358337402
213.9 113.832534790039
214.0 30.5953140258789
214.2 119.802505493164
215.0 1873.2548828125
216.0 547.656982421875
216.8 124.060279846191
217.0 103.318954467773
218.0 19.5516891479492
218.9 365.190673828125
219.7 18.9904441833496
219.8 37.0398788452148
220.9 52.4094543457031
221.0 38.3575897216797
221.9 141.51545715332
222.1 33.636116027832
223.0 1045.83203125
223.1 839.941284179688
223.7 47.7239151000977
224.0 946.647033691406
225.0 1419.70043945313
226.0 646.432678222656
226.9 75.6394577026367
227.0 124.012634277344
227.1 12.8636131286621
227.9 10.5781602859497
228.1 45.1146087646484
228.9 56.1503601074219
229.0 29.2255249023438
229.1 75.380615234375
229.8 13.2363052368164
229.9 38.4000015258789
230.0 22.8341751098633
230.5 4.27324819564819
230.8 10.9014701843262
230.9 22.895149230957
231.1 0.163967132568359
231.2 12.9637231826782
232.0 16.7694911956787
233.0 512.7041015625
233.9 221.215393066406
235.0 418.87744140625
236.0 133.072738647461
237.0 655.89111328125
238.0 166.203552246094
238.1 82.7449188232422
238.9 20.5075073242188
239.8 20.68310546875
239.9 31.2904777526855
240.0 92.2909851074219
240.1 39.2084350585938
241.0 1252.68786621094
241.2 169.285858154297
242.0 342.085662841797
242.2 76.2276763916016
242.8 15.2286462783813
243.0 19.4343929290771
243.2 39.0828399658203
246.9 50.4821395874023
247.1 14.041708946228
248.5 23.1590614318848
248.9 85.7037734985352
249.0 60.0863380432129
249.1 55.4963264465332
249.9 28.107536315918
250.0 41.3889694213867
250.2 14.6573324203491
250.6 15.4876050949097
250.9 80.9502716064453
251.0 191.201080322266
251.1 305.255737304688
251.2 62.1823501586914
252.0 1189.59020996094
253.1 77835.46875
254.1 13204.9560546875
254.9 60.1210632324219
255.1 1440.66174316406
255.9 5.88974094390869
256.1 77.7491912841797
256.2 16.276741027832
256.7 24.649772644043
256.9 17.2183036804199
257.8 14.01051902771
258.0 60.1986083984375
258.1 218.409805297852
258.4 20.4070205688477
258.9 33.1911010742188
259.0 23.3417549133301
259.1 25.1722621917725
260.0 5.60059070587158
260.7 13.1809883117676
260.9 37.0066909790039
262.1 11.5319986343384
262.9 15.217321395874
264.0 31.7301559448242
264.9 10.555609703064
265.0 72.7155914306641
266.0 22.059513092041
266.7 13.1834182739258
266.9 25.4831676483154
267.1 18.1096572875977
267.9 7.09699392318726
268.0 99.4265441894531
268.3 17.2277660369873
269.0 1469.03833007813
269.8 26.8319911956787
269.9 109.519065856934
270.0 132.229614257813
270.2 64.5046310424805
270.8 165.869216918945
272.1 25.6329078674316
272.9 169.214508056641
274.0 38.3814239501953
274.2 31.9061660766602
274.8 102.26042175293
275.1 29.6468105316162
275.6 9.38341331481934
276.0 31.8374881744385
276.8 60.5986938476563
277.0 64.105224609375
277.7 16.9376678466797
278.9 8.54660797119141
279.0 97.5878295898438
280.0 73.6842880249023
280.1 64.5278244018555
280.2 24.3007335662842
281.0 99.9930801391602
281.1 93.7769088745117
281.9 25.1208362579346
282.1 40.737720489502
282.8 17.9932708740234
282.9 2.00307464599609
283.1 16.7959270477295
284.9 102.123291015625
285.0 75.994873046875
286.0 24.5544891357422
286.1 2.03658294677734
286.2 9.21595764160156
286.6 19.6950969696045
286.7 38.6014823913574
286.9 73.1108856201172
288.0 12.833872795105
289.1 210.655639648438
290.1 140.517349243164
290.9 149.360198974609
291.0 1.17745971679688
291.9 43.8591079711914
292.0 62.3324584960938
292.9 243.2919921875
293.6 20.2975120544434
293.9 125.058074951172
294.0 32.9985046386719
294.2 11.5676736831665
294.6 26.3177127838135
294.8 20.5685958862305
295.0 35.9943008422852
295.1 44.0540504455566
295.9 43.3632850646973
296.1 12.010124206543
296.2 0.327680587768555
297.0 1.46157836914063
297.1 39.6769371032715
297.7 25.8250617980957
298.0 23.319845199585
298.7 19.2288017272949
299.2 12.8927173614502
300.8 1.760329246521
302.7 11.6817302703857
302.9 15.4928169250488
303.0 4.67989635467529
304.2 35.6548385620117
304.9 40.8804397583008
305.0 17.5979232788086
305.1 36.903392791748
306.1 43.4444618225098
306.2 35.0429534912109
306.9 94.8632202148438
307.0 162.343414306641
307.1 429.53125
308.0 512.585205078125
308.1 205.009063720703
308.8 19.6948871612549
308.9 131.244201660156
309.1 160.970611572266
309.2 132.35417175293
310.0 77.3539428710938
310.6 10.5125007629395
310.8 28.1455097198486
310.9 40.6954956054688
311.1 3.62648391723633
312.1 15.7058696746826
319.0 40.5980377197266
321.1 3.27033853530884
322.1 127.064956665039
322.8 15.7726392745972
323.0 169.95719909668
323.1 169.413940429688
324.1 47455.765625
325.1 10953.544921875
326.0 64.2886276245117
326.1 1268.03039550781
326.3 71.8254089355469
326.9 25.8377532958984
327.0 62.2649040222168
327.1 44.5720710754395
327.2 81.5707702636719
328.2 9.6160831451416
332.7 0.750977516174316
333.8 14.9179544448853
335.0 49.4260482788086
335.1 11.0752668380737
336.0 43.399715423584
337.1 26.3318138122559
338.9 9.38288116455078
341.1 15.3785772323608
343.0 12.1640157699585
344.8 25.2259788513184
344.9 26.1657295227051
345.2 11.4885358810425
348.2 21.4719009399414
348.7 31.3508853912354
349.0 68.5727233886719
349.2 42.6589813232422
350.0 147.940765380859
350.1 166.758056640625
350.9 47.9956398010254
351.0 235.258117675781
351.1 214.349639892578
351.3 12.6338119506836
352.1 55.3877944946289
352.2 36.1662216186523
352.7 35.2651977539063
352.8 63.0810165405273
353.0 71.4055099487305
353.1 24.6109752655029
353.3 12.435154914856
353.4 10.4567232131958
354.0 14.3778991699219
354.1 20.6859817504883
354.6 10.5052270889282
356.9 13.6394500732422
359.0 3.62797164916992
359.1 236.293350219727
359.2 289.48095703125
359.9 10.7445907592773
360.0 42.9435958862305
360.2 112.773803710938
360.4 12.269757270813
366.9 3.02805948257446
367.1 11.3882055282593
368.1 56.2425308227539
368.2 60.9882049560547
369.1 10.6893253326416
390.1 10.7567844390869
400.8 4.5099720954895
