#"+EI Scan (rt: 4.957-5.045 min, 16 scans) R4M6.D  Subtract "
#Point,X(Thompsons),Y(Counts)
40.1 201.349472045898
41.1 1879.55456542969
42.0 102.452278137207
42.1 308.530639648438
43.1 1594.7001953125
44.0 4660.76318359375
44.9 4.79742050170898
45.0 163.82861328125
46.1 10.1169233322144
48.9 45.8309936523438
49.9 24.5715484619141
50.0 255.399353027344
51.0 780.482788085938
51.9 123.049903869629
52.0 171.879272460938
52.9 99.562744140625
53.0 109.059150695801
53.1 7.56317138671875
53.3 12.0856113433838
54.0 218.209930419922
54.1 206.271560668945
55.0 1158.810546875
55.1 87.2738037109375
56.0 567.34814453125
56.1 299.264465332031
57.0 1217.05517578125
58.0 66.41943359375
58.2 166.271850585938
59.0 1814.7822265625
59.9 128.119888305664
60.9 61.1990280151367
61.0 47.0126647949219
61.1 25.4316253662109
61.9 94.2517395019531
62.0 707.647094726563
63.0 1410.04345703125
64.0 342.512634277344
64.1 135.902282714844
64.8 34.5167694091797
65.0 202.903747558594
65.1 98.0102310180664
65.9 93.2978820800781
66.1 13.806939125061
67.0 73.0096588134766
67.1 112.986328125
67.8 26.5838203430176
67.9 68.5271148681641
68.0 102.838500976563
68.1 101.30265045166
68.2 14.9641828536987
68.9 426.591430664063
69.1 136.719055175781
69.9 214.392883300781
70.0 524.747497558594
70.1 271.633666992188
71.0 210.449310302734
71.1 1020.57452392578
71.8 20.934965133667
71.9 14.8270359039307
72.0 435.873352050781
72.1 1345.81262207031
72.2 26.40087890625
73.0 949.447021484375
73.9 64.460693359375
74.0 13.8519897460938
74.1 118.244087219238
75.0 826.504150390625
75.0 277.271697998047
76.0 612.063720703125
76.1 341.594604492188
77.0 1903.931640625
78.0 860.87939453125
79.0 132.78369140625
79.1 194.709808349609
79.8 50.3050231933594
80.0 86.6147766113281
81.0 511.070068359375
82.0 339.860870361328
82.1 27.2153472900391
83.0 7250.07275390625
83.9 321.616760253906
84.1 271.008239746094
84.3 14.920615196228
85.0 161.083831787109
85.1 48.098461151123
85.9 150.724060058594
86.1 116.456192016602
86.9 87.7772674560547
87.0 487.670562744141
88.0 3828.58642578125
88.9 70.2771606445313
89.0 2289.59545898438
90.0 1879.61059570313
90.0 510.383911132813
90.7 18.332878112793
90.9 82.5786743164063
91.0 652.524841308594
91.2 0.598316192626953
91.8 31.1780338287354
92.0 122.021743774414
92.1 18.7756252288818
92.9 48.8112869262695
93.0 68.3980102539063
93.8 42.802661895752
93.9 56.5282516479492
94.0 70.7898788452148
94.1 14.6114311218262
94.9 164.383148193359
95.0 579.645263671875
96.0 647.500549316406
96.1 42.6528091430664
96.9 157.823150634766
97.1 83.1291580200195
97.8 15.3620357513428
98.0 151.451721191406
98.8 88.5652847290039
99.0 91.7562789916992
99.1 23.4515171051025
99.9 36.5129013061523
100.0 105.393035888672
100.1 28.6189308166504
100.8 33.8073577880859
100.9 79.8740310668945
101.0 72.7760238647461
101.1 59.6528625488281
101.9 57.5605583190918
102.0 2080.353515625
103.0 1373.05541992188
103.8 38.6417503356934
104.0 784.545959472656
104.2 18.9909572601318
104.8 42.5571441650391
105.0 251.839233398438
105.1 184.723358154297
105.9 33.929500579834
106.1 66.2629318237305
106.2 34.4201164245605
106.9 196.254302978516
107.0 1646.12451171875
108.0 26.6890602111816
108.2 1946.21423339844
109.0 94892.109375
110.0 7832.95654296875
110.9 0.969306945800781
111.0 235.651321411133
111.2 17.0835437774658
111.7 1.25508117675781
111.8 17.7868423461914
112.1 11.2929162979126
112.9 97.4574966430664
113.0 94.0025482177734
113.9 152.052032470703
114.1 33.5117378234863
114.9 477.228515625
115.9 92.4552307128906
116.0 280.060089111328
116.1 37.5263366699219
117.0 1401.13903808594
118.0 395.475036621094
118.1 259.177886962891
118.8 44.388256072998
118.9 5.0157470703125
119.0 195.94270324707
120.0 29.1192245483398
120.2 40.2199325561523
120.8 80.9801025390625
120.9 121.006645202637
121.0 68.2248382568359
121.9 206.372604370117
122.0 264.958343505859
122.9 150.387573242188
123.0 66.8737411499023
123.8 60.5117797851563
124.0 62.8814239501953
124.1 32.6797790527344
124.6 19.8687763214111
124.7 75.5564117431641
125.1 46.9479598999023
126.0 16.1573123931885
126.9 166.655883789063
127.9 0.79973030090332
128.0 342.118408203125
129.0 1686.66320800781
130.0 530.940673828125
130.2 19.6572856903076
131.0 1234.759765625
131.8 34.7053833007813
131.9 106.19718170166
132.1 83.4958801269531
132.9 197.600082397461
134.0 100.030937194824
135.0 303.349365234375
135.1 207.34587097168
135.9 146.490753173828
136.1 57.4375762939453
137.0 3065.0849609375
138.0 604.905883789063
138.9 430.658874511719
140.0 85.6731643676758
140.2 27.8447532653809
140.9 197.015686035156
141.7 31.1585960388184
141.9 60.8932876586914
142.0 39.0575904846191
142.1 10.2439498901367
142.3 13.4430961608887
142.9 101.211898803711
143.0 306.383178710938
144.0 568.68896484375
144.1 288.244506835938
145.0 8970.70703125
145.8 13.3863115310669
146.0 1033.80944824219
146.7 13.4041509628296
146.8 14.9382514953613
147.0 164.589706420898
147.1 49.1218452453613
147.5 11.5661773681641
148.0 3.72780799865723
148.8 88.8613433837891
149.0 118.866195678711
150.0 67.170654296875
150.1 20.5804862976074
151.0 307.929412841797
151.8 46.1532402038574
151.9 126.919868469238
152.1 62.3904113769531
152.7 6.27665901184082
152.9 151.012496948242
153.1 60.2380523681641
153.8 10.6649541854858
153.9 32.4191932678223
154.0 64.921760559082
155.0 212.1689453125
155.9 60.3579368591309
156.0 107.088836669922
156.1 31.7279148101807
156.8 72.0772171020508
157.0 579.148986816406
157.9 59.7547340393066
158.0 192.007934570313
159.0 1153.52197265625
159.9 330.934326171875
160.8 18.9239959716797
161.2 23.1428527832031
161.8 27.9609107971191
161.9 24.8376655578613
162.0 25.1859588623047
162.6 44.0027732849121
162.9 297.246948242188
163.8 28.7245979309082
163.9 53.8101043701172
164.2 10.6053686141968
164.9 129.200653076172
165.1 10.6869258880615
165.8 11.8767395019531
165.9 25.0308151245117
166.1 39.0347671508789
166.9 67.6291122436523
167.8 13.5256900787354
167.9 85.0215454101563
168.1 62.072639465332
168.6 10.9435434341431
168.8 49.5441207885742
169.0 331.419769287109
169.9 93.4976196289063
170.0 394.184844970703
170.8 81.8236236572266
171.0 203.875564575195
171.8 18.7589015960693
172.0 566.854187011719
172.1 93.026741027832
172.9 294.9384765625
173.0 219.738754272461
173.8 18.8284530639648
174.0 151.840896606445
174.2 30.2078151702881
174.8 14.8039350509644
174.9 9.93771743774414
175.0 124.397735595703
175.9 157.949981689453
176.1 65.0275192260742
176.8 57.6774826049805
177.0 172.299377441406
177.9 133.524108886719
178.1 59.2553367614746
178.2 19.2203712463379
178.9 101.040664672852
179.0 9.4299840927124
179.1 24.5981292724609
179.9 98.1060485839844
180.0 44.697093963623
180.6 7.99407577514648
180.9 5.06369018554688
181.0 118.121994018555
181.7 17.7762279510498
182.0 123.729110717773
182.1 20.8925304412842
182.7 21.2026252746582
182.9 93.6848373413086
183.0 8.06074523925781
183.1 30.0037155151367
184.0 54.1813507080078
184.2 13.926812171936
184.7 0.184074401855469
184.8 29.6128082275391
184.9 84.3637390136719
185.7 9.90249729156494
185.9 106.090515136719
186.0 58.4992256164551
187.1 146.843521118164
187.7 36.7892265319824
187.9 32.9911727905273
188.7 9.31173706054688
188.8 29.1423778533936
188.9 24.5625228881836
190.8 156.045837402344
191.8 9.21245574951172
193.0 511.991912841797
193.6 10.9696731567383
193.7 12.18932056427
193.9 88.4522476196289
194.0 66.2473220825195
195.0 502.180358886719
195.8 29.9469108581543
196.0 488.9794921875
196.1 113.839004516602
197.0 584.942016601563
197.1 188.449569702148
197.8 39.3279495239258
198.0 213.892227172852
198.1 71.5997467041016
198.8 6.40263366699219
199.0 199.344329833984
199.1 127.913314819336
199.9 161.084335327148
200.0 202.888046264648
200.9 290.667938232422
201.8 44.3534278869629
202.0 88.82275390625
202.9 66.8401794433594
203.7 10.526195526123
203.8 33.739128112793
204.0 14.5542278289795
204.8 20.4513416290283
204.9 92.0012054443359
205.0 144.136352539063
205.7 25.4274253845215
205.9 13.9286031723022
207.0 721.136474609375
207.8 33.4664726257324
208.1 117.761627197266
208.2 22.5521831512451
208.5 12.0110235214233
208.7 9.95734214782715
208.8 42.586669921875
209.1 73.5177459716797
209.9 10.9217548370361
210.0 27.871410369873
211.0 462.0126953125
211.9 170.621520996094
212.0 40.8776245117188
213.0 188.170471191406
214.0 368.725799560547
215.0 2194.35400390625
216.0 1022.87591552734
217.0 510.621520996094
217.8 71.1032257080078
218.0 80.8235626220703
218.1 26.8656692504883
218.8 133.844543457031
219.0 375.754516601563
219.8 39.6494064331055
220.0 336.893463134766
220.7 15.2232513427734
220.9 64.7199859619141
221.7 36.6336822509766
221.9 71.1252288818359
222.0 28.3147106170654
222.9 121.594543457031
223.0 1089.603515625
223.9 259.199279785156
224.0 357.497802734375
224.1 145.685455322266
225.1 1181.56408691406
226.0 543.285339355469
226.3 15.2066955566406
226.5 13.6830539703369
226.6 25.419921875
227.0 97.1952819824219
227.9 46.6369857788086
228.0 27.7197761535645
228.9 358.190734863281
230.1 39.5403251647949
230.3 10.2739200592041
230.8 18.104398727417
230.9 111.575088500977
233.0 678.40576171875
233.8 48.3234024047852
233.9 417.351165771484
234.7 35.3347473144531
235.0 338.130981445313
236.0 107.416069030762
237.0 856.373046875
237.9 570.401245117188
239.0 323.690673828125
239.9 82.943717956543
240.1 32.3594665527344
241.0 1137.58312988281
241.2 173.235382080078
242.0 132.292495727539
242.1 252.560302734375
242.2 25.37034034729
242.9 37.3372650146484
243.2 37.5680809020996
244.6 10.2530279159546
244.7 20.22265625
244.9 37.8610305786133
245.8 13.0760774612427
246.8 26.1114635467529
246.9 21.7405052185059
247.9 38.3776588439941
248.5 20.224817276001
248.9 37.8799362182617
249.1 34.4648551940918
249.5 9.61463356018066
249.8 12.9878349304199
249.9 38.2693901062012
250.1 102.989418029785
250.9 152.052642822266
251.0 324.138305664063
251.2 79.294921875
251.6 19.1886405944824
252.0 123.430801391602
252.1 756.346557617188
253.1 58623.2578125
254.1 10186.6494140625
254.2 88.4940643310547
255.0 853.608215332031
255.1 339.916137695313
255.9 11.3444156646729
256.0 37.5799331665039
256.1 37.4744033813477
256.7 13.9860057830811
256.9 59.695240020752
257.0 6.28100109100342
257.9 18.446647644043
258.1 63.594539642334
258.8 23.0905666351318
259.0 17.9412708282471
259.1 21.8104629516602
259.2 15.9503488540649
259.9 15.732931137085
260.9 59.6294097900391
261.1 37.2358093261719
262.1 29.1105651855469
262.8 36.7233810424805
263.0 11.5234127044678
264.8 9.79042911529541
265.1 36.6730499267578
265.7 13.6759414672852
267.0 38.6187896728516
267.1 1.89719772338867
268.0 20.2273101806641
268.9 256.084381103516
269.0 546.33837890625
269.1 475.203643798828
269.8 38.2585868835449
270.0 134.127502441406
270.2 53.7136154174805
270.4 35.3817367553711
270.6 12.6620140075684
270.9 321.154388427734
272.0 20.4686851501465
272.9 134.888626098633
273.0 36.2258453369141
273.8 9.79891777038574
274.0 24.3546142578125
274.8 269.810363769531
274.9 102.88459777832
275.9 4.06705760955811
276.0 37.7143020629883
276.6 11.6288356781006
276.9 122.386947631836
277.0 105.638717651367
277.2 13.7038908004761
277.7 9.63862228393555
278.0 10.1699018478394
278.6 12.9112977981567
278.8 19.4120388031006
278.9 49.7244338989258
279.9 20.3065738677979
280.1 85.0909271240234
280.9 64.5927810668945
281.1 122.685874938965
282.0 44.9132041931152
282.1 10.0289659500122
283.8 9.75088691711426
284.7 39.0028419494629
284.9 75.8811645507813
285.0 35.8895263671875
286.0 79.1032257080078
286.1 59.3469772338867
286.8 42.5675086975098
286.9 23.7470626831055
287.0 83.6206817626953
287.1 3.38957500457764
287.8 9.7061595916748
289.0 123.39990234375
289.1 84.1207046508789
289.8 46.5892906188965
290.0 122.598342895508
290.1 21.0780410766602
291.0 254.419525146484
291.1 34.6790618896484
291.8 54.2334403991699
292.0 100.793823242188
292.1 36.9007034301758
293.0 592.420104980469
293.7 14.2526512145996
293.8 18.4987983703613
293.9 162.861785888672
294.8 59.5703086853027
295.0 45.7220687866211
295.8 5.74374580383301
295.9 64.4321594238281
296.7 75.2230758666992
296.9 161.258941650391
298.9 31.475414276123
299.0 26.3483734130859
302.9 82.7583618164063
303.0 12.2018299102783
303.1 16.9948329925537
304.0 13.6442365646362
305.0 0.137142181396484
306.0 37.4560470581055
307.0 368.445983886719
307.1 251.761611938477
307.8 22.1938304901123
308.0 372.413543701172
308.1 127.631454467773
308.3 10.0303039550781
309.0 322.530700683594
309.1 86.9836807250977
309.8 10.4098453521729
310.8 32.8838844299316
311.1 26.8364219665527
314.8 11.5943565368652
315.0 73.4389419555664
315.2 9.4780445098877
319.0 28.0070896148682
319.1 16.1116943359375
321.9 54.1896362304688
322.0 29.031623840332
322.2 24.0147304534912
322.3 23.9760074615479
322.4 18.1735420227051
322.7 13.4860067367554
323.0 279.325714111328
323.2 105.884765625
324.1 36207.328125
325.1 8587.1767578125
325.9 26.8238697052002
326.1 1014.24859619141
326.2 169.235198974609
327.0 124.859130859375
327.3 11.3685541152954
328.2 15.0531330108643
331.0 16.0435943603516
332.9 10.1676778793335
334.8 21.1517581939697
335.9 16.3672904968262
336.0 22.5881633758545
336.2 13.9025945663452
336.4 29.4527359008789
348.2 20.3896827697754
348.8 8.9238224029541
349.0 76.8889007568359
349.1 78.6744003295898
349.2 13.2687158584595
349.9 21.0044212341309
350.0 154.010696411133
350.1 106.425559997559
350.9 21.6409015655518
351.0 289.012023925781
351.2 74.2236709594727
352.1 10.850287437439
352.2 9.63349628448486
352.4 14.0392322540283
352.6 14.1948165893555
352.9 67.6361770629883
353.0 69.3675384521484
353.2 21.8750648498535
358.9 40.6086502075195
359.0 119.855842590332
359.2 209.592483520508
359.4 31.1297492980957
359.9 13.8770246505737
360.1 21.789421081543
360.2 17.3147144317627
363.3 11.2994003295898
366.8 12.3686246871948
368.0 44.7854957580566
368.1 12.1039438247681
369.2 55.084041595459
374.8 9.96187400817871
