#"+EI Scan (rt: 6.217-6.304 min, 16 scans) R3M6.D  Subtract "
#Point,X(Thompsons),Y(Counts)
40.1 599.319580078125
41.1 20593.484375
42.1 2343.43725585938
43.1 42953.94921875
44.0 1679.70983886719
44.9 146.626831054688
45.0 54.2350959777832
45.9 3.27174377441406
46.1 28.5049095153809
46.9 70.553466796875
48.8 36.9370307922363
48.9 86.7687301635742
50.0 429.314453125
50.1 280.088043212891
50.2 1.77426624298096
51.0 2027.23693847656
51.9 256.855926513672
52.1 618.652099609375
53.0 243.580627441406
53.1 1195.27673339844
53.9 43.6125755310059
54.1 377.007446289063
55.0 5985.00537109375
56.0 265.957763671875
56.1 172.703994750977
57.0 288.596252441406
57.0 171.372787475586
57.9 130.92985534668
58.1 11.0810890197754
59.0 2383.35791015625
59.8 13.0036392211914
60.0 66.8803405761719
60.1 63.1522789001465
60.9 105.985809326172
61.1 127.569343566895
61.9 25.1320304870605
62.0 1150.28759765625
63.0 4313.57373046875
64.0 689.518615722656
64.1 180.537231445313
65.0 2053.09765625
65.8 52.1534004211426
65.9 35.637393951416
66.0 160.101287841797
66.9 109.957702636719
67.1 341.47119140625
68.0 89.1438903808594
68.1 91.2490844726563
69.0 1073.62622070313
69.3 37.684814453125
69.8 43.716438293457
69.9 98.3090057373047
70.0 110.757476806641
71.1 1205.88940429688
72.0 110.47265625
72.1 76.7570648193359
72.3 18.4173622131348
73.0 1544.56567382813
74.0 369.832214355469
74.0 977.09619140625
75.0 3982.23876953125
76.0 3810.67553710938
77.0 7494.3115234375
78.0 3722.03955078125
78.9 473.641448974609
79.0 225.836929321289
80.0 162.102310180664
80.1 41.8748626708984
81.0 797.62451171875
81.8 139.531280517578
82.0 59.8598709106445
82.3 28.2189483642578
82.7 53.1679649353027
82.8 69.1501541137695
83.0 96.4077758789063
83.7 25.2159538269043
83.9 10.6180953979492
84.1 73.1575241088867
84.3 25.7878532409668
84.9 34.2398834228516
85.0 173.12873840332
85.8 40.7792625427246
86.0 474.739440917969
86.1 395.415557861328
87.0 2092.69799804688
88.0 1575.99499511719
88.1 2281.93237304688
89.0 16267.9736328125
90.0 2496.45263671875
91.0 2767.8955078125
91.1 1245.2099609375
91.8 18.4940528869629
92.0 356.848327636719
92.2 87.147834777832
92.9 82.1392974853516
93.0 58.9729843139648
93.3 77.3289642333984
93.6 63.1228065490723
93.8 26.1740856170654
94.0 45.7154273986816
94.1 166.203430175781
94.3 251.643890380859
94.6 394.298645019531
94.8 73.0559768676758
94.9 2.83152008056641
95.1 105.350112915039
95.6 85.9028625488281
95.9 12.0310516357422
96.0 103.091430664063
96.2 25.5946674346924
96.7 28.6678695678711
97.0 255.63591003418
97.2 31.2165412902832
97.9 210.536270141602
98.1 265.061431884766
98.8 10.700138092041
98.9 257.120513916016
99.0 474.464569091797
99.9 367.245483398438
100.1 794.137268066406
101.0 8120.57861328125
102.0 19935.953125
103.0 6729.55859375
103.9 50.9729461669922
104.0 979.811889648438
104.1 112.002502441406
104.9 71.6733856201172
105.0 184.123138427734
105.2 118.760284423828
105.7 42.9238929748535
105.9 12.8471260070801
106.1 60.4050064086914
106.2 190.443237304688
106.4 508.432067871094
106.6 483.934600830078
106.7 348.564270019531
106.8 251.847351074219
107.1 131.119735717773
107.3 152.284729003906
107.5 134.338088989258
107.6 305.010192871094
107.7 133.542358398438
108.0 31.3415069580078
108.1 264.106750488281
108.3 28.4200820922852
109.0 1432.38830566406
110.0 370.317169189453
110.1 13.2522277832031
111.0 388.143341064453
111.1 93.6188354492188
111.7 51.8170433044434
111.9 188.945770263672
112.1 262.791625976563
112.2 413.245086669922
113.0 2434.21850585938
113.1 3799.93237304688
114.1 8274.0185546875
115.0 104841.3046875
116.0 40529.7109375
117.0 6403.62060546875
118.0 1476.44116210938
118.5 42.3421783447266
118.7 12.8508434295654
118.9 350.686798095703
119.0 125.329559326172
119.1 301.985107421875
119.3 485.318237304688
119.6 1392.0537109375
119.7 486.393829345703
120.1 108.732109069824
120.5 1703.83532714844
120.6 1583.35278320313
120.6 742.190490722656
121.0 250.427337646484
121.1 69.061164855957
121.3 531.068298339844
121.4 129.962142944336
121.7 264.711273193359
122.3 34.8360290527344
122.8 46.5560073852539
123.0 271.808410644531
123.8 84.8972625732422
124.1 49.8906097412109
124.2 16.2381477355957
124.6 6.20240592956543
125.0 521.225341796875
125.1 284.720367431641
125.9 120.015350341797
126.1 4800.9638671875
127.1 12571.349609375
128.0 23938.9296875
129.0 19046.560546875
130.0 14001.2666015625
131.0 1519.26062011719
131.1 1188.14538574219
131.9 172.072555541992
132.1 1555.40734863281
132.2 927.275756835938
132.5 118.850303649902
132.7 480.990478515625
132.9 16.9667358398438
133.0 508.856811523438
133.3 277.902801513672
133.5 657.512756347656
133.6 2538.54541015625
133.7 923.129516601563
134.1 678.794616699219
134.4 2306.18237304688
134.6 1814.05590820313
134.9 1068.74755859375
135.1 118.817794799805
135.3 594.77978515625
135.5 5344.6796875
135.7 108.248245239258
137.0 9788.99609375
138.0 2386.30200195313
138.1 333.512268066406
139.0 40923.1640625
140.1 14769.94921875
141.1 90587.3125
141.8 3163.69848632813
142.0 7815.07763671875
143.0 7991.4921875
144.0 86358.78125
145.0 9471.470703125
145.9 394.371307373047
146.0 247.887481689453
146.1 270.241302490234
146.7 38.7024917602539
146.9 23.9596176147461
147.0 226.64289855957
147.2 293.994812011719
147.5 274.567474365234
147.8 170.549224853516
148.6 4230.2353515625
148.7 255.424789428711
149.0 412.466979980469
149.2 78.4384689331055
149.3 650.85009765625
149.5 454.746124267578
149.6 889.00537109375
149.8 817.455993652344
150.0 24.9431819915771
150.1 366.395050048828
150.4 41.1135482788086
151.0 2419.17456054688
152.0 3603.94384765625
153.0 5290.51611328125
154.1 3498.41821289063
155.0 6268.56201171875
156.0 3429.474609375
156.1 883.870971679688
157.0 2556.2529296875
158.0 2276.10107421875
159.0 3022.1083984375
160.0 730.269775390625
160.8 70.3338470458984
160.9 351.297180175781
161.1 155.050872802734
161.7 14.2813091278076
161.8 67.5241012573242
162.0 203.293716430664
162.1 396.643096923828
163.0 2224.03466796875
163.7 69.2951812744141
163.9 204.48388671875
164.0 977.452575683594
164.1 123.003517150879
165.1 2414.63842773438
165.8 1.71403026580811
166.0 752.219177246094
166.1 230.822357177734
167.0 897.554321289063
167.1 712.773681640625
168.0 2539.11743164063
168.1 285.866760253906
169.0 65366.6171875
170.0 192.615737915039
170.0 12605.130859375
171.0 818.099853515625
171.0 925.938110351563
171.2 47.5217132568359
171.8 9.55929851531982
171.9 67.7836074829102
172.1 385.520080566406
172.2 90.5109176635742
172.9 203.112152099609
173.1 94.4465942382813
173.2 19.675048828125
173.9 27.6470603942871
174.1 1084.01477050781
174.8 15.30553150177
175.0 453.199798583984
175.1 290.809478759766
175.9 213.560760498047
176.1 1160.47521972656
176.1 43.9534645080566
177.5 787.535461425781
177.7 1851.89868164063
177.8 126.311538696289
178.1 516.619689941406
178.3 37.7007141113281
178.8 169.675064086914
178.9 217.756820678711
179.1 250.179931640625
179.3 26.5684413909912
179.9 112.251693725586
180.0 265.495178222656
180.1 386.247467041016
181.0 43483.0703125
182.0 7089.3330078125
183.0 1287.11157226563
183.9 148.671478271484
184.1 1429.55676269531
184.2 225.520797729492
185.0 1034.85607910156
185.1 8.55024147033691
186.0 986.090515136719
186.1 4055.90478515625
186.9 253.655868530273
187.0 1953.20788574219
187.1 160.515365600586
187.9 337.87451171875
188.0 794.526611328125
188.2 13.5484533309937
188.9 587.987182617188
189.1 1438.03588867188
189.8 22.2511711120605
190.0 826.20556640625
191.0 526.849609375
191.7 15.9774036407471
191.9 234.546752929688
192.1 74.6262588500977
192.9 302.317840576172
193.0 103.745239257813
193.7 9.18873119354248
193.8 59.8660888671875
194.0 249.13606262207
194.2 16.961088180542
195.0 1398.40576171875
196.0 276.917633056641
196.1 152.476196289063
196.9 612.505981445313
198.0 253.478988647461
198.1 450.012420654297
199.0 851.219116210938
200.0 668.638854980469
200.0 1982.72045898438
200.9 72.4860382080078
201.0 2031.4091796875
202.0 406.277404785156
202.1 3164.02099609375
203.0 409.774230957031
203.0 778.40869140625
203.7 10.0854463577271
203.9 138.622894287109
204.0 155.94401550293
204.1 210.591979980469
205.0 333.629486083984
205.9 13.8506679534912
206.0 113.447784423828
207.0 522.419616699219
207.7 19.4655723571777
207.9 57.6786193847656
208.0 87.0009231567383
208.2 42.2510643005371
208.9 17.3267631530762
209.0 302.199432373047
209.7 5.06859731674194
209.9 208.066619873047
210.1 43.2361068725586
210.2 8.86050987243652
211.0 2695.24169921875
212.0 2219.98999023438
213.1 7669.10546875
214.1 107284.0859375
215.0 22510.51953125
216.1 4174.455078125
217.0 1250.33068847656
217.9 139.776077270508
218.0 113.30419921875
218.2 52.1614723205566
218.9 1048.72192382813
219.8 62.0483245849609
219.9 224.595062255859
220.0 62.9153289794922
221.0 512.941345214844
221.8 60.4938621520996
222.0 50.0003128051758
222.1 128.308456420898
222.7 10.3209552764893
223.0 427.624938964844
223.2 137.68489074707
224.0 2899.521484375
224.9 45.5100326538086
225.1 2731.0322265625
226.1 12557.53515625
227.1 7136.86181640625
228.1 7200.5244140625
229.1 4006.19799804688
229.9 17.412483215332
230.0 566.696594238281
230.1 559.473937988281
230.9 2.53795623779297
231.0 353.996459960938
231.1 80.6075820922852
231.8 6.64922761917114
231.9 111.113571166992
233.0 2688.02001953125
234.0 561.1025390625
234.1 65.2162704467773
234.9 423.184783935547
235.0 135.824066162109
235.8 75.8674545288086
236.0 96.5085067749023
236.1 244.454040527344
236.2 47.6171607971191
237.0 3543.505859375
238.0 432.468994140625
238.0 2360.03540039063
239.1 5869.83447265625
240.1 12098.970703125
241.1 36088.9765625
242.0 96.7577972412109
242.1 10217.51171875
242.9 32.2204132080078
243.1 1607.87097167969
243.2 174.341903686523
244.0 284.310211181641
244.1 98.8144073486328
244.2 30.1966609954834
244.8 68.1417770385742
245.0 149.757537841797
245.9 11.4984874725342
246.0 12.7905025482178
246.1 50.1877288818359
246.7 9.29322052001953
246.8 15.3888626098633
246.9 9.9758882522583
247.1 12.744800567627
247.3 26.9976081848145
248.0 51.7423057556152
248.1 54.9410781860352
248.8 82.07861328125
249.0 240.029693603516
249.1 70.6473922729492
249.9 72.5208282470703
250.0 341.834442138672
250.1 255.228912353516
250.9 48.6089134216309
251.1 3156.60205078125
252.1 4430.25341796875
253.1 9770.9033203125
254.1 37669.171875
255.1 21135.732421875
256.1 11895.1611328125
257.0 168.491317749023
257.1 2979.33740234375
258.0 375.894409179688
258.1 563.635131835938
258.6 7.49524593353271
258.9 100.611869812012
259.0 25.1604423522949
259.1 62.0001640319824
259.2 22.5387229919434
259.9 58.2006912231445
260.1 8.84413719177246
260.8 67.9185638427734
261.8 27.3285140991211
261.9 136.009658813477
262.1 54.4438972473145
262.8 86.9144973754883
263.0 238.561080932617
263.1 118.179100036621
263.3 26.364387512207
263.9 85.8540344238281
264.1 1460.48803710938
264.9 80.1009979248047
265.0 2526.1337890625
266.1 1049.16101074219
266.1 4376.96533203125
267.1 8073.70947265625
268.1 22123.251953125
269.1 21713.283203125
270.1 23341.322265625
271.1 5532.58935546875
271.8 39.2284889221191
272.0 300.083465576172
272.1 516.207824707031
272.3 17.1469707489014
272.9 215.657470703125
273.0 78.2559356689453
273.8 3.08723258972168
273.9 25.7994728088379
274.1 46.7570571899414
274.6 10.5760259628296
274.8 94.7172088623047
274.9 79.5032958984375
275.0 63.7295379638672
275.7 31.3289642333984
275.9 105.286346435547
276.1 80.2644500732422
277.0 465.579010009766
277.1 146.116485595703
278.0 340.420715332031
278.1 679.971801757813
278.3 24.0269203186035
279.0 411.988891601563
279.1 647.221252441406
280.1 6055.1982421875
281.1 7144.1416015625
282.0 1470.22021484375
282.1 10749.02734375
283.1 17114.212890625
284.1 67197.6640625
285.1 15819.5654296875
286.1 1148.12646484375
286.1 2186.33764648438
286.8 1.15486907958984
287.0 390.383178710938
287.2 120.056091308594
287.8 12.8190002441406
289.0 528.079772949219
289.8 1.27503967285156
290.0 325.97509765625
290.8 8.64186096191406
290.9 304.986663818359
291.1 188.866455078125
291.8 39.2180442810059
292.0 465.963775634766
292.1 109.010444641113
292.2 26.6283931732178
293.0 1227.38623046875
294.1 3310.93896484375
295.0 413.670593261719
295.1 1437.92956542969
296.1 4327.59423828125
296.2 699.128723144531
297.0 811.635864257813
297.1 3748.26025390625
298.1 96593.2265625
299.1 24158.771484375
299.9 34.2270240783691
300.1 2566.88354492188
300.2 496.075256347656
300.8 12.6654977798462
301.0 90.003059387207
301.1 165.386276245117
301.2 99.2392883300781
302.0 10.6217164993286
302.2 13.1454200744629
302.9 2.40654563903809
303.0 68.529167175293
303.8 21.0043182373047
304.0 10.9865064620972
304.2 29.316535949707
304.8 10.382173538208
305.1 89.0861663818359
305.3 9.62138938903809
305.9 13.2831192016602
306.0 45.753547668457
306.2 22.7057418823242
306.9 88.4363250732422
307.1 152.539443969727
308.0 214.723922729492
308.1 1084.42919921875
309.0 312.610046386719
309.1 193.310821533203
309.8 22.4911575317383
309.9 147.685440063477
310.1 548.610107421875
310.2 367.353759765625
311.0 445.481689453125
311.1 500.332550048828
312.0 600.202941894531
312.1 2709.447265625
313.0 271.050689697266
313.1 657.368591308594
313.3 54.135627746582
313.8 42.0056381225586
314.1 60.5974998474121
314.2 12.0219621658325
314.5 22.1823196411133
314.7 12.5425081253052
314.9 15.505277633667
315.0 35.2675514221191
317.0 15.6893978118896
318.7 12.3097496032715
319.0 36.0705909729004
320.1 33.1339950561523
320.3 27.2413787841797
320.6 12.2605781555176
320.9 41.6773567199707
321.2 21.9219512939453
322.2 4118.740234375
323.0 229.226821899414
323.1 1005.43878173828
323.7 15.9297771453857
324.0 159.448577880859
324.1 448.678100585938
324.2 195.421844482422
324.9 59.5456962585449
325.1 243.329360961914
325.2 201.908569335938
326.2 5044.9990234375
327.0 122.751640319824
327.2 3471.55126953125
328.2 1142.654296875
328.8 13.6891288757324
329.0 107.652969360352
329.2 91.6268844604492
329.4 20.7354927062988
330.7 11.8955154418945
331.0 28.5266914367676
331.1 11.194766998291
332.8 52.0150833129883
333.0 52.2677459716797
333.1 7.69324254989624
333.4 28.4471855163574
334.0 36.079029083252
334.8 37.2917175292969
334.9 40.1669387817383
335.0 48.562801361084
335.2 26.5627288818359
336.2 4243.91259765625
336.2 344.425994873047
337.1 730.957397460938
337.2 1151.00866699219
338.2 92251.3125
339.2 26959.62890625
340.2 31823.931640625
341.2 7880.662109375
342.0 110.957733154297
342.1 773.978942871094
342.2 218.770568847656
343.0 53.1059036254883
343.2 60.9427375793457
344.1 17.1141414642334
344.7 17.2243022918701
344.9 4.42314672470093
345.1 38.4162445068359
345.9 12.9506616592407
346.8 10.8155145645142
348.5 29.3159999847412
348.8 101.77018737793
349.0 52.6288070678711
349.1 62.4687576293945
349.9 41.9249801635742
350.4 13.3034210205078
351.0 107.570709228516
351.2 16.7038860321045
351.8 25.1176052093506
352.1 230.766342163086
352.2 154.856460571289
352.4 35.5303802490234
352.8 27.65403175354
353.1 318.048980712891
353.2 814.580017089844
354.2 78736.765625
355.2 164167.90625
356.1 716.33642578125
356.2 41812.26171875
357.2 5844.390625
358.0 43.5889625549316
358.1 393.291564941406
358.2 127.563079833984
359.0 62.7246932983398
359.1 61.6535110473633
359.2 9.66309642791748
363.9 11.7793798446655
366.2 20.4304847717285
366.9 43.3373413085938
367.3 20.4210433959961
369.0 14.1274938583374
369.2 28.4095039367676
370.1 11.4182224273682
371.0 26.9482707977295
392.9 9.62342357635498
400.9 10.8455066680908
