#"+EI Scan (rt: 6.205-6.298 min, 17 scans) R7M6.D  Subtract "
#Point,X(Thompsons),Y(Counts)
40.1 687.086547851563
41.1 20074.9140625
42.1 1604.18347167969
42.1 572.23046875
43.1 41837.1171875
44.0 1645.98254394531
44.9 116.313217163086
45.1 51.3071670532227
47.0 93.4844512939453
49.0 63.9811248779297
49.1 33.1487503051758
49.9 8.51690673828125
50.0 719.571105957031
51.0 2255.22436523438
52.0 322.404235839844
52.1 386.607757568359
52.9 32.5769348144531
53.1 1219.22546386719
53.9 26.5914478302002
54.0 276.559356689453
54.2 173.696212768555
55.1 6372.99169921875
56.0 202.219589233398
56.1 174.042205810547
56.8 50.9521293640137
57.0 104.475044250488
57.1 242.928344726563
57.7 47.6441345214844
57.8 79.3040008544922
58.0 45.6361541748047
58.1 0.0648269653320313
59.0 2233.591796875
60.0 183.987762451172
60.7 11.9179763793945
60.9 61.7285766601563
61.0 121.781982421875
61.2 33.3766136169434
61.9 371.526794433594
62.0 853.814819335938
63.0 2374.51342773438
63.0 1712.40344238281
63.9 123.967254638672
64.0 798.928527832031
65.0 1455.58349609375
65.1 515.716979980469
66.0 211.74755859375
66.1 79.7312622070313
66.9 63.8129043579102
67.0 397.516876220703
68.0 53.570987701416
68.1 59.6554222106934
69.0 1076.49438476563
69.8 93.5107269287109
70.0 145.677124023438
70.2 86.3459625244141
71.0 244.507598876953
71.1 820.116577148438
72.0 62.3169403076172
72.1 53.6961669921875
72.2 30.5431976318359
73.0 1801.55358886719
74.0 1293.71044921875
75.0 3970.93188476563
76.0 250.12532043457
76.1 3719.3779296875
77.0 7752.6826171875
78.0 3667.09912109375
79.0 484.621612548828
79.1 217.711273193359
80.0 174.738357543945
81.0 881.922119140625
81.8 23.3091087341309
82.0 70.2048034667969
82.1 57.7275505065918
82.8 22.2977714538574
83.0 126.513824462891
83.7 12.544713973999
83.8 21.5216274261475
84.0 67.8569793701172
84.2 28.3514175415039
85.0 317.021301269531
85.1 85.3769378662109
85.7 21.3801441192627
86.0 384.869323730469
86.1 448.792358398438
87.0 418.794677734375
87.1 1304.43835449219
88.0 353.810180664063
88.0 3215.681640625
89.0 15441.9140625
90.0 2477.21948242188
91.0 3808.71240234375
92.0 399.433166503906
92.2 74.242301940918
93.0 65.4845581054688
93.1 211.389923095703
93.2 21.5824756622314
93.6 54.1044158935547
93.7 107.547790527344
94.1 52.2593307495117
94.2 95.7742462158203
94.4 124.674629211426
94.5 191.557540893555
94.8 150.612014770508
95.0 106.318321228027
95.2 39.0686492919922
95.6 58.6111679077148
95.8 16.8751602172852
95.9 9.99636077880859
96.1 69.7074737548828
96.2 19.3747406005859
96.4 9.29542636871338
96.9 206.593933105469
97.9 326.647094726563
98.0 175.359909057617
98.6 24.8678398132324
98.8 42.4723281860352
98.9 225.855850219727
99.0 371.158843994141
99.7 35.6031532287598
99.9 146.877471923828
100.0 750.429443359375
100.2 246.490371704102
100.9 85.1536331176758
101.0 8056.98681640625
102.0 19158.078125
103.0 505.063171386719
103.0 5875.54931640625
103.9 59.7404479980469
104.0 932.836791992188
104.1 51.450553894043
104.9 127.94458770752
105.1 185.45491027832
105.2 10.8944625854492
105.7 30.1062183380127
105.9 4.79507255554199
106.1 340.376586914063
106.3 92.712516784668
106.4 251.878677368164
106.6 715.749633789063
106.7 242.350524902344
107.3 263.0986328125
107.5 156.110641479492
107.7 347.565185546875
108.0 70.1938095092773
108.1 59.669563293457
108.3 52.570125579834
109.0 225.451416015625
109.0 1435.23706054688
109.8 66.1285552978516
109.9 0.100494384765625
110.0 250.746795654297
110.7 23.3267269134521
110.9 120.517066955566
111.1 257.457489013672
111.5 30.7380657196045
111.7 86.9582901000977
111.8 76.1289825439453
112.0 211.376342773438
112.2 632.35546875
112.3 29.0615615844727
112.5 46.0622406005859
113.0 3921.42993164063
113.1 1973.96997070313
114.0 1354.64624023438
114.1 6552.47998046875
115.0 99838.625
116.0 39262.12109375
117.0 6247.48779296875
117.9 15.0587577819824
118.1 937.299499511719
118.1 353.495056152344
118.3 64.7049255371094
118.5 133.996322631836
119.0 374.762756347656
119.1 648.07373046875
119.2 305.608917236328
119.4 212.149795532227
119.5 342.194061279297
119.7 1085.78918457031
119.8 288.391937255859
120.5 1402.30395507813
120.5 2029.36010742188
120.6 808.040405273438
121.1 704.858154296875
121.3 272.379913330078
121.6 190.797729492188
121.7 93.6556549072266
121.8 37.790412902832
122.0 69.0508041381836
122.5 21.1218719482422
122.7 90.3079986572266
122.9 8.12506866455078
123.0 174.783203125
123.8 72.6624221801758
123.9 82.9804840087891
125.0 748.489440917969
125.1 200.27490234375
126.0 3418.13305664063
126.1 1215.3671875
127.1 11742.7626953125
127.2 481.782989501953
128.0 22822.41015625
129.0 18662.083984375
130.0 13728.140625
130.9 74.4613952636719
131.0 2394.3642578125
132.0 42.3594207763672
132.1 2258.896484375
132.3 38.2802886962891
132.6 342.808197021484
132.7 196.103790283203
132.8 533.78564453125
133.1 90.4990921020508
133.3 60.0469093322754
133.4 587.456115722656
133.6 2288.876953125
133.7 1050.24658203125
133.8 35.0908088684082
134.1 109.973098754883
134.2 204.944213867188
134.4 1178.03552246094
134.6 1129.82836914063
134.7 1829.74487304688
134.8 720.077453613281
135.2 102.034309387207
135.3 165.319381713867
135.5 1232.2607421875
135.6 4563.85888671875
137.0 9825.439453125
138.0 2513.939453125
139.0 40033.83984375
140.1 14103.185546875
141.1 87427.3671875
141.8 2484.548828125
142.0 5547.7919921875
143.0 658.467651367188
143.0 6706.35302734375
144.0 81182.921875
145.0 8556.2470703125
145.7 40.0521469116211
145.9 210.9228515625
146.0 690.830261230469
146.6 92.5302124023438
146.8 169.947311401367
147.1 63.867805480957
147.2 99.6389617919922
147.6 317.907287597656
147.7 63.267650604248
147.9 4.12760257720947
148.4 56.2281913757324
148.6 2787.44165039063
148.7 1535.53283691406
149.1 71.2500762939453
149.2 576.597106933594
149.3 816.570129394531
149.5 345.208404541016
149.6 821.700256347656
149.7 489.751525878906
150.0 595.568603515625
150.1 39.5105247497559
150.4 15.0320358276367
150.9 8.86531066894531
151.0 1713.49682617188
152.0 3456.50708007813
153.1 5153.49853515625
153.9 28.2705154418945
154.1 3162.42211914063
155.0 6449.28564453125
156.0 4180.37353515625
156.2 81.2406692504883
157.0 1584.11413574219
157.1 615.238891601563
158.0 2228.98046875
159.0 2730.5068359375
160.0 700.502380371094
160.1 100.103591918945
160.9 5.05699634552002
161.0 430.680480957031
161.8 6.1249213218689
162.0 268.98974609375
162.1 304.799438476563
163.0 2138.66088867188
164.0 930.937683105469
164.1 444.1435546875
164.2 27.6421966552734
165.0 2400.376953125
165.9 114.454376220703
166.0 851.752990722656
167.0 1554.51867675781
167.1 145.999435424805
168.0 1871.23046875
168.1 1009.22692871094
169.1 61563.72265625
170.1 12393.796875
171.0 1316.72937011719
171.1 315.873962402344
171.9 110.994163513184
172.0 246.623718261719
172.1 50.5801429748535
172.8 60.6526527404785
172.9 66.0840301513672
173.1 185.896499633789
174.0 463.082824707031
174.1 714.906372070313
174.9 283.768737792969
175.1 475.757293701172
175.9 151.977996826172
176.0 1071.86584472656
176.1 147.121109008789
177.0 0.38545036315918
177.3 96.5051422119141
177.5 92.2766799926758
177.6 1946.53234863281
177.8 435.794006347656
177.9 34.4587478637695
178.1 123.669662475586
178.9 159.053863525391
179.0 468.466583251953
179.2 21.046630859375
179.5 30.6396331787109
180.0 223.422668457031
180.1 479.244689941406
181.0 41281.47265625
182.1 6517.0078125
182.9 86.5116424560547
183.1 959.720703125
183.9 301.104858398438
184.1 1301.32556152344
185.0 419.892578125
185.0 552.158142089844
186.1 5013.2822265625
187.0 2548.95751953125
187.9 206.205520629883
188.0 945.608764648438
188.2 11.0416011810303
188.5 18.841625213623
189.0 1821.931640625
189.1 276.397491455078
189.9 67.0906219482422
190.0 643.30322265625
190.1 122.699447631836
191.0 677.923217773438
191.8 2.8094310760498
191.9 150.38298034668
192.0 114.37232208252
192.7 24.8640251159668
192.9 40.7357482910156
193.0 389.185852050781
193.8 7.94622898101807
193.9 54.7914619445801
194.0 226.042724609375
194.1 75.6562881469727
194.9 524.815612792969
195.0 724.333312988281
195.9 235.723022460938
196.0 110.467407226563
196.9 816.0859375
198.0 319.913269042969
198.1 325.156280517578
199.0 1241.3359375
199.9 24.8628845214844
200.0 2698.98999023438
200.2 44.1015090942383
200.9 151.265335083008
201.0 1887.39624023438
202.1 3546.0537109375
202.2 64.3626556396484
203.0 1110.78515625
203.9 179.212814331055
204.0 143.632293701172
204.1 110.094573974609
204.6 32.695743560791
204.8 1.15009307861328
205.0 157.766372680664
205.9 62.2227630615234
206.0 56.2077713012695
207.0 752.164794921875
208.0 166.217697143555
208.1 41.8801422119141
209.1 158.541961669922
209.2 48.4409484863281
209.3 29.7312889099121
209.7 10.1872320175171
209.9 100.426818847656
210.0 168.039398193359
211.0 2312.0908203125
212.0 2442.83203125
213.1 7345.23828125
214.1 103706.109375
215.1 21946.869140625
216.0 3103.36328125
216.8 81.1994018554688
217.0 941.158081054688
217.8 47.0744857788086
218.0 166.035278320313
218.1 66.9909820556641
218.9 959.248474121094
219.0 320.5166015625
219.8 24.7853126525879
220.0 316.601623535156
220.7 7.33565902709961
220.9 104.550994873047
221.0 177.207885742188
221.3 17.1184177398682
221.8 10.3860149383545
221.9 167.186401367188
222.0 65.9503784179688
223.0 567.481689453125
224.0 1589.78881835938
224.1 980.336303710938
225.0 933.908325195313
225.1 1945.40026855469
226.1 12183.9375
226.9 29.3909435272217
227.1 6288.36669921875
228.1 7199.57763671875
229.1 3566.4130859375
230.1 1240.1962890625
230.9 209.312072753906
231.0 79.1608657836914
231.2 41.0308303833008
231.8 9.23455238342285
232.0 147.344573974609
232.2 10.6540718078613
233.0 2574.02294921875
234.0 258.642242431641
234.1 283.229217529297
235.0 726.625366210938
235.9 64.8306655883789
236.0 317.022247314453
236.2 85.3212280273438
237.0 3785.6572265625
238.0 3114.3720703125
239.0 5915.01806640625
240.1 11965.875
241.1 34563.7265625
242.1 9813.5146484375
242.9 109.575492858887
243.0 448.144165039063
243.1 1145.38012695313
243.7 14.6003913879395
244.0 270.971496582031
244.1 155.122497558594
245.0 180.041290283203
245.1 31.0043449401855
246.0 15.069242477417
247.0 55.1247520446777
247.6 9.22184371948242
248.2 19.147647857666
248.6 12.1368207931519
248.9 99.2421112060547
249.1 346.356781005859
249.3 23.2561206817627
250.0 343.378173828125
250.1 284.002380371094
251.0 469.628662109375
251.1 2670.59497070313
251.2 53.877986907959
252.0 1241.69848632813
252.1 3254.32592773438
253.1 9347.140625
254.1 36739.44921875
255.1 19758.078125
256.0 165.840927124023
256.1 11186.7666015625
257.1 851.252197265625
257.1 2196.935546875
257.8 10.295729637146
258.0 674.929321289063
258.2 189.204193115234
259.0 151.096069335938
259.1 77.3268203735352
259.9 7.02911186218262
260.0 9.36445045471191
260.2 27.0311832427979
260.3 19.409387588501
260.6 11.320912361145
260.7 7.54436206817627
260.9 14.305344581604
261.0 70.2290420532227
261.1 24.245922088623
261.9 78.0755462646484
262.0 96.2995986938477
262.5 11.9622993469238
262.6 11.2562503814697
262.9 99.5249252319336
263.1 228.794326782227
263.2 107.794914245605
263.9 60.630485534668
264.1 736.578552246094
264.1 768.101196289063
264.3 20.3083972930908
265.1 2648.13720703125
265.2 44.4303665161133
266.1 5109.2763671875
267.1 7727.869140625
268.1 21283.107421875
269.1 22113.4375
270.1 22681.453125
271.1 5461.00830078125
272.0 386.136474609375
272.1 309.054718017578
272.2 136.341918945313
273.0 188.924789428711
273.1 165.381561279297
273.9 9.58595561981201
274.0 111.55859375
274.9 140.327789306641
275.0 164.612213134766
275.7 19.8668041229248
275.9 223.429061889648
276.5 26.7430114746094
276.8 25.1101989746094
277.0 297.529724121094
277.9 32.9421081542969
278.0 712.188110351563
278.1 412.679382324219
278.9 140.507019042969
279.1 888.526733398438
280.0 279.137176513672
280.1 5713.08642578125
281.1 7024.28076171875
282.1 11815.1728515625
283.1 16536.48046875
284.1 64246.04296875
285.1 15269.4990234375
286.1 1259.42724609375
286.1 1768.16772460938
286.8 20.8835334777832
287.0 192.371337890625
287.1 388.013671875
287.9 20.970401763916
288.0 66.0387725830078
289.0 511.002380371094
289.9 108.684936523438
290.0 102.736618041992
290.9 81.2591247558594
291.0 387.73095703125
291.9 198.89306640625
292.1 272.24951171875
292.2 83.1421203613281
292.9 4.52224731445313
293.0 1353.05236816406
294.0 1621.16906738281
294.1 1336.83129882813
295.1 1885.37805175781
296.1 4937.69580078125
297.1 4586.626953125
298.1 95514.296875
299.1 22582.859375
300.1 1455.71325683594
300.1 1435.54663085938
301.0 119.579795837402
301.1 213.909515380859
301.9 26.7087326049805
302.7 39.8994178771973
303.0 90.8123931884766
303.9 10.2577686309814
304.0 14.6332530975342
304.2 13.3403396606445
305.0 34.4470252990723
305.1 120.93318939209
306.0 77.6503677368164
306.1 57.9652099609375
306.3 25.7767181396484
307.0 310.619537353516
307.1 19.8324222564697
307.9 46.7457847595215
308.1 1125.72900390625
308.2 14.7681179046631
309.0 127.650131225586
309.1 377.011810302734
309.2 19.723388671875
310.0 201.201431274414
310.1 808.646118164063
310.3 80.3104400634766
310.8 15.7137413024902
311.1 817.862060546875
312.0 577.759643554688
312.1 2455.70654296875
312.8 32.995662689209
313.0 51.0707397460938
313.1 832.733825683594
313.9 30.7700347900391
314.0 49.7374114990234
314.1 28.6769886016846
314.2 21.4265995025635
314.4 12.7565202713013
314.7 11.8311471939087
314.8 3.67016410827637
315.0 76.8418655395508
318.9 17.1581954956055
320.1 29.2643070220947
320.9 60.2906723022461
321.1 23.5569133758545
322.0 55.4588737487793
322.1 3980.47387695313
322.9 17.5851802825928
323.1 834.64990234375
323.2 216.758697509766
323.9 39.7544860839844
324.1 469.001708984375
324.1 164.956771850586
324.2 107.869171142578
324.8 11.5731897354126
325.0 127.797058105469
325.1 106.274154663086
325.2 247.224838256836
326.1 160.529174804688
326.2 4703.1572265625
327.2 2481.70971679688
327.2 881.531005859375
328.1 831.463134765625
328.3 193.03596496582
328.4 14.1347122192383
328.8 15.3975744247437
328.9 59.4132843017578
329.1 176.128311157227
330.9 54.5806884765625
331.1 28.8655738830566
332.2 10.118989944458
332.8 39.3211326599121
333.0 36.7889099121094
333.9 10.9731483459473
334.1 11.8996934890747
334.8 10.9019289016724
334.9 30.346061706543
334.9 32.0839996337891
335.2 40.6318130493164
336.2 4448.7900390625
337.2 1591.66821289063
337.2 372.789794921875
338.2 89859.4296875
339.2 25467.25390625
340.2 30537.96875
341.1 145.87370300293
341.2 7632.88134765625
341.9 28.3566989898682
342.1 629.008422851563
342.2 402.080383300781
343.0 14.1720418930054
343.1 103.238327026367
343.3 35.4480819702148
344.0 21.6892013549805
345.0 14.8813228607178
345.1 9.8267936706543
346.3 10.6543273925781
346.8 11.3162879943848
347.0 16.8603229522705
348.6 9.18355751037598
348.8 29.8083038330078
348.9 32.0359153747559
349.1 49.7131690979004
349.2 10.0991287231445
349.8 20.8410949707031
349.9 27.0983810424805
350.9 81.2186431884766
351.1 80.6041870117188
351.4 25.5672779083252
351.8 12.4887456893921
352.0 60.8559913635254
352.1 202.262359619141
352.2 124.904670715332
352.3 47.9435653686523
353.1 429.495544433594
353.2 550.300231933594
354.2 76794.171875
355.2 160058.609375
356.2 41588.6875
357.1 86.9429779052734
357.2 5439.89990234375
358.1 248.591049194336
358.2 301.898376464844
359.0 76.0717086791992
359.1 77.4265518188477
360.0 10.2341690063477
360.2 11.5713796615601
362.8 10.7686958312988
362.9 34.5609893798828
365.2 21.2360057830811
366.8 14.3311681747437
366.9 18.4799385070801
367.1 32.4006767272949
367.2 36.5951881408691
368.1 12.5638847351074
368.9 10.7354793548584
369.1 64.8748092651367
369.3 9.810471534729
370.9 6.14377117156982
371.0 48.6716957092285
371.2 8.89687919616699
380.0 9.8356409072876
384.9 10.7536373138428
386.9 17.5339012145996
389.1 9.68061065673828
401.0 9.53679180145264
401.1 26.4634590148926
453.0 11.0317106246948
