#"+EI Scan (rt: 8.361-8.478 min, 21 scans) R1M6.D  Subtract "
#Point,X(Thompsons),Y(Counts)
40.1 347.878784179688
41.1 7510.42236328125
42.0 171.845764160156
42.1 610.341369628906
42.2 82.7574768066406
43.1 15412.2333984375
43.9 60.9712600708008
44.0 90.9564819335938
44.0 322.880676269531
44.9 27.4673957824707
45.9 7.83182287216187
46.8 26.6294994354248
47.0 166.953338623047
49.0 12.8321514129639
49.1 32.2446517944336
50.0 165.613891601563
50.1 128.147216796875
51.0 154.221817016602
51.1 440.640991210938
51.9 104.243423461914
52.0 97.8743209838867
52.1 13.1142711639404
53.0 48.825439453125
53.1 598.755798339844
53.8 2.71239852905273
53.9 25.7568988800049
54.1 114.474098205566
54.3 14.2587385177612
55.0 505.458557128906
55.1 1853.2216796875
56.0 132.738815307617
56.0 37.0189666748047
56.2 14.0857772827148
56.9 122.242195129395
57.0 47.8157501220703
57.8 1.58862686157227
58.1 105.082397460938
59.0 1206.78125
60.0 3.43423461914063
60.8 16.5678730010986
60.9 47.5501403808594
60.9 18.1825866699219
61.1 10.6139717102051
61.8 25.7545413970947
62.0 422.982604980469
62.1 49.9692268371582
62.9 14.5511322021484
63.0 1268.93090820313
64.0 409.702514648438
64.1 3.19188642501831
64.8 43.8277397155762
64.9 62.9965744018555
65.0 108.071647644043
65.1 163.054794311523
65.8 10.7375621795654
66.0 46.5541877746582
67.0 214.912490844727
67.8 26.1178321838379
68.1 14.6985569000244
68.9 51.5408630371094
69.0 389.398498535156
70.0 26.1339149475098
70.1 2.9911904335022
71.0 90.652702331543
71.1 258.935241699219
71.2 63.1202964782715
71.9 12.3317050933838
72.2 12.9809083938599
72.4 4.107985496521
73.0 356.100646972656
73.0 221.510498046875
73.8 9.09903621673584
73.9 212.005630493164
74.0 159.928695678711
74.1 183.659439086914
75.0 1606.34252929688
75.9 203.520370483398
76.0 1502.681640625
77.0 3528.453125
78.0 1614.48486328125
78.9 334.102142333984
79.8 33.2611274719238
79.9 38.6265029907227
80.9 508.311004638672
81.7 30.4501209259033
81.9 54.2224388122559
82.1 36.5243072509766
82.5 12.7711153030396
82.8 45.3091506958008
83.0 72.5558929443359
84.2 10.6192836761475
84.7 32.9320259094238
84.8 46.596076965332
85.9 17.1140289306641
86.0 217.276809692383
86.1 80.7545547485352
86.8 16.3474159240723
86.9 80.8584747314453
87.0 844.971496582031
87.8 33.2903289794922
88.0 3552.34716796875
88.1 35.0576019287109
89.0 4159.94287109375
90.0 124.062698364258
90.1 699.985900878906
91.0 432.858856201172
91.2 33.9998168945313
91.8 35.5957412719727
92.6 12.6706628799438
92.8 39.4064521789551
93.2 45.8056106567383
93.4 18.0028610229492
93.7 210.972076416016
93.9 80.6276702880859
94.3 237.790649414063
94.5 223.536056518555
94.6 168.102066040039
94.7 224.04443359375
95.2 96.7003021240234
95.4 20.1723232269287
95.5 73.7351303100586
95.7 40.03759765625
95.8 37.1416206359863
96.0 135.482543945313
96.5 8.57440662384033
96.9 139.933471679688
97.7 23.3393325805664
97.9 109.809379577637
98.0 96.5759582519531
98.1 43.983757019043
98.8 51.1045875549316
99.0 238.984588623047
99.1 68.4977340698242
99.9 147.842102050781
100.0 502.642913818359
100.2 33.291015625
100.3 34.935863494873
101.0 2611.63427734375
101.1 601.259521484375
102.0 4775.5517578125
102.1 1678.57238769531
103.0 902.179321289063
103.0 1511.34399414063
103.9 186.97346496582
104.0 229.556655883789
104.2 34.1108207702637
104.9 74.5952606201172
105.0 13.1929206848145
105.1 72.4664459228516
105.2 8.50532341003418
105.4 17.2466640472412
105.7 51.2168502807617
105.8 24.8416976928711
105.9 16.5481510162354
106.1 34.7198257446289
106.3 97.6534805297852
106.5 307.194946289063
106.6 836.695373535156
106.9 16.1040954589844
107.1 244.413909912109
107.3 321.365966796875
107.5 353.760284423828
107.6 258.678283691406
107.8 28.4618110656738
108.0 13.0807285308838
108.2 88.0544128417969
108.3 54.9836158752441
108.8 183.0830078125
109.0 694.302612304688
109.8 43.9695205688477
109.9 29.2054214477539
110.0 40.7354736328125
110.9 114.993598937988
111.0 47.7048416137695
111.1 14.2702827453613
111.2 45.7258415222168
111.9 39.4076347351074
112.0 148.345672607422
112.2 137.903991699219
113.0 4790.9111328125
114.0 23781.1796875
115.0 8731.693359375
116.0 9804.6572265625
117.0 2795.17333984375
117.8 21.4111061096191
117.9 205.369354248047
118.0 42.1563301086426
118.2 95.4422836303711
118.8 29.4706172943115
118.9 56.6507186889648
119.1 129.923645019531
119.3 129.575317382813
119.6 138.435989379883
119.7 69.8234558105469
119.9 43.4363212585449
120.3 20.5614109039307
120.4 458.73095703125
120.6 1701.69250488281
120.7 1163.3466796875
121.0 10.2961387634277
121.3 331.581817626953
121.5 136.986892700195
121.6 108.811080932617
121.7 377.442047119141
121.9 13.8595342636108
122.1 37.0360412597656
122.3 62.7944641113281
122.4 18.6791210174561
122.7 25.6496353149414
122.9 84.2664031982422
123.0 69.9645385742188
123.6 28.9945163726807
123.8 26.2515087127686
123.9 47.4589004516602
124.1 18.3425254821777
124.9 154.859466552734
125.0 480.396667480469
125.1 74.2159576416016
125.9 5.94694709777832
126.0 1880.92468261719
126.1 2338.75146484375
126.9 156.712844848633
127.0 12294.7958984375
127.9 30.4147090911865
128.0 12074.8134765625
128.9 76.4692535400391
129.0 8510.869140625
130.0 4537.896484375
130.9 230.557205200195
131.0 619.968566894531
131.2 9.86692237854004
131.7 8.50385475158691
131.9 253.743621826172
132.1 443.881988525391
132.2 38.1362228393555
132.4 36.2937431335449
132.8 5.41704559326172
133.0 200.371231079102
133.2 36.3409843444824
133.4 76.5700225830078
133.5 50.087833404541
133.6 50.9690589904785
133.7 73.0820617675781
133.9 100.332191467285
134.0 55.0815658569336
134.1 89.2571640014648
134.3 73.7460708618164
134.4 21.331184387207
135.0 396.836456298828
135.1 474.880676269531
135.3 295.215362548828
135.5 507.961181640625
135.7 497.707611083984
135.8 387.146606445313
136.0 38.7704620361328
136.1 547.384521484375
137.0 4667.58203125
138.0 631.345520019531
139.0 1093.49047851563
139.1 110.805709838867
139.8 1.83518409729004
139.9 262.058959960938
140.1 471.623107910156
141.1 1622.55017089844
141.2 287.108032226563
142.0 8418.7685546875
143.0 1930.75524902344
143.1 2309.48046875
144.0 27793.89453125
144.9 238.095611572266
145.0 2884.40209960938
145.8 60.5006141662598
145.9 182.302169799805
146.0 56.9507064819336
146.1 9.80092334747314
146.9 166.837341308594
147.0 24.1335144042969
147.2 34.6313781738281
147.7 2.45451974868774
147.9 19.6615447998047
148.0 60.0620574951172
148.1 5.75832748413086
148.2 22.4799137115479
148.4 71.3765487670898
148.6 110.455337524414
148.8 25.7956275939941
149.0 179.434585571289
149.0 20.6344184875488
149.2 72.2979125976563
149.3 57.6572265625
149.5 474.552276611328
149.7 614.909057617188
149.9 323.868804931641
150.0 808.716491699219
150.2 29.3773078918457
150.8 233.003890991211
150.9 404.329284667969
151.0 202.739837646484
151.8 1.51833152770996
151.9 171.716583251953
152.0 408.564056396484
152.2 7.51266241073608
152.9 288.337219238281
153.0 400.640258789063
154.0 718.630065917969
154.1 583.412841796875
155.0 1740.2900390625
156.1 1106.67138671875
156.2 1506.63439941406
157.0 12597.4794921875
157.9 145.476165771484
158.0 2652.72021484375
159.0 1520.56640625
159.8 30.9287261962891
159.9 11.1732177734375
160.0 56.7246170043945
161.0 332.939331054688
161.7 39.2849197387695
161.9 131.927200317383
162.1 145.479263305664
163.0 518.879821777344
163.1 187.704635620117
163.8 20.4388027191162
163.9 211.686920166016
164.0 268.292785644531
164.1 117.421005249023
164.8 19.5541000366211
165.0 230.250579833984
165.1 132.720428466797
165.7 30.027868270874
165.9 1.05573463439941
166.0 176.574508666992
166.1 86.7336654663086
166.9 111.692016601563
167.0 505.248596191406
167.9 259.1015625
168.0 174.035202026367
168.2 27.746265411377
168.9 678.420349121094
169.0 526.47119140625
169.8 14.839973449707
170.0 742.575378417969
170.0 1839.5244140625
171.0 2379.826171875
171.8 164.150588989258
171.9 152.52131652832
172.1 169.617065429688
172.7 27.9389953613281
172.9 62.0830078125
173.0 100.658386230469
173.2 24.9717903137207
173.8 19.2952919006348
173.9 221.241790771484
174.0 309.699890136719
174.2 19.5252361297607
174.9 223.533813476563
175.0 399.495208740234
175.9 257.416839599609
176.1 697.527954101563
176.9 196.280792236328
177.0 169.00244140625
177.1 93.8534088134766
177.7 10.8483800888062
177.8 105.944511413574
177.9 19.6634616851807
178.1 197.417617797852
178.2 80.5852279663086
178.5 12.3804302215576
178.8 80.371337890625
178.9 84.2835083007813
179.1 9.23657131195068
179.9 29.3933963775635
180.0 134.606536865234
180.2 80.103401184082
180.9 350.230346679688
181.8 11.6637439727783
182.0 380.667449951172
182.1 253.923385620117
182.7 18.7545013427734
183.0 1526.90588378906
183.9 67.6147918701172
184.0 1049.13879394531
184.1 743.771118164063
185.0 29214.5078125
185.9 26.0651054382324
186.1 5696.615234375
187.0 1482.50708007813
187.1 81.9888458251953
187.9 210.153594970703
188.0 362.957305908203
188.2 44.7266960144043
188.9 464.060852050781
189.0 552.255493164063
189.8 69.1477203369141
190.0 186.071060180664
190.1 146.60319519043
191.0 373.217803955078
191.9 48.1401290893555
192.0 121.190277099609
192.9 231.796600341797
193.9 45.5748100280762
194.0 79.0670013427734
194.3 13.7127094268799
194.9 262.053588867188
195.5 3.87011337280273
195.9 171.967163085938
196.0 151.493011474609
197.0 13900.5576171875
198.0 2465.1787109375
199.0 784.008117675781
200.0 3547.619140625
201.0 3674.83666992188
202.0 5381.79541015625
203.0 1873.32995605469
203.7 1.67922019958496
203.8 54.2404365539551
204.0 356.890380859375
204.1 157.500396728516
205.0 288.141540527344
205.1 37.5872497558594
205.8 16.1834506988525
205.9 11.7493238449097
206.9 28.6793975830078
207.0 175.041442871094
207.9 168.925628662109
208.8 23.6761589050293
209.0 161.117706298828
209.8 27.1895408630371
210.0 67.7542572021484
210.1 110.016708374023
211.0 1584.46618652344
211.9 259.362518310547
212.0 775.975219726563
213.0 1979.95373535156
213.1 1109.01306152344
214.1 30884.498046875
215.0 8014.328125
216.0 1133.96472167969
217.0 1187.60522460938
218.0 254.85188293457
218.9 432.674743652344
219.7 42.5000915527344
220.0 148.46955871582
220.1 88.3677215576172
220.9 60.2939147949219
221.0 121.958587646484
221.8 16.7566299438477
222.0 28.9082088470459
222.6 5.3770318031311
222.9 91.3331146240234
223.0 117.359268188477
223.9 199.027633666992
224.1 118.835220336914
224.2 33.4019432067871
224.9 52.3443908691406
225.0 448.820770263672
225.1 118.195152282715
225.9 11.1899242401123
226.0 583.25439453125
226.1 919.056640625
227.0 570.181274414063
227.1 2749.5859375
228.1 9895.5126953125
229.1 4455.28759765625
230.1 2122.17553710938
230.1 1091.25561523438
231.0 932.87353515625
231.2 72.1103515625
231.8 6.94099283218384
231.9 50.8600425720215
232.1 147.915725708008
233.0 1289.92578125
234.0 503.7314453125
234.9 11.4519844055176
235.0 172.487319946289
235.8 20.4853210449219
235.9 96.5663909912109
236.0 40.7373733520508
237.0 830.13134765625
238.0 808.30810546875
239.0 969.405700683594
240.1 4407.21533203125
240.2 26.5825347900391
241.1 11730.4208984375
242.0 1525.5986328125
242.1 3558.25219726563
243.0 386.066589355469
243.1 1565.96337890625
243.8 14.7779932022095
243.9 81.7490921020508
244.0 560.314758300781
244.2 195.348907470703
244.7 25.5580768585205
244.9 115.597206115723
245.0 103.017066955566
245.1 11.6629190444946
245.8 36.0648193359375
246.0 22.7090835571289
246.8 12.9004058837891
247.0 63.5288734436035
248.1 7.45029211044312
248.8 67.297737121582
249.0 0.734390258789063
249.1 31.7033653259277
249.7 8.49143028259277
250.0 27.0359382629395
250.2 9.25586414337158
250.7 27.9417781829834
250.9 128.380828857422
251.1 178.014266967773
251.3 17.8489170074463
251.8 17.0320167541504
252.0 142.995620727539
252.1 284.802520751953
253.0 239.95573425293
253.1 689.690856933594
254.1 4496.16162109375
255.0 211.313537597656
255.1 1920.5224609375
256.1 4821.8876953125
256.2 39.4001007080078
257.0 5946.52783203125
258.1 2315.60424804688
258.8 14.3578081130981
258.9 130.435668945313
259.0 313.737640380859
259.2 13.8978805541992
259.8 21.0438079833984
260.0 35.7142486572266
260.2 46.0449600219727
260.6 4.25330829620361
260.7 29.9380111694336
261.8 7.58785629272461
262.9 14.5639400482178
263.1 7.61778259277344
263.9 37.6602020263672
264.1 16.2469024658203
264.1 17.6409969329834
264.9 64.9055557250977
265.1 164.943222045898
265.8 9.67378807067871
265.9 64.4443283081055
266.0 249.971237182617
266.8 42.2493591308594
267.0 258.296813964844
267.1 137.994995117188
267.2 35.4184646606445
268.0 209.285125732422
268.1 402.013427734375
268.2 175.551635742188
269.1 3567.185546875
270.0 123.51008605957
270.1 6035.74951171875
271.1 3165.9208984375
272.0 579.288818359375
272.1 3260.45361328125
272.9 207.482116699219
273.0 856.358154296875
273.2 81.4316177368164
274.0 242.469757080078
274.1 47.9700012207031
274.7 11.7480545043945
274.9 18.762451171875
275.0 140.642303466797
275.8 59.1565132141113
275.9 36.2502250671387
276.0 0.434322357177734
276.6 29.8948936462402
276.9 279.184844970703
277.8 18.763916015625
278.0 38.643367767334
278.1 25.997688293457
278.8 27.3988800048828
279.0 168.697692871094
279.2 20.8753623962402
279.9 55.3787841796875
280.1 241.72932434082
280.1 27.3033123016357
281.0 305.815368652344
281.1 266.888916015625
282.0 918.27978515625
282.1 1231.9716796875
282.8 42.4229888916016
283.0 831.048645019531
283.1 944.755310058594
284.1 4297.05908203125
285.0 374.911193847656
285.1 9871.501953125
286.1 5311.70166015625
287.0 404.928985595703
287.1 852.354125976563
287.9 30.2380332946777
288.0 366.423583984375
288.9 590.656555175781
289.8 45.3865737915039
290.0 66.5895385742188
290.1 48.4027633666992
290.8 61.5847473144531
291.0 57.0307159423828
291.7 19.9268684387207
292.0 30.4934844970703
292.1 8.03032684326172
292.9 362.1494140625
293.0 8.24256896972656
293.9 60.0263519287109
294.0 208.271514892578
295.0 453.154205322266
295.4 12.83216381073
296.0 428.206665039063
296.1 665.8251953125
297.0 1398.37866210938
297.1 258.888885498047
298.0 1226.88830566406
298.1 2918.98510742188
299.1 3175.423828125
300.0 117.572044372559
300.1 13905.849609375
301.1 1986.17150878906
301.2 1270.24108886719
301.9 59.9178237915039
302.0 304.241851806641
302.1 454.069519042969
303.0 96.8983764648438
303.1 83.2443771362305
304.0 7.18017673492432
304.1 15.0928430557251
306.8 57.8935966491699
307.0 9.86354064941406
307.3 10.8986129760742
307.9 9.16796588897705
308.1 43.8626289367676
308.2 57.1401481628418
308.9 17.8078937530518
309.0 54.82861328125
309.1 37.0338935852051
309.3 19.2194786071777
309.9 75.1568603515625
310.0 314.135192871094
310.1 283.433135986328
311.0 276.943908691406
311.0 180.841949462891
311.2 172.520797729492
311.9 52.8250923156738
312.0 314.374206542969
312.1 765.29736328125
312.3 59.5440254211426
312.9 47.5137367248535
313.1 714.737426757813
313.2 19.0906620025635
314.1 27545.849609375
315.1 6841.9794921875
316.0 126.040908813477
316.1 844.849914550781
317.0 21.3929309844971
317.1 73.3765182495117
318.9 2.9442937374115
320.1 17.853178024292
322.1 616.783203125
322.3 11.1723165512085
323.0 104.90535736084
323.2 104.464706420898
323.8 25.1774959564209
324.0 168.828399658203
324.1 94.4711990356445
324.2 84.8173828125
324.8 12.8882141113281
325.0 16.7968368530273
325.1 100.059814453125
326.0 157.9892578125
326.1 159.100158691406
326.2 110.854293823242
326.7 13.5232591629028
327.0 175.66145324707
327.1 132.611236572266
328.1 779.382141113281
328.2 3711.21362304688
328.8 12.9493188858032
328.9 53.7526016235352
329.1 1160.25756835938
329.3 40.1869163513184
330.0 70.6108322143555
330.1 83.8569183349609
330.2 34.1306838989258
330.7 8.6403923034668
330.9 25.1817607879639
331.2 11.3660850524902
333.0 5.20552062988281
333.9 8.02265453338623
334.1 9.24897766113281
334.8 25.5254688262939
335.8 18.2514381408691
336.1 17.9459381103516
336.9 31.4043617248535
337.0 8.80563735961914
338.0 118.129508972168
338.2 277.011779785156
339.0 300.221496582031
339.2 352.351501464844
340.1 3157.33032226563
340.2 338.021423339844
341.1 182.311950683594
341.2 981.090026855469
342.1 285.89404296875
342.2 613.695739746094
343.0 24.5998878479004
343.1 476.648498535156
343.2 347.525848388672
343.9 26.717830657959
344.1 96.4905395507813
344.2 98.8138046264648
344.3 100.91153717041
344.8 3.35445070266724
345.0 25.2436408996582
345.2 58.5761833190918
347.1 8.67469501495361
348.6 7.7007999420166
348.8 37.3742752075195
348.9 36.4877319335938
350.1 19.7691040039063
351.0 37.4367294311523
352.1 177.810089111328
352.2 1553.91174316406
353.0 7.06322479248047
353.1 628.90380859375
353.2 97.5019989013672
354.2 28796.2109375
355.2 8977.8369140625
356.2 12063.861328125
357.2 3402.0546875
358.0 88.0466690063477
358.1 199.54541015625
358.2 184.688339233398
358.9 5.2043604850769
359.0 94.5773086547852
359.2 28.6770420074463
360.0 7.5648078918457
360.3 7.62171125411987
362.8 5.24802017211914
363.0 7.52597570419312
366.8 6.53331089019775
367.0 71.0703735351563
367.9 12.1387777328491
368.1 140.775024414063
368.2 29.3464870452881
368.8 13.5545349121094
369.1 305.505523681641
369.2 123.362373352051
370.2 28485.0859375
371.2 61729.0390625
372.2 15568.7392578125
373.0 13.4286584854126
373.2 2453.24682617188
374.0 62.083366394043
374.2 163.85710144043
374.4 18.3426094055176
375.1 7.57903623580933
375.2 7.60152673721313
377.0 8.55318355560303
380.9 7.90550470352173
381.1 9.54537200927734
383.1 14.3448543548584
384.2 9.48484516143799
387.3 14.8330793380737
401.1 5.69224119186401
