#"+EI Scan (rt: 8.362-8.466 min, 19 scans) R3M6.D  Subtract "
#Point,X(Thompsons),Y(Counts)
40.1 460.743194580078
41.1 7821.1357421875
42.0 119.296676635742
42.1 785.672668457031
43.1 15141.2431640625
44.0 515.047912597656
44.9 97.4864807128906
45.2 14.3250684738159
45.7 8.31671714782715
45.9 6.36896800994873
46.0 11.492413520813
47.0 186.016342163086
49.0 16.11501121521
49.8 12.9786605834961
49.9 53.7448234558105
50.0 80.5778961181641
50.1 132.070388793945
51.0 441.846343994141
51.1 243.945007324219
52.0 186.694137573242
52.1 180.604202270508
53.0 504.056457519531
53.1 121.313812255859
53.9 39.9608764648438
54.0 82.9154205322266
54.2 53.1831588745117
55.0 215.497772216797
55.1 1961.103515625
55.8 2.33663940429688
56.0 132.767074584961
56.1 24.5149612426758
57.0 277.654907226563
57.1 15.971363067627
57.7 9.94729900360107
57.9 24.4666976928711
58.0 10.4203033447266
58.2 42.6752510070801
59.0 1580.673828125
60.1 51.655632019043
60.9 93.8069610595703
61.0 17.5217990875244
61.8 16.9669990539551
61.9 315.119781494141
62.0 229.810470581055
63.0 1243.47619628906
64.0 378.179168701172
64.1 26.7789039611816
64.9 223.459518432617
65.0 206.970275878906
65.1 2.73330497741699
65.8 12.0747346878052
65.9 80.1449127197266
66.9 60.2043037414551
67.1 164.617233276367
67.9 19.1398601531982
68.1 27.5165405273438
68.2 6.2210841178894
69.0 341.500762939453
69.1 97.3385620117188
69.9 9.90732955932617
70.0 62.7540588378906
70.1 75.4320449829102
70.9 77.551025390625
71.0 135.483779907227
71.1 274.312408447266
71.9 31.1884098052979
73.0 929.166748046875
74.0 652.170227050781
75.0 1423.75463867188
76.0 1088.38159179688
76.1 503.496337890625
77.0 3319.912109375
78.0 1753.6357421875
78.9 268.399536132813
79.8 42.0700416564941
80.1 33.1459350585938
81.0 111.254150390625
81.8 5.62153625488281
81.9 104.023284912109
82.1 75.9678802490234
82.9 10.6232261657715
83.1 37.320671081543
83.2 19.0812931060791
84.1 9.0157995223999
84.3 18.0109386444092
85.0 201.550552368164
85.1 21.7384796142578
85.8 16.9959545135498
85.9 286.998779296875
86.1 87.1529846191406
86.2 14.0744037628174
86.9 86.5957946777344
87.0 806.253601074219
87.9 100.827819824219
88.0 3152.43359375
89.0 3927.36547851563
89.8 65.5023193359375
90.0 306.918060302734
90.0 294.364990234375
91.0 454.131896972656
91.9 12.7236747741699
92.0 72.7042846679688
92.1 15.8526182174683
92.6 11.6547145843506
92.9 32.9339599609375
93.1 27.6123123168945
93.3 15.2280464172363
93.5 26.841459274292
93.6 34.6422691345215
93.8 80.3844223022461
94.0 96.3894119262695
94.2 88.871696472168
94.3 100.283889770508
94.5 244.138565063477
94.6 242.367904663086
94.8 112.762718200684
95.1 60.9836044311523
95.2 74.5803146362305
95.4 85.5355834960938
95.5 20.6040344238281
95.8 55.013599395752
95.8 24.4362907409668
96.0 85.3909759521484
96.2 41.6620712280273
96.7 23.2413177490234
97.0 214.592529296875
97.9 196.842330932617
98.1 108.459457397461
98.8 4.45843315124512
99.0 205.637176513672
99.1 108.319160461426
99.2 61.1280059814453
99.7 25.8049926757813
99.8 40.5542488098145
99.9 240.481094360352
100.0 352.890106201172
100.2 32.9347229003906
100.3 46.9374961853027
100.9 621.459899902344
101.0 2263.3173828125
102.0 6733.43505859375
103.0 2370.89086914063
103.9 69.4866180419922
104.0 290.054962158203
104.1 63.0122718811035
104.8 52.5902671813965
105.0 79.672966003418
105.1 7.25789260864258
105.2 11.5137634277344
105.4 25.6079807281494
105.6 19.0169773101807
105.8 70.0537261962891
106.0 50.7383003234863
106.2 88.4719924926758
106.4 192.658813476563
106.5 153.735000610352
106.6 438.370880126953
106.8 249.979415893555
107.0 169.661819458008
107.1 202.61865234375
107.4 70.8659362792969
107.5 328.1064453125
107.6 261.405578613281
107.8 156.393249511719
108.1 16.5395908355713
108.2 98.7379837036133
108.4 137.070709228516
108.8 165.479644775391
109.0 743.221130371094
109.7 17.6358127593994
110.0 93.3637390136719
110.1 27.9863567352295
110.9 65.0698699951172
111.0 150.910766601563
111.2 29.8118476867676
111.8 87.5703964233398
112.0 150.784088134766
112.1 89.2926177978516
112.2 27.9420013427734
113.0 4593.7919921875
114.0 23224.146484375
115.0 8023.447265625
116.0 9586.1201171875
117.0 567.290771484375
117.0 1614.6474609375
118.0 283.685760498047
118.1 197.259857177734
118.7 51.0778579711914
119.0 149.197448730469
119.1 10.4655590057373
119.5 67.0245590209961
119.6 187.626525878906
119.8 137.160003662109
119.9 14.0678339004517
120.5 3252.13549804688
120.7 46.6419525146484
121.0 75.2164611816406
121.2 407.216552734375
121.5 68.1760025024414
121.6 243.465072631836
121.7 359.078002929688
121.9 27.0321140289307
122.1 36.4290809631348
122.2 66.95263671875
122.4 30.0081462860107
122.7 88.8267135620117
122.9 208.017959594727
123.9 33.7778244018555
124.0 8.84591960906982
124.1 20.6541080474854
125.0 475.650970458984
125.0 309.214904785156
125.9 324.709991455078
126.0 3728.51953125
126.2 47.421516418457
127.0 11595.03515625
128.1 11953.76171875
129.0 8255.787109375
130.0 4369.47900390625
130.9 210.046875
131.0 625.037780761719
131.1 5.2651891708374
132.0 315.401702880859
132.0 331.287994384766
132.2 125.018424987793
132.5 13.03297996521
132.9 21.9275817871094
133.0 198.670104980469
133.1 100.51195526123
133.3 26.9086627960205
133.4 19.9652500152588
133.5 79.6658554077148
133.8 254.111022949219
134.0 109.950202941895
134.2 46.4924125671387
134.4 33.7716979980469
135.0 1344.13818359375
135.3 131.858001708984
135.5 105.954040527344
135.6 180.095840454102
135.7 598.645385742188
135.9 312.580200195313
136.0 525.899230957031
136.1 20.7193222045898
137.0 4923.09375
138.0 673.122680664063
139.0 196.032989501953
139.1 1161.09948730469
139.8 113.617897033691
139.9 332.2080078125
140.1 367.968566894531
141.0 1566.69921875
141.1 744.35595703125
142.0 7977.05419921875
143.0 2232.21997070313
143.1 1658.95080566406
144.0 24877.353515625
145.0 2737.77490234375
145.9 199.612182617188
146.1 81.5862121582031
146.6 11.7508459091187
146.8 70.5599899291992
147.0 102.539489746094
147.3 34.5554466247559
147.4 20.3579292297363
148.1 48.1604461669922
148.4 91.6574478149414
148.6 44.4884147644043
148.8 146.864852905273
149.0 151.064849853516
149.3 167.638076782227
149.5 100.866966247559
149.6 430.059722900391
149.8 672.14990234375
150.0 823.94970703125
150.2 174.876312255859
150.4 80.8917846679688
150.6 85.7054214477539
151.0 966.483154296875
151.9 186.664047241211
152.0 352.161651611328
152.1 155.86360168457
152.9 34.570182800293
153.0 474.264251708984
153.9 89.3500061035156
154.0 1187.70166015625
155.0 1858.33544921875
156.1 1593.67028808594
156.3 704.673400878906
157.0 11043.572265625
158.0 2363.70288085938
158.1 314.793212890625
159.0 1279.88916015625
159.9 116.382690429688
160.0 186.451736450195
160.7 38.4074745178223
160.9 315.213623046875
161.8 85.3114242553711
162.0 154.468719482422
162.1 84.1578903198242
162.9 506.122039794922
163.0 323.159912109375
163.8 104.543594360352
163.9 307.700714111328
164.1 174.066284179688
164.8 230.343872070313
165.0 95.4313888549805
165.1 130.252243041992
165.9 136.252593994141
166.0 125.126190185547
166.2 30.5266723632813
167.0 802.8369140625
167.9 193.162811279297
168.0 278.994171142578
169.0 1021.08129882813
169.1 93.4449844360352
169.7 14.1699190139771
170.0 1056.9033203125
170.1 1350.8349609375
171.0 1025.89184570313
171.1 1338.22741699219
171.8 180.214706420898
171.9 238.533920288086
172.1 273.046478271484
173.0 209.58903503418
173.2 11.8551740646362
173.9 192.603317260742
174.1 306.775909423828
174.2 107.231910705566
174.8 25.3748569488525
174.9 166.879257202148
175.0 425.886779785156
175.1 22.7799701690674
175.8 14.0916700363159
175.9 15.8321504592896
176.0 646.96533203125
176.1 146.887771606445
176.9 77.0118026733398
177.0 111.454368591309
177.1 184.257522583008
177.8 36.2210083007813
178.0 188.823043823242
178.1 47.8563575744629
178.6 36.5032005310059
178.8 47.4532089233398
178.9 16.2429351806641
179.0 108.908729553223
179.2 14.1447944641113
179.8 20.3042411804199
180.0 152.930694580078
180.2 24.8879699707031
180.9 67.331787109375
181.0 178.610534667969
181.8 10.1920003890991
182.0 237.074295043945
182.1 300.260620117188
182.9 85.3845748901367
183.0 1301.24731445313
183.1 114.406631469727
183.8 25.8671321868896
183.9 203.087753295898
184.1 1439.88708496094
185.0 27362.17578125
186.0 5602.94775390625
186.9 505.092529296875
187.0 803.44970703125
188.0 213.877487182617
188.0 341.893646240234
188.9 90.5344848632813
189.0 623.925048828125
189.1 158.3017578125
189.9 274.772094726563
190.0 127.023849487305
191.0 392.875
191.8 35.403491973877
191.8 15.114933013916
192.0 58.1115303039551
192.1 21.0336761474609
193.0 344.717681884766
193.7 14.0280914306641
193.9 103.757179260254
194.0 8.25559234619141
194.8 50.7418518066406
195.0 277.114074707031
195.8 202.293121337891
196.0 102.316909790039
197.0 11818.2626953125
198.0 2315.19311523438
198.9 393.261322021484
199.0 286.501953125
200.0 3393.03833007813
201.0 1148.708984375
201.0 2473.67041015625
201.9 74.545654296875
202.0 4952.58837890625
203.0 1646.64782714844
203.8 25.0010242462158
203.9 188.514663696289
204.0 380.8623046875
204.3 16.2496490478516
204.9 100.848121643066
205.0 89.3295440673828
205.6 8.37947559356689
205.9 36.4818305969238
206.9 450.446594238281
207.7 10.0233125686646
207.8 8.25305557250977
207.9 98.696159362793
208.0 19.1249198913574
208.3 16.9884757995605
208.8 55.9878959655762
208.8 62.1681137084961
208.9 28.4053268432617
209.6 10.0764894485474
209.8 3.04361152648926
210.0 141.55827331543
210.1 88.4332962036133
211.0 1584.95263671875
212.0 1083.61938476563
213.0 2761.51049804688
214.1 27979.5703125
215.0 7593.6650390625
216.0 2237.57885742188
216.8 0.910003662109375
217.0 800.26318359375
217.9 123.333190917969
218.0 161.311004638672
218.8 158.048065185547
218.9 243.391357421875
219.9 101.611389160156
220.0 28.9387092590332
220.6 11.9243335723877
221.0 332.794616699219
221.9 47.6037368774414
222.1 26.8325748443604
222.9 81.1740570068359
223.0 130.073059082031
223.1 25.3574619293213
223.7 7.97943115234375
223.8 77.5088882446289
224.0 193.557678222656
224.1 93.5469131469727
224.8 3.43547821044922
225.0 625.905456542969
226.0 961.515319824219
226.1 325.844116210938
227.0 505.204559326172
227.1 2532.96533203125
228.1 8954.251953125
229.1 3997.99755859375
230.0 203.214324951172
230.1 2955.93725585938
231.0 244.486038208008
231.1 729.239074707031
231.9 129.026290893555
232.1 86.7233810424805
232.2 13.0362205505371
233.0 1070.955078125
233.9 151.803466796875
234.0 273.910827636719
235.0 171.250793457031
235.7 19.4185905456543
235.9 79.0045471191406
236.0 24.3904762268066
237.0 1909.49365234375
238.0 739.983154296875
238.1 98.1783676147461
239.0 974.237854003906
240.1 4010.50756835938
241.1 10615.2080078125
242.0 1348.19702148438
242.1 3354.32983398438
243.0 479.111633300781
243.0 1402.39501953125
243.7 20.9235363006592
243.9 59.9465446472168
244.0 341.292694091797
244.1 221.72119140625
245.0 269.049652099609
245.1 114.000473022461
245.7 12.1755590438843
245.9 16.8327236175537
246.0 20.3447933197021
246.9 33.0022087097168
248.8 49.9281997680664
249.0 41.1364822387695
249.1 7.12084293365479
250.0 23.8944358825684
250.1 39.8805656433105
250.8 80.55078125
251.0 117.379623413086
251.2 99.3040618896484
251.3 8.66919708251953
251.7 10.9866752624512
251.9 157.404708862305
252.1 262.272857666016
252.2 21.8945064544678
252.4 11.7993640899658
252.9 94.8943328857422
253.0 658.413879394531
253.1 105.51301574707
254.0 2002.47229003906
254.1 1805.81665039063
254.8 41.0104484558105
255.0 1511.59045410156
255.1 252.264236450195
255.9 117.806770324707
256.1 4161.25830078125
257.1 5737.4873046875
258.0 1550.43688964844
258.1 253.643676757813
258.6 7.92122411727905
259.0 284.961212158203
259.1 154.633087158203
259.9 39.8566436767578
260.2 8.5246000289917
260.7 23.2017955780029
261.0 18.3150730133057
262.1 13.4750814437866
262.7 9.57621097564697
262.8 50.888843536377
263.0 23.2989692687988
263.1 8.34747982025146
264.0 50.9973220825195
264.1 41.9080085754395
265.0 40.435188293457
265.1 107.085388183594
265.8 14.1969041824341
265.9 50.4299507141113
266.0 261.157806396484
266.2 22.7108097076416
266.8 62.7288551330566
267.0 284.870483398438
267.1 151.566390991211
267.9 282.732208251953
268.1 492.377166748047
269.0 1601.86022949219
269.1 1668.73645019531
270.0 65.9216461181641
270.1 5557.5458984375
271.1 3079.78271484375
271.9 22.5966472625732
272.1 3744.32568359375
273.1 1074.41857910156
273.9 138.413192749023
274.1 149.188522338867
274.3 9.74770545959473
274.9 354.195587158203
275.1 25.1705188751221
275.7 11.5176258087158
275.9 78.1996917724609
276.1 11.7856779098511
276.9 69.0979080200195
277.0 125.468467712402
277.2 7.01166248321533
277.8 51.3246078491211
278.0 36.6897277832031
278.1 78.7705307006836
278.2 25.6122760772705
278.8 65.3500518798828
279.0 152.701736450195
279.8 17.1859512329102
279.9 64.4071350097656
280.1 113.306907653809
280.2 14.9443006515503
280.9 199.781005859375
281.1 288.658050537109
281.9 13.7459201812744
282.1 1975.29296875
282.2 100.390197753906
282.6 13.6420497894287
283.0 367.865386962891
283.1 1264.20227050781
284.1 3586.86352539063
285.1 9211.9765625
286.1 4801.103515625
287.1 1027.95849609375
287.2 59.2764320373535
287.7 19.9138946533203
287.9 67.0639038085938
288.0 77.3633728027344
288.1 140.623626708984
288.3 15.9414091110229
289.0 974.348388671875
289.8 14.9778614044189
290.0 169.291229248047
290.8 25.1956481933594
291.0 144.050735473633
291.8 7.42236995697021
292.0 51.8460273742676
292.9 492.179992675781
293.6 17.2723636627197
294.0 241.561218261719
294.9 40.9162750244141
295.0 185.278594970703
295.2 23.9448490142822
295.8 3.81016445159912
296.0 447.651977539063
296.1 411.461303710938
296.9 8.50213623046875
297.1 1312.23364257813
298.0 2288.62622070313
298.1 1329.46325683594
299.0 1584.2158203125
299.1 1193.58020019531
300.1 12390.52734375
301.0 702.772216796875
301.1 2397.23779296875
301.9 152.234069824219
302.0 186.353927612305
302.1 429.321899414063
302.8 6.42166233062744
302.9 66.4660263061523
303.0 62.6072883605957
303.1 68.8765258789063
303.9 8.15000534057617
304.0 22.0049228668213
304.9 5.66447114944458
305.1 14.3623027801514
305.9 12.6864547729492
306.7 18.0728359222412
306.9 5.72150039672852
307.0 31.3863067626953
307.2 19.3870735168457
307.9 8.21341609954834
308.1 59.7928009033203
308.8 10.045503616333
308.9 34.4669036865234
309.1 19.5700569152832
309.9 23.9482173919678
310.0 177.353210449219
310.1 272.68896484375
310.2 102.508476257324
311.0 507.184448242188
311.1 216.664016723633
312.0 23.2382850646973
312.1 1112.28796386719
312.8 16.5567378997803
313.0 537.907958984375
313.1 223.018890380859
314.1 25757.244140625
315.1 6252.27783203125
315.2 104.909774780273
316.0 203.028778076172
316.1 686.159423828125
316.2 25.3709564208984
316.9 51.7717742919922
317.2 8.59658527374268
318.8 3.47506427764893
319.1 17.6482372283936
319.9 9.44308090209961
321.8 8.18832683563232
322.0 133.272796630859
322.1 414.30078125
322.9 19.2200469970703
323.0 102.782203674316
323.1 83.0770034790039
323.3 31.2149715423584
323.8 10.1204280853271
324.0 116.914398193359
324.1 177.071243286133
324.9 30.2311344146729
325.1 17.8885154724121
325.2 37.7086563110352
325.4 8.37248992919922
326.0 188.525756835938
326.2 208.263656616211
326.9 36.8278465270996
327.0 162.084548950195
327.1 139.459671020508
327.2 20.6997261047363
328.1 259.225128173828
328.1 3837.94946289063
329.1 719.999572753906
329.2 407.319580078125
329.9 39.604248046875
330.1 99.3253631591797
330.2 9.62141418457031
332.5 8.58383941650391
332.7 8.63875770568848
334.3 14.3224763870239
334.9 23.5028781890869
335.0 9.23779582977295
336.1 9.40134525299072
336.9 8.2610969543457
337.0 9.02388954162598
337.2 11.6756944656372
337.8 12.7550182342529
338.0 54.9370956420898
338.1 268.808563232422
338.3 69.2391586303711
338.9 32.9904899597168
339.1 441.281463623047
339.2 162.301620483398
340.1 3232.83227539063
341.0 22.6607227325439
341.1 709.490600585938
341.2 224.325714111328
341.8 10.4217920303345
342.0 74.2517318725586
342.1 527.066467285156
342.2 166.683456420898
343.1 141.687652587891
343.2 682.765991210938
343.4 41.7755165100098
344.0 120.127799987793
344.1 45.843090057373
344.2 75.3022842407227
344.4 24.4195575714111
344.8 19.1018524169922
345.0 25.7927589416504
348.8 39.6659698486328
349.0 17.7798194885254
349.9 8.744384765625
350.8 20.5674362182617
351.0 8.33949661254883
351.1 31.1428546905518
352.1 65.7754516601563
352.2 1517.16577148438
352.3 25.4964923858643
352.9 24.4208679199219
353.0 246.020950317383
353.1 422.677154541016
353.3 15.5459480285645
354.2 26824.89453125
355.2 7980.375
356.2 11442.4169921875
357.2 2593.85766601563
357.2 284.463012695313
358.0 37.8333358764648
358.1 203.444137573242
358.2 208.830261230469
359.0 59.1645736694336
359.2 21.8395099639893
363.1 8.33148765563965
364.1 25.270715713501
366.8 22.2159538269043
367.0 41.0938873291016
367.1 13.6950521469116
368.0 15.4993515014648
368.1 103.016128540039
368.2 34.877010345459
368.8 59.6030006408691
369.0 26.825891494751
369.1 144.001754760742
369.2 162.626998901367
370.2 26781.169921875
371.2 55821.62109375
372.2 14500.5048828125
373.0 29.5583267211914
373.2 2250.173828125
373.9 12.6769351959229
374.1 116.000244140625
374.2 32.5825576782227
374.4 8.91016578674316
381.2 9.5452356338501
382.8 8.75645351409912
426.7 9.19339275360107
428.8 9.8655424118042
433.1 8.41667175292969
461.1 9.18526458740234
523.2 8.74210929870605
