#"+EI Scan (rt: 10.244-10.448 min, 36 scans) R4M6.D  Subtract "
#Point,X(Thompsons),Y(Counts)
40.1 449.164367675781
41.1 14254.794921875
42.0 555.157897949219
42.1 572.546813964844
43.1 2789.39892578125
44.0 9426.896484375
45.0 262.900634765625
45.1 433.967132568359
45.2 19.8823776245117
45.9 51.8694114685059
46.1 36.7134399414063
47.0 112.792282104492
47.2 1.49678516387939
48.8 11.5090942382813
49.0 127.798301696777
49.1 4.04856300354004
49.9 26.0351257324219
50.0 688.394958496094
50.1 211.172225952148
51.0 2299.3779296875
52.0 315.179870605469
52.1 620.896301269531
53.0 2801.24682617188
54.0 677.550964355469
54.1 1340.06713867188
55.1 36320.4765625
56.0 737.806213378906
56.1 1113.48498535156
57.0 253.103668212891
57.1 155.452270507813
57.8 28.0522975921631
57.9 17.4813232421875
58.1 51.9676475524902
58.2 2.37157154083252
59.0 1560.52099609375
59.9 11.7905769348145
60.0 89.9877853393555
60.7 6.68753862380981
60.8 15.73961353302
60.9 159.280883789063
61.0 61.973747253418
61.3 4.46514558792114
62.0 698.626647949219
62.1 300.20166015625
62.9 202.489868164063
63.0 1980.55004882813
63.9 168.63200378418
64.0 592.183715820313
64.1 140.444961547852
65.0 7510.306640625
66.0 718.971923828125
66.1 239.858489990234
67.1 5405.9169921875
67.9 59.3283348083496
68.0 383.707397460938
68.1 412.379974365234
69.0 1663.55004882813
69.1 605.133850097656
69.9 112.09684753418
70.1 160.213134765625
70.2 15.2818059921265
70.8 14.3112506866455
70.9 97.1467666625977
71.0 143.789321899414
71.9 52.283863067627
72.0 266.741027832031
72.1 167.836776733398
73.0 1289.17919921875
73.9 158.216613769531
74.0 323.657592773438
74.9 216.208511352539
75.0 1328.08959960938
76.0 3520.7060546875
77.0 12937.2890625
78.0 4211.021484375
79.0 3797.84521484375
79.9 30.3272361755371
80.0 578.687377929688
80.2 72.2167816162109
80.3 5.01840209960938
81.0 1432.06396484375
81.1 394.401214599609
82.0 29.2976989746094
82.1 306.849029541016
82.2 42.3735046386719
83.0 1562.45141601563
83.1 161.160552978516
83.9 54.4415435791016
84.1 104.209747314453
84.2 53.9855537414551
85.0 39.6774597167969
85.1 56.6715316772461
85.8 88.7123107910156
86.0 117.323303222656
86.2 8.70036697387695
86.8 30.000997543335
86.9 239.390258789063
87.1 344.924346923828
87.2 44.125129699707
88.0 5857.73974609375
89.0 7542.1162109375
90.0 12608.4921875
91.0 50154.2421875
92.0 1428.94873046875
92.1 5298.81494140625
93.0 493.902038574219
93.1 1074.06921386719
93.9 68.6117935180664
94.0 215.018493652344
94.1 281.264923095703
94.3 11.9045486450195
95.0 325.139038085938
95.1 2307.60034179688
95.9 38.9209747314453
96.0 280.141204833984
96.1 140.728424072266
97.1 3711.8525390625
98.0 299.934478759766
98.1 103.028549194336
98.8 4.13793849945068
98.9 91.2878723144531
99.1 45.4307250976563
99.8 86.5289764404297
99.9 107.755226135254
100.1 79.0506896972656
100.9 117.624816894531
101.0 121.913665771484
101.1 457.667907714844
101.2 14.7867059707642
102.0 8037.15576171875
103.0 36394.76171875
104.0 11085.9267578125
105.0 172.169845581055
105.1 4951.548828125
105.9 181.062683105469
106.0 1256.45385742188
106.8 14.4966773986816
107.0 257.841766357422
107.1 83.1375198364258
107.8 26.6469135284424
108.0 13.8206996917725
108.1 50.7439193725586
108.2 8.05084800720215
108.9 56.4997177124023
109.0 680.935546875
109.8 48.8570404052734
110.0 76.3450317382813
110.1 9.13014602661133
110.6 7.59563636779785
110.8 20.9809036254883
110.9 61.5105133056641
111.0 22.0957183837891
112.8 51.4957427978516
112.9 94.0783157348633
113.0 40.5710067749023
113.2 4.67707300186157
113.8 45.9438552856445
113.9 188.996215820313
114.1 71.0611038208008
114.2 13.0794363021851
114.8 0.791366577148438
114.9 392.345550537109
115.0 513.282287597656
116.0 1440.57641601563
116.1 371.220886230469
117.0 8163.224609375
118.0 6424.10009765625
119.0 7100.3310546875
120.1 10867.7041015625
120.9 38.5394859313965
121.0 769.98583984375
121.1 306.675659179688
121.9 60.7960090637207
122.0 17.6122245788574
122.2 6.30185461044312
122.4 5.97086143493652
122.9 36.6290893554688
123.0 48.8040466308594
123.6 11.5893793106079
123.8 22.7289867401123
124.0 5.58059883117676
124.7 6.02615261077881
124.8 58.2412948608398
125.0 29.8824005126953
125.7 19.8595104217529
125.8 26.1616458892822
126.0 49.0768699645996
126.1 80.3223190307617
126.9 107.722259521484
127.0 408.065002441406
127.1 222.560012817383
127.2 32.8652496337891
128.0 4347.419921875
129.0 10168.0703125
130.0 12927.939453125
131.0 35588.29296875
132.0 5699.76318359375
132.7 13.5096464157104
133.0 436.858337402344
133.1 441.422180175781
133.9 67.8177490234375
134.0 70.1182174682617
134.2 7.48264694213867
134.9 128.037857055664
135.0 215.380889892578
136.0 104.592109680176
136.2 12.4425392150879
137.0 5556.10546875
137.9 464.017333984375
138.0 112.826049804688
138.1 55.7409591674805
139.0 196.890853881836
139.1 295.592407226563
139.7 5.40479326248169
139.9 133.548477172852
140.0 148.351013183594
140.2 53.2169723510742
140.5 4.63192939758301
140.9 391.085327148438
141.0 24.3886108398438
141.1 17.4745712280273
141.7 9.41228771209717
141.9 235.840744018555
142.1 566.636291503906
142.8 14.4494676589966
142.9 399.944030761719
143.0 1148.36315917969
143.1 269.653717041016
144.0 7214.68701171875
145.0 146944.390625
146.0 27041.830078125
147.0 1943.02990722656
147.1 1836.22680664063
147.8 5.16612863540649
148.0 397.456146240234
148.1 693.163208007813
148.8 3.2800464630127
148.9 48.8217544555664
149.0 283.582489013672
149.1 7.92341613769531
149.9 8.63159561157227
150.0 41.6724166870117
150.2 9.41989994049072
150.3 5.20760917663574
150.7 12.9884958267212
150.8 20.7172088623047
150.9 130.274978637695
151.0 108.445907592773
151.8 45.3191680908203
151.9 70.5397186279297
152.0 154.81201171875
152.9 3.07455062866211
153.0 265.660186767578
153.8 15.9775104522705
153.9 113.544738769531
154.0 129.900115966797
154.1 95.1907806396484
155.0 1643.26818847656
155.9 88.5797500610352
156.0 1294.83190917969
157.0 2758.47412109375
158.0 1321.77709960938
158.0 4023.07202148438
159.0 3433.60107421875
159.9 52.6661071777344
160.0 613.2763671875
161.0 3864.2734375
161.8 42.7155151367188
161.9 196.387298583984
162.0 360.483551025391
162.9 400.479309082031
163.0 85.6029357910156
163.9 36.9224166870117
164.0 4.51011085510254
164.1 23.4690341949463
164.8 68.1399688720703
164.9 81.6885375976563
165.0 84.4811172485352
165.1 14.4713649749756
165.7 8.60322570800781
165.8 21.8217887878418
166.0 71.9105072021484
166.1 73.2684860229492
167.0 402.603759765625
167.1 27.7610683441162
167.9 125.135101318359
168.0 296.163269042969
168.1 217.124282836914
169.0 1928.2431640625
169.1 116.037101745605
170.0 456.836517333984
170.1 292.064025878906
170.4 4.93558263778687
171.0 680.758666992188
171.1 494.68701171875
172.0 631.076843261719
172.1 349.63330078125
172.7 11.5955095291138
172.8 27.5483303070068
172.9 219.707046508789
173.1 228.569763183594
174.1 15519.0400390625
175.0 3674.98095703125
175.1 6462.69287109375
176.0 228.267761230469
176.0 668.668090820313
176.1 342.606628417969
176.8 105.484344482422
177.0 67.4807815551758
177.1 18.5890769958496
177.8 48.3120269775391
177.9 44.2423973083496
178.0 101.661079406738
178.1 18.0890426635742
178.5 5.60277986526489
178.6 1.23140931129456
178.8 18.9764633178711
179.0 68.9396438598633
179.1 47.4107284545898
179.9 77.1545791625977
180.0 76.3541259765625
180.2 8.88789749145508
180.9 268.986755371094
181.0 147.488098144531
181.9 88.4409713745117
182.0 260.422546386719
182.1 80.6963729858398
182.3 11.022497177124
182.7 4.66067790985107
182.9 45.1773986816406
183.0 446.374694824219
183.1 228.908004760742
183.8 19.4878597259521
183.9 93.2233200073242
184.0 133.945510864258
184.1 96.7321929931641
185.0 1066.86730957031
185.1 504.063262939453
185.9 20.5238170623779
186.0 594.392944335938
186.1 1389.94848632813
186.9 82.4077911376953
187.0 368.973693847656
187.1 82.1265869140625
187.7 14.7657909393311
187.8 10.2268829345703
187.9 46.2742652893066
188.0 87.9996032714844
188.8 13.2815055847168
188.9 120.356002807617
189.0 68.2120361328125
189.2 17.5896739959717
189.7 7.00545835494995
189.8 9.03653335571289
190.0 63.8279228210449
190.1 14.9342517852783
190.2 11.1613883972168
191.0 359.506652832031
191.7 2.28051280975342
191.9 3.63256645202637
192.0 123.804618835449
192.1 31.1744079589844
192.9 105.110397338867
193.0 154.927337646484
193.7 2.97266435623169
193.8 54.623779296875
193.9 119.497802734375
194.0 33.0675315856934
194.2 32.788028717041
194.9 469.564056396484
195.8 14.7917633056641
196.0 191.353713989258
196.1 22.4320278167725
196.3 5.9364447593689
196.9 75.68359375
197.0 438.037963867188
197.9 45.2827453613281
198.0 156.633743286133
198.1 23.7396621704102
198.9 390.119720458984
199.1 110.970565795898
199.8 48.2643585205078
199.9 100.757301330566
200.0 139.269927978516
200.1 34.9323310852051
200.3 3.22530794143677
200.7 6.12406921386719
200.9 203.230529785156
201.0 83.5546722412109
201.1 16.5476913452148
201.8 18.7787265777588
202.0 100.134254455566
202.1 20.2326278686523
202.4 8.39493370056152
202.9 55.4017028808594
203.0 114.028518676758
203.9 68.9814529418945
204.0 68.5033950805664
204.1 7.51778650283813
204.6 5.65820789337158
204.8 85.1840515136719
204.9 92.3278732299805
205.1 25.0269508361816
205.8 26.7399597167969
206.0 79.9537811279297
206.1 55.1636810302734
206.2 7.44772148132324
206.5 7.73577547073364
207.0 651.903259277344
207.8 0.397412300109863
207.9 15.6050491333008
208.0 154.723022460938
208.3 4.64870977401733
208.8 1.70571899414063
208.9 75.0351867675781
209.0 212.032577514648
209.7 17.8213214874268
209.9 24.443286895752
210.0 100.554969787598
210.2 8.76520729064941
211.0 1802.04321289063
212.1 1482.01086425781
213.1 3954.5283203125
213.1 1534.81359863281
214.0 678.389831542969
214.1 392.260101318359
214.3 10.6837072372437
215.0 2507.2431640625
215.9 131.496536254883
216.0 146.248840332031
216.0 284.509399414063
217.0 515.138793945313
217.9 33.1730079650879
218.0 171.498321533203
218.1 67.9820175170898
218.9 651.856079101563
219.0 31.4891357421875
219.9 102.050765991211
220.0 184.015167236328
220.1 72.6422653198242
220.9 232.263885498047
221.0 119.181716918945
221.8 0.788758277893066
221.9 26.4557266235352
222.0 69.4361801147461
222.6 11.7680015563965
223.0 83.1550521850586
223.1 37.8048515319824
223.8 37.3556709289551
224.0 38.6806335449219
224.9 120.122032165527
225.0 35.2921180725098
225.2 19.0483837127686
225.6 4.57628297805786
225.8 5.32605743408203
225.9 4.59818887710571
226.0 37.4570770263672
226.1 40.6854400634766
226.9 55.3945388793945
227.0 113.733123779297
227.1 20.3030738830566
228.0 50.7052917480469
228.1 51.7425880432129
228.7 8.29630279541016
228.9 59.338020324707
229.0 123.562606811523
229.1 120.828033447266
229.2 11.7482290267944
229.8 29.9720630645752
229.9 26.8125553131104
230.0 24.4980354309082
230.2 30.2083549499512
230.5 12.6599311828613
230.7 5.58471393585205
230.8 15.7460460662842
230.9 50.6852226257324
231.1 48.9318656921387
231.2 77.9759674072266
231.3 6.89843273162842
231.6 19.0355014801025
231.9 38.3545379638672
232.0 51.0318832397461
232.1 25.0160083770752
232.3 5.32655715942383
233.0 1550.29309082031
234.0 510.573852539063
235.0 550.592468261719
235.6 12.3220119476318
235.7 21.2944622039795
235.9 138.92839050293
236.0 133.414260864258
236.1 26.7242050170898
237.0 891.87158203125
237.0 893.512145996094
238.0 686.116821289063
239.1 4143.91357421875
239.1 386.579498291016
240.1 4135.90380859375
241.1 246625.59375
242.1 43197.30078125
243.1 4095.58666992188
243.9 12.2813949584961
244.0 214.387725830078
244.1 142.011535644531
244.3 10.1219596862793
244.8 54.0623168945313
244.9 63.9105758666992
245.0 36.5741958618164
245.2 33.4136734008789
245.7 4.6908745765686
246.0 65.7103424072266
246.1 75.7253723144531
246.2 7.65786838531494
246.8 13.3566579818726
246.9 17.9258079528809
247.0 55.5545196533203
247.2 4.28499889373779
247.9 16.2670555114746
248.0 57.6329345703125
248.1 93.3849182128906
248.2 25.7752456665039
248.8 16.6210041046143
249.0 49.5025596618652
249.1 33.870433807373
249.9 9.04798698425293
250.0 18.9197673797607
250.8 16.1979236602783
250.9 7.08935260772705
251.1 21.6844730377197
251.8 4.78322649002075
252.5 0.496042251586914
252.7 37.4403495788574
252.9 46.0726928710938
253.0 25.9884414672852
253.1 57.505256652832
253.2 5.85484600067139
253.8 23.1857986450195
253.9 42.2655601501465
254.1 32.8784942626953
254.2 10.9779071807861
254.4 10.510048866272
254.6 18.2519779205322
254.8 23.258659362793
254.9 146.345260620117
255.1 82.6858825683594
255.2 24.5021896362305
255.9 29.9911327362061
256.1 431.489410400391
256.2 553.83544921875
257.1 23567.89453125
258.1 1768.56066894531
258.2 2664.62060546875
258.9 68.0294647216797
259.1 398.67236328125
259.2 108.164779663086
259.8 6.75649404525757
260.0 38.6865272521973
260.1 54.9754981994629
260.3 8.23207378387451
260.8 9.16036796569824
260.9 28.4462242126465
261.0 17.5875453948975
261.7 3.275062084198
261.8 11.259669303894
262.0 42.8811378479004
262.2 46.4197845458984
262.3 7.13359403610229
262.7 14.1168537139893
262.9 39.6233978271484
263.1 90.5430297851563
263.2 15.428671836853
263.8 23.4094276428223
264.0 179.718078613281
264.1 554.691101074219
264.9 54.6030426025391
265.1 110.752235412598
266.0 5.08609390258789
266.5 4.33571434020996
266.7 6.08177423477173
266.9 1.16947841644287
267.0 48.4179763793945
267.9 24.2130107879639
268.0 43.2681579589844
268.2 10.8769760131836
268.4 7.82632970809937
268.7 28.3714847564697
268.9 92.5210952758789
269.0 55.0641784667969
270.0 443.003051757813
270.1 519.171630859375
270.3 25.87571144104
270.9 197.373428344727
271.0 168.119857788086
271.8 2.86251831054688
272.0 89.3616409301758
272.1 28.3251514434814
272.6 4.62815237045288
272.7 49.2440605163574
273.0 188.023849487305
273.9 76.8141479492188
274.0 41.2526092529297
274.1 20.4293651580811
274.9 95.7720336914063
275.1 88.492301940918
275.8 33.9681701660156
276.0 479.717041015625
276.2 299.278533935547
277.0 299.553955078125
277.1 133.588287353516
277.8 1.60441064834595
277.9 54.4521369934082
278.1 53.4023666381836
278.2 8.72619915008545
278.7 15.1209869384766
278.8 59.0741806030273
278.9 54.168773651123
279.1 8.9578161239624
279.8 20.7655620574951
280.0 28.679573059082
281.0 184.599792480469
282.0 19.3244190216064
282.1 21.1432209014893
282.2 19.8617420196533
282.6 4.66659736633301
282.7 2.55704641342163
282.9 99.9982833862305
283.1 12.7228584289551
283.2 37.3039360046387
283.9 26.5412330627441
284.0 5.0331072807312
284.2 33.4146728515625
284.3 6.43124198913574
284.6 4.98943996429443
284.9 72.9317245483398
285.0 215.445587158203
285.8 33.817512512207
286.0 66.6005859375
286.1 27.716588973999
286.8 49.8828811645508
287.0 154.876235961914
287.1 58.2750778198242
287.9 17.3837394714355
288.0 8.11727523803711
288.1 27.6792793273926
288.8 44.9896926879883
289.0 311.896667480469
289.1 32.7791519165039
289.9 146.96907043457
290.0 179.367156982422
290.2 8.6348180770874
290.9 101.639541625977
291.0 146.427017211914
291.8 11.3718318939209
291.9 0.395879983901978
292.1 16.1590671539307
293.0 549.296691894531
293.7 2.18479633331299
293.8 95.3862762451172
293.9 50.6475524902344
294.1 11.6154022216797
295.1 472.199035644531
295.1 2065.244140625
296.0 184.535034179688
296.1 1633.29248046875
296.2 38.9902191162109
297.0 207.726257324219
297.1 439.361145019531
297.7 5.89540433883667
297.9 34.2587432861328
298.0 112.160270690918
298.1 18.0973873138428
298.9 131.507690429688
299.0 9.42821502685547
299.7 6.65756607055664
299.9 15.978422164917
300.1 9.73521900177002
300.7 6.12680530548096
300.8 3.34289073944092
301.0 70.4989242553711
301.2 1.18014013767242
302.0 12.0484275817871
302.9 49.1230087280273
303.0 222.865570068359
303.2 119.866302490234
303.9 19.6601791381836
304.0 138.871047973633
304.2 285.974731445313
305.0 148.155258178711
305.1 84.3997192382813
306.9 27.8491325378418
307.0 70.7098007202148
307.1 25.0384616851807
307.9 7.36312294006348
308.1 26.5156078338623
308.9 17.6687793731689
309.1 25.4378681182861
309.2 4.55205202102661
310.1 11.1623945236206
310.8 17.0767250061035
311.0 79.2283706665039
311.1 48.3942489624023
311.2 4.59469699859619
311.9 5.50457954406738
312.0 26.4353218078613
312.1 9.55303001403809
313.1 1841.59509277344
313.2 5748.97021484375
314.0 66.6369476318359
314.1 1556.44372558594
314.8 39.653003692627
314.9 89.5729751586914
315.1 155.411590576172
315.2 55.0643119812012
315.9 11.0880565643311
316.0 96.2309875488281
316.2 149.834259033203
316.3 9.934814453125
316.9 17.4148178100586
317.0 103.839706420898
317.2 585.388610839844
317.9 14.5466575622559
318.1 140.912414550781
318.2 124.034126281738
318.4 6.97222375869751
319.0 23.4881763458252
319.1 18.2850685119629
319.2 23.0000133514404
319.3 16.0095767974854
320.9 43.967399597168
321.1 151.299331665039
321.2 48.2205467224121
321.3 5.27271556854248
321.9 8.99552536010742
322.0 20.6526489257813
322.1 9.15031623840332
323.8 5.78621435165405
326.1 10.5702352523804
326.8 18.1227188110352
327.0 7.44632959365845
328.9 4.40087413787842
329.0 23.8280258178711
329.9 5.67798805236816
330.6 6.19441986083984
330.8 22.8730335235596
331.0 13.7272691726685
331.2 27.1877346038818
332.0 21.7651100158691
332.2 26.3162670135498
332.9 14.8605899810791
333.8 4.50308561325073
335.0 2.53046321868896
338.0 4.81281137466431
338.2 14.2732200622559
339.9 11.7650518417358
340.3 5.80624294281006
340.8 5.46182823181152
340.9 4.26151180267334
341.1 17.9654731750488
341.2 5.49671411514282
341.9 28.9231224060059
342.0 5.83446645736694
342.1 199.506408691406
342.3 68.5576477050781
342.9 7.20044374465942
343.0 26.5054931640625
343.1 138.914611816406
343.2 67.4568710327148
343.3 10.4702024459839
343.5 4.43218088150024
344.1 6.92042779922485
344.2 9.18195247650146
345.0 33.6072731018066
345.9 11.6953649520874
346.0 4.51153993606567
346.9 10.2299880981445
348.7 9.75901222229004
348.8 47.2777404785156
348.9 49.3765716552734
349.0 45.9370498657227
349.9 2.6874668598175
350.9 14.616415977478
351.0 3.51209902763367
352.1 4.28325080871582
352.6 4.44281196594238
352.8 52.3517379760742
352.9 25.37034034729
353.0 16.1920738220215
353.7 13.1485862731934
353.9 27.358003616333
354.1 51.7812576293945
354.3 4.77285528182983
355.0 27.1897411346436
355.1 4.89227771759033
355.2 11.3583030700684
355.3 10.1538934707642
355.9 5.25958681106567
356.2 14.6746196746826
356.6 6.81755638122559
357.0 48.3470649719238
357.3 6.41761779785156
357.6 7.18350124359131
357.8 17.4392528533936
357.9 7.23868894577026
358.1 175.781982421875
358.2 310.758422851563
358.3 39.1975860595703
358.5 4.82786226272583
358.9 19.697696685791
359.1 1132.94372558594
359.2 769.685791015625
360.2 76711.296875
361.2 21193.478515625
362.0 16.2506675720215
362.2 1626.47106933594
362.2 1291.09204101563
363.0 49.8740386962891
363.2 279.523986816406
363.3 33.4966354370117
364.0 5.69613742828369
364.3 4.63575983047485
366.8 4.74420833587646
367.0 29.5920639038086
367.2 4.80578804016113
368.0 4.68973636627197
368.9 17.6716976165771
369.1 0.34460973739624
370.0 10.5045204162598
370.1 32.6614379882813
370.3 19.3897800445557
370.5 6.75958824157715
370.9 29.8656826019287
371.0 30.7808017730713
371.1 52.7614669799805
371.3 7.59577941894531
372.0 5.31280994415283
374.3 4.51993799209595
384.2 24.226583480835
384.8 7.07741355895996
385.1 49.5680503845215
385.2 15.5773572921753
386.0 89.4233551025391
386.1 243.315124511719
386.2 148.569778442383
387.0 101.236213684082
387.1 648.533935546875
387.3 214.472961425781
388.0 36.8903350830078
388.1 76.1782913208008
388.2 75.9739837646484
388.3 65.9667205810547
389.3 13.1664772033691
401.0 5.92622137069702
401.2 4.38918304443359
403.2 31.9692554473877
403.3 13.9224262237549
404.1 175.418746948242
404.2 1711.97521972656
404.9 15.807993888855
405.0 61.5970191955566
405.2 303.276123046875
405.3 202.654724121094
405.4 7.44971227645874
406.1 12.377513885498
406.3 15.866810798645
483.0 4.44198846817017
