#"+EI Scan (rt: 10.215-10.419 min, 36 scans) R9M6.D  Subtract "
#Point,X(Thompsons),Y(Counts)
40.1 446.329406738281
40.2 30.1953258514404
41.1 13809.587890625
41.8 10.0784797668457
42.0 412.894683837891
42.1 720.531982421875
42.2 32.0773315429688
43.0 430.137115478516
43.1 2159.37963867188
44.0 9339.96484375
44.9 196.101135253906
45.0 470.016052246094
45.1 27.4047889709473
45.8 18.0587596893311
46.0 54.3529319763184
46.2 4.48868083953857
46.9 64.2733612060547
48.8 10.2244644165039
48.9 41.5125427246094
49.0 94.1245727539063
49.3 5.19194746017456
49.9 151.235015869141
50.1 669.921264648438
51.0 2479.52587890625
51.9 93.3792724609375
52.0 738.375305175781
52.2 29.0892715454102
53.0 2837.04223632813
54.0 76.3056335449219
54.1 1884.57678222656
55.1 34592.3515625
56.0 1816.08764648438
56.9 326.851043701172
57.1 16.9724903106689
58.0 131.578643798828
58.2 0.973609924316406
59.0 1351.1220703125
59.9 16.9064064025879
60.0 113.344619750977
60.7 4.22064065933228
60.8 44.086540222168
60.9 52.0760116577148
61.0 110.212341308594
61.1 45.0682220458984
61.8 9.96156120300293
62.0 762.617919921875
62.1 185.595779418945
63.0 1056.83142089844
63.1 987.067321777344
63.9 100.928558349609
64.1 790.110290527344
65.0 7541.9638671875
65.8 5.34352779388428
66.0 400.296539306641
66.1 517.101318359375
66.3 1.37891149520874
67.0 2712.6826171875
67.1 2329.43627929688
68.0 278.770568847656
68.1 619.60546875
69.1 2123.02490234375
69.2 62.5229301452637
69.8 14.8010425567627
70.0 162.402542114258
70.2 53.2419548034668
70.2 16.6399154663086
70.8 26.347131729126
71.0 185.023529052734
71.1 7.45203876495361
71.2 10.6532096862793
71.9 63.8477363586426
72.0 180.340789794922
72.1 133.345291137695
72.3 4.74601030349731
73.0 1127.11376953125
73.9 67.5428619384766
74.0 203.679901123047
74.1 201.548873901367
75.0 1675.78247070313
76.0 3100.7568359375
77.0 12727.796875
78.0 4244.919921875
79.0 3434.70141601563
80.0 195.85498046875
80.0 488.589202880859
80.2 4.01788425445557
81.0 1930.9072265625
81.8 13.4634380340576
82.0 158.854187011719
82.1 226.515563964844
82.2 4.66947269439697
83.0 738.801574707031
83.1 1095.41369628906
83.7 9.88079738616943
83.9 58.9846725463867
84.1 72.8629150390625
84.6 2.40967607498169
84.7 17.1271133422852
84.8 39.0487060546875
85.0 26.1919403076172
85.2 4.40045356750488
85.8 16.746753692627
86.0 132.164215087891
86.1 52.4208793640137
86.9 77.2410507202148
87.0 238.47721862793
87.1 350.760345458984
88.0 1704.72705078125
88.0 4043.81518554688
89.0 7199.37841796875
90.0 11835.57421875
91.0 49610.8828125
92.0 2017.68811035156
92.1 4748.31005859375
93.0 462.237335205078
93.1 965.282836914063
93.7 11.5996894836426
94.0 194.582763671875
94.1 231.256652832031
94.1 152.44270324707
95.1 2561.0205078125
96.0 200.89875793457
96.1 201.257186889648
97.0 958.278869628906
97.1 2412.8115234375
97.9 120.16136932373
98.0 170.161895751953
98.1 114.317741394043
98.8 7.61211585998535
98.9 59.1274833679199
99.1 47.2326202392578
99.7 14.0405797958374
99.9 94.6352691650391
100.0 177.604675292969
100.2 8.80208301544189
100.9 229.611862182617
101.0 404.539886474609
101.1 153.298477172852
102.0 4057.625
102.1 3713.83422851563
103.0 35004.2421875
104.0 10872.8349609375
105.1 4749.845703125
106.0 333.148651123047
106.0 1002.95043945313
106.8 16.0458850860596
107.0 109.589111328125
107.0 210.08512878418
107.9 24.9703979492188
108.0 63.1006278991699
108.1 29.47145652771
109.0 720.2099609375
109.8 13.5180139541626
110.1 67.7729263305664
110.6 1.80820846557617
110.8 47.7216453552246
111.0 55.9732894897461
111.8 9.79994297027588
112.0 5.15204668045044
112.1 16.0634059906006
112.6 0.18458080291748
112.9 42.2287063598633
113.0 18.3063201904297
113.1 72.9411315917969
113.7 14.4254102706909
113.9 39.9944686889648
114.0 152.215118408203
114.1 89.2815856933594
114.2 7.75950813293457
115.0 597.103271484375
115.1 406.175872802734
116.0 705.093322753906
116.0 938.916687011719
116.1 173.68180847168
117.0 7696.9609375
118.1 6476.5654296875
119.0 278.711486816406
119.1 6423.77685546875
120.1 10782.2705078125
120.9 117.955383300781
121.0 856.364868164063
121.1 224.724349975586
121.9 37.6949234008789
122.0 72.6819076538086
122.2 19.8101272583008
122.6 0.637384414672852
122.8 93.770622253418
123.8 0.579651832580566
123.9 26.2374877929688
124.1 2.68037843704224
124.8 35.8456001281738
124.9 72.935302734375
125.6 7.72169733047485
125.7 44.3095588684082
125.9 9.2600269317627
126.0 92.8327941894531
126.1 21.1128025054932
126.9 225.237716674805
127.0 478.215728759766
127.1 18.6759872436523
128.0 4371.63525390625
129.0 10131.1083984375
130.0 7358.58984375
130.1 5347.478515625
131.0 34518.5390625
132.0 5264.984375
132.7 30.1996917724609
132.9 106.010093688965
133.0 558.642822265625
133.1 95.3403167724609
133.7 19.0206394195557
133.8 57.3566589355469
133.9 10.9252061843872
134.1 62.4951248168945
134.2 12.009181022644
135.0 264.472961425781
135.1 189.316314697266
135.7 7.24937438964844
135.9 10.3994979858398
136.0 100.213928222656
136.1 32.1575813293457
137.0 5232.2197265625
137.9 17.9174346923828
138.0 136.49609375
138.0 422.9296875
138.8 76.55615234375
138.9 151.264190673828
139.0 240.408111572266
139.7 18.6090393066406
139.9 106.59553527832
140.0 184.420516967773
140.9 677.834716796875
141.8 42.6245155334473
141.9 267.047821044922
142.0 379.224365234375
142.2 40.160530090332
142.9 123.133255004883
143.0 1689.35803222656
144.1 7085.42626953125
145.0 140097.265625
146.0 123.686256408691
146.0 25685.8359375
147.0 941.98486328125
147.1 2699.26635742188
148.0 839.349060058594
148.1 196.152648925781
148.2 3.88975715637207
148.7 12.0449028015137
148.9 9.67998504638672
149.0 248.803161621094
149.1 98.1452255249023
149.8 4.2676215171814
150.0 36.2406387329102
150.1 48.9664421081543
150.8 46.1821479797363
150.9 167.529754638672
151.0 117.384628295898
151.6 4.46004676818848
151.7 8.22632789611816
151.9 96.2135314941406
152.0 101.758392333984
152.1 35.5488014221191
152.9 5.91131591796875
153.0 90.7731628417969
153.1 63.6950531005859
153.3 5.60288190841675
153.8 30.9046192169189
153.9 21.2755279541016
154.0 216.973937988281
154.1 74.9326248168945
155.0 2811.5107421875
156.0 483.603576660156
156.1 1023.60833740234
157.0 2894.30126953125
158.0 1473.80725097656
158.0 3605.28588867188
159.0 4640.515625
160.0 941.131958007813
161.0 192.529724121094
161.0 3360.88623046875
161.9 178.607360839844
162.0 365.892761230469
162.1 108.055908203125
163.0 618.162292480469
163.9 26.4975547790527
164.0 44.1012649536133
164.1 58.1727752685547
164.9 152.916931152344
165.0 54.9185791015625
165.1 11.4276142120361
165.8 5.19317245483398
165.9 63.9075508117676
166.0 78.5549850463867
167.0 439.996887207031
167.1 22.7301559448242
167.7 29.7702484130859
167.9 129.339248657227
168.0 241.942138671875
168.1 230.610107421875
169.0 693.094360351563
169.1 1315.9267578125
169.8 18.1922416687012
170.0 313.110412597656
170.1 394.528961181641
170.2 7.59558868408203
171.0 817.358581542969
171.1 290.749847412109
171.6 9.45570468902588
171.9 287.809356689453
172.0 704.399291992188
172.7 3.76149272918701
172.9 109.849311828613
173.0 298.341033935547
173.1 100.318618774414
174.1 15318.529296875
175.1 9599.0439453125
176.0 537.310363769531
176.1 572.238098144531
177.0 182.759353637695
177.0 20.3887367248535
177.8 51.8570442199707
177.9 74.9651641845703
178.1 92.3039016723633
178.8 53.1033172607422
179.0 61.3733100891113
179.1 18.6969795227051
179.5 5.57451915740967
179.9 50.9344787597656
180.0 116.346717834473
180.2 38.5160026550293
180.7 2.45502281188965
180.9 295.177551269531
181.0 253.839736938477
181.9 44.0009307861328
182.0 214.094787597656
182.1 137.041656494141
182.9 123.207710266113
183.0 327.684265136719
183.1 287.824127197266
183.7 5.98162269592285
183.9 67.1160049438477
184.0 130.137435913086
184.1 111.232574462891
184.2 55.9829025268555
185.0 814.237854003906
185.1 477.828979492188
186.0 292.696929931641
186.1 1514.36083984375
186.2 30.1403636932373
187.0 484.208435058594
188.0 94.0075378417969
188.1 88.8637924194336
188.2 11.1378555297852
188.8 54.4304695129395
188.9 95.1543807983398
189.0 39.3036041259766
189.7 6.18353986740112
189.8 32.036319732666
190.0 26.4251098632813
190.2 10.396336555481
190.3 6.33497190475464
191.0 319.040161132813
191.9 93.0606918334961
192.0 50.6193237304688
192.6 17.6435317993164
192.9 409.903198242188
193.7 0.346980094909668
193.9 51.0113639831543
194.0 124.583435058594
194.9 304.241821289063
195.0 125.450744628906
195.1 20.5672397613525
195.9 96.7505264282227
196.0 161.799896240234
197.0 609.643920898438
197.8 33.6168212890625
197.9 73.3430633544922
198.0 110.156234741211
198.1 0.127848625183105
198.9 591.476806640625
199.7 9.42681312561035
199.8 31.2828712463379
200.0 190.444854736328
200.1 72.2129745483398
200.8 30.6380233764648
201.0 290.990814208984
201.7 4.81142616271973
201.9 124.449996948242
202.0 17.592658996582
202.7 15.2668952941895
203.0 164.674621582031
203.7 11.5944862365723
203.8 27.2270908355713
204.0 71.1379089355469
204.2 4.81801176071167
204.3 5.34544372558594
204.7 0.920243740081787
204.8 25.364429473877
204.9 48.1404418945313
205.1 74.6064147949219
205.7 23.9548416137695
205.9 62.7885551452637
206.1 79.7600708007813
207.0 72.0579681396484
207.1 296.76416015625
207.8 65.5564727783203
208.1 99.0346603393555
208.6 6.01196146011353
208.9 100.410980224609
209.0 134.569000244141
209.2 11.1520853042603
209.8 15.5890655517578
209.9 37.2988243103027
210.0 99.3611221313477
210.2 45.7789154052734
211.0 1689.16052246094
212.0 214.281188964844
212.1 911.778930664063
213.1 4945.4208984375
214.1 879.401977539063
214.2 174.895523071289
215.0 2439.89306640625
216.0 617.338684082031
217.0 563.257568359375
217.6 4.3413257598877
217.8 16.6149845123291
217.9 40.4801330566406
218.0 97.5883483886719
218.9 806.461791992188
219.8 23.3566780090332
220.0 225.035522460938
220.8 164.615753173828
221.0 85.14501953125
221.1 39.9911460876465
221.9 84.6355438232422
222.0 3.64187622070313
222.2 17.0697841644287
222.6 6.74446296691895
222.9 114.755355834961
223.0 45.8876800537109
223.2 4.81197261810303
223.7 1.26668071746826
223.9 29.5194873809814
224.0 43.4874801635742
224.9 8.9913330078125
225.0 138.209625244141
226.0 87.3156509399414
226.1 18.1474132537842
226.9 117.496673583984
227.0 113.266525268555
227.7 12.5955171585083
228.0 71.0658264160156
228.2 10.0689115524292
228.9 360.873840332031
229.0 18.0581893920898
229.8 4.78620910644531
229.9 28.3539066314697
230.0 115.575370788574
230.1 4.69282531738281
230.3 8.80901050567627
230.5 13.1696929931641
230.7 40.230827331543
230.9 104.989486694336
231.0 56.5021858215332
231.7 15.4857025146484
231.8 15.0573816299438
231.9 29.4745826721191
232.1 35.5752639770508
233.0 1619.48974609375
233.9 31.6222229003906
234.0 491.733551025391
234.7 21.1937484741211
234.9 208.989379882813
235.0 245.740234375
235.4 9.01989269256592
235.8 34.2081985473633
235.9 89.3506469726563
236.1 111.585945129395
237.0 1567.740234375
238.0 615.073364257813
239.0 143.488311767578
239.1 3909.97094726563
240.1 4039.404296875
241.1 237368.84375
242.1 40899.53515625
243.1 851.624816894531
243.1 3028.64233398438
244.0 111.010871887207
244.1 243.897735595703
244.6 7.11557960510254
244.8 8.2853364944458
244.9 87.5828170776367
245.0 23.6428184509277
245.2 5.02892684936523
245.8 14.0908699035645
245.9 36.950569152832
246.1 76.8321304321289
246.2 11.9726819992065
246.8 1.67914628982544
246.9 62.1919097900391
247.1 58.2667617797852
247.3 4.40604639053345
247.9 25.591625213623
248.0 79.9915313720703
248.2 35.1257781982422
248.8 10.0530529022217
249.0 40.4203796386719
249.1 71.1130676269531
250.0 29.7514572143555
250.8 16.7370986938477
251.0 42.5958671569824
251.8 9.30099678039551
251.9 13.5074758529663
252.9 97.1800231933594
253.0 113.102142333984
253.6 4.72718667984009
253.9 58.4716377258301
254.0 81.9585037231445
254.2 7.30975914001465
254.8 28.3348426818848
254.9 88.8462295532227
255.1 119.571243286133
255.2 39.2556419372559
255.9 15.7102746963501
256.0 26.2004165649414
256.1 881.282287597656
256.2 55.7287368774414
257.1 23490.68359375
258.1 3995.68969726563
258.9 36.2993392944336
259.0 243.047958374023
259.1 243.143203735352
259.3 47.0866165161133
260.0 44.5787887573242
260.1 30.6272716522217
260.1 34.9605522155762
260.3 11.812201499939
260.9 18.6353340148926
261.0 59.3393898010254
261.9 31.8323802947998
262.0 38.9488677978516
262.2 36.4163818359375
262.9 34.6024780273438
263.1 124.531280517578
263.9 16.600227355957
264.0 342.553619384766
264.1 324.912322998047
264.3 5.50318622589111
264.8 5.18562889099121
264.9 42.6085357666016
265.1 168.256042480469
265.8 6.99539661407471
266.1 39.0076904296875
266.9 65.7046432495117
267.1 33.0197525024414
267.6 4.71605491638184
268.0 29.8170566558838
268.1 53.5071258544922
268.2 17.6500759124756
268.4 5.75975561141968
268.7 30.6436614990234
269.0 115.762817382813
269.0 27.9443092346191
269.8 6.1854419708252
269.9 21.037260055542
270.1 455.844543457031
270.2 324.625762939453
270.3 21.7372188568115
270.9 119.167053222656
271.0 220.345123291016
271.7 10.6330690383911
271.8 3.43038558959961
272.0 76.8329391479492
272.7 12.7296257019043
272.9 56.9084777832031
273.0 175.620498657227
273.3 10.7102212905884
273.8 2.14787483215332
273.9 8.01464080810547
274.0 56.217041015625
274.2 5.22469663619995
274.7 5.54346084594727
274.9 72.8052368164063
275.0 70.313606262207
275.6 4.97123336791992
275.8 26.7772235870361
276.0 247.140380859375
276.1 463.728790283203
276.2 80.6767044067383
276.8 82.2319793701172
276.9 114.8642578125
277.1 101.978820800781
277.2 27.9359912872314
277.8 18.4557590484619
278.0 94.8547515869141
278.1 45.9837036132813
278.2 14.509578704834
278.8 39.8501586914063
278.9 31.1713638305664
279.0 75.8654327392578
279.1 4.61049652099609
280.1 11.1391258239746
280.6 7.11501979827881
280.8 3.61676406860352
280.9 31.4907760620117
281.0 37.0381088256836
281.1 19.7735805511475
281.8 6.75569820404053
282.0 47.7014312744141
282.1 29.4207992553711
282.8 0.159646034240723
282.9 8.63908863067627
283.0 83.3544464111328
284.0 50.9461631774902
284.1 11.3069524765015
284.4 4.85939979553223
284.7 11.9632320404053
285.0 356.306884765625
285.1 30.5373802185059
285.5 2.86952662467957
285.8 4.6439790725708
285.9 3.17812728881836
286.0 71.2546539306641
286.7 8.90044021606445
286.9 38.0310592651367
287.0 151.652191162109
287.2 46.4481391906738
287.3 4.68973922729492
287.8 31.5515480041504
288.0 19.3283290863037
288.1 21.0587253570557
288.3 12.8961229324341
289.0 516.042602539063
290.0 200.124801635742
290.1 160.588775634766
290.7 24.5093040466309
290.9 46.4371948242188
291.1 184.648941040039
291.1 24.4773902893066
291.8 32.8488235473633
292.0 25.5926933288574
292.1 20.8455257415771
292.2 4.87934970855713
293.0 658.039123535156
293.9 199.037155151367
295.1 1131.55444335938
295.1 1402.72595214844
296.1 824.0595703125
296.1 1007.5537109375
296.9 85.9305725097656
297.0 320.234985351563
297.1 123.778450012207
297.8 3.89395141601563
298.0 150.780914306641
298.7 4.29679203033447
298.9 121.234985351563
299.1 18.9895267486572
299.6 5.12247657775879
299.9 12.3302564620972
300.0 24.218900680542
300.8 23.2603721618652
301.0 29.0101051330566
301.1 57.440357208252
301.8 5.83298826217651
301.9 14.5364036560059
302.1 10.5740165710449
302.7 1.56590867042542
302.9 42.1589546203613
303.0 131.986511230469
303.2 195.121963500977
303.3 19.5247116088867
304.0 102.518768310547
304.1 241.942443847656
304.2 116.869277954102
304.4 5.20057916641235
304.7 10.3022041320801
304.9 67.1310806274414
305.0 43.9184036254883
305.2 103.179878234863
305.3 8.39511013031006
305.8 5.17481136322021
306.3 5.17937469482422
306.7 13.4433670043945
306.9 69.1882019042969
307.1 94.7363204956055
307.9 5.11392402648926
308.9 22.7880115509033
309.1 36.5523719787598
310.1 4.74004697799683
310.7 8.57251834869385
310.9 31.327033996582
311.0 40.1749649047852
311.1 40.8943023681641
311.8 8.96589279174805
312.1 6.78108310699463
313.2 7149.96337890625
314.1 588.831970214844
314.2 944.258117675781
314.7 10.1343059539795
314.9 11.9412574768066
315.0 155.692504882813
315.1 120.847442626953
315.2 4.42544507980347
315.9 24.6089744567871
316.0 167.027236938477
316.2 79.2982482910156
316.3 17.8192577362061
316.9 9.47946548461914
317.0 196.327911376953
317.2 417.484924316406
317.8 18.7932014465332
317.9 32.6006736755371
318.1 218.104553222656
318.3 60.2499237060547
318.5 9.49171352386475
318.9 14.5312309265137
319.2 12.0202264785767
320.7 5.39674711227417
320.8 14.5030326843262
320.9 117.170272827148
321.1 85.0116729736328
321.2 66.6869735717773
321.9 9.97651958465576
322.1 34.1892395019531
323.1 4.44840049743652
325.1 0.999441862106323
326.3 5.156005859375
326.8 4.76852130889893
327.0 21.7829608917236
327.1 11.4334688186646
328.8 11.6440391540527
330.0 6.18538951873779
330.9 19.5604610443115
331.0 31.558219909668
331.2 10.654670715332
331.9 9.08224010467529
332.1 30.5896167755127
332.2 6.69837045669556
332.6 14.0373792648315
332.7 1.89917039871216
332.8 21.367561340332
333.0 1.45446252822876
338.0 5.23511266708374
339.8 10.1561317443848
340.3 4.45865201950073
340.9 11.0022745132446
341.1 27.8357944488525
342.1 119.492919921875
342.2 112.992752075195
342.3 74.1821975708008
342.9 5.43998670578003
343.1 97.7103271484375
343.2 126.32430267334
344.0 11.4913702011108
344.2 11.6023569107056
345.0 3.25118398666382
345.3 9.88292789459229
346.1 4.93280410766602
346.7 4.37805700302124
346.9 14.4902667999268
348.8 8.09884071350098
348.9 81.9765396118164
349.1 10.8639831542969
349.9 16.9282188415527
350.1 10.2212028503418
350.8 4.3720531463623
351.0 1.92603206634521
351.1 12.4136276245117
352.0 6.27480554580688
352.7 4.19115257263184
352.9 17.7082290649414
353.0 11.1353302001953
354.0 11.7084741592407
354.1 17.5027866363525
354.4 4.86631345748901
354.6 5.89803695678711
354.8 23.8782119750977
355.0 0.294591903686523
355.1 8.71475410461426
355.3 13.0593891143799
355.8 5.00114393234253
356.0 19.5508041381836
356.1 4.844162940979
356.3 9.77266788482666
356.5 4.46569681167603
356.8 5.72700119018555
357.0 40.2173385620117
357.1 35.1017456054688
357.4 13.769588470459
358.0 62.3329467773438
358.1 250.736709594727
358.2 255.515106201172
359.1 661.214050292969
359.2 1317.3515625
360.2 76431.1796875
361.2 20737.1015625
362.1 778.94482421875
362.2 2094.40966796875
363.0 26.508487701416
363.1 166.489517211914
363.2 113.589538574219
363.3 18.9942359924316
366.7 5.2521858215332
366.9 10.538646697998
367.1 22.7726612091064
368.1 7.05549049377441
368.2 4.24768829345703
368.9 4.48256826400757
369.0 4.87419414520264
369.2 5.63093233108521
370.0 14.86949634552
370.2 4.29432821273804
370.3 4.65037727355957
370.4 12.5972108840942
371.0 64.9567260742188
371.2 26.3832473754883
371.4 18.7472362518311
372.0 4.38673830032349
383.1 4.47540330886841
384.0 10.3258447647095
384.2 52.7177619934082
384.9 20.3130378723145
385.1 23.6496715545654
385.2 19.2284469604492
385.3 12.1238241195679
386.0 72.5844345092773
386.1 84.4038696289063
386.2 239.596740722656
386.3 117.226997375488
387.1 432.149841308594
387.2 532.153991699219
387.3 11.3646335601807
387.8 4.73426342010498
388.0 17.0512428283691
388.1 146.781677246094
388.2 79.6400527954102
388.3 56.7543144226074
389.3 4.57706928253174
400.9 9.7785005569458
401.1 0.812762498855591
402.9 12.2095966339111
403.1 7.05761909484863
403.2 12.5068855285645
403.9 32.9674797058105
404.1 677.059875488281
404.2 1136.02954101563
404.3 11.9327058792114
404.9 11.4764213562012
405.0 61.2087860107422
405.1 253.29296875
405.2 214.198669433594
405.4 18.4134979248047
406.1 14.3765344619751
406.3 29.1183986663818
