#"+EI Scan (rt: 10.227-10.436 min, 37 scans) R7M6.D  Subtract "
#Point,X(Thompsons),Y(Counts)
40.1 521.148742675781
41.1 15004.9267578125
42.0 893.308837890625
42.1 341.61669921875
43.0 1877.77453613281
43.1 1116.35461425781
44.0 9267.6962890625
44.9 176.873046875
45.0 566.166076660156
45.9 37.4476623535156
46.0 76.2726669311523
46.1 4.73735761642456
47.0 80.3536682128906
47.1 18.1333065032959
47.9 7.68716526031494
48.9 72.5273895263672
49.1 61.4194488525391
49.8 9.62040138244629
50.0 457.704010009766
50.0 461.215545654297
51.0 2783.373046875
52.0 330.296966552734
52.1 657.756958007813
53.0 1177.99035644531
53.1 1850.66284179688
53.9 47.8325729370117
54.1 2084.86743164063
54.3 15.1980819702148
55.1 38595.67578125
56.0 341.730712890625
56.1 1650.37072753906
57.0 8.47941589355469
57.1 333.759582519531
57.7 5.58283853530884
57.8 3.40887761116028
58.1 96.5925674438477
58.2 68.9910049438477
59.0 1829.3125
59.9 74.2148361206055
60.9 125.640769958496
61.0 129.442733764648
61.1 39.641227722168
61.9 33.643928527832
62.0 544.208435058594
62.1 425.933013916016
63.0 2342.88330078125
64.0 350.059783935547
64.1 670.5107421875
64.2 13.147310256958
65.0 8182.11865234375
65.9 36.8248481750488
66.0 1037.361328125
67.1 5650.05810546875
67.8 8.03526306152344
68.0 552.655639648438
68.1 385.733032226563
69.0 1634.55651855469
69.1 939.87646484375
69.8 6.00902605056763
70.0 180.979278564453
70.1 110.732452392578
70.2 7.68069553375244
70.8 25.8090438842773
71.0 165.305847167969
71.1 107.895889282227
71.4 5.31222772598267
71.9 246.049850463867
72.1 233.604293823242
73.0 1477.10083007813
74.0 611.711364746094
74.1 25.253625869751
74.9 207.080093383789
75.0 1479.71203613281
76.0 3688.63549804688
77.0 14304.0029296875
78.0 4433.26416015625
79.0 3883.748046875
80.0 507.681976318359
80.1 233.589508056641
80.3 1.50862765312195
81.0 2033.548828125
81.9 79.6958465576172
82.1 270.532592773438
82.2 31.4526977539063
83.0 306.24658203125
83.1 1444.10559082031
83.8 19.6588897705078
84.0 170.009536743164
84.2 6.74945831298828
84.7 6.75270652770996
84.9 11.3686370849609
85.0 20.2364654541016
85.1 66.3694152832031
85.7 19.3886833190918
85.9 79.7325592041016
86.0 79.2613906860352
86.1 56.0109710693359
86.7 2.37592053413391
86.9 19.9418067932129
87.0 553.9306640625
87.1 152.393569946289
88.0 6392.15771484375
89.0 7766.89501953125
90.0 13677.7177734375
91.0 53220.8359375
92.0 7365.68603515625
92.7 5.42625284194946
93.0 476.279602050781
93.1 1223.66198730469
93.8 14.1409530639648
94.0 134.97331237793
94.1 378.061950683594
94.2 82.2541809082031
95.0 634.268005371094
95.1 2347.49145507813
95.9 97.1922454833984
96.0 147.842742919922
96.1 103.588661193848
96.3 18.1821784973145
97.1 4149.251953125
98.0 139.742767333984
98.1 274.524078369141
98.2 16.7174072265625
98.7 7.8555645942688
98.8 41.2616996765137
99.0 120.646690368652
99.1 23.7147254943848
99.7 6.54212474822998
99.9 125.825561523438
100.0 112.453834533691
100.1 108.356307983398
100.8 16.4556827545166
100.9 212.658660888672
101.0 435.110992431641
101.1 134.851455688477
102.0 8787.88671875
103.0 39723.40625
104.0 12551.5625
105.1 5464.529296875
106.0 788.744934082031
106.1 783.742370605469
107.0 271.254486083984
107.1 123.439643859863
107.6 9.48646545410156
107.8 16.8339557647705
108.0 56.9979248046875
108.1 3.5977897644043
108.3 15.3854598999023
109.0 403.176330566406
109.1 455.324432373047
109.7 30.9654998779297
109.9 46.970588684082
110.0 89.4755325317383
110.1 45.8473663330078
110.6 4.25423860549927
110.8 18.9970989227295
110.9 46.80322265625
111.0 82.6871032714844
111.7 5.77050399780273
112.2 9.02607536315918
112.6 11.3028564453125
112.8 68.1938552856445
113.0 151.208038330078
113.8 45.3326721191406
114.0 351.511993408203
114.1 10.5211811065674
114.9 251.857421875
115.0 365.842163085938
115.1 330.420776367188
116.0 2119.73706054688
117.0 8469.1796875
118.0 7313.3232421875
119.0 7866.0712890625
120.1 12076.3330078125
120.9 226.600433349609
121.0 1112.0146484375
121.9 34.0402641296387
122.0 45.7462997436523
122.2 14.2763376235962
122.8 27.8381576538086
123.0 79.851806640625
123.1 45.3317451477051
123.8 15.0798273086548
124.0 11.9959888458252
124.2 4.56432819366455
124.9 6.39187622070313
125.0 129.026000976563
125.7 5.18790721893311
125.8 24.6099662780762
126.0 69.0653839111328
126.1 91.8272933959961
126.3 5.88443088531494
126.9 44.6012229919434
127.0 340.462554931641
127.1 390.426391601563
128.0 1005.08825683594
128.0 3872.79272460938
129.0 11722.8681640625
130.0 14033.2138671875
131.0 39471.76171875
132.0 6221.52294921875
132.9 274.119506835938
133.0 567.791015625
133.7 26.497615814209
133.9 70.7063446044922
134.0 48.3901214599609
134.2 35.5255889892578
135.0 380.169006347656
135.2 40.5044746398926
135.6 5.42869138717651
136.1 177.037811279297
137.0 6096.576171875
137.9 254.458557128906
138.0 389.513854980469
138.9 9.5678825378418
139.0 486.126892089844
139.1 52.4777297973633
139.9 212.848297119141
140.0 173.505859375
140.2 12.336573600769
140.9 758.2978515625
142.0 409.213470458984
142.1 465.007507324219
142.3 11.7107372283936
143.0 1909.42065429688
143.1 201.840347290039
144.1 7900.54248046875
145.0 166454.3125
146.0 29181.154296875
147.0 4197.2509765625
147.8 12.9289255142212
148.0 542.238647460938
148.1 669.623901367188
148.9 132.274124145508
149.0 293.91357421875
149.1 19.4072494506836
149.7 9.17916107177734
150.0 35.1146430969238
150.1 7.17639923095703
150.9 191.844757080078
151.0 218.9443359375
151.7 6.5026683807373
151.8 50.2133102416992
151.9 126.32398223877
152.0 76.3377838134766
152.2 18.404016494751
152.7 4.12787199020386
152.8 98.3324356079102
153.0 196.283386230469
153.9 111.205795288086
154.0 212.545272827148
154.1 51.9440765380859
155.0 2041.81884765625
156.0 266.29833984375
156.0 1272.90307617188
157.0 3048.98950195313
158.0 1545.94921875
158.1 4402.2685546875
159.0 4190.66357421875
159.9 215.371826171875
160.0 615.019348144531
161.0 4444.140625
161.9 155.551605224609
162.0 524.725341796875
162.3 19.9932041168213
162.9 52.754150390625
163.0 494.823852539063
163.7 4.44962406158447
163.8 20.7191619873047
164.0 82.0648422241211
164.1 40.2382125854492
164.8 42.6508941650391
164.9 72.7401885986328
165.0 49.5358505249023
165.1 63.3258056640625
165.8 51.657527923584
165.9 14.8584318161011
166.0 127.184524536133
166.8 71.1352691650391
167.0 357.921142578125
167.9 232.262878417969
168.0 297.479400634766
168.1 187.936859130859
169.0 1023.20361328125
169.1 1179.94677734375
169.8 9.31411170959473
169.9 148.654541015625
170.0 525.878662109375
170.1 121.318870544434
171.0 921.504272460938
171.1 272.66259765625
171.7 8.98814964294434
171.9 133.654708862305
172.0 450.383453369141
172.1 405.439086914063
172.8 5.97897672653198
172.9 110.176399230957
173.0 391.206909179688
173.2 35.7192840576172
174.1 17475.041015625
175.1 11458.009765625
175.9 81.3673095703125
176.0 1139.17492675781
176.1 150.434234619141
176.9 109.518310546875
177.0 121.991607666016
177.1 32.8206405639648
177.8 9.03681564331055
177.9 91.9816131591797
178.0 96.161994934082
178.2 4.18501281738281
178.6 5.64561939239502
178.8 0.487503051757813
178.9 45.3607139587402
179.0 121.775779724121
179.1 9.21210861206055
179.7 20.4803371429443
179.9 94.2148818969727
180.0 59.9118728637695
180.1 14.7072830200195
180.7 14.7542381286621
180.9 170.856750488281
181.0 207.789611816406
181.9 328.460693359375
182.1 145.30061340332
182.9 204.247985839844
183.1 533.929321289063
183.7 4.68886470794678
183.9 68.9968719482422
184.0 132.89192199707
184.1 129.313766479492
184.2 43.6899909973145
185.0 1369.55834960938
185.1 214.213195800781
186.0 679.265380859375
186.1 1557.79870605469
186.9 35.2604446411133
187.0 534.73291015625
187.8 25.9734363555908
187.9 93.2920150756836
188.1 81.1369018554688
188.2 5.03498315811157
188.7 3.21984958648682
188.8 140.026260375977
189.0 114.511375427246
189.1 6.81742858886719
189.9 55.4848709106445
190.0 50.2123031616211
190.2 7.72014904022217
190.9 237.431060791016
191.0 90.5037384033203
191.7 7.91760444641113
191.8 67.4565505981445
192.0 23.2302703857422
192.1 53.9726638793945
192.1 18.5360679626465
192.7 13.1947593688965
192.9 185.256576538086
193.0 19.9925689697266
193.8 32.7733306884766
193.9 130.227935791016
194.0 49.7136878967285
195.0 746.906555175781
195.8 18.9872169494629
195.9 38.3967208862305
196.0 69.3714599609375
196.1 68.9905395507813
197.0 796.674682617188
197.8 44.507152557373
197.9 113.36279296875
198.0 166.102310180664
198.9 247.618881225586
199.0 213.232147216797
199.1 39.5960311889648
199.8 3.20068740844727
199.9 66.8207321166992
200.0 206.295791625977
200.1 38.8105506896973
200.3 7.60314464569092
200.7 34.8784294128418
201.0 590.63330078125
201.7 0.433221817016602
201.9 44.7086334228516
202.0 123.784629821777
202.7 17.1148738861084
202.8 34.8688735961914
202.9 28.6225280761719
203.6 13.3625497817993
203.8 46.2191734313965
203.9 39.0722007751465
204.1 37.6778221130371
204.2 22.3577041625977
204.8 19.9050025939941
204.9 113.227546691895
205.0 30.5299758911133
205.8 13.643253326416
205.9 36.7964363098145
206.0 99.9383239746094
206.1 39.6828002929688
206.9 37.7193336486816
207.0 463.660461425781
207.9 84.9655151367188
208.0 100.811408996582
208.2 3.2542576789856
208.9 100.796722412109
209.0 39.3591575622559
209.2 60.6318016052246
209.7 12.8793611526489
209.8 24.8196258544922
209.9 98.5822982788086
210.0 23.1305294036865
210.3 8.1165075302124
211.0 2282.75170898438
212.0 1677.89318847656
213.1 6152.8583984375
214.1 847.4384765625
214.1 412.232574462891
215.0 3383.7548828125
216.0 645.919494628906
216.9 329.684997558594
217.0 297.939331054688
217.8 35.3715515136719
218.0 14.4899520874023
218.1 130.136749267578
218.9 1048.67309570313
219.7 29.968168258667
220.0 181.111358642578
220.1 48.4239730834961
220.9 228.508728027344
221.0 111.435302734375
221.8 1.17376899719238
222.0 72.1865463256836
222.1 24.0927772521973
222.3 4.10681056976318
222.9 220.122924804688
223.0 51.4823684692383
223.2 10.5043725967407
223.6 5.0544753074646
223.8 17.11696434021
223.9 22.778621673584
224.0 13.8668117523193
224.2 4.47714948654175
224.8 48.0034370422363
224.9 22.3931274414063
225.0 53.8041305541992
225.2 24.827428817749
225.8 28.1329288482666
226.0 36.8977737426758
226.1 37.4720687866211
226.9 22.4567489624023
227.0 159.214965820313
227.2 0.628745079040527
227.3 6.57474374771118
227.9 25.7585029602051
228.0 53.6232147216797
228.1 41.2803688049316
228.3 20.3736114501953
228.8 8.25600051879883
229.0 424.299011230469
229.2 0.785068511962891
229.7 5.22371625900269
229.9 39.696662902832
230.0 95.3985977172852
230.1 50.429313659668
230.2 3.16451859474182
230.5 5.87274599075317
230.7 7.74140214920044
230.8 23.0577125549316
231.0 146.844161987305
231.1 28.1177520751953
231.7 3.70381832122803
231.9 64.3935012817383
232.1 47.6726760864258
233.0 1834.84912109375
233.8 17.998218536377
233.9 581.2275390625
235.0 427.254730224609
235.1 108.588592529297
235.6 27.2843055725098
235.9 89.5718765258789
236.0 90.4153060913086
236.1 38.8439102172852
236.2 7.44997596740723
237.0 1568.2177734375
238.0 615.5537109375
238.1 329.760955810547
239.1 5120.30224609375
240.0 517.282287597656
240.1 4024.32006835938
241.1 277857.53125
242.1 47687.875
243.0 670.28662109375
243.1 3858.65283203125
243.9 19.0801391601563
244.0 168.113708496094
244.1 241.865127563477
244.8 8.29765701293945
244.9 77.8407440185547
245.0 85.7916717529297
245.1 31.1834011077881
245.9 9.48907089233398
246.0 76.6026763916016
246.1 38.2157936096191
246.8 58.8869743347168
247.0 36.786491394043
247.1 48.9868049621582
247.9 31.5240306854248
248.0 74.3174057006836
248.1 34.2193984985352
248.3 15.3929290771484
248.8 4.63628387451172
248.9 56.4607276916504
249.0 59.9348793029785
249.2 6.99668598175049
249.8 4.62335634231567
250.2 7.07573461532593
250.7 14.4653034210205
250.9 12.6654481887817
251.0 40.1828384399414
251.2 14.1350622177124
251.9 24.1544723510742
252.1 18.3659038543701
252.2 9.97762489318848
252.3 4.64507579803467
252.5 5.55996465682983
252.7 24.0489711761475
252.9 53.7872276306152
253.0 57.922248840332
253.1 10.9594049453735
253.7 11.1392097473145
253.9 16.123384475708
254.0 129.718658447266
254.2 60.6448402404785
254.4 4.36051845550537
254.7 12.45339012146
254.8 25.9367599487305
255.0 115.757286071777
255.1 106.841171264648
255.2 4.82759284973145
256.0 227.474899291992
256.1 952.94384765625
257.1 27123.626953125
258.1 4924.41455078125
258.9 24.1573905944824
259.0 294.104553222656
259.1 301.109741210938
259.9 23.1329040527344
260.0 47.1403160095215
260.2 32.7200813293457
260.7 8.83155536651611
260.8 13.2567415237427
261.0 24.0910186767578
261.1 24.8571338653564
261.9 17.8551177978516
262.0 42.4010963439941
262.1 49.7360076904297
262.4 5.08716917037964
262.5 9.85525226593018
262.8 26.2552299499512
262.9 36.594165802002
263.0 45.2778244018555
263.2 44.2035827636719
263.9 9.71147727966309
264.0 178.582763671875
264.1 617.527038574219
264.2 9.04950046539307
264.9 40.0113372802734
265.0 112.085182189941
265.1 66.6198806762695
265.9 23.4078960418701
266.0 4.68447494506836
266.2 11.157247543335
266.8 32.7137832641602
267.0 43.0873870849609
267.1 23.1146202087402
267.8 8.27965545654297
267.9 65.6605453491211
268.0 40.2170906066895
268.1 28.8149375915527
268.3 27.7478218078613
268.8 14.9775791168213
269.0 164.464477539063
269.1 12.3416290283203
269.2 16.2618732452393
269.9 31.2158012390137
270.1 234.240280151367
270.1 683.65087890625
270.2 71.4970855712891
270.8 14.414680480957
270.9 78.2932434082031
271.0 142.492065429688
271.1 47.9029426574707
271.9 21.0762939453125
272.0 90.3837280273438
272.1 12.5225715637207
272.9 69.1934051513672
273.0 91.038330078125
273.9 35.1824111938477
274.0 34.9549102783203
274.1 33.2596702575684
274.2 16.3575019836426
274.5 7.97528076171875
274.9 66.6281051635742
274.9 157.028381347656
275.1 6.61453247070313
275.9 44.9140243530273
276.0 420.782135009766
276.1 409.702880859375
276.3 36.8030738830566
276.8 3.01462554931641
276.9 38.7034759521484
277.0 270.279541015625
277.2 6.82497644424438
277.8 20.7220611572266
278.0 101.614814758301
278.1 34.6716957092285
278.3 5.72648477554321
278.5 0.28345775604248
278.8 80.3547058105469
278.9 62.6441802978516
279.8 8.6336498260498
280.0 4.9778470993042
280.8 13.3309097290039
280.9 49.1502456665039
281.1 64.9542694091797
281.2 4.25435638427734
281.9 36.939624786377
282.0 48.9143867492676
282.5 4.61577653884888
282.8 27.7690238952637
283.0 113.572723388672
283.1 27.4319171905518
284.0 46.8686828613281
284.3 5.68381547927856
284.8 38.5991516113281
284.9 228.514877319336
285.1 101.027610778809
285.8 23.9835014343262
285.9 34.851016998291
286.0 100.94896697998
286.8 33.0087356567383
287.0 62.4653739929199
287.1 169.329742431641
287.2 8.6015043258667
287.8 6.47580146789551
288.0 13.7276706695557
288.1 24.6363563537598
288.9 484.853668212891
289.0 92.2780456542969
289.7 7.36015367507935
289.9 81.8924865722656
290.0 314.206115722656
290.1 51.5896301269531
290.7 13.804630279541
290.9 133.356689453125
291.0 119.111770629883
291.1 29.9368000030518
291.7 6.12264966964722
291.9 73.6024322509766
292.1 20.5953521728516
293.0 742.890075683594
293.9 207.13591003418
294.0 31.2226142883301
295.1 2736.85986328125
296.0 152.441375732422
296.1 1345.095703125
296.2 535.398254394531
296.9 73.0054473876953
297.0 626.952392578125
297.2 46.1767196655273
297.7 7.45016670227051
297.9 46.4541435241699
298.0 58.6228637695313
298.3 10.3415803909302
298.6 15.7232818603516
298.8 4.85563850402832
298.9 73.6235122680664
299.0 69.5230026245117
299.9 14.0845317840576
300.7 6.87120389938354
300.8 14.5359230041504
300.9 13.0276145935059
301.0 64.4368286132813
302.0 29.6271781921387
302.1 6.18946743011475
302.9 46.7938575744629
303.0 117.47688293457
303.1 279.095428466797
303.3 5.24723482131958
303.9 13.8760461807251
304.0 68.6547164916992
304.1 244.751083374023
304.2 207.661361694336
305.0 58.2087745666504
305.1 181.254791259766
305.3 11.0612545013428
306.1 14.1580743789673
306.9 119.743865966797
307.1 28.3677520751953
308.0 22.6114368438721
308.1 19.1889343261719
309.0 20.7980575561523
309.1 25.7206363677979
310.7 4.91155958175659
310.8 60.4382781982422
310.9 54.2056121826172
311.0 15.8388919830322
311.1 16.8775482177734
311.7 4.85610008239746
312.0 60.9774322509766
313.2 8652.640625
314.1 249.872100830078
314.1 1530.41235351563
314.3 43.0811920166016
315.0 193.346496582031
315.2 183.070755004883
315.3 23.8435554504395
315.7 4.38315868377686
315.8 26.677770614624
316.0 70.4273681640625
316.1 48.0466918945313
316.2 196.145431518555
316.8 4.87738561630249
317.0 20.4423828125
317.1 551.769165039063
317.2 273.601715087891
318.0 38.9395370483398
318.1 230.483932495117
318.3 67.9878158569336
319.0 46.3559379577637
319.1 28.9532165527344
319.3 8.90842437744141
319.5 5.01299667358398
320.0 4.32472229003906
320.8 14.7915859222412
320.9 22.949779510498
321.0 90.9265899658203
321.1 175.394439697266
322.0 22.181360244751
322.1 19.3356304168701
323.2 10.5886259078979
326.0 29.0037021636963
326.6 5.23386859893799
326.9 6.99268436431885
327.1 37.2811546325684
328.0 4.90143346786499
328.7 5.93339872360229
329.0 17.1280384063721
329.1 10.3772554397583
330.0 4.94696044921875
330.1 5.30284261703491
330.8 24.6641006469727
330.9 23.0840797424316
331.0 66.748908996582
331.2 15.9639129638672
331.9 14.9257001876831
332.0 30.0182552337646
332.3 5.22869110107422
332.8 17.2888298034668
333.0 20.4555988311768
334.6 15.0656042098999
334.9 4.79553604125977
335.0 4.46372413635254
338.0 8.97901344299316
339.2 5.0593523979187
339.9 6.95425081253052
340.1 11.7787179946899
340.9 10.2448959350586
341.2 12.7787790298462
342.0 94.951171875
342.2 228.838684082031
342.3 30.5227222442627
343.1 62.2072372436523
343.2 150.011184692383
343.3 18.5358219146729
343.5 4.43501329421997
344.1 11.5473098754883
344.2 28.385498046875
344.4 5.83294153213501
344.9 5.05286598205566
346.8 6.07009124755859
349.0 39.9822883605957
349.1 22.8737087249756
349.3 5.38623237609863
349.9 4.57461881637573
350.7 11.0996980667114
350.9 22.3859939575195
351.1 5.63874483108521
352.9 39.001895904541
353.0 34.0528945922852
353.1 13.1581478118896
353.6 4.4992938041687
354.0 9.46225738525391
354.1 32.5766448974609
354.8 4.45316648483276
354.9 8.33491706848145
355.0 4.3132700920105
355.1 42.8279724121094
356.1 25.1098690032959
356.3 5.69155883789063
357.0 41.8184394836426
357.2 16.4801788330078
357.3 7.01543378829956
358.0 11.5542879104614
358.1 212.545455932617
358.2 413.192779541016
359.1 509.543243408203
359.2 1681.5205078125
360.2 89157.109375
361.2 23485.994140625
362.0 17.3114223480225
362.2 3259.26147460938
363.0 27.1808204650879
363.1 124.163146972656
363.2 134.90380859375
363.3 87.5215911865234
363.4 8.60507774353027
366.8 19.2343044281006
367.0 11.2129554748535
367.1 13.9416131973267
367.2 7.02464246749878
368.0 3.62194728851318
368.8 13.4870147705078
369.1 6.67990398406982
370.0 11.1075963973999
370.1 29.3366031646729
370.2 10.7918109893799
370.3 27.2413997650146
370.7 8.60061454772949
370.9 22.6010570526123
371.0 27.7262325286865
371.0 17.8404293060303
371.2 29.5671615600586
371.3 11.9792032241821
372.0 4.31745719909668
381.8 5.22560930252075
382.9 5.9862380027771
384.0 21.5765399932861
384.2 55.0837326049805
384.3 16.3870697021484
384.9 13.3108205795288
385.1 83.6589813232422
385.3 25.0968837738037
386.0 18.8390064239502
386.1 320.615264892578
386.2 322.815795898438
387.0 49.0026969909668
387.1 850.732238769531
387.3 238.799041748047
387.9 11.2160758972168
388.0 151.766052246094
388.2 121.455780029297
388.5 9.95173835754395
389.0 7.07858848571777
389.1 15.271312713623
389.2 6.20203113555908
400.9 2.79499626159668
401.1 25.1436767578125
402.2 5.14549207687378
403.0 15.6594371795654
403.2 30.769603729248
403.9 31.3443737030029
404.2 1018.04632568359
404.3 1099.353515625
404.4 13.1964244842529
405.0 114.303153991699
405.2 284.994445800781
405.3 211.660522460938
406.0 8.6597957611084
406.1 20.9132270812988
406.2 4.58439779281616
406.4 14.869122505188
438.7 4.7230076789856
