#"+EI Scan (rt: 10.227-10.431 min, 36 scans) R8M6.D  Subtract "
#Point,X(Thompsons),Y(Counts)
40.1 553.057312011719
41.1 14526.908203125
42.0 557.657470703125
42.1 588.640441894531
43.0 5.83039093017578
43.1 2797.80102539063
44.0 9381.0693359375
45.0 333.660308837891
45.1 422.438293457031
45.8 14.0586633682251
46.0 91.0106506347656
46.1 10.7779121398926
47.0 101.076858520508
48.7 4.21027565002441
48.8 27.3142929077148
49.0 16.1072692871094
49.0 50.0365371704102
49.8 18.5847854614258
49.9 304.429626464844
50.0 467.639312744141
51.0 2526.18115234375
51.9 78.7554397583008
52.0 810.022155761719
53.0 2927.00610351563
54.0 240.457305908203
54.1 1755.25720214844
55.1 36610.73046875
56.0 535.469421386719
56.1 1336.35559082031
57.0 474.657897949219
57.1 21.4183883666992
57.8 2.91434383392334
58.1 105.302856445313
58.2 2.2328827381134
59.0 1693.3779296875
59.9 109.534774780273
60.2 7.10676956176758
60.8 9.35040760040283
60.9 103.734100341797
61.0 125.016708374023
61.1 0.133766174316406
61.9 144.676818847656
62.0 690.034851074219
62.1 80.230827331543
63.0 971.82666015625
63.0 1240.36877441406
64.0 484.349670410156
64.0 489.351623535156
65.0 7780.2470703125
66.0 443.188507080078
66.0 571.631042480469
67.0 2165.19604492188
67.1 3114.71313476563
67.8 6.06814193725586
68.0 222.566101074219
68.0 630.864562988281
68.2 18.850513458252
69.0 1517.94897460938
69.1 866.851440429688
69.9 41.3377494812012
70.0 148.214401245117
70.1 79.3147201538086
70.8 12.7173309326172
70.9 122.872451782227
71.0 114.665298461914
71.1 15.2186765670776
71.6 7.06471681594849
71.9 57.5545921325684
72.0 174.067413330078
72.1 221.010635375977
72.2 19.3388156890869
73.0 1163.19653320313
73.9 209.319976806641
74.1 336.238037109375
75.0 1470.74914550781
76.0 3579.11254882813
77.0 13289.349609375
78.0 4048.1904296875
79.0 3986.20458984375
79.9 129.034622192383
80.0 349.580322265625
80.2 165.396392822266
81.0 1874.98840332031
82.0 252.98210144043
82.1 55.5789451599121
82.2 51.1274375915527
82.3 7.77413606643677
83.0 508.193603515625
83.1 1278.05895996094
83.8 18.6072616577148
84.0 54.4955863952637
84.1 81.0073318481445
84.2 47.7846908569336
84.4 4.32726716995239
84.8 18.9626655578613
85.0 72.0574188232422
85.1 32.3602447509766
85.9 63.1573143005371
86.0 59.474365234375
86.1 116.599395751953
86.2 4.57450723648071
86.9 71.1949081420898
87.0 405.840728759766
87.1 216.206680297852
88.0 5915.95703125
89.0 7476.09716796875
90.0 12395.9384765625
91.0 51802.3046875
92.1 7025.22705078125
93.0 1298.62902832031
93.1 235.063735961914
94.0 321.866729736328
94.1 250.918960571289
95.0 1842.05651855469
95.1 741.697692871094
96.0 226.697113037109
96.1 138.326812744141
96.1 122.805068969727
96.3 9.1461296081543
97.1 2374.39721679688
97.1 1272.70593261719
97.8 28.4691200256348
97.9 229.106414794922
98.1 228.97590637207
98.2 17.2778301239014
98.4 9.60361194610596
98.8 37.0818214416504
99.0 116.250274658203
99.1 17.237377166748
99.8 21.2334861755371
99.9 149.391723632813
100.1 94.8750839233398
100.4 6.21853446960449
100.8 103.45263671875
101.0 461.738403320313
101.1 242.91423034668
102.0 1772.73071289063
102.0 6388.33837890625
103.0 37021.984375
104.0 11226.7275390625
105.0 4885.79443359375
106.0 444.824523925781
106.1 958.399536132813
106.2 16.6426944732666
106.8 39.130729675293
107.0 142.543151855469
107.0 114.650894165039
107.1 47.2157096862793
107.4 7.13921356201172
107.8 8.34819030761719
108.0 62.6790237426758
108.4 4.62248420715332
109.0 503.333984375
109.1 256.193634033203
109.8 28.2772197723389
109.9 95.9411010742188
110.2 19.2101268768311
110.8 7.22158527374268
110.9 45.2653274536133
111.0 58.3319206237793
111.8 16.6398410797119
112.1 2.4234414100647
112.3 4.30498027801514
112.9 4.95676803588867
113.0 119.877799987793
113.1 21.6674613952637
113.9 83.1981658935547
114.0 170.785110473633
114.1 105.509490966797
114.9 239.199432373047
115.0 546.578796386719
115.9 265.210968017578
116.0 1043.14892578125
116.1 598.343505859375
117.0 8323.896484375
118.0 6586.58349609375
119.0 4803.29931640625
119.1 2414.18432617188
120.1 11052.8134765625
121.0 528.078063964844
121.1 649.076293945313
121.2 27.1300182342529
121.8 7.9673285484314
121.9 44.7551193237305
122.1 23.4143447875977
122.2 5.06352758407593
122.7 0.137065887451172
122.9 104.88826751709
123.0 36.6578979492188
124.0 12.6530199050903
124.9 45.7046432495117
125.1 71.656494140625
125.7 14.7355985641479
125.8 30.6823806762695
125.9 91.4353485107422
126.1 47.1205749511719
126.2 16.9225101470947
126.9 12.6731452941895
127.0 569.897094726563
127.1 129.304412841797
128.0 4333.1279296875
129.0 10568.9287109375
130.0 12901.6376953125
131.0 36158.2109375
131.9 49.6353874206543
132.0 5449.91015625
133.0 662.494812011719
133.1 254.710433959961
133.9 62.6600036621094
134.0 83.76904296875
134.5 9.35637950897217
135.0 243.913299560547
135.1 279.600830078125
135.5 7.16921329498291
135.8 27.5237426757813
135.9 120.273941040039
136.1 42.1310768127441
137.0 5516.669921875
138.0 574.017211914063
138.9 116.941848754883
138.9 145.572448730469
139.0 152.898712158203
139.8 18.2556171417236
139.9 161.027725219727
140.0 135.328002929688
140.2 5.91618680953979
141.0 702.927856445313
141.6 4.06088972091675
141.8 11.6597118377686
141.9 161.43620300293
142.0 626.394409179688
142.1 70.4230651855469
142.5 7.33222436904907
143.0 742.253601074219
143.1 1114.59912109375
144.1 7270.3740234375
145.0 147126.21875
146.0 26950.005859375
147.0 685.720825195313
147.1 3193.49633789063
147.7 0.941053748130798
148.0 801.539245605469
148.1 258.654418945313
148.3 12.8038482666016
148.8 35.0720596313477
149.0 243.345886230469
149.1 117.108238220215
149.2 9.18780040740967
149.8 9.99887466430664
150.0 16.7870292663574
150.2 4.60517454147339
150.9 191.959335327148
151.0 178.217239379883
151.7 7.92127132415771
151.8 65.9447708129883
151.9 70.8044967651367
152.0 76.4114990234375
152.2 27.0638999938965
152.3 4.35766744613647
152.7 3.25364470481873
152.9 111.367744445801
153.1 130.450103759766
153.5 5.95224571228027
153.9 123.443717956543
154.0 219.431259155273
155.0 1719.5234375
156.0 1486.65405273438
157.0 2503.99755859375
157.9 44.1501770019531
158.0 5267.1533203125
159.0 3745.2890625
159.8 20.3402366638184
160.0 398.276000976563
160.0 253.587066650391
161.0 1338.51489257813
161.1 2439.31762695313
161.6 3.0554461479187
161.9 80.521614074707
162.0 439.743835449219
162.1 90.219352722168
162.3 4.66139888763428
162.7 2.1357307434082
162.9 242.49169921875
163.0 218.842010498047
163.7 7.83689069747925
163.9 42.1460952758789
164.0 52.902458190918
164.1 36.9544525146484
164.9 58.9564170837402
165.0 133.043899536133
165.2 3.91396522521973
165.8 9.86188888549805
165.9 71.3507232666016
166.0 34.7436714172363
166.2 9.59948444366455
166.9 127.809173583984
167.0 324.153259277344
167.7 2.98995161056519
167.9 107.333465576172
168.0 413.791534423828
168.1 146.373138427734
168.9 339.599853515625
169.0 1014.39788818359
169.1 629.331176757813
169.8 5.55734539031982
170.0 261.090576171875
170.1 404.102081298828
171.0 654.784118652344
171.1 370.207153320313
171.8 1.54936909675598
172.0 447.277618408203
172.1 530.786682128906
172.8 59.0495681762695
172.9 90.8217239379883
173.1 293.795928955078
173.2 80.1403427124023
174.1 15572.533203125
175.1 9924.4033203125
175.9 139.376113891602
176.0 564.110534667969
176.1 399.768157958984
176.8 52.725658416748
176.9 141.332672119141
177.0 3.83391571044922
177.2 7.26212215423584
177.9 51.3658065795898
178.0 71.4964904785156
178.1 80.6763610839844
178.8 13.0709190368652
178.9 31.9953308105469
179.1 97.0840759277344
179.7 21.4902534484863
179.8 34.4199752807617
180.0 93.1724624633789
180.1 29.9745960235596
181.0 420.546203613281
181.8 5.93538475036621
181.9 220.57829284668
182.1 108.635025024414
182.2 60.9881782531738
183.0 633.368408203125
183.1 71.6168975830078
183.9 102.341186523438
184.0 196.182189941406
184.1 36.4935989379883
184.2 38.3459548950195
184.9 123.529693603516
185.0 1329.87329101563
185.7 7.53669929504395
185.9 252.957550048828
186.1 1621.59338378906
186.9 38.7747268676758
187.0 250.018661499023
187.1 131.965881347656
187.2 15.4003925323486
187.9 109.750122070313
188.0 39.7505531311035
188.1 67.4144592285156
188.8 79.0295715332031
189.0 107.661987304688
189.1 53.9680633544922
189.7 4.87365674972534
189.9 15.1377029418945
190.0 9.34768390655518
190.1 25.2786808013916
190.2 5.62421846389771
190.6 2.31103420257568
190.8 131.242065429688
191.0 64.1493225097656
191.8 15.3171796798706
192.0 90.852294921875
192.1 7.5864691734314
192.8 106.996078491211
192.9 168.272994995117
193.7 12.0771446228027
193.9 136.734741210938
194.1 57.4944725036621
194.9 319.504333496094
195.0 34.0284729003906
195.8 44.8458862304688
196.0 108.109924316406
196.1 48.1747779846191
196.9 265.253234863281
197.0 338.303375244141
198.0 134.230895996094
198.1 48.5018920898438
198.2 8.44717311859131
198.8 112.771896362305
198.9 198.923309326172
199.0 79.2490615844727
199.9 63.0285263061523
200.0 183.072937011719
200.1 98.6996917724609
200.9 126.667541503906
201.0 190.72151184082
201.8 57.8494338989258
201.9 51.4664764404297
202.0 47.6744842529297
202.8 104.025405883789
202.9 26.0328674316406
203.0 58.6066398620605
203.7 5.67442560195923
203.9 68.8915863037109
204.0 60.2245750427246
204.2 3.65074753761292
204.4 7.54159641265869
204.6 7.26902627944946
204.9 107.022750854492
205.0 98.8966674804688
205.9 45.978099822998
206.0 82.1384048461914
206.1 27.90061378479
206.3 10.0880908966064
206.8 44.1926078796387
207.0 365.025634765625
207.8 2.69088363647461
207.9 65.6789016723633
208.1 118.560928344727
208.3 4.98082637786865
208.8 67.9490051269531
209.0 134.281433105469
209.1 29.4217720031738
209.3 2.5939998626709
209.5 6.39675331115723
209.8 8.23613262176514
210.0 83.8941650390625
210.1 74.5120849609375
211.0 710.816040039063
211.1 1059.75927734375
212.0 3.879638671875
212.1 1204.19677734375
213.1 5263.49072265625
213.9 34.4225540161133
214.0 666.470581054688
214.1 282.471374511719
215.0 3148.90771484375
215.9 458.467590332031
216.0 126.495056152344
216.9 49.3792724609375
217.0 364.750427246094
217.1 92.685302734375
217.8 75.2465591430664
218.0 121.131477355957
218.1 5.68099212646484
218.9 765.684448242188
219.9 175.426422119141
220.0 135.218704223633
221.0 336.490936279297
221.7 20.468318939209
221.9 32.7762413024902
222.1 58.5754089355469
222.7 48.9821319580078
223.0 76.7398376464844
223.1 70.0333709716797
223.5 4.90349197387695
223.9 29.3432655334473
224.1 25.9684295654297
224.8 32.4327239990234
224.9 109.507049560547
225.0 96.3880615234375
225.8 13.7936592102051
226.0 46.3393745422363
226.2 20.4946880340576
226.6 1.23163962364197
226.8 29.1429481506348
226.9 147.560485839844
227.9 20.0173759460449
228.1 29.4705905914307
228.2 6.62926626205444
228.3 6.44027900695801
228.4 6.21812868118286
228.9 191.11750793457
229.1 255.992233276367
229.7 5.66043281555176
229.9 62.133472442627
230.0 52.1793670654297
230.1 52.2621002197266
230.2 15.5865345001221
230.8 18.046012878418
230.9 100.981636047363
231.0 81.8400421142578
231.3 17.8611545562744
231.7 5.54098701477051
232.0 102.597526550293
232.1 41.7294921875
233.0 1855.92236328125
233.8 53.1736793518066
234.0 550.828979492188
234.9 117.917343139648
235.0 270.584869384766
235.1 109.415580749512
235.8 66.4777984619141
236.0 155.7568359375
236.2 37.0915985107422
237.0 1826.94482421875
238.0 739.682434082031
239.0 326.592224121094
239.1 4134.701171875
240.1 4167.00048828125
241.1 247536.859375
242.1 42234.890625
243.1 1470.01123046875
243.1 2451.78295898438
243.9 11.9112768173218
244.0 226.963272094727
244.1 144.972305297852
244.2 28.5700416564941
244.9 100.973777770996
245.1 58.5411834716797
245.5 4.39383459091187
245.8 9.13210964202881
245.9 42.2249336242676
246.1 39.5656394958496
246.2 23.4442138671875
246.7 17.2472343444824
246.8 8.66820907592773
247.0 52.2019195556641
247.1 39.9404602050781
247.9 53.0206069946289
248.1 96.3048706054688
248.2 13.1920671463013
248.4 4.30394315719604
248.8 1.44356465339661
248.9 56.1650161743164
249.0 76.9216995239258
249.9 10.5612649917603
250.1 10.2192268371582
250.8 9.59068298339844
250.9 30.7507495880127
251.1 5.25047874450684
251.2 4.71405696868896
251.9 7.48885679244995
252.0 51.5929718017578
252.2 10.0950889587402
252.6 17.8623695373535
252.8 20.7753257751465
253.0 53.7480888366699
253.1 67.5049514770508
253.8 31.8015689849854
254.0 68.1938018798828
254.1 38.9994468688965
254.2 27.8207931518555
254.5 8.31926918029785
254.6 2.01415109634399
254.8 30.2148208618164
254.9 74.259521484375
255.0 153.104064941406
255.1 26.741268157959
255.6 9.38197422027588
255.8 6.9815845489502
256.0 321.023101806641
256.1 572.351440429688
256.2 60.1788177490234
257.1 23659.751953125
258.1 4001.56518554688
258.2 504.113494873047
259.0 140.859619140625
259.1 455.455474853516
260.0 35.3287925720215
260.1 77.6121368408203
260.3 4.52749824523926
260.7 25.7226371765137
260.9 30.5855655670166
261.0 24.4742164611816
261.1 30.1333847045898
261.8 10.4414758682251
262.0 92.3116760253906
262.1 10.3431425094604
262.6 6.98291206359863
262.8 16.7622165679932
262.9 57.4308929443359
263.1 70.1689834594727
263.8 27.9775695800781
264.0 182.501052856445
264.1 346.140838623047
264.2 168.474472045898
264.8 10.7807025909424
265.0 158.235504150391
265.2 7.71413326263428
265.8 9.17225456237793
266.1 7.52535820007324
266.9 76.3311386108398
267.8 5.34187650680542
268.0 64.8846664428711
268.2 11.4065780639648
268.7 26.8669509887695
268.9 30.5192756652832
269.0 105.733657836914
269.1 41.3845825195313
269.9 11.5301494598389
270.0 108.981376647949
270.1 487.387573242188
270.2 256.818115234375
270.3 24.6263847351074
270.9 173.181976318359
271.0 108.609169006348
271.2 46.0290451049805
271.4 10.7647924423218
271.6 3.74557518959045
271.7 8.2451753616333
271.9 19.7599716186523
272.0 52.2506675720215
272.9 52.5055847167969
273.0 194.513488769531
273.8 16.2714939117432
273.9 18.3190498352051
274.0 44.9795417785645
274.7 7.26609897613525
274.9 66.4780426025391
275.0 105.577239990234
275.9 26.01198387146
276.0 425.994903564453
276.1 271.646057128906
276.8 11.789701461792
276.9 32.0066375732422
277.0 275.506683349609
277.1 21.5428333282471
277.7 8.75518131256104
277.8 20.2321472167969
278.0 66.0395889282227
278.1 16.9780254364014
278.4 6.67101669311523
278.6 13.503044128418
278.8 16.3324928283691
278.9 61.5030212402344
279.0 11.9187564849854
279.2 7.32096767425537
279.9 20.4661407470703
280.0 2.78972816467285
280.9 19.6057929992676
281.0 100.44416809082
281.2 9.39463043212891
281.8 30.8174533843994
282.0 25.1203308105469
282.1 31.7510604858398
282.8 32.5051422119141
283.0 75.9662628173828
283.2 4.56763744354248
283.8 5.72470283508301
284.1 44.2548980712891
285.0 263.266784667969
285.1 13.5615110397339
285.8 16.2491340637207
285.9 56.5932159423828
286.0 35.4682083129883
287.0 102.850257873535
287.1 163.723602294922
287.7 16.0968952178955
287.8 4.33869028091431
288.0 21.1348419189453
288.9 45.2121353149414
289.0 367.456848144531
289.7 3.26771211624146
289.9 70.6680297851563
290.0 51.9609375
290.1 279.517730712891
290.2 13.9516019821167
290.9 63.0203323364258
291.0 123.146675109863
291.1 96.8283233642578
291.9 30.1143760681152
292.1 9.94789600372314
292.3 6.35282802581787
293.0 1239.36840820313
293.2 27.7528400421143
293.9 209.65739440918
294.0 8.5029354095459
295.0 41.7841567993164
295.1 1883.64294433594
295.2 484.962921142578
296.1 1581.06713867188
296.2 372.056549072266
296.9 3.83458709716797
297.0 464.575439453125
297.2 78.2615203857422
297.8 37.4083061218262
297.9 30.3500804901123
298.0 65.4071197509766
298.2 11.575065612793
298.7 3.36806678771973
298.8 16.9890193939209
299.0 86.2316360473633
300.0 14.8390798568726
300.7 5.00252771377563
300.8 31.5575084686279
300.9 6.44885063171387
301.0 23.5199279785156
301.1 31.9663543701172
302.0 11.7960376739502
302.2 6.83448219299316
302.9 21.3467464447021
303.0 40.414794921875
303.1 173.462539672852
303.2 158.304092407227
303.8 4.76155948638916
304.0 215.857360839844
304.2 168.664199829102
304.2 132.495651245117
305.0 94.4434356689453
305.1 101.354934692383
305.2 19.307071685791
305.4 5.89345788955688
305.5 5.28484535217285
306.1 4.21180152893066
306.7 18.4169883728027
306.9 20.6910018920898
307.0 74.579833984375
307.2 6.07736015319824
307.8 5.57601594924927
307.9 3.34943890571594
308.9 9.00872611999512
309.2 19.9500331878662
309.3 7.07803344726563
310.7 10.3373823165894
310.8 32.2795791625977
311.0 32.6070823669434
311.1 32.5641937255859
312.1 38.8598289489746
313.1 5103.1796875
313.2 2765.9052734375
314.0 52.3716011047363
314.1 704.410949707031
314.2 952.060668945313
314.8 13.7285633087158
315.0 68.9253997802734
315.1 150.518814086914
315.2 37.5813102722168
316.0 70.2435913085938
316.1 156.060470581055
316.2 44.2332420349121
316.4 18.0332717895508
317.0 257.269958496094
317.2 385.768951416016
317.3 156.771560668945
318.0 54.7964706420898
318.2 169.862548828125
318.3 114.323036193848
319.1 33.8794097900391
319.3 8.49561309814453
321.0 103.836219787598
321.1 129.091873168945
321.2 23.7335433959961
322.1 17.2517185211182
322.2 17.8951950073242
322.9 4.66090965270996
326.9 5.09841823577881
327.1 20.13551902771
327.8 6.10310029983521
328.8 20.7273845672607
329.0 40.8629684448242
330.1 4.98992729187012
330.8 11.0302505493164
330.9 62.6807899475098
331.1 15.3618364334106
332.0 32.145378112793
332.1 10.5974674224854
332.3 6.55261039733887
332.7 15.8967761993408
332.9 4.20825529098511
334.9 12.93532371521
335.0 12.8466386795044
339.1 5.67074108123779
340.0 25.9731998443604
341.0 30.5167331695557
341.2 11.6053562164307
341.8 5.3055214881897
342.0 33.6873931884766
342.1 141.379318237305
342.3 61.9624557495117
342.4 5.57723474502563
343.0 58.2734298706055
343.1 64.7483367919922
343.2 54.0498466491699
343.3 9.14701175689697
343.9 4.30494499206543
344.1 29.9361343383789
344.4 5.45208024978638
344.7 14.0024557113647
344.9 9.08689880371094
345.0 18.4090805053711
346.2 7.54598808288574
348.9 75.2639923095703
349.0 43.2939376831055
349.2 10.1441020965576
350.1 5.11271810531616
350.7 12.3990545272827
351.0 10.2773447036743
351.1 4.7669939994812
351.8 5.03703641891479
352.8 9.41690540313721
353.0 70.2908172607422
353.2 10.5068883895874
354.0 31.3843784332275
354.2 18.2187728881836
354.3 5.45779037475586
354.6 4.30024290084839
354.8 6.25000715255737
355.0 27.0326309204102
355.2 64.5357284545898
356.0 22.4374084472656
356.3 5.21657943725586
356.4 8.62049007415771
356.8 9.62484073638916
356.9 37.4647064208984
357.0 5.87438011169434
357.2 46.907772064209
357.3 4.42257452011108
357.9 14.6916942596436
358.0 176.437896728516
358.1 202.336334228516
358.2 138.989440917969
358.3 58.4452362060547
359.1 719.926025390625
359.2 1253.13012695313
360.2 80724.9296875
361.2 21622.736328125
362.2 982.861999511719
362.2 1992.52282714844
362.9 5.09827375411987
363.1 117.034072875977
363.1 101.277946472168
363.2 38.4972801208496
363.4 5.59576988220215
366.8 5.35212087631226
366.9 13.2022867202759
367.1 20.5028381347656
367.2 5.51406288146973
367.9 4.4593563079834
369.1 17.014705657959
369.9 15.688663482666
370.1 26.4515552520752
370.3 18.3081359863281
371.0 34.1333503723145
371.2 23.8970603942871
371.4 5.12749433517456
372.1 10.1632404327393
383.9 5.55449533462524
384.0 9.17655086517334
384.1 24.2081985473633
384.3 4.74915218353271
384.9 21.0174522399902
385.1 29.9657325744629
385.2 48.9993743896484
386.0 58.0235786437988
386.1 257.539093017578
386.2 173.542175292969
386.3 22.0976943969727
387.1 258.543884277344
387.2 762.038513183594
387.4 11.8538494110107
387.9 5.05019426345825
388.1 162.942764282227
388.2 70.5579605102539
388.3 5.25935792922974
395.1 4.78788471221924
400.9 6.19160652160645
403.2 9.86314105987549
404.0 8.15352439880371
404.1 115.160430908203
404.2 1247.91857910156
404.3 573.018188476563
404.9 5.53744554519653
405.1 129.853912353516
405.2 438.844848632813
406.0 10.9343700408936
406.2 28.5048007965088
407.1 9.95101165771484
