#"+EI Scan (rt: 10.232-10.436 min, 36 scans) R6M6.D  Subtract "
#Point,X(Thompsons),Y(Counts)
40.1 516.406066894531
41.1 15611.2861328125
42.0 34.1496047973633
42.1 1201.93957519531
43.1 2841.64990234375
43.1 190.991119384766
44.0 9316.90234375
44.9 63.9148864746094
45.0 660.708923339844
45.8 3.39809417724609
45.9 90.684440612793
46.1 0.201567649841309
46.9 41.0268135070801
46.9 166.30094909668
48.7 6.0033130645752
48.9 40.3260459899902
49.0 55.0209770202637
49.1 22.3642978668213
49.9 308.681213378906
50.0 545.874572753906
50.1 67.3309631347656
51.0 781.744018554688
51.1 1939.41577148438
52.0 312.010314941406
52.1 672.415588378906
53.0 3239.5771484375
54.0 83.2194671630859
54.1 2115.15502929688
55.1 40892.75390625
56.0 597.926879882813
56.1 1440.39074707031
56.8 18.7951259613037
57.0 340.578704833984
57.8 18.2564601898193
57.9 19.3119354248047
58.0 121.023086547852
59.0 1510.97802734375
59.9 45.7675933837891
60.0 83.556282043457
60.9 40.2329177856445
60.9 101.016540527344
61.1 85.030891418457
62.0 784.249572753906
62.0 264.616485595703
63.0 592.649597167969
63.0 1872.46618652344
63.8 11.0022249221802
64.0 319.202758789063
64.0 694.223999023438
65.0 8294.482421875
65.9 31.2229194641113
66.0 680.399169921875
66.1 483.291137695313
67.0 6012.37060546875
68.0 231.664367675781
68.1 742.685791015625
69.0 60.6975402832031
69.1 2442.75317382813
69.8 23.6748027801514
70.0 134.248916625977
70.1 152.973571777344
70.8 4.30259037017822
70.9 93.5625610351563
71.0 130.432037353516
71.1 29.8445701599121
71.8 4.95319509506226
71.9 89.6059951782227
72.0 250.327667236328
72.1 121.336273193359
73.0 1311.90844726563
73.8 19.2300643920898
73.9 135.81298828125
74.0 364.322967529297
75.0 1766.94250488281
76.0 2137.41455078125
76.1 1653.40771484375
77.0 15101.4384765625
78.0 4685.78662109375
79.0 3841.24096679688
79.9 300.205352783203
80.0 379.467864990234
80.1 86.3664627075195
81.0 1911.26843261719
81.9 67.2859573364258
82.0 278.932983398438
82.1 86.7439117431641
83.0 718.895629882813
83.1 1146.673828125
83.7 4.72787809371948
83.9 29.399751663208
84.1 145.761047363281
84.2 6.09217071533203
84.5 8.54056835174561
84.8 7.3760814666748
84.9 52.4316787719727
85.0 118.554351806641
85.9 163.879776000977
86.1 92.8146209716797
86.2 22.3829650878906
86.8 25.3504962921143
87.0 589.150451660156
87.1 118.332901000977
88.0 6870.5576171875
88.1 60.0073738098145
89.0 8645.7470703125
89.1 44.1400756835938
90.0 14708.048828125
91.0 54590.05078125
92.1 7404.69580078125
93.0 965.038208007813
93.1 853.591918945313
93.9 286.073211669922
94.1 370.867767333984
94.2 40.5826721191406
95.0 747.107604980469
95.1 2433.6552734375
95.9 130.671539306641
96.1 308.287445068359
96.2 43.0693778991699
97.1 4529.7568359375
97.9 117.286262512207
98.1 340.773651123047
98.2 38.0207214355469
98.8 72.7632064819336
99.0 44.5968055725098
99.1 55.3129920959473
99.2 2.38085675239563
99.8 57.5327835083008
99.9 201.996047973633
100.1 46.6140098571777
100.1 48.6039581298828
100.3 9.8055305480957
100.7 17.7523632049561
100.9 201.466857910156
101.0 506.793395996094
101.1 170.935607910156
102.0 9363.1826171875
103.0 42842.140625
104.0 13432.9111328125
105.0 5846.14208984375
106.0 476.258636474609
106.0 1130.2138671875
107.0 294.590698242188
107.1 104.118072509766
107.9 0.238933563232422
108.0 94.7535247802734
108.1 40.4692077636719
109.0 905.856567382813
109.8 27.3332328796387
109.9 21.7239532470703
110.1 66.7668609619141
110.2 0.42176342010498
110.5 9.44418334960938
110.8 18.9845733642578
111.0 42.8575057983398
111.1 46.7386779785156
111.9 4.3830451965332
112.0 7.05813694000244
112.6 5.08460140228271
112.8 29.4531478881836
113.0 76.4438323974609
113.0 85.7092666625977
113.8 13.0122919082642
113.9 162.131118774414
114.0 213.504821777344
114.2 28.0221195220947
115.0 451.937377929688
115.1 611.300354003906
116.0 980.331420898438
116.1 1212.74328613281
117.0 9312.6513671875
118.0 7741.4208984375
119.0 8487.7373046875
120.1 13432.345703125
121.0 415.761566162109
121.1 817.32861328125
121.1 203.262771606445
121.9 44.2864799499512
122.1 76.2067184448242
122.7 30.8359451293945
122.8 138.292541503906
123.2 16.1258773803711
123.6 5.55030250549316
123.9 9.5014591217041
124.0 7.97936487197876
124.2 8.63781833648682
124.7 9.96938800811768
125.0 54.1474151611328
125.1 18.8458786010742
125.7 16.7482604980469
125.9 95.7308197021484
126.1 57.8021659851074
126.2 8.27928161621094
126.3 11.5177545547485
127.0 620.05908203125
127.1 372.616821289063
127.2 43.7547073364258
127.9 35.7829666137695
128.0 5107.39208984375
129.0 12656.9296875
130.0 10740.373046875
130.1 4667.34619140625
131.0 42945.44140625
132.0 358.229705810547
132.1 6392.93310546875
132.9 188.359741210938
133.0 647.307067871094
133.1 135.159576416016
133.9 40.7884902954102
134.0 118.213424682617
134.1 57.8106155395508
134.9 163.899429321289
135.0 139.714218139648
135.8 48.1657485961914
136.1 105.49227142334
137.0 6123.021484375
138.0 800.66845703125
139.0 369.970581054688
139.1 110.257263183594
139.8 56.5066757202148
139.9 105.065406799316
140.1 162.708236694336
140.2 5.27860546112061
140.9 636.882507324219
142.0 764.757263183594
142.1 182.685913085938
143.0 739.65087890625
143.1 1510.30383300781
144.1 8896.068359375
145.0 182337.3125
146.0 32153.826171875
147.0 4612.166015625
147.8 16.8064002990723
147.9 274.912567138672
148.1 945.802795410156
148.9 165.193817138672
149.1 187.222854614258
149.2 36.5754547119141
149.9 14.4737863540649
150.1 41.8778533935547
150.2 4.26360988616943
150.4 4.18652534484863
151.0 448.417816162109
151.1 176.849792480469
151.9 91.3846588134766
152.0 187.607299804688
152.2 2.26066946983337
152.9 192.319915771484
153.0 87.5987701416016
153.9 116.979568481445
154.0 222.058670043945
154.2 39.2355117797852
155.0 2197.73486328125
156.0 710.257934570313
156.1 847.712890625
157.0 1819.75610351563
157.1 1573.04345703125
158.0 6338.4521484375
159.0 4126.853515625
159.9 253.711166381836
160.0 517.640747070313
161.0 1719.57202148438
161.1 2751.43798828125
161.7 12.6192932128906
161.9 136.647323608398
162.0 545.752502441406
162.1 71.4056243896484
162.3 10.0325145721436
162.9 252.427917480469
163.0 308.612365722656
163.7 17.2304153442383
163.8 36.3274612426758
163.9 56.6910285949707
164.1 72.5734939575195
164.7 1.93382215499878
165.0 238.12629699707
165.1 40.261775970459
165.9 43.4734840393066
166.0 122.795722961426
166.1 1.70531511306763
166.5 7.25168085098267
166.9 216.016906738281
167.0 292.829345703125
167.8 2.11563682556152
167.9 262.339202880859
168.1 488.577850341797
169.0 2491.88403320313
169.8 13.5951137542725
169.9 23.0236282348633
170.0 822.224426269531
170.2 34.0188827514648
170.9 103.415298461914
171.0 1101.75512695313
171.9 158.765960693359
172.0 285.605102539063
172.0 387.992279052734
172.1 272.936798095703
172.8 4.75947761535645
173.0 178.149963378906
173.0 450.756866455078
174.1 18640.4296875
175.1 12461.076171875
175.9 33.8307838439941
176.0 601.718139648438
176.1 944.3662109375
176.8 33.2452926635742
176.9 118.861946105957
177.0 81.2833023071289
177.3 8.09590816497803
177.7 25.2566184997559
177.9 47.763126373291
178.0 92.3232727050781
178.2 5.88129234313965
178.8 41.1959381103516
178.9 65.8268890380859
179.1 49.8306999206543
179.3 4.68872833251953
179.6 4.67749929428101
179.9 88.8193511962891
180.0 132.753936767578
180.8 21.8942718505859
181.0 363.319396972656
181.1 70.8881454467773
181.5 5.77266311645508
181.6 7.47116708755493
181.8 5.42221832275391
182.0 230.485916137695
182.1 177.98860168457
182.2 77.5784606933594
182.5 4.74713611602783
182.9 18.2205429077148
183.0 546.41845703125
183.1 333.698181152344
183.9 31.1809005737305
184.0 287.466766357422
184.1 86.7354049682617
184.3 8.57029056549072
185.0 611.316589355469
185.0 1148.21618652344
186.0 890.472900390625
186.1 1461.30224609375
186.9 32.4762573242188
187.0 571.886413574219
187.8 42.8325996398926
187.9 65.5572280883789
188.0 107.554039001465
188.2 18.7017517089844
188.4 10.732762336731
188.6 5.03265237808228
188.7 28.1171188354492
189.0 194.629043579102
189.8 17.6990604400635
190.0 33.8639678955078
190.2 10.1821117401123
190.8 57.0263481140137
190.9 169.924057006836
191.8 4.83754968643188
191.9 113.809112548828
192.1 36.8982238769531
193.0 307.477600097656
193.6 2.48939681053162
193.8 1.47402572631836
193.9 57.2721939086914
194.0 108.91431427002
194.1 62.8222007751465
194.7 18.8088893890381
195.0 515.929077148438
195.8 120.920684814453
196.0 47.2529144287109
196.1 102.347373962402
197.0 1007.42108154297
197.8 5.01923751831055
198.0 121.571983337402
198.1 115.049797058105
198.3 8.42783164978027
198.9 95.9805450439453
199.0 417.806213378906
199.9 108.40544128418
200.0 267.864227294922
200.8 13.5881462097168
200.9 255.465545654297
201.0 67.1781692504883
201.8 15.1679725646973
201.8 86.2939147949219
202.0 67.3502731323242
202.2 21.6358089447021
202.6 13.9187889099121
202.9 227.454833984375
203.7 9.67552471160889
203.8 22.1915454864502
203.9 83.4585494995117
204.0 40.9460144042969
204.2 13.1187334060669
204.6 4.00015592575073
204.7 2.82598114013672
204.9 137.803741455078
205.0 95.7191162109375
205.8 23.4914455413818
206.0 143.791809082031
206.1 12.285059928894
207.0 356.524139404297
207.1 68.6792755126953
207.8 18.6905174255371
208.0 149.265472412109
208.2 5.80464363098145
208.9 43.1890068054199
209.0 111.760536193848
209.1 13.1090316772461
209.7 4.99283838272095
209.8 2.76451063156128
209.9 51.8376083374023
210.1 137.929428100586
211.0 2059.01293945313
212.0 555.986450195313
212.1 1022.20050048828
213.1 3410.4267578125
213.1 2893.13305664063
214.0 506.15625
214.1 708.012512207031
215.0 3103.7080078125
216.0 1107.90319824219
217.0 742.898803710938
218.0 167.497314453125
218.1 84.2015762329102
218.9 947.281005859375
219.6 7.84876537322998
220.0 339.351928710938
220.6 4.7701268196106
220.9 232.525085449219
221.0 130.323791503906
221.8 9.3674430847168
222.0 82.3676376342773
222.1 30.9477977752686
222.2 3.25622606277466
222.5 13.7540922164917
223.0 187.862197875977
223.1 44.4040985107422
223.8 10.1013765335083
223.9 42.1501960754395
224.0 22.7598457336426
224.2 11.3369836807251
224.8 22.8481292724609
224.9 107.587089538574
225.1 102.461929321289
225.7 27.8339729309082
225.9 3.32071828842163
226.0 35.870906829834
226.1 31.7281513214111
226.2 11.6133041381836
226.8 52.7703628540039
227.0 113.662078857422
227.0 44.8208389282227
227.2 0.290981411933899
227.6 6.36500883102417
227.8 0.303491115570068
227.9 34.9576683044434
228.1 73.5412902832031
228.3 11.2399578094482
228.9 65.3828125
229.0 396.557037353516
229.8 13.1992244720459
230.0 69.1953430175781
230.1 116.876693725586
230.7 12.3557872772217
230.9 104.483177185059
231.0 30.321662902832
231.1 104.96849822998
231.3 12.2767200469971
231.6 3.78737163543701
231.7 9.26786041259766
231.9 7.06114101409912
232.0 105.67928314209
232.2 18.4597854614258
233.0 1956.34375
234.0 59.3845672607422
234.1 419.455932617188
234.8 17.0290966033936
235.0 447.297302246094
235.1 75.5196380615234
235.6 12.0098009109497
235.8 47.2160148620605
235.9 31.6384582519531
236.1 103.816604614258
236.2 47.5363426208496
237.0 1618.599609375
237.8 36.5796165466309
238.0 877.943969726563
239.1 5730.21044921875
240.1 4782.41259765625
241.1 302727.09375
242.1 51635.85546875
243.0 287.144958496094
243.1 4531.38916015625
243.9 31.7491188049316
244.0 138.265747070313
244.1 257.164184570313
244.3 29.3757934570313
244.7 23.2077560424805
244.9 89.194465637207
245.1 65.172607421875
245.8 18.7332534790039
246.0 43.9810028076172
246.1 112.024322509766
246.2 7.06350135803223
246.6 1.93564081192017
246.9 0.752484798431396
247.0 94.7774124145508
247.1 36.212272644043
248.0 15.6012163162231
248.0 55.2937622070313
248.2 60.6231422424316
248.3 21.1453742980957
248.8 10.57834815979
248.9 76.3811874389648
249.0 32.7119216918945
249.1 20.0362205505371
250.0 2.8803277015686
250.1 21.1675033569336
250.7 16.1463222503662
250.8 21.3296756744385
251.0 32.2786102294922
251.1 3.14399647712708
252.0 15.0806226730347
252.2 10.661078453064
252.5 5.84063816070557
252.7 15.9004497528076
252.8 77.3711547851563
252.9 65.80615234375
253.0 25.4231491088867
253.6 6.04075956344604
253.8 19.3366527557373
253.9 40.4348526000977
254.1 52.1736907958984
254.2 52.0877380371094
254.3 15.5212965011597
254.6 27.7028484344482
254.9 166.304962158203
255.1 75.5195236206055
255.2 5.36587858200073
256.0 230.654113769531
256.1 783.741088867188
256.2 206.765884399414
257.1 29835.076171875
258.1 5496.17578125
259.1 564.598876953125
259.2 249.399383544922
259.7 7.65368461608887
259.9 88.1851119995117
260.1 69.4070739746094
260.5 6.184974193573
260.8 6.15424537658691
260.9 38.3241271972656
261.1 22.7184371948242
261.8 41.5205192565918
262.0 45.5507583618164
262.1 38.1521530151367
262.2 5.52197599411011
262.6 4.57806825637817
262.7 6.24242973327637
262.8 38.4065475463867
263.0 109.910331726074
263.1 33.1084938049316
263.2 4.71339130401611
264.0 239.509872436523
264.1 128.18635559082
264.1 519.164794921875
264.9 63.9299621582031
265.1 134.34797668457
265.9 10.8285675048828
266.1 11.5870132446289
266.8 17.4553966522217
266.9 34.1790161132813
267.0 70.0468215942383
267.6 4.63099098205566
267.9 27.7860870361328
268.0 98.0333480834961
268.1 46.9419288635254
268.3 5.88726997375488
268.8 33.9459915161133
269.0 74.2797393798828
269.1 122.630546569824
269.2 17.2937068939209
270.0 445.544067382813
270.1 564.745971679688
270.2 58.8045806884766
270.7 10.9757032394409
270.9 164.259628295898
271.0 141.405197143555
271.1 23.4813690185547
271.8 2.47758197784424
272.0 107.437393188477
272.1 4.59067630767822
272.4 5.05387592315674
272.9 176.236709594727
273.0 3.99468994140625
273.8 9.63236808776855
273.9 37.8502807617188
274.0 104.32332611084
274.1 11.8276691436768
274.2 7.99519538879395
274.9 290.746337890625
275.0 25.1609687805176
275.9 180.68293762207
276.1 734.125122070313
276.9 114.72428894043
277.0 239.54280090332
277.1 56.8650779724121
277.6 4.42880344390869
277.8 20.4689674377441
277.9 30.941837310791
278.0 79.7848587036133
278.2 10.6413316726685
278.4 4.60179805755615
278.8 65.3244247436523
278.9 64.0847625732422
279.9 4.45248603820801
280.1 18.0675315856934
280.7 12.9298181533813
280.8 31.8443908691406
281.0 56.9315719604492
281.9 33.984489440918
282.0 16.7266693115234
282.1 23.3894691467285
282.8 9.12907695770264
282.9 58.571662902832
283.1 100.415313720703
283.2 4.7997145652771
283.7 6.27137660980225
283.9 25.3958358764648
284.0 33.2315979003906
284.1 34.5201148986816
285.0 141.826477050781
285.1 319.941619873047
285.7 16.4227180480957
285.8 19.3899173736572
286.0 73.7718048095703
286.8 4.41384315490723
286.9 122.646224975586
287.1 64.9168853759766
287.2 41.8814506530762
287.8 14.1661510467529
287.9 42.1056289672852
288.1 7.79367828369141
288.2 16.2195911407471
289.0 488.607055664063
290.0 387.731750488281
290.1 198.947311401367
290.8 26.4711475372314
290.9 38.6706695556641
291.0 270.354125976563
291.7 5.72763872146606
291.9 51.522029876709
292.1 55.7483940124512
292.2 17.2851905822754
292.9 34.9916076660156
293.0 566.0634765625
293.9 58.1385955810547
294.0 159.463638305664
294.2 5.58504629135132
295.0 1173.90747070313
295.1 1490.24963378906
296.0 852.337280273438
296.1 1317.67236328125
296.9 217.864501953125
297.1 358.714294433594
297.5 8.07835483551025
297.6 12.8054971694946
297.8 26.0841789245605
298.0 129.34944152832
298.1 27.277624130249
298.2 12.871376991272
298.6 9.87288665771484
298.7 17.7024421691895
298.8 80.5023880004883
299.0 14.3793001174927
299.8 5.38319730758667
300.0 27.842960357666
300.1 5.98852300643921
300.8 28.7452697753906
301.0 89.2438659667969
301.2 3.80942535400391
301.9 23.0578594207764
302.0 7.02511405944824
302.1 5.60030841827393
302.8 4.39680480957031
303.0 333.513732910156
303.2 169.310287475586
304.0 122.071746826172
304.1 507.711059570313
304.4 11.0175666809082
304.8 39.7980690002441
305.0 56.8787841796875
305.1 128.085510253906
305.2 79.5208053588867
305.9 17.2815399169922
306.1 14.706859588623
306.7 13.5148983001709
306.8 16.495002746582
306.9 38.7457847595215
307.0 63.405345916748
307.2 28.7430000305176
307.8 11.8011665344238
307.9 4.54590034484863
308.0 26.3036193847656
308.1 16.9539680480957
308.9 19.8819446563721
309.1 22.7575397491455
309.2 12.1107816696167
310.2 6.92781352996826
310.8 84.1058959960938
311.0 28.1022262573242
311.1 0.109306335449219
312.0 18.1709976196289
312.1 19.4705066680908
312.2 21.4747791290283
313.1 6772.32373046875
313.2 2454.84936523438
314.0 154.600982666016
314.1 1465.59057617188
314.2 211.249572753906
314.9 58.3491477966309
315.0 144.310653686523
315.1 113.439872741699
315.2 45.3676834106445
316.1 104.789031982422
316.2 161.082595825195
316.3 67.8337020874023
317.0 96.1057434082031
317.2 731.90234375
317.3 93.2798004150391
317.9 6.06784152984619
318.1 138.581359863281
318.1 200.452987670898
318.2 39.2032585144043
318.8 10.9181976318359
319.0 39.6696090698242
319.1 35.7166862487793
320.1 7.10829734802246
320.8 6.23083829879761
320.9 25.2701473236084
321.0 119.129356384277
321.1 151.658645629883
321.3 21.1529808044434
321.9 20.3071098327637
322.0 15.2516307830811
322.2 24.2661762237549
323.2 2.26162648200989
323.8 4.76618528366089
324.9 11.9575452804565
325.1 5.32682514190674
326.7 8.53549861907959
327.0 27.4453144073486
327.2 11.5846405029297
328.8 5.20477485656738
328.9 12.8917617797852
329.0 2.71527624130249
329.2 4.18508291244507
330.1 16.0058097839355
330.9 6.27368116378784
331.0 54.7766418457031
331.2 50.6854515075684
331.8 10.5026569366455
332.0 32.9145317077637
332.1 14.9738960266113
332.2 27.0218124389648
332.3 14.6402997970581
332.9 12.265814781189
333.0 29.3332614898682
333.1 2.90267419815063
334.8 20.6773414611816
335.0 8.56983184814453
336.8 4.42810153961182
338.1 15.6858215332031
338.7 6.84248542785645
338.9 4.99829053878784
340.0 24.301586151123
341.0 27.2214870452881
341.2 16.7214393615723
341.9 5.87058925628662
342.0 44.4281616210938
342.2 237.365127563477
342.3 53.8890037536621
342.9 52.2690925598145
343.1 134.457061767578
343.2 83.9996337890625
343.3 30.9977722167969
343.9 10.5658588409424
344.2 34.6274528503418
344.3 12.3928632736206
344.9 25.1244964599609
345.0 7.96908378601074
346.8 0.524014949798584
348.7 14.108715057373
348.8 42.5817413330078
349.0 39.1987495422363
349.7 5.03660297393799
349.8 5.35113906860352
349.9 5.42873811721802
350.6 4.81975650787354
350.8 4.94464445114136
351.0 12.3641529083252
351.1 10.7595729827881
352.6 19.5146083831787
352.8 32.2556533813477
353.4 4.30257797241211
353.9 12.3099241256714
354.0 57.2755393981934
354.9 29.6591968536377
355.1 23.4647045135498
355.2 13.4353275299072
356.1 17.974422454834
356.5 4.6122522354126
356.7 6.05305290222168
357.0 59.7786483764648
357.1 32.0596313476563
357.3 4.4102635383606
357.9 9.30795574188232
358.0 29.0933399200439
358.1 281.552032470703
358.2 394.057891845703
358.9 5.94467163085938
359.2 2306.92895507813
360.2 96711.2890625
361.2 25362.923828125
362.2 2754.37426757813
362.3 694.2998046875
363.0 5.12754392623901
363.1 187.894577026367
363.2 179.307723999023
364.1 12.0093059539795
366.9 9.22855567932129
367.1 18.8726444244385
367.9 9.4389476776123
368.1 19.1778659820557
369.0 12.7099885940552
369.1 13.4053726196289
370.0 28.5952453613281
370.2 34.4369430541992
370.6 4.36789083480835
370.9 48.0009536743164
371.1 73.0035171508789
371.2 11.1677570343018
371.3 6.48825645446777
371.6 10.256537437439
372.1 4.70601415634155
375.1 4.40752172470093
383.2 5.59039878845215
383.9 10.2379503250122
384.1 60.5823783874512
384.2 5.2494535446167
385.0 22.1231784820557
385.1 28.4056015014648
385.2 41.3265380859375
386.0 61.3324661254883
386.1 225.917556762695
386.2 247.808807373047
386.3 57.7710838317871
387.1 122.449371337891
387.1 691.745849609375
387.2 383.947906494141
388.0 111.273002624512
388.2 193.793029785156
388.4 25.3576965332031
389.0 5.73044300079346
389.1 18.8484382629395
389.4 5.85629367828369
400.8 1.76844906806946
401.1 16.8832321166992
402.1 17.3764686584473
403.0 28.0836486816406
403.2 30.8868637084961
404.2 395.997222900391
404.2 1648.87841796875
404.3 258.729614257813
404.9 14.0841102600098
405.1 91.0028762817383
405.2 294.747283935547
405.3 326.774200439453
405.4 19.0347423553467
406.0 9.89028072357178
406.1 27.2501220703125
406.2 32.5128631591797
406.4 5.13767957687378
408.8 2.66872453689575
409.0 4.41806173324585
424.9 5.42892932891846
523.0 4.88772010803223
