#"+EI Scan (rt: 10.256-10.506 min, 44 scans) CM3-MIX7-9.D  Subtract "
#Point,X(Thompsons),Y(Counts)
40.0 7.41037940979004
40.1 91.0842208862305
40.9 52.3565673828125
41.0 180.077423095703
41.1 152.222381591797
41.9 14.0228338241577
42.1 2.89079856872559
42.9 6.57179594039917
43.0 12.8962316513062
43.1 24.6255779266357
43.9 1.25562644004822
44.0 295.110961914063
44.8 5.16786289215088
44.9 56.0553665161133
45.1 24.0554885864258
45.3 4.76827383041382
46.0 6.163893699646
47.0 83.9231796264648
48.9 65.8669509887695
49.1 47.8473968505859
49.3 8.4604024887085
50.0 277.228820800781
50.0 1350.05700683594
51.0 422.150909423828
51.1 2427.67211914063
52.0 379.411682128906
52.1 259.228759765625
52.9 31.0989208221436
53.0 237.825592041016
53.1 154.037979125977
54.0 2.93800473213196
54.1 8.64189434051514
54.2 14.3505039215088
54.8 18.164831161499
55.0 33.9147872924805
55.2 51.0442276000977
55.8 17.879581451416
55.9 36.8784294128418
56.0 93.3472290039063
56.1 33.6263732910156
57.0 1581.18029785156
57.1 1539.80078125
57.8 8.61544322967529
57.9 86.5955200195313
58.0 134.031829833984
58.2 79.4107131958008
58.3 17.0684280395508
59.0 3103.04956054688
59.9 84.4500274658203
60.0 37.2346420288086
60.1 72.6280059814453
60.8 4.93057870864868
61.0 353.975433349609
61.1 347.79296875
61.3 10.3532037734985
62.0 4830.34423828125
63.0 11841.3505859375
64.0 1233.79833984375
64.1 907.956359863281
65.0 5339.59814453125
65.8 15.3887128829956
66.0 283.479675292969
66.1 146.288940429688
66.8 4.51147556304932
67.0 18.863410949707
67.1 9.24136734008789
67.8 4.51166915893555
68.0 85.5842819213867
68.1 12.0588436126709
68.9 265.485015869141
69.1 33.2231292724609
69.8 4.86088180541992
70.0 239.440734863281
70.1 116.228889465332
70.8 6.98399829864502
70.9 21.1100044250488
71.1 23.084602355957
71.2 22.7757930755615
71.3 5.56028175354004
71.8 20.8126621246338
72.0 47.0237922668457
72.2 16.2544021606445
73.0 811.367065429688
74.0 2632.15576171875
75.0 6743.296875
75.9 102.052116394043
76.0 2248.0986328125
76.1 543.559204101563
77.0 4199.2001953125
78.0 1278.89318847656
78.9 66.1520843505859
79.0 244.163024902344
79.7 16.4444026947021
79.9 20.9658393859863
80.0 71.1227874755859
80.1 15.6207275390625
80.2 20.2375297546387
81.0 2269.39086914063
81.9 57.1159400939941
82.1 413.159637451172
82.1 605.180725097656
82.2 126.460083007813
83.0 40656.45703125
84.0 2342.68334960938
84.9 218.798706054688
85.0 253.189376831055
85.1 3.27272367477417
86.0 846.906311035156
86.0 918.989685058594
86.1 36.2565231323242
87.0 4684.30126953125
88.0 10342.5693359375
89.0 23757.140625
90.0 1042.99255371094
90.0 1641.82934570313
90.8 11.7087669372559
90.9 111.729286193848
91.1 334.177398681641
91.7 20.1268081665039
91.9 17.4290618896484
92.1 24.133321762085
92.9 99.8703079223633
93.0 43.3616790771484
93.8 28.9893054962158
93.9 176.850570678711
94.1 160.891189575195
94.9 213.957855224609
95.0 470.092163085938
95.1 26.5232315063477
95.9 57.722412109375
96.0 387.448486328125
96.1 156.282211303711
96.8 82.4630737304688
97.0 138.424423217773
97.1 88.3363342285156
97.9 377.805633544922
98.1 227.825668334961
98.2 20.9075717926025
98.7 20.1488590240479
98.9 60.1419715881348
99.0 454.040100097656
99.1 104.312347412109
99.7 11.9684734344482
99.8 35.2088584899902
99.9 172.982162475586
100.1 379.914245605469
100.3 10.9730997085571
100.9 56.8707733154297
101.0 4628.65185546875
101.9 462.614135742188
102.0 2364.3232421875
102.7 16.7206726074219
102.9 125.346626281738
103.0 458.674133300781
103.1 127.908081054688
103.7 3.67064046859741
103.9 94.953239440918
104.0 64.1983642578125
104.2 12.1183462142944
104.8 88.1601715087891
105.0 178.31184387207
105.1 64.5860900878906
105.3 14.4991474151611
105.6 44.5874328613281
105.8 58.1809692382813
106.0 179.719573974609
106.1 112.106643676758
106.2 38.8868980407715
107.0 8411.443359375
108.2 7313.6142578125
108.3 2109.16088867188
109.0 495958.75
110.0 38484.328125
111.0 1318.73974609375
111.1 455.199035644531
111.3 6.42062854766846
111.8 59.4998016357422
111.9 77.8254623413086
112.0 82.5620269775391
112.1 151.182083129883
112.3 20.9640598297119
113.0 6596.9384765625
113.1 66.0735931396484
114.1 17741.201171875
115.0 144279.984375
116.0 16049.9462890625
117.0 842.961730957031
117.1 259.486480712891
117.8 8.03556632995605
118.0 93.3388061523438
118.1 41.1181373596191
118.2 9.68822956085205
118.9 75.1726989746094
119.0 41.7640838623047
119.1 24.0082626342773
119.8 18.4827156066895
119.9 97.5418243408203
120.0 144.107772827148
120.1 37.2651252746582
120.3 2.61289548873901
120.8 43.7815017700195
121.0 98.4979934692383
121.1 156.948333740234
121.3 12.6376934051514
121.8 88.889533996582
121.9 97.2496795654297
122.1 153.786804199219
122.7 16.7523288726807
122.8 3.24003219604492
122.9 109.605842590332
123.1 106.882827758789
123.8 22.0390930175781
124.0 28.6035900115967
124.2 45.6738510131836
124.7 6.79446411132813
124.9 85.5011749267578
125.0 332.9501953125
125.1 29.0395393371582
125.9 76.5868682861328
126.0 2015.23059082031
127.0 2412.03979492188
127.1 633.452941894531
128.0 4151.2978515625
129.0 1434.93139648438
129.1 60.3228492736816
129.9 55.1754302978516
130.0 158.075576782227
130.1 61.5481986999512
130.8 39.9027557373047
130.9 73.8126068115234
131.0 45.2507286071777
131.2 4.98507022857666
131.8 19.63645362854
131.9 38.1412506103516
132.1 55.8039817810059
132.2 7.4312744140625
133.0 323.249420166016
133.1 184.899429321289
133.9 54.0379447937012
134.0 82.6218566894531
134.1 48.493782043457
134.7 5.74657154083252
134.9 128.230590820313
135.0 102.868759155273
135.1 63.4593772888184
135.6 1.7452187538147
135.9 1.35177230834961
136.1 49.0909271240234
136.2 31.5623073577881
137.0 3344.025390625
138.0 630.655090332031
138.8 56.4286231994629
139.0 261.427185058594
139.6 2.91915059089661
139.8 21.2279434204102
139.9 88.6018829345703
140.0 107.079521179199
140.1 17.8741931915283
140.3 6.35962963104248
140.9 267.978942871094
141.0 68.9199752807617
141.3 18.8564472198486
141.9 77.1898727416992
142.1 480.722595214844
142.2 634.282531738281
143.0 58724
144.0 8963.6376953125
145.0 541.667114257813
145.1 406.235229492188
145.1 64.5075912475586
145.9 65.8732528686523
146.0 174.929306030273
146.1 132.843948364258
146.9 100.556167602539
147.0 55.9869079589844
147.1 16.8961200714111
147.8 2.68337917327881
148.0 4.01527404785156
148.1 7.40088701248169
148.9 32.6944885253906
149.0 246.388916015625
149.1 37.3918838500977
149.8 43.046817779541
149.9 246.467666625977
150.1 209.862899780273
150.6 3.38354921340942
151.0 199.05061340332
151.0 504.596710205078
151.1 44.9692649841309
151.8 74.6233367919922
152.0 189.213195800781
152.1 46.76611328125
152.9 106.280784606934
153.0 184.563613891602
153.1 2.82456684112549
153.9 35.7154922485352
154.0 37.451416015625
155.0 597.295349121094
155.8 21.6379852294922
156.0 292.765563964844
156.0 289.116363525391
157.0 518.082458496094
157.0 81.0344543457031
157.1 20.9625720977783
157.7 3.80278253555298
157.9 70.7203063964844
158.0 169.959533691406
158.1 47.2307167053223
159.0 1017.63677978516
159.7 13.6372547149658
159.8 4.46651840209961
160.0 154.301635742188
160.9 180.910278320313
161.0 6.271484375
161.1 29.5014686584473
161.7 3.91599059104919
162.0 27.7428455352783
162.1 17.9908981323242
162.8 16.9087677001953
162.9 298.431274414063
163.8 22.6310749053955
163.9 89.7566680908203
164.0 87.203742980957
164.8 93.5837173461914
165.0 93.8283462524414
165.1 23.4277744293213
165.9 20.0690460205078
166.1 8.09531307220459
166.6 0.429893255233765
166.9 185.785659790039
167.0 139.067413330078
167.1 12.9799718856812
167.9 203.088470458984
168.0 276.357269287109
168.1 149.379119873047
168.8 12.5857524871826
168.9 324.869506835938
169.0 293.991851806641
169.1 365.363494873047
169.9 257.418060302734
170.0 854.256286621094
170.8 31.9186592102051
170.9 240.267639160156
171.0 118.950332641602
172.0 27.7741088867188
172.1 51.1469764709473
172.7 19.8721542358398
172.9 33.1635665893555
173.1 46.4882698059082
173.8 6.50437498092651
173.9 212.841918945313
174.0 191.325531005859
174.1 70.6153717041016
174.7 7.5995020866394
174.8 25.5582160949707
175.0 546.7470703125
175.0 963.675476074219
175.1 185.672760009766
175.4 10.1391735076904
175.9 82.9439239501953
176.0 906.99169921875
176.1 413.513702392578
176.9 98.3869171142578
177.1 543.852783203125
177.7 10.9970607757568
177.9 135.140472412109
178.0 96.275032043457
178.8 11.9684524536133
178.9 42.9231414794922
179.1 30.8197002410889
179.8 4.20267105102539
179.9 37.9682464599609
180.1 23.7635288238525
180.8 118.230690002441
181.0 106.024993896484
181.1 72.6071014404297
181.8 29.9033355712891
181.9 82.392578125
182.0 94.6312255859375
182.2 36.1588554382324
182.8 79.5166931152344
183.0 193.572509765625
183.1 70.5786590576172
183.8 31.1501884460449
184.0 47.4687080383301
184.1 10.954776763916
184.9 111.108337402344
185.0 79.3059844970703
185.3 6.25865983963013
185.7 11.9257755279541
185.8 7.5966625213623
186.0 17.7464866638184
186.9 135.948806762695
187.0 84.974006652832
187.1 7.64124488830566
187.6 4.7106556892395
187.8 24.2678031921387
188.0 70.0759353637695
188.7 42.2187461853027
188.8 88.1515426635742
189.0 74.8820724487305
189.1 58.326602935791
189.9 43.2156448364258
190.0 55.8484840393066
190.1 55.4631996154785
190.9 201.787933349609
191.0 43.9792022705078
191.6 6.47764539718628
191.8 30.2405738830566
191.9 98.310546875
192.0 96.7762756347656
192.8 24.8536186218262
192.9 107.940200805664
193.0 315.8359375
193.9 252.120361328125
194.0 2292.43579101563
195.0 1738.90405273438
195.9 70.9462661743164
196.0 1242.01501464844
196.1 846.207702636719
197.0 560.42626953125
197.1 78.2257537841797
197.8 10.5637178421021
197.9 66.39306640625
198.0 90.3264236450195
198.1 92.8088150024414
198.9 92.6435852050781
199.0 216.524993896484
199.1 9.20051383972168
199.8 4.79550647735596
199.9 171.496368408203
200.0 448.020965576172
200.1 124.928771972656
200.6 6.96139144897461
201.0 479.344482421875
201.0 1214.42614746094
201.9 8.9987678527832
202.0 1132.36706542969
202.1 1003.57733154297
202.2 9.49909782409668
202.9 131.971664428711
203.0 836.6044921875
203.1 285.630981445313
203.7 4.79331159591675
203.8 6.45920610427856
203.9 79.5769577026367
204.1 1453.77856445313
204.8 79.1848907470703
205.0 134.252975463867
205.1 132.432144165039
205.2 23.5778923034668
205.8 21.3306350708008
205.9 12.4699840545654
206.0 24.040620803833
206.1 4.51136302947998
206.2 5.62116003036499
207.0 424.062255859375
207.8 14.3760318756104
207.9 76.3906707763672
208.0 222.927062988281
208.1 66.6900482177734
208.8 51.5246772766113
208.9 50.5448455810547
209.1 84.9416351318359
209.2 5.32866716384888
209.8 3.94452476501465
210.0 28.1239433288574
211.0 1100.68273925781
211.7 32.6143341064453
212.0 154.048721313477
212.1 0.550125122070313
212.8 41.4735794067383
213.0 121.9921875
213.1 164.435119628906
213.3 3.60750436782837
213.8 73.8458862304688
213.9 55.0312690734863
214.1 76.0886459350586
215.0 2071.4267578125
216.0 479.730834960938
216.0 93.8075408935547
217.0 374.3134765625
217.9 109.649459838867
218.1 66.125129699707
219.0 829.388854980469
219.9 206.327133178711
220.0 719.034851074219
220.1 160.347061157227
221.0 470.386108398438
221.0 2237.13110351563
221.1 798.661315917969
222.0 1868.24853515625
222.1 12535.607421875
223.0 1533.72607421875
223.1 2827.18579101563
224.1 5849.11181640625
225.0 552.005859375
225.1 881.260864257813
225.2 34.4109230041504
225.7 7.01966571807861
225.9 40.1853981018066
226.1 130.223068237305
226.1 98.9942321777344
226.3 10.6578102111816
226.9 102.0927734375
227.0 283.240844726563
227.1 71.9551773071289
227.3 3.54348254203796
228.0 313.221130371094
228.1 392.678955078125
228.3 4.71391487121582
228.7 4.34898519515991
229.0 383.762512207031
229.1 100.529983520508
229.9 69.7886428833008
230.0 313.545806884766
230.1 258.937042236328
230.2 28.3180294036865
230.8 9.86715030670166
230.9 45.8785629272461
231.0 183.390914916992
231.1 69.4047470092773
231.1 66.3324127197266
231.5 2.20933651924133
231.8 10.3540229797363
231.9 46.6345481872559
232.0 61.4522743225098
232.3 9.57182884216309
233.0 1573.66430664063
234.0 520.752136230469
234.1 3.34835052490234
234.9 158.651870727539
235.0 134.60124206543
235.8 2.74335837364197
236.0 23.8103675842285
236.1 22.9347763061523
236.9 1536.77575683594
237.9 221.302581787109
238.0 98.5179290771484
238.2 2.601233959198
238.6 4.79644727706909
238.9 163.554840087891
239.0 55.2863159179688
239.8 58.9392356872559
240.0 163.19580078125
240.1 102.106132507324
240.5 5.79897403717041
240.8 22.8147850036621
240.9 268.570190429688
241.1 79.973518371582
241.2 21.0529594421387
241.7 16.1342182159424
241.9 81.5781936645508
242.1 92.2493286132813
242.2 8.94075393676758
242.7 17.2833461761475
242.9 83.8131713867188
243.1 36.0183486938477
243.6 6.25022888183594
243.7 3.87300086021423
243.9 27.4438953399658
244.0 14.2817783355713
244.2 38.2742805480957
244.4 18.888708114624
244.5 12.9943904876709
244.7 28.366340637207
244.8 35.7866821289063
245.0 71.7602386474609
245.1 42.7488784790039
245.6 23.6070671081543
245.8 6.65112781524658
245.8 15.2540435791016
246.0 54.5947647094727
246.1 41.4305458068848
246.2 27.3493537902832
246.3 22.3951683044434
246.5 49.2910652160645
246.7 58.7022247314453
246.8 60.0338134765625
247.0 98.3103790283203
247.1 42.0569496154785
247.3 62.4680633544922
247.5 46.7994003295898
247.7 97.0321044921875
247.9 48.3418121337891
248.0 89.623420715332
248.1 68.7180404663086
248.2 66.5616989135742
248.4 51.0762176513672
248.6 78.7210922241211
248.7 38.1497039794922
248.7 58.4406433105469
248.8 72.8774642944336
248.9 117.146293640137
249.0 198.53923034668
249.2 141.023727416992
249.3 38.2819213867188
250.0 768.672424316406
250.1 2773.95141601563
251.0 547.757934570313
251.1 2820.13916015625
252.1 382846.40625
253.1 68830.6796875
254.1 6706.416015625
254.9 268.808837890625
255.1 233.500091552734
255.2 87.1884460449219
255.9 66.4704055786133
256.0 131.820831298828
256.1 151.213317871094
256.3 9.59232330322266
256.7 18.8735103607178
256.8 42.8506126403809
256.9 121.652534484863
257.1 146.213272094727
257.8 10.4285945892334
258.0 184.191772460938
258.1 998.113830566406
258.9 81.3188018798828
259.0 257.827941894531
259.1 11.8854475021362
259.3 5.98063182830811
260.0 19.4602794647217
260.2 4.33013200759888
261.0 9.99621295928955
261.8 3.59673523902893
265.0 0.328877925872803
265.9 11.2248725891113
266.1 5.71416807174683
266.7 13.2247667312622
266.9 20.1497611999512
267.1 26.2762622833252
268.1 13.7003698348999
268.8 8.33494091033936
268.9 4.69366455078125
269.0 77.6193084716797
269.1 72.6810913085938
269.7 23.2171573638916
269.9 71.2256851196289
270.1 49.6851234436035
270.2 15.4391870498657
270.7 3.90428733825684
270.8 15.8798198699951
271.0 131.822113037109
271.1 83.4680557250977
271.6 5.30266237258911
271.9 27.3049697875977
272.1 20.2883415222168
272.2 3.9462366104126
272.6 4.87910461425781
272.9 24.9913177490234
273.0 30.1289596557617
273.1 51.1372718811035
273.7 4.35650062561035
273.8 7.93753862380981
273.9 30.5883979797363
274.7 34.5806350708008
274.8 47.8848304748535
274.9 71.6039428710938
275.9 31.8694972991943
276.7 52.2485122680664
276.8 35.3633766174316
277.0 18.6991291046143
277.1 8.80319023132324
277.9 0.382855772972107
278.8 8.1407413482666
278.9 24.1285381317139
279.0 0.52519416809082
279.8 9.12356662750244
280.7 5.15242195129395
280.8 32.3329849243164
281.0 38.8800506591797
282.0 11.6344480514526
282.9 22.757345199585
283.1 6.77467060089111
284.1 18.7428359985352
284.9 145.176666259766
285.0 234.509033203125
285.2 3.3643593788147
285.7 3.94461154937744
285.9 219.379440307617
286.1 128.547027587891
286.3 7.49768877029419
286.8 20.0609359741211
287.0 41.9913368225098
287.1 43.2221603393555
287.3 6.11558628082275
287.8 4.25540733337402
288.2 5.31602764129639
288.9 184.16682434082
289.1 158.724182128906
289.7 1.81563138961792
289.8 69.1616821289063
290.1 50.026496887207
290.8 38.4702072143555
290.9 46.6425247192383
291.2 5.37032699584961
291.9 18.7755661010742
292.1 6.67439746856689
292.9 347.445037841797
293.0 71.9787445068359
293.6 9.66982173919678
293.9 131.387268066406
294.8 27.0956802368164
295.0 96.6555023193359
295.9 12.8725938796997
296.9 44.961311340332
297.0 73.3380889892578
297.7 7.9049129486084
297.8 21.2355003356934
297.9 13.1291341781616
298.7 3.89338898658752
299.1 19.8323287963867
299.2 3.72715854644775
300.8 8.43024158477783
300.9 2.52321839332581
301.0 2.90855312347412
302.1 3.90851306915283
303.0 30.3830394744873
303.3 3.24293971061707
305.0 14.0689764022827
306.8 1.53733348846436
306.9 30.374870300293
307.1 5.68107938766479
309.1 4.68137693405151
310.8 1.43705582618713
310.9 26.0692653656006
311.1 22.9440879821777
311.2 3.5380003452301
312.0 2.3187792301178
315.0 15.0769853591919
316.0 4.91875123977661
319.0 4.33834648132324
319.1 3.31321954727173
323.2 4.7706151008606
323.9 3.51817727088928
327.1 4.36630487442017
328.8 4.44505596160889
328.9 13.0302696228027
330.7 11.0682744979858
330.9 2.01824641227722
332.8 4.27789068222046
333.0 8.88906478881836
334.0 17.5646839141846
334.2 10.1537084579468
334.9 11.4892711639404
335.4 5.04447793960571
341.0 3.48029685020447
345.1 4.15001630783081
347.1 4.47888612747192
347.8 3.59160590171814
348.8 23.2400341033936
348.9 15.7639532089233
349.1 11.5922708511353
349.3 3.6222288608551
349.9 9.37619113922119
350.0 20.2646102905273
350.9 5.86357736587524
351.0 4.03964042663574
351.1 3.84600901603699
352.8 14.8902196884155
356.9 2.65412163734436
361.0 4.88090705871582
362.0 26.8844909667969
363.0 4.40186309814453
363.2 3.73085427284241
364.1 3.67143535614014
366.1 9.25046634674072
367.0 17.4334335327148
367.1 11.4868335723877
368.3 3.52682399749756
371.0 4.08169984817505
375.2 2.35658502578735
379.0 24.636137008667
379.2 10.5568704605103
379.3 11.9010648727417
393.9 31.8803024291992
394.0 46.7163734436035
394.2 27.3187503814697
395.0 38.4136085510254
395.1 503.266235351563
395.2 626.847595214844
395.2 133.262969970703
395.9 9.33963298797607
396.0 157.11279296875
396.1 125.7001953125
396.3 30.2822208404541
396.4 14.5686006546021
396.9 10.9562673568726
397.0 5.23904132843018
400.9 4.02301645278931
401.0 17.0892333984375
401.2 11.6397743225098
402.4 4.09176063537598
