#"+EI Scan (rt: 10.250-10.500 min, 44 scans) CM3-MIX7-8.D  Subtract "
#Point,X(Thompsons),Y(Counts)
40.1 111.88005065918
40.9 18.0455913543701
41.0 128.823822021484
41.1 175.365310668945
42.0 22.0081806182861
42.1 4.1800708770752
42.4 8.50178909301758
42.9 25.6189880371094
43.0 16.6553955078125
44.0 250.883682250977
45.0 87.5956878662109
45.1 33.5085601806641
46.0 4.92170143127441
46.1 11.7635078430176
46.9 17.8933296203613
47.0 42.5393447875977
48.8 24.5964031219482
49.0 30.1916065216064
49.1 28.6754131317139
49.9 28.5341567993164
50.0 1107.19775390625
50.1 482.129760742188
51.0 308.648071289063
51.0 2217.61083984375
52.0 195.739166259766
52.1 393.935150146484
52.7 7.52645683288574
52.9 99.562858581543
53.0 123.836235046387
53.1 110.573211669922
53.9 9.43606376647949
54.0 19.7862319946289
54.2 1.32405519485474
54.5 4.22942399978638
54.9 21.0545806884766
55.0 34.9045639038086
55.1 47.4703712463379
55.9 38.3125267028809
56.0 32.2981147766113
56.1 57.8621063232422
56.2 4.26708698272705
57.0 2962.31103515625
57.8 88.4163284301758
57.9 38.2254028320313
58.0 78.5014190673828
58.2 95.5627822875977
58.3 7.6810564994812
59.0 3267.10424804688
59.8 20.7404727935791
59.9 7.30692291259766
60.0 66.2499084472656
60.1 50.6152038574219
60.9 192.953750610352
61.0 328.173614501953
61.1 116.914726257324
62.0 3253.14135742188
62.1 1493.39892578125
63.0 11406.7529296875
64.0 701.390686035156
64.1 1457.05297851563
65.0 614.545288085938
65.1 4627.38232421875
65.9 177.68977355957
66.0 120.689949035645
66.1 114.022850036621
66.9 9.44127082824707
67.0 32.1145095825195
67.2 0.795496463775635
67.9 52.7171401977539
68.1 30.9823970794678
68.8 10.5394134521484
68.9 21.1130981445313
69.0 245.51708984375
69.1 10.2040252685547
69.7 6.69028186798096
69.9 76.6529388427734
70.0 174.914413452148
70.1 55.582706451416
70.9 14.9395837783813
71.0 40.017707824707
71.1 43.1411781311035
71.3 6.78409147262573
71.8 8.60505676269531
72.0 21.8631820678711
72.1 56.6876182556152
72.3 0.873812913894653
73.0 1113.99243164063
74.0 848.666809082031
74.0 1771.14770507813
75.0 6483.21240234375
76.0 1934.00732421875
76.1 749.783081054688
77.0 4237.39111328125
78.0 1278.66345214844
79.0 100.748626708984
79.1 196.894134521484
79.9 76.4322128295898
80.0 75.4735260009766
80.1 18.4221973419189
81.0 1054.05017089844
81.0 703.515197753906
82.0 235.299499511719
82.1 831.964477539063
82.3 40.8550643920898
83.0 39430.703125
83.8 3.72456359863281
84.0 806.585021972656
84.1 1344.21166992188
84.1 94.1449661254883
84.9 150.903167724609
85.0 183.291168212891
85.1 161.161804199219
85.2 15.2433662414551
85.8 29.4571475982666
86.0 1021.39233398438
86.1 688.791320800781
87.0 4596.76513671875
88.0 204.504806518555
88.0 9826.50390625
89.0 23240.17578125
90.0 1000.08209228516
90.1 1485.95788574219
90.9 41.9304428100586
91.0 260.974395751953
91.1 117.420417785645
91.8 21.6032962799072
92.0 5.24912118911743
92.1 8.72253036499023
93.0 157.076934814453
93.1 29.2623291015625
93.9 93.2106399536133
94.0 172.283767700195
94.1 55.4056625366211
94.3 3.93397545814514
94.6 4.73809957504272
95.0 172.559814453125
95.0 464.323486328125
95.2 43.1163711547852
95.7 2.02226400375366
95.8 24.8850059509277
96.0 357.284484863281
96.1 182.240539550781
96.2 25.0799751281738
96.9 57.2310028076172
97.0 119.51490020752
97.1 101.956008911133
97.2 1.67727899551392
97.3 2.930983543396
97.8 16.6103782653809
98.0 385.313293457031
98.1 130.558441162109
98.9 122.877067565918
99.0 311.029174804688
99.1 204.329727172852
99.8 16.4639492034912
99.9 127.973213195801
100.0 269.837554931641
100.1 177.667251586914
100.3 3.84598159790039
100.9 32.0781517028809
101.0 2146.640625
101.1 2440.40454101563
101.9 52.1105003356934
102.0 2676.50244140625
102.2 10.1949424743652
103.0 364.710815429688
103.1 380.443634033203
103.7 8.841872215271
103.8 66.0595321655273
104.0 68.2414016723633
104.1 71.8470306396484
104.3 4.87750625610352
104.4 5.09827280044556
104.6 9.59938907623291
104.7 9.03304100036621
104.8 78.9764022827148
105.0 87.3698654174805
105.1 96.7256698608398
105.2 73.4065551757813
105.4 28.6149291992188
105.6 40.6853485107422
105.8 16.4207439422607
105.9 72.6273193359375
106.0 160.375946044922
106.2 126.523658752441
106.4 10.1428747177124
107.0 7925.09228515625
107.1 256.708984375
108.2 8725.93359375
109.0 486526.09375
110.0 37296.875
110.9 310.456665039063
111.1 1409.75048828125
111.8 63.2713890075684
111.9 62.7585792541504
112.1 64.4718475341797
112.2 103.949020385742
112.3 29.6653137207031
113.0 6362.05224609375
114.1 17349.111328125
115.1 139651.09375
116.1 15741.5751953125
117.0 312.45947265625
117.1 725.124694824219
117.9 63.4793510437012
118.0 84.524055480957
118.2 13.0065908432007
118.4 3.74573922157288
118.7 8.9094820022583
118.9 17.1450386047363
119.0 109.029655456543
119.1 15.8667240142822
119.7 29.4060249328613
119.9 68.6404418945313
120.1 189.707534790039
120.1 30.2122993469238
120.7 3.94787836074829
120.9 107.113220214844
121.0 136.323181152344
121.2 13.1485757827759
121.9 78.9709548950195
122.0 194.829742431641
122.1 44.5045166015625
122.6 4.61347913742065
122.8 16.7895317077637
122.9 134.428237915039
123.0 119.410873413086
123.7 3.65293598175049
123.8 6.87204885482788
124.0 16.5173263549805
124.1 33.5015029907227
124.4 7.59056901931763
124.5 10.3108806610107
124.6 22.0030136108398
124.9 103.454360961914
125.0 345.175476074219
125.1 69.8263702392578
125.2 10.4462776184082
125.8 13.1941776275635
126.0 1208.04760742188
126.1 817.256408691406
127.0 210.139495849609
127.0 2887.34741210938
128.0 3777.86352539063
128.1 209.448379516602
129.0 822.728515625
129.1 720.587463378906
129.9 89.4610366821289
130.0 244.351959228516
130.1 48.5145225524902
130.7 11.2956857681274
130.9 92.3034515380859
131.0 118.308479309082
131.7 4.30197858810425
131.9 88.4399032592773
132.1 17.2518501281738
132.3 4.03338146209717
132.8 63.9132995605469
132.9 212.844665527344
133.0 184.356521606445
133.2 19.6215515136719
133.8 20.9003372192383
133.9 90.0215377807617
134.1 119.65007019043
134.5 5.7530574798584
134.9 151.380554199219
135.1 112.022514343262
135.6 11.4378061294556
135.8 9.43468284606934
136.1 124.262115478516
136.2 45.7921600341797
137.0 3613.0576171875
138.0 18.9255676269531
138.0 446.440307617188
138.7 7.96685314178467
139.0 438.158569335938
139.7 20.7039108276367
139.9 24.5528202056885
140.0 51.8453979492188
140.1 118.283966064453
140.3 24.8021011352539
141.0 408.727996826172
141.1 131.425506591797
141.6 4.01148796081543
141.8 35.0433654785156
142.0 257.616973876953
142.1 665.786987304688
142.2 129.245956420898
143.0 57692.19140625
144.0 8818.95703125
144.8 37.4950866699219
145.0 775.702575683594
145.1 102.526824951172
145.6 5.06778764724731
145.9 225.095306396484
146.1 144.605667114258
146.2 6.76820373535156
146.7 9.05448341369629
146.9 51.5270309448242
147.0 88.1331939697266
147.5 3.53084659576416
147.9 6.14002275466919
148.1 2.24873685836792
148.2 8.04286193847656
148.8 71.3423919677734
149.0 125.095947265625
149.1 120.203308105469
149.8 41.8630218505859
149.9 66.4922637939453
150.0 233.227203369141
150.1 101.926193237305
150.9 397.745178222656
151.0 237.510040283203
151.7 3.61035180091858
151.9 60.5660858154297
152.0 73.4329833984375
152.1 244.060943603516
152.3 5.31190299987793
152.8 11.7491836547852
152.9 58.4006462097168
153.0 106.780052185059
153.0 16.2420463562012
153.2 1.41476249694824
153.8 21.6979084014893
153.9 38.9014434814453
154.0 19.8415851593018
154.2 10.9549245834351
154.9 232.558242797852
155.0 429.393920898438
155.9 48.0754623413086
156.0 350.997467041016
156.1 105.65845489502
156.3 8.73765659332275
156.9 71.7517852783203
157.0 504.2763671875
157.1 2.84162759780884
157.8 13.8958339691162
157.9 15.9360132217407
158.0 146.095794677734
158.1 63.8634567260742
158.2 4.01039552688599
159.0 473.225219726563
159.0 620.974731445313
159.9 149.861740112305
160.0 68.1885299682617
160.9 121.222946166992
161.0 44.6988754272461
161.7 2.00702857971191
161.9 25.548921585083
162.0 49.9539108276367
162.1 8.85469913482666
162.9 27.5368919372559
163.0 266.775177001953
163.1 6.68412828445435
163.8 16.7282562255859
163.9 87.2220840454102
164.0 114.260444641113
164.8 72.0756607055664
165.0 130.145095825195
165.1 27.798225402832
165.8 8.11463260650635
165.9 22.1719932556152
166.1 5.99819374084473
166.7 39.5739364624023
166.8 49.6146125793457
167.0 97.7334747314453
167.1 27.8730354309082
167.2 7.07850503921509
167.7 11.2711610794067
167.9 356.517150878906
168.0 262.677581787109
168.2 1.32583498954773
168.8 42.6715087890625
169.0 673.5302734375
169.1 191.206527709961
169.2 12.2351016998291
169.8 20.4535350799561
170.0 377.891021728516
170.0 642.047546386719
170.2 23.0425853729248
170.9 216.108978271484
171.1 135.111358642578
171.8 3.91566872596741
171.9 32.0593414306641
172.0 32.2834625244141
172.7 10.3941688537598
172.9 39.3251152038574
173.0 24.8875713348389
173.3 10.2193355560303
173.5 4.05508804321289
173.8 31.5264720916748
174.0 184.434967041016
174.1 262.096069335938
174.8 14.2120084762573
174.9 86.3051376342773
175.0 969.341857910156
175.1 582.593933105469
175.8 7.25531578063965
176.0 404.280944824219
176.0 883.776184082031
176.2 8.09161376953125
176.8 51.8452224731445
176.9 153.279357910156
177.0 229.425155639648
177.1 167.814239501953
177.8 10.3782901763916
177.9 89.9663848876953
178.0 123.072761535645
178.2 27.6120376586914
178.6 3.62914872169495
178.9 74.4848937988281
179.1 28.4311370849609
179.9 38.2509574890137
180.0 35.2691078186035
180.1 4.06697177886963
180.6 7.86372423171997
180.8 2.03180694580078
180.9 129.3857421875
181.0 127.204368591309
181.7 3.42497277259827
181.8 27.1769638061523
181.9 78.0653305053711
182.0 82.7318267822266
182.1 9.46856307983398
182.8 18.315372467041
182.9 164.933502197266
183.1 172.842208862305
183.9 30.6950950622559
184.0 41.965160369873
184.1 25.631908416748
185.0 175.120468139648
185.8 1.81933212280273
186.1 1.91225051879883
186.9 71.4975738525391
187.0 142.660797119141
187.6 5.14346742630005
187.8 13.786358833313
187.9 44.2032585144043
188.1 30.197790145874
188.4 5.50221395492554
188.8 18.5212211608887
188.9 95.864990234375
189.0 92.8812789916992
189.8 5.27587842941284
189.9 3.66822290420532
190.0 100.010749816895
190.1 15.3603830337524
190.2 4.33911943435669
190.7 5.61672592163086
190.9 50.0988082885742
191.0 217.829879760742
191.8 6.27008533477783
191.9 134.859878540039
192.1 81.7845001220703
192.7 8.77046585083008
192.8 120.995140075684
193.0 380.777465820313
194.0 868.682312011719
194.1 1598.29895019531
194.9 259.501953125
195.0 1103.38208007813
195.9 353.471038818359
196.0 675.177429199219
196.1 1000.36541748047
196.1 139.844512939453
196.9 152.416656494141
197.0 428.981231689453
197.1 11.463342666626
197.8 28.2986011505127
197.9 58.7761001586914
198.0 199.116546630859
198.1 16.1861896514893
198.9 154.83642578125
199.0 216.363296508789
199.9 196.061859130859
200.0 336.357818603516
200.1 184.918914794922
201.0 1111.08251953125
201.1 469.058380126953
202.0 1437.66137695313
202.1 694.380676269531
202.9 61.1372680664063
203.0 856.551025390625
203.1 240.331832885742
203.8 24.5406913757324
204.0 198.387390136719
204.1 1375.31079101563
204.9 109.337623596191
205.0 321.070434570313
205.2 21.6678199768066
205.7 3.6517059803009
205.9 42.062126159668
206.1 27.7840156555176
206.8 5.72408676147461
207.1 292.707153320313
207.1 90.7766571044922
207.7 17.3028011322021
207.9 34.8193283081055
208.0 72.2719879150391
208.1 150.371887207031
208.1 40.0612983703613
208.8 8.77445316314697
208.9 49.4636917114258
209.0 118.478736877441
209.2 9.35941696166992
209.5 9.42847919464111
210.0 36.5305786132813
211.0 875.714233398438
212.0 212.166442871094
212.1 102.601707458496
212.6 7.54242563247681
213.0 208.271408081055
213.1 105.004127502441
213.6 7.9995493888855
214.0 127.876907348633
214.1 33.8835220336914
215.0 1977.31787109375
215.9 65.0574569702148
216.0 373.391235351563
217.0 482.572387695313
217.1 121.293479919434
217.7 1.75346088409424
218.0 86.3571166992188
218.1 57.9424057006836
219.0 919.558837890625
219.1 239.438278198242
220.0 408.566375732422
220.1 727.105895996094
220.3 8.95955181121826
221.0 3632.85668945313
222.0 7251.54052734375
222.1 6609.1533203125
223.0 2130.83764648438
223.1 2051.859375
224.0 1445.15295410156
224.1 4499.54638671875
225.0 841.755920410156
225.1 551.968078613281
225.8 11.6461868286133
225.9 19.0264568328857
226.0 235.199508666992
226.1 45.1343612670898
226.7 12.2546787261963
226.9 99.0726470947266
227.0 236.213180541992
227.1 108.186149597168
227.3 9.68248844146729
227.9 104.683784484863
228.0 339.582916259766
228.1 294.668579101563
228.8 6.09655475616455
229.0 269.287902832031
229.1 302.357299804688
229.9 66.7361679077148
230.0 312.933471679688
230.1 245.276870727539
230.3 9.97379684448242
230.8 12.9524745941162
230.9 119.949592590332
231.0 194.436492919922
231.2 49.7560157775879
231.8 2.08008718490601
232.0 146.483276367188
232.2 51.0709342956543
233.0 1374.939453125
233.9 27.2380676269531
234.0 362.137390136719
234.9 157.714935302734
235.0 105.715148925781
235.7 0.871647834777832
235.9 29.0710620880127
236.2 57.5007781982422
237.0 1073.1279296875
238.0 510.352233886719
239.0 206.165618896484
239.1 77.5277862548828
239.8 38.6078186035156
240.0 95.8042984008789
240.1 180.979034423828
240.2 17.2337131500244
241.0 362.821228027344
241.1 80.4795227050781
241.8 53.9824371337891
241.9 37.0823822021484
242.1 79.7087326049805
242.2 14.7017288208008
242.3 8.33878231048584
242.5 5.37819862365723
242.7 29.6417388916016
243.0 28.9543437957764
243.1 50.7769355773926
243.2 23.142972946167
243.7 8.05324459075928
243.9 32.5210418701172
244.0 25.1162128448486
244.2 15.1336517333984
244.4 23.7856559753418
244.6 11.108416557312
244.7 33.4518241882324
244.9 39.498405456543
245.1 47.9615287780762
245.1 30.6778507232666
245.4 34.5830459594727
245.5 4.00120973587036
245.6 22.9816265106201
245.7 50.1354141235352
245.9 24.1357841491699
246.0 42.2400856018066
246.1 31.5584106445313
246.2 55.2511863708496
246.3 6.74662923812866
246.4 24.3270511627197
246.6 28.5205268859863
246.8 60.3400192260742
247.0 90.6296920776367
247.1 50.5062370300293
247.3 57.4123153686523
247.4 16.6527652740479
247.5 53.4450798034668
247.6 6.32784461975098
247.8 101.977119445801
247.9 62.1702995300293
248.1 87.5275573730469
248.2 30.1548480987549
248.3 99.1867141723633
248.5 70.4394454956055
248.7 49.4571762084961
248.8 83.2648620605469
249.0 221.281112670898
249.1 145.094772338867
249.2 70.4915008544922
249.4 29.7866401672363
250.0 2840.69995117188
250.1 785.417419433594
250.9 1.87845325469971
251.1 3375.82299804688
252.1 370263.8125
253.1 66617.734375
254.1 6396.55810546875
254.8 16.7060623168945
254.9 78.873291015625
255.0 242.035400390625
255.1 178.811569213867
255.8 4.16487884521484
255.9 56.4373893737793
256.0 200.755111694336
256.1 70.3755416870117
256.4 7.10332536697388
256.7 0.147429466247559
256.8 61.6731491088867
257.0 112.603912353516
257.1 102.744827270508
257.2 15.9270849227905
257.8 3.39114236831665
258.0 239.604019165039
258.1 758.724365234375
258.1 271.688568115234
258.9 128.013137817383
259.0 102.616989135742
259.1 76.8582916259766
259.2 3.82369017601013
260.0 3.47069406509399
260.2 7.66289043426514
260.8 9.51191997528076
261.0 8.70113658905029
262.9 0.338552951812744
264.7 4.00232887268066
265.9 7.76598072052002
266.1 6.18795585632324
266.7 3.58672046661377
267.0 13.5171165466309
267.2 15.2169580459595
268.1 11.1025476455688
269.0 137.40641784668
269.1 42.143497467041
269.7 2.46041679382324
269.8 10.8750085830688
269.9 114.837127685547
270.1 62.6140632629395
270.7 19.4657192230225
270.9 106.907089233398
271.0 72.2222442626953
271.1 46.5195083618164
271.8 8.09412384033203
272.0 17.6064910888672
272.7 31.7478466033936
272.9 40.8379058837891
273.0 94.0906753540039
273.8 4.77578639984131
274.1 2.52955269813538
274.6 0.367555141448975
274.9 114.763450622559
275.0 8.01915740966797
275.6 3.61803269386292
275.9 24.171329498291
276.6 4.07764863967896
276.9 48.1098251342773
277.0 13.369649887085
277.8 6.9833345413208
277.9 3.55495858192444
278.7 2.11798286437988
278.9 11.8633594512939
279.0 38.2275047302246
279.7 2.81811046600342
279.9 6.20036268234253
280.9 51.2795944213867
281.0 23.4136924743652
281.1 12.4674768447876
281.9 8.12194919586182
282.1 13.5352869033813
282.7 9.50379657745361
283.0 1.87805116176605
284.0 19.2255992889404
284.9 62.5869903564453
285.0 293.163452148438
285.1 92.0436172485352
285.8 9.3667516708374
285.9 55.7598876953125
286.0 241.575119018555
286.1 126.541137695313
286.7 5.0433521270752
286.9 30.9763374328613
287.1 51.3524169921875
288.0 4.94814348220825
288.9 216.422561645508
289.0 151.205184936523
289.7 12.8421945571899
289.9 3.61470031738281
289.9 71.4549407958984
290.7 33.0119590759277
290.9 38.6791915893555
291.0 22.2384033203125
291.8 3.75543594360352
291.9 12.7372369766235
292.0 7.25279378890991
292.2 5.53992795944214
292.8 7.38615036010742
292.9 605.6611328125
294.0 133.479934692383
294.1 18.846378326416
294.7 31.2243690490723
294.8 46.3363800048828
294.9 16.2656478881836
295.0 12.5888023376465
295.9 2.46800804138184
296.7 3.81746292114258
296.8 4.73593139648438
297.0 111.518768310547
297.9 44.2345962524414
298.0 8.97587585449219
298.7 5.1032600402832
298.8 17.4415225982666
298.9 11.5090351104736
299.1 2.37665271759033
300.9 4.11970472335815
301.0 2.00867009162903
302.8 1.8039745092392
302.9 35.7551460266113
303.1 2.89643454551697
303.9 3.46973037719727
304.8 3.06964874267578
305.1 19.1033306121826
306.9 10.911416053772
307.1 34.6116714477539
307.2 5.26657581329346
307.9 3.64138340950012
308.0 8.59497451782227
308.9 4.4234561920166
309.1 4.34651279449463
310.8 6.11679315567017
311.0 31.1146507263184
311.1 25.5986213684082
312.0 5.55667781829834
313.0 4.16158628463745
314.7 11.2717437744141
314.9 5.90884304046631
317.0 4.47617959976196
319.2 5.28699493408203
327.0 3.66499948501587
328.7 0.447436809539795
329.1 7.45659971237183
330.9 2.76816844940186
332.9 0.85370922088623
333.0 4.49458360671997
335.0 3.90952062606812
336.2 4.06140565872192
338.8 6.16020822525024
344.9 4.14802980422974
345.1 11.7212715148926
346.0 4.82655763626099
348.1 10.0180063247681
348.7 2.90883660316467
348.8 4.82498645782471
349.0 35.8907241821289
349.2 10.5665330886841
349.9 19.4434452056885
350.0 5.80657386779785
351.0 26.5005512237549
351.2 6.28133964538574
351.9 4.28709697723389
352.7 4.57251930236816
352.8 21.9048976898193
353.1 7.3598895072937
356.6 3.62015295028687
357.0 7.64336204528809
362.2 5.33524131774902
365.0 11.7215566635132
366.9 17.5745487213135
367.0 5.5654559135437
367.1 4.22336864471436
370.9 6.07428598403931
371.1 4.06136751174927
376.9 5.552818775177
378.1 6.39996337890625
379.0 40.7425994873047
379.2 15.7684812545776
379.3 14.2025089263916
380.1 9.32256412506104
381.0 4.34622287750244
385.1 7.60131406784058
393.9 10.6431465148926
394.1 85.0088806152344
394.2 15.8477363586426
394.8 6.07124042510986
395.0 121.377067565918
395.1 939.345458984375
395.2 144.742919921875
395.9 7.37379598617554
396.1 166.10302734375
396.2 174.999877929688
396.4 8.45596218109131
397.2 4.24634218215942
439.8 3.67434692382813
453.3 5.09635734558105
462.1 4.03930616378784
483.0 6.17078876495361
525.2 3.8333044052124
