#"+EI Scan (rt: 10.256-10.506 min, 44 scans) CM3-MIX7-10.D "
#Point,X(Thompsons),Y(Counts)
39.9 10.3327646255493
40.1 168.922424316406
40.3 6.01106262207031
40.8 5.86253929138184
41.0 200.054870605469
41.1 198.508544921875
41.9 5.25708103179932
42.0 8.4627161026001
42.1 8.92952632904053
42.5 4.1540789604187
42.9 31.0189895629883
43.1 14.7784881591797
43.2 9.5911169052124
43.9 312.819183349609
44.0 282.367736816406
44.1 27.9946308135986
44.7 12.5119972229004
44.9 40.4813079833984
45.0 87.677619934082
45.1 27.135591506958
45.9 3.92490172386169
46.0 3.78846836090088
46.8 41.4953765869141
46.9 99.6289749145508
47.0 145.909194946289
48.9 26.8115653991699
49.0 30.6780586242676
49.1 35.1320762634277
50.0 131.906387329102
50.0 1542.353515625
51.0 3110.91430664063
51.8 22.4316482543945
52.0 494.044250488281
52.1 112.142654418945
52.8 32.6674919128418
53.0 314.414123535156
53.1 75.4053268432617
53.8 7.38007688522339
53.9 4.21434879302979
54.0 13.2307367324829
54.8 20.8737907409668
54.9 151.514770507813
55.1 120.496101379395
55.2 30.4994792938232
56.0 114.099761962891
56.1 155.775527954102
57.0 1788.80944824219
57.1 1502.01281738281
57.8 47.9797210693359
57.9 127.285568237305
58.1 204.324844360352
58.2 58.5352020263672
59.0 6502.46142578125
59.9 160.882217407227
60.1 115.746681213379
60.7 5.85374736785889
60.9 156.368103027344
61.0 238.376815795898
61.1 233.174377441406
62.0 4830.5615234375
63.0 11827.7744140625
64.0 737.040588378906
64.1 1393.20690917969
65.0 5184.8974609375
65.9 91.2566223144531
66.0 204.114456176758
66.1 77.4613952636719
66.8 4.80924034118652
67.0 47.738597869873
67.1 28.3022174835205
67.9 8.74264240264893
68.0 51.4247169494629
68.1 12.5969276428223
68.9 135.408584594727
68.9 179.621078491211
69.0 252.587448120117
69.1 76.313346862793
69.8 19.3032169342041
69.9 105.65950012207
70.0 205.397644042969
70.2 10.1766729354858
70.8 10.6014719009399
71.0 51.1901512145996
71.1 42.8025436401367
71.2 35.1703987121582
71.8 5.45572566986084
72.0 63.1667022705078
72.2 22.4929752349854
73.0 2072.47680664063
74.0 989.2021484375
74.1 1727.873046875
75.0 6860.53955078125
76.0 1294.0478515625
76.0 1699.73315429688
77.0 9096.0146484375
78.0 3840.30249023438
78.9 202.511672973633
79.0 288.601776123047
79.1 203.859313964844
79.9 24.0525894165039
80.0 31.7482738494873
80.1 92.5551300048828
80.2 24.0607109069824
81.0 3234.41723632813
81.9 7.9492335319519
82.0 337.868225097656
82.1 589.881408691406
82.2 262.409484863281
83.0 39895.3046875
84.0 513.996154785156
84.0 1678.72302246094
84.2 6.10341691970825
84.8 8.388596534729
84.9 247.220550537109
85.0 334.147064208984
85.2 30.6052322387695
86.0 352.283142089844
86.0 1352.68566894531
86.9 46.1798706054688
87.0 3426.15771484375
87.1 1107.93273925781
88.0 10564.087890625
89.1 23719.607421875
90.0 1296.97265625
90.1 1312.80053710938
90.9 96.5370864868164
91.0 181.356689453125
91.1 195.330078125
91.2 8.10197830200195
91.8 6.21488666534424
91.9 15.8738870620728
92.0 9.24493503570557
92.2 8.2711296081543
92.9 97.7738723754883
93.0 73.1892929077148
93.2 17.1530990600586
93.4 4.62680673599243
93.7 3.45312118530273
93.8 80.5140838623047
94.0 186.860305786133
94.1 145.672058105469
94.8 37.7584419250488
95.0 485.593475341797
95.1 267.748260498047
95.2 17.0521602630615
95.7 7.87690544128418
95.9 159.480697631836
96.0 417.176940917969
96.1 56.8751182556152
96.7 51.6393890380859
96.9 108.82884979248
97.0 156.335220336914
97.2 65.6730194091797
97.4 10.2811441421509
97.7 16.3987808227539
97.9 73.6640777587891
98.0 524.388732910156
98.2 45.8645973205566
98.8 45.4658813476563
98.9 230.900207519531
99.0 339.356170654297
99.1 51.946720123291
99.9 112.989250183105
100.0 306.363983154297
100.1 135.682357788086
100.2 26.5601139068604
101.0 1811.78039550781
101.1 2906.45703125
102.0 1340.96472167969
102.1 1510.66247558594
102.8 34.9275169372559
102.9 336.588104248047
103.0 423.542449951172
103.6 11.1038961410522
103.7 10.5804681777954
103.9 22.6984691619873
104.0 117.751190185547
104.1 40.4578437805176
104.2 23.8835830688477
104.3 9.29864692687988
104.5 23.9282760620117
104.8 37.2105712890625
105.0 182.349258422852
105.0 92.1277160644531
105.2 62.0470962524414
105.4 24.1521530151367
105.6 83.7976150512695
105.8 30.5473651885986
105.9 100.198829650879
106.1 212.945846557617
106.3 70.8676452636719
106.9 47.3356285095215
107.0 8179.14892578125
107.6 21.7596988677979
108.1 195.471038818359
108.2 8962.93359375
109.1 493050.03125
110.1 37886.34765625
111.0 498.061126708984
111.1 1308.13464355469
111.2 30.561939239502
111.7 8.66178035736084
111.9 118.721527099609
112.0 123.857398986816
112.2 86.554328918457
112.3 23.6757984161377
113.0 6699.7705078125
114.1 17537.314453125
115.1 142002.90625
116.0 15816.916015625
117.0 276.403747558594
117.0 1248.83386230469
117.9 45.4849548339844
118.0 54.7695083618164
118.1 28.3838386535645
118.8 63.5518417358398
119.0 109.113380432129
119.2 3.4883668422699
119.7 20.0833969116211
119.9 138.847930908203
120.0 156.54606628418
120.1 47.8950080871582
120.8 107.938255310059
121.0 139.38069152832
121.2 41.8477516174316
121.7 3.50335717201233
121.8 27.6863708496094
121.9 63.5491676330566
122.0 180.991592407227
122.1 65.4109191894531
122.6 4.08655118942261
122.7 31.7369003295898
122.9 209.758209228516
123.0 89.1210327148438
123.2 4.00153303146362
123.8 11.0062170028687
123.9 11.1443748474121
124.0 47.4302139282227
124.1 4.82761287689209
124.2 23.7708606719971
124.4 17.5073566436768
124.8 67.0824356079102
124.9 216.844467163086
125.0 263.457489013672
125.3 9.93162059783936
125.8 20.2076587677002
126.0 958.844360351563
126.1 1118.52258300781
127.0 1117.26135253906
127.1 1947.41784667969
128.0 4208.93701171875
128.7 17.0931873321533
128.9 70.4585189819336
129.0 1597.23168945313
129.9 25.138578414917
130.0 213.989730834961
130.1 93.0990676879883
130.7 3.4945023059845
130.8 34.8335609436035
130.9 77.2936248779297
131.0 129.358795166016
131.8 51.976261138916
132.0 37.7900581359863
132.1 30.1288280487061
132.7 5.28003358840942
132.9 173.868347167969
133.0 272.217163085938
133.1 381.071960449219
133.2 4.73926162719727
133.8 22.2297973632813
133.9 49.587833404541
134.0 155.474105834961
134.1 35.1163558959961
134.3 4.02371597290039
134.8 114.75218963623
135.0 233.021926879883
135.1 200.384536743164
135.2 25.1486930847168
135.6 3.70587301254272
135.7 5.1853404045105
135.9 102.699150085449
136.1 210.604202270508
136.2 21.3321552276611
137.0 10878.9853515625
137.8 94.8152770996094
138.0 757.606872558594
138.1 368.155944824219
138.9 121.708717346191
139.0 460.467681884766
139.1 256.824615478516
139.7 6.93861436843872
139.9 51.7030868530273
140.0 177.586669921875
140.2 48.3497657775879
140.7 31.4566268920898
140.9 184.516708374023
141.0 669.039306640625
141.1 91.4522933959961
141.2 17.3300628662109
141.6 4.04562950134277
141.7 41.8688621520996
141.9 24.2372817993164
142.1 428.053192138672
142.2 577.571960449219
142.3 76.7223739624023
143.0 58325.28515625
144.0 8745.1953125
144.9 12.1525611877441
145.0 573.222717285156
145.1 396.049896240234
145.1 13.8000497817993
145.8 63.015811920166
146.0 218.645889282227
146.1 85.2797775268555
146.2 19.1985397338867
146.8 36.9343528747559
146.9 29.3288764953613
147.0 108.496894836426
148.0 22.675895690918
148.7 6.02712821960449
148.8 125.443481445313
149.0 188.354995727539
149.1 38.7041854858398
149.8 62.4232330322266
149.9 241.351272583008
150.1 143.601745605469
150.9 324.525604248047
151.0 566.771301269531
151.8 73.9348220825195
151.9 116.578315734863
152.0 167.820739746094
152.2 23.4471244812012
152.7 5.64465856552124
152.8 102.640335083008
153.0 192.061370849609
153.1 74.4888610839844
153.3 6.06273174285889
153.7 4.58140182495117
153.9 27.0436725616455
154.0 18.9079151153564
154.2 40.6421966552734
154.9 175.858825683594
155.0 1530.41833496094
155.8 13.0702209472656
155.9 311.587036132813
156.0 373.653930664063
156.1 35.0051155090332
156.8 76.4941635131836
156.9 230.041732788086
157.0 670.225952148438
157.1 48.0872039794922
157.8 21.9251689910889
157.9 92.6265563964844
158.0 169.467514038086
158.1 57.6374855041504
159.0 4004.47729492188
159.7 6.58983659744263
159.9 251.932266235352
160.0 237.490707397461
160.8 47.3190307617188
160.9 338.899139404297
161.1 60.9446678161621
161.2 4.08467483520508
161.7 5.21965074539185
161.8 24.0106010437012
162.0 23.9719848632813
162.7 21.7321472167969
162.8 180.24787902832
162.9 331.764526367188
163.0 276.900970458984
163.7 7.35591316223145
163.9 128.453140258789
164.0 49.1015777587891
164.8 90.8843612670898
164.9 70.6526412963867
165.0 117.903541564941
165.8 8.13839912414551
165.9 45.3297004699707
166.0 40.6724853515625
166.8 53.7338638305664
166.9 306.36669921875
167.0 202.316345214844
167.5 4.72614049911499
167.7 6.97023439407349
167.9 81.9103851318359
168.0 393.408081054688
168.1 200.378890991211
168.8 45.9490127563477
169.0 776.682556152344
169.1 316.482818603516
169.8 13.9475221633911
169.9 351.871185302734
170.0 699.804138183594
170.7 18.2205924987793
170.9 216.092544555664
171.0 286.921844482422
171.1 48.9190559387207
171.7 7.49583625793457
171.9 7.4401912689209
171.9 34.5364456176758
172.1 28.8216743469238
172.7 12.7353210449219
172.9 72.1297378540039
173.0 23.8947982788086
173.9 95.5632553100586
174.0 361.926544189453
174.8 4.83345460891724
175.0 551.395690917969
175.1 957.999572753906
175.1 100.819679260254
175.9 125.406364440918
176.0 1113.63464355469
176.1 117.248756408691
176.8 24.6318187713623
176.9 91.6311340332031
177.0 348.723327636719
177.1 196.993911743164
177.8 38.2982635498047
178.0 56.7266616821289
178.1 94.2439880371094
178.8 25.1664924621582
178.9 19.8048133850098
179.1 35.5474700927734
179.6 11.5891361236572
179.8 27.6534309387207
180.0 49.3973007202148
180.1 7.71678733825684
180.2 9.49893283843994
180.4 6.79056119918823
180.8 13.7730903625488
180.9 391.741180419922
181.0 276.911315917969
181.8 54.5400238037109
181.9 95.332763671875
182.0 121.059661865234
182.2 6.81221199035645
182.8 27.2065925598145
182.9 282.304229736328
183.1 94.155387878418
183.9 35.4222679138184
184.0 72.5139389038086
184.2 10.8553428649902
184.8 87.6625213623047
184.9 264.920349121094
185.0 110.384811401367
185.8 28.9018325805664
186.0 22.2431259155273
186.8 54.4761390686035
186.9 139.417831420898
187.0 157.994766235352
187.1 18.3675727844238
187.8 13.6038961410522
187.9 41.1909942626953
188.1 19.954122543335
188.6 11.5997772216797
188.8 7.65090131759644
189.0 263.561401367188
189.1 12.3511009216309
189.8 18.959135055542
190.0 120.531768798828
190.1 58.9859771728516
190.7 10.0770301818848
190.9 203.578170776367
191.0 316.754119873047
191.1 11.0031652450562
191.9 50.0710601806641
192.0 139.435836791992
192.1 61.0189552307129
192.8 176.102615356445
193.0 470.513854980469
193.1 152.018142700195
193.2 39.8532676696777
194.0 464.710357666016
194.0 2115.98217773438
194.2 86.8439331054688
195.0 1138.06127929688
195.1 933.118347167969
195.9 351.522155761719
196.0 1723.015625
196.8 65.3649978637695
197.0 672.484313964844
197.1 370.510498046875
197.8 7.28260183334351
197.9 121.857536315918
198.0 167.723342895508
198.2 4.88710784912109
198.8 49.6728744506836
198.9 271.249267578125
199.0 286.553344726563
199.1 29.2272052764893
199.7 8.25957107543945
199.9 114.839630126953
200.0 519.450012207031
200.0 106.220573425293
200.2 31.6393432617188
201.0 824.260375976563
201.0 1136.84069824219
202.0 296.174682617188
202.1 1850.95495605469
202.6 10.7297649383545
202.9 181.196395874023
203.0 893.670288085938
203.1 156.72673034668
204.0 613.056396484375
204.1 833.845703125
204.1 124.05046081543
204.8 12.9307317733765
204.9 191.589263916016
205.0 196.956634521484
205.2 148.818862915039
205.6 7.11473846435547
205.8 21.2741165161133
205.9 33.4922561645508
206.0 43.0076103210449
206.2 18.4068908691406
206.8 13.1110935211182
206.9 273.605682373047
207.0 720.275451660156
207.8 9.37149047851563
207.9 179.028656005859
208.0 311.41162109375
208.9 69.5152435302734
209.0 233.274703979492
209.1 30.9875106811523
209.8 10.7254076004028
210.0 14.0399837493896
210.1 32.1850776672363
210.9 201.910888671875
211.0 2908.005859375
211.8 28.9536437988281
211.9 324.935424804688
212.0 254.776718139648
212.1 17.6252918243408
212.7 27.9562911987305
212.9 143.491714477539
213.0 518.468505859375
213.8 23.3768672943115
213.9 92.4190979003906
214.0 151.777465820313
215.0 7404.16748046875
215.8 122.234008789063
215.9 857.326599121094
216.0 387.062469482422
216.1 26.5067501068115
216.9 310.067840576172
217.0 793.662536621094
217.7 12.7974033355713
217.8 70.7534255981445
217.9 111.794891357422
218.0 89.039909362793
218.1 15.769603729248
218.9 164.327041625977
218.9 1024.17663574219
219.0 1047.59826660156
219.8 27.5449295043945
220.0 457.783416748047
220.1 892.791809082031
221.0 730.726806640625
221.1 3036.7646484375
222.1 14291.6630859375
223.0 342.249267578125
223.1 3881.4892578125
223.9 29.2971076965332
224.1 5925.60107421875
225.0 122.654586791992
225.1 1068.68347167969
225.1 320.210571289063
225.7 10.3821744918823
225.9 20.961820602417
226.0 147.958908081055
226.1 137.505722045898
226.7 3.68087410926819
226.8 36.3511924743652
226.9 164.464874267578
227.0 263.819854736328
227.1 92.4968719482422
227.3 19.2067928314209
227.7 5.66431427001953
227.8 7.63328838348389
228.0 269.748718261719
228.1 342.887817382813
228.2 45.130916595459
228.8 27.4729614257813
228.9 259.229766845703
229.0 400.193359375
229.2 107.144088745117
229.8 24.6332893371582
229.9 15.5792570114136
230.0 381.040405273438
230.1 257.062042236328
230.7 14.3224792480469
230.8 47.3476829528809
231.0 176.295333862305
231.1 192.471496582031
231.2 19.0528125762939
231.8 20.2181930541992
231.9 54.93701171875
232.0 101.114326477051
232.1 50.4224853515625
233.0 1094.78259277344
233.0 3395.11743164063
233.9 277.287322998047
234.0 764.642761230469
234.1 18.9958477020264
234.8 52.6779327392578
234.9 234.633407592773
235.0 315.880737304688
235.1 84.3325729370117
235.8 23.2750625610352
236.0 57.5820083618164
236.1 20.8483810424805
237.0 4249.5546875
237.8 95.5360870361328
238.0 678.657287597656
238.1 114.231475830078
238.9 152.585632324219
239.0 313.959686279297
239.1 160.926773071289
239.6 4.68294858932495
239.8 20.9477291107178
239.9 106.774688720703
240.1 131.897476196289
240.2 56.9858055114746
240.7 16.4904899597168
240.9 288.083282470703
241.0 288.482696533203
241.2 48.7853126525879
241.7 4.17109680175781
241.9 90.5608596801758
242.0 134.3759765625
242.1 7.36531686782837
242.3 6.17727184295654
242.4 5.12451314926147
242.6 4.95417928695679
242.7 4.50770664215088
242.8 45.8101348876953
242.9 50.5528526306152
243.1 54.1477546691895
243.5 3.99495387077332
243.7 12.7403144836426
243.9 21.4769325256348
244.1 22.9243831634521
244.4 3.50584816932678
244.6 25.512378692627
244.8 66.7840118408203
245.0 115.44709777832
245.1 11.771746635437
245.2 36.2115173339844
245.5 8.20920562744141
245.6 28.9179306030273
245.8 39.415584564209
245.9 28.2478580474854
246.0 55.6534156799316
246.1 60.7128067016602
246.3 29.670768737793
246.5 73.8344802856445
246.6 4.56612682342529
246.8 44.9388771057129
247.0 144.694427490234
247.2 58.3372230529785
247.3 58.5107154846191
247.5 94.2488098144531
247.7 83.9418487548828
247.9 73.6212310791016
248.1 49.8714370727539
248.2 78.5837860107422
248.4 119.205688476563
248.6 94.7326889038086
248.7 93.451042175293
248.9 170.820510864258
249.1 232.737121582031
249.2 148.617935180664
249.4 47.8572731018066
249.9 87.8468704223633
250.0 2389.16870117188
250.1 1057.88391113281
250.6 28.5413455963135
251.0 42.7234306335449
251.1 3263.61352539063
252.1 374821.375
253.1 68458.28125
254.1 2245.57153320313
254.1 4359.486328125
255.0 292.976776123047
255.1 236.584274291992
255.2 74.0946960449219
255.9 65.1493453979492
256.0 229.518981933594
256.1 20.4306964874268
256.3 11.2053337097168
256.7 16.4419116973877
256.9 61.7460556030273
257.0 283.752624511719
258.0 339.578033447266
258.1 859.448181152344
258.8 43.0491714477539
258.9 79.5676040649414
259.1 189.209289550781
260.0 3.75069665908813
260.1 3.93281960487366
260.7 3.70042634010315
260.8 27.4232292175293
261.1 3.6731698513031
262.9 5.58060646057129
265.9 10.9080286026001
266.8 7.92566347122192
266.9 9.13025951385498
267.0 30.9529285430908
267.9 3.94860482215881
268.1 8.48055076599121
268.7 5.79494524002075
268.8 28.2896366119385
269.0 140.101669311523
269.1 89.3991775512695
269.8 23.7531299591064
269.9 51.7071418762207
270.1 73.7371215820313
270.2 11.5111932754517
270.3 3.73788237571716
270.7 5.68169069290161
270.8 62.3728408813477
270.9 173.222366333008
271.0 246.098373413086
271.2 10.3001108169556
271.8 9.00105953216553
272.0 29.8185195922852
272.1 29.2053966522217
272.7 22.7803268432617
272.9 166.37841796875
273.0 157.485076904297
273.2 8.95660018920898
273.9 7.0782618522644
274.0 34.5138664245605
274.7 16.5653381347656
274.8 116.000335693359
275.0 215.999038696289
275.4 3.6660737991333
275.6 3.50767922401428
275.9 19.4533081054688
276.8 103.701637268066
276.9 144.739562988281
277.1 12.8448572158813
277.9 7.38756084442139
278.7 17.6441097259521
278.9 37.4525299072266
279.0 36.7529563903809
279.9 3.47628569602966
280.8 23.8448066711426
280.9 46.8304824829102
281.0 26.910982131958
281.1 12.1782379150391
281.9 4.27593803405762
282.0 15.985330581665
282.2 3.42206478118896
282.9 13.8450317382813
283.1 13.8805875778198
284.9 168.219100952148
285.0 400.835906982422
285.1 104.982429504395
286.0 200.467681884766
286.1 154.234069824219
286.2 23.6356201171875
286.8 37.6070442199707
287.0 73.2028274536133
287.1 47.2718658447266
287.2 17.754768371582
287.9 8.20319747924805
288.8 13.9746150970459
288.9 728.650146484375
289.0 299.236328125
289.7 11.8806123733521
289.9 134.830383300781
290.0 122.544456481934
290.7 12.2659301757813
290.8 48.7539100646973
291.0 150.265319824219
291.1 57.5335922241211
292.0 4.76188707351685
292.9 251.524520874023
293.0 668.43310546875
293.0 445.664337158203
293.7 11.1783590316772
293.9 154.988067626953
294.0 173.591918945313
294.8 50.9717788696289
294.9 91.5033874511719
295.0 136.474502563477
295.7 4.08054399490356
296.0 7.46053647994995
296.6 6.26532602310181
296.7 29.3509197235107
296.9 148.817565917969
297.0 145.152450561523
297.2 6.34007453918457
297.8 32.5384635925293
297.9 67.4823837280273
298.6 4.51015090942383
298.8 8.09838962554932
298.9 36.354549407959
299.1 27.7888851165771
299.9 4.26936340332031
300.0 7.78563737869263
300.2 3.988445520401
300.8 12.36572265625
301.0 8.8562707901001
301.1 3.70907998085022
301.8 3.71293163299561
302.9 3.46693444252014
303.0 47.5683555603027
304.9 11.7900581359863
305.1 6.53087043762207
306.6 4.80239343643188
306.9 29.9144916534424
307.1 12.4799499511719
307.9 7.75125074386597
308.0 3.73369669914246
310.8 11.6804189682007
310.9 33.9752159118652
311.8 3.57409596443176
312.9 3.93481755256653
314.7 8.66101264953613
315.0 23.4755630493164
317.1 4.58117151260376
318.9 11.892294883728
319.1 15.332088470459
320.0 10.2826776504517
321.2 8.43917846679688
323.0 4.87671375274658
326.9 3.81274962425232
328.9 5.23726463317871
329.1 7.18348360061646
331.0 15.4532527923584
332.8 12.8074178695679
333.0 7.88141679763794
334.7 6.00118827819824
335.0 18.4304847717285
336.9 10.7234334945679
344.9 13.8441562652588
345.1 9.16283321380615
347.2 3.54853844642639
348.0 7.99512434005737
348.8 16.4196453094482
348.9 34.1778221130371
349.1 27.6646747589111
350.0 3.47211217880249
350.3 4.98218536376953
351.0 6.69527721405029
351.1 16.3593997955322
352.0 3.66039252281189
352.7 8.10142135620117
352.8 14.5664176940918
356.8 3.73675465583801
361.8 4.60786294937134
362.3 17.4526214599609
362.9 5.36443281173706
363.0 30.8345508575439
363.1 21.3243236541748
365.3 3.75802683830261
366.1 3.81201267242432
366.4 4.10396766662598
366.8 14.261155128479
367.0 11.5378656387329
367.3 3.9569525718689
370.7 3.93575143814087
370.8 5.72840929031372
378.0 14.3613166809082
378.2 18.2739677429199
378.8 3.78942799568176
379.1 46.6267204284668
379.2 4.8058614730835
387.0 3.99728536605835
393.8 10.1142730712891
393.9 32.996997833252
394.0 50.1701049804688
394.2 7.70264148712158
394.9 64.8891067504883
395.0 505.758087158203
395.2 707.025695800781
395.3 107.269416809082
396.0 126.929656982422
396.1 209.726699829102
396.3 44.3037948608398
396.8 10.5143194198608
397.3 17.8825817108154
401.0 22.7201633453369
401.2 7.66922426223755
403.1 4.04795742034912
405.1 5.08642053604126
409.0 3.54004812240601
429.2 4.21781873703003
430.8 3.53339028358459
461.0 4.19490766525269
504.7 4.05138158798218
507.2 3.67784333229065
523.3 3.55760812759399
