#"+EI Scan (rt: 5.684-6.092 min, 65 scans) Iso1-9A.D  Subtract "
#Point,X(Thompsons),Y(Counts)
40.0 100.917411804199
41.0 3792.54150390625
42.1 12126.615234375
43.1 5070.701171875
44.0 979.705200195313
44.9 9.65495109558105
45.0 53.8739624023438
45.0 53.1803436279297
45.9 2.87131643295288
47.0 2.56278157234192
49.0 10.1293115615845
49.1 5.41329479217529
50.0 1092.23120117188
51.0 304.649597167969
51.0 1515.98364257813
52.0 298.359283447266
52.0 158.94352722168
52.1 30.9038619995117
53.0 157.444229125977
53.1 124.793922424316
54.0 411.424499511719
54.0 571.462951660156
55.0 113.000457763672
55.1 551.589172363281
55.1 79.8387985229492
56.1 18938.1875
57.1 9866.505859375
58.1 330471
59.1 14120.1650390625
60.0 287.496337890625
60.7 4.08119058609009
60.9 44.8791236877441
61.0 106.883422851563
61.1 49.4806976318359
61.9 67.8215713500977
62.0 637.375549316406
62.0 322.106140136719
63.0 3269.84423828125
64.0 9.37220668792725
64.1 75.9327087402344
64.2 272.285125732422
64.3 133.581665039063
64.8 98.0998611450195
64.9 449.878173828125
65.0 308.525482177734
65.1 52.0454559326172
65.7 67.393684387207
65.9 26.4730358123779
66.0 18.6205558776855
66.2 40.152458190918
66.3 56.698127746582
66.5 32.6293106079102
66.7 83.4624099731445
66.9 67.4508438110352
67.1 8.31447982788086
67.2 45.739330291748
67.4 58.4072074890137
67.6 5.03080558776855
67.8 83.3542251586914
67.9 375.104187011719
68.0 217.655319213867
68.1 36.2353057861328
68.9 172.894515991211
69.0 625.585205078125
70.0 1626.1259765625
70.9 4.2361364364624
71.0 380.57861328125
71.1 170.037826538086
72.0 122.252632141113
72.1 735.104797363281
72.7 4.70434236526489
72.9 105.22492980957
73.0 154.514801025391
73.9 9.96105766296387
74.0 476.766479492188
74.1 396.750946044922
74.1 74.2803802490234
75.0 1098.58654785156
75.1 2450.36206054688
75.7 9.9935884475708
75.8 877.763427734375
75.9 797.9716796875
76.0 118.012481689453
77.0 1441.89086914063
78.0 407.513793945313
78.0 3.47589111328125
78.9 20.586368560791
79.0 144.272186279297
79.1 63.8085861206055
79.9 51.053596496582
80.0 161.95491027832
80.1 38.6992111206055
80.9 11.6366577148438
81.0 1668.79614257813
81.9 135.691543579102
82.0 564.753540039063
83.0 15198.3564453125
84.0 393.210998535156
84.0 630.581420898438
84.9 1.18681335449219
85.0 198.127380371094
85.8 16.5067520141602
85.9 120.212196350098
86.0 93.1666488647461
86.1 8.99271297454834
86.9 64.4728317260742
87.0 173.145751953125
87.0 196.944244384766
87.9 29.5462245941162
88.0 103.882461547852
88.0 107.68042755127
88.1 20.4277324676514
89.0 2468.2763671875
89.9 22.236888885498
90.0 258.733428955078
90.1 137.910049438477
91.0 1024.85729980469
91.9 68.6772308349609
92.0 129.355575561523
92.1 9.47076797485352
92.8 19.3832588195801
93.0 202.481842041016
93.1 51.9543342590332
94.0 511.488037109375
94.0 253.421600341797
95.0 1989.005859375
96.0 3092.55834960938
97.0 620.112060546875
97.0 292.567687988281
98.0 135.913146972656
98.1 6.15755414962769
98.8 7.71646404266357
98.9 113.945495605469
99.0 50.2653656005859
99.1 8.31928634643555
99.8 6.03431844711304
99.9 114.548141479492
100.0 89.1680526733398
101.0 3160.23999023438
101.9 171.520446777344
102.0 541.922729492188
102.9 9.01780796051025
103.0 1664.25146484375
103.9 108.60132598877
104.0 172.732650756836
104.1 69.5205993652344
104.8 2.5397732257843
104.9 37.2445068359375
105.0 269.701385498047
105.0 107.61483001709
105.9 74.3510589599609
106.0 92.9810409545898
106.1 46.0289421081543
106.2 4.24978446960449
107.0 5243.19970703125
108.0 369.967468261719
108.0 2013.56774902344
109.0 44063.15625
110.0 4237.55078125
111.0 377.158843994141
111.0 667.263671875
111.9 17.0837059020996
112.0 32.638801574707
112.1 19.4989490509033
112.8 3.95712614059448
112.9 35.3684997558594
113.0 79.3915939331055
113.2 5.8193941116333
113.8 8.77749156951904
114.0 43.400276184082
114.1 19.9967670440674
115.0 3556.83642578125
116.0 185.347671508789
116.0 648.490234375
116.1 7.04571151733398
117.0 209.474334716797
117.0 1934.25390625
118.0 384.179229736328
118.1 151.551620483398
118.8 8.6491174697876
118.9 47.4741744995117
119.0 31.1650142669678
119.2 6.67819833755493
119.3 3.78908658027649
120.0 1043.40490722656
121.0 1890.30871582031
122.0 335.433898925781
122.0 2337.24462890625
122.9 39.1857566833496
123.0 1498.70104980469
123.8 3.32344460487366
123.9 56.7118644714355
124.0 369.395874023438
124.1 34.8658218383789
124.9 7.54806900024414
125.0 76.8805770874023
125.1 21.5571594238281
125.2 4.1387791633606
125.9 13.5076522827148
126.1 2.44664001464844
127.0 14.4050102233887
127.9 38.8686103820801
128.0 69.5231781005859
128.9 13.288028717041
130.0 109.092674255371
130.0 301.779083251953
130.1 174.142715454102
130.9 125.760780334473
131.0 389.689880371094
131.8 4.68883085250854
132.0 209.158538818359
132.1 562.366760253906
132.2 27.9854068756104
133.0 5928.8974609375
134.0 2104.28833007813
135.0 7775.970703125
136.0 4704.12255859375
137.0 7084.630859375
138.0 912.142822265625
138.7 2.84082794189453
138.9 35.8226127624512
139.0 79.088623046875
139.0 17.8086318969727
140.8 9.77150344848633
141.0 32.9975662231445
143.8 2.52362513542175
144.0 37.6143989562988
144.1 38.7102813720703
145.0 8.14615821838379
145.1 8.98935031890869
145.8 11.478759765625
146.0 90.1119079589844
146.1 50.5581398010254
146.9 16.0707721710205
147.0 105.308723449707
147.1 92.4274368286133
147.2 5.37066268920898
148.0 157.699417114258
148.0 1325.6796875
149.0 321.301513671875
149.1 383.408599853516
150.0 1216.46691894531
150.1 3162.98461914063
151.1 3412.3232421875
152.1 16727.755859375
153.1 1313.56335449219
153.1 483.949981689453
154.0 18.8826332092285
154.1 26.0782871246338
155.0 33.6826553344727
155.0 44.5594177246094
156.9 2.38149261474609
158.9 174.770935058594
159.9 35.0473327636719
160.9 63.6500091552734
161.0 32.4180641174316
161.2 2.52481436729431
161.9 3.03954482078552
162.0 224.966278076172
162.1 256.849456787109
162.8 22.3554706573486
163.0 178.46484375
163.0 135.399673461914
163.1 28.1801509857178
164.0 643.594665527344
164.1 523.655151367188
165.0 142.149230957031
165.1 447.450988769531
165.2 14.1065349578857
166.1 5548.11962890625
167.0 300.652099609375
167.1 411.371551513672
167.9 4.96826505661011
168.1 62.9671211242676
178.0 2.42277121543884
178.9 8.90351009368896
179.1 7.29524660110474
190.9 5.02756261825562
193.0 11.9114151000977
196.8 2.80296039581299
207.0 105.153335571289
210.9 32.7873191833496
211.1 24.3540306091309
214.9 66.4897232055664
215.0 257.47216796875
216.0 109.957786560059
216.9 86.2058715820313
217.0 16.3398284912109
218.9 107.639633178711
219.9 12.4666433334351
220.9 2.48956060409546
221.0 27.5627403259277
221.2 2.72845458984375
222.9 10.1815071105957
229.0 2.56146311759949
232.8 26.169734954834
232.9 40.3995361328125
233.0 12.6126861572266
233.9 2.76004099845886
236.9 86.781005859375
237.0 133.2412109375
237.8 33.2596588134766
237.9 5.41928100585938
238.0 6.43014430999756
238.9 27.5454120635986
239.0 37.0796813964844
240.8 2.38871598243713
240.9 15.7867822647095
241.0 2.76292848587036
250.9 5.57144689559937
252.9 2.64912176132202
253.0 6.45456504821777
264.9 2.87094807624817
266.9 117.283416748047
267.0 3.76761746406555
267.7 3.39454054832458
267.9 17.4947605133057
268.9 8.4089994430542
270.8 2.8327465057373
271.1 2.44824838638306
272.8 2.53463220596313
273.0 13.9292659759521
274.9 5.11721754074097
276.9 14.9866304397583
280.7 6.43249797821045
280.9 15.599663734436
281.0 121.87149810791
281.9 27.7195472717285
282.9 10.935996055603
283.0 18.2236957550049
284.9 2.33681416511536
288.8 71.9081192016602
289.0 13.4338874816895
289.1 4.86914920806885
292.9 294.97705078125
293.0 25.0762176513672
293.8 12.3974370956421
294.0 26.2810134887695
294.9 28.9489669799805
295.0 13.1201171875
296.7 10.8226261138916
296.8 18.8858604431152
297.0 127.124893188477
297.9 13.4684171676636
298.1 3.1250319480896
298.9 7.83828592300415
299.0 6.4872727394104
324.9 4.6932897567749
326.8 10.4237680435181
326.9 7.03143787384033
355.0 135.942947387695
356.0 42.7411003112793
356.9 20.045970916748
371.0 27.3481864929199
372.0 6.24816417694092
400.9 2.59358620643616
401.1 5.25345754623413
415.1 5.0051965713501
459.1 65.3754730224609
459.2 4.98589086532593
460.0 15.4995412826538
460.1 14.3125305175781
461.1 21.6924152374268
