#"+EI Scan (rt: 14.044-14.076 min, 6 scans) Iso 1-5A.D  Subtract "
#Point,X(Thompsons),Y(Counts)
40.1 151.564376831055
41.1 14301.0625
42.1 1128.61352539063
43.1 23297.603515625
48.8 25.3206424713135
49.9 134.300231933594
50.0 34.0771484375
50.1 105.962089538574
51.0 1795.11010742188
51.8 24.315954208374
52.0 841.973022460938
53.0 4579.455078125
54.0 539.700866699219
55.0 9087.54296875
56.0 1270.75573730469
57.0 1750.93200683594
58.0 177.253540039063
61.9 50.469554901123
62.0 294.8349609375
63.0 1585.310546875
64.0 839.970764160156
65.0 4185.82958984375
65.9 131.959991455078
66.0 794.163513183594
67.0 5239.0244140625
67.9 142.503890991211
68.1 279.228271484375
69.0 3531.04077148438
69.8 104.974731445313
70.1 560.300415039063
70.3 81.9166641235352
71.1 1781.77307128906
72.0 61.1581001281738
72.0 145.03923034668
75.0 360.80029296875
76.0 3309.28540039063
79.0 2807.24853515625
79.8 25.9233283996582
80.0 410.547607421875
82.2 2995.29077148438
82.9 1681.35290527344
83.9 669.866088867188
84.0 421.425933837891
84.9 167.230392456055
86.0 401.439758300781
87.0 525.6591796875
88.0 1590.4990234375
89.0 6293.734375
89.9 1604.1396484375
90.1 62.1226577758789
91.0 10778.0693359375
92.0 1508.01721191406
93.0 1307.86096191406
94.9 4078.33251953125
95.8 313.494201660156
96.0 1184.75366210938
97.1 3475.81884765625
97.8 987.948547363281
97.9 897.350341796875
98.9 939.12646484375
100.0 217.050323486328
100.1 263.502380371094
101.0 3156.77709960938
102.0 3582.3935546875
103.1 6693.09619140625
104.0 8326.0634765625
105.1 8557.6865234375
105.9 2346.51733398438
107.0 1739.72668457031
107.8 124.046516418457
107.9 262.249267578125
108.1 354.354766845703
109.0 1911.9208984375
110.0 626.9619140625
110.1 1351.77062988281
110.2 868.592529296875
111.0 8784.59375
112.0 8329.1640625
112.9 3287.65942382813
113.9 267.408203125
114.1 992.783813476563
115.0 23101.2265625
116.1 5921.2763671875
117.0 6291.8994140625
118.1 8236.642578125
119.4 70837.5390625
120.9 1205.43701171875
121.8 56.0742340087891
122.0 112.306793212891
122.1 108.531745910645
122.2 142.318634033203
123.0 2013.52209472656
124.0 3087.29150390625
125.2 8268.9052734375
126.0 15526.9326171875
127.0 15828.3740234375
128.0 40157.1953125
129.0 22477.3359375
130.0 4535.42626953125
131.1 3365.35229492188
132.0 1132.18920898438
132.1 366.342987060547
133.0 2023.81713867188
134.0 4293.89306640625
135.0 60.5400390625
136.1 160.371322631836
139.0 6727.103515625
140.1 2935.2099609375
141.0 24636.59375
142.1 11879.986328125
143.1 12080.9814453125
144.1 3769.87353515625
145.1 3896.0087890625
146.0 1317.25512695313
147.0 212.1318359375
147.8 55.7773666381836
149.0 267.692565917969
150.0 94.430549621582
150.0 1993.17590332031
151.1 9104.83203125
152.0 48693.94921875
153.1 23728.39453125
154.1 7118.14306640625
155.0 16297.2294921875
156.0 4389.28466796875
157.0 4057.68286132813
158.1 1372.9775390625
161.0 423.330810546875
162.0 173.589050292969
162.1 244.592910766602
163.0 1531.33935546875
164.1 6466.072265625
165.1 83283.9375
166.1 33159.39453125
167.1 22287.478515625
168.0 8616.5771484375
169.1 9988.603515625
170.1 6826.8203125
171.1 8917.0908203125
172.1 5240.158203125
173.0 1545.92504882813
173.7 56.5130805969238
174.0 221.481155395508
174.1 258.194091796875
175.0 819.267700195313
176.0 7942.87744140625
177.1 8059.2041015625
178.1 37647.20703125
179.1 25458.94921875
180.1 10159.5341796875
181.1 24891.625
182.1 8918.0224609375
183.1 6974.00390625
184.1 2563.2998046875
185.0 3178.408203125
185.9 108.073226928711
186.0 591.20458984375
187.0 361.195556640625
188.0 97.2442779541016
188.1 761.912658691406
189.1 17592.25390625
190.1 12229.259765625
191.1 22387.373046875
192.1 15790.6162109375
193.1 18216.279296875
194.1 18826.912109375
195.1 56670.82421875
196.1 15875.8740234375
197.0 8287.583984375
198.0 3639.48681640625
199.1 11802.4736328125
200.1 2406.04833984375
201.0 900.938720703125
202.1 8790.2373046875
203.1 8739.0126953125
204.1 4057.73486328125
205.1 12569.248046875
206.1 8136.744140625
207.1 15130.25390625
208.1 17022.93359375
209.1 61591.72265625
210.1 17253.4609375
211.0 18273.32421875
212.0 4912.927734375
213.0 1105.83935546875
214.0 112.436538696289
218.0 2922.74755859375
219.0 3844.9580078125
220.1 6735.330078125
221.1 21934.978515625
222.1 15702.73046875
223.1 187514.703125
224.1 64007.80859375
225.1 28643.669921875
226.1 4892.396484375
227.0 797.155395507813
228.0 125.498291015625
228.1 491.134368896484
229.0 739.587158203125
230.0 685.273193359375
231.0 2319.41918945313
232.1 1905.103515625
234.0 1645.99560546875
235.1 14289.505859375
236.1 14737.5087890625
237.0 31186.2109375
238.1 620002.1875
239.1 156050.015625
240.1 20492.90234375
241.0 1571.94604492188
242.0 232.845367431641
243.0 683.791687011719
244.1 439.857330322266
245.0 1117.6279296875
246.1 1269.72106933594
247.1 3754.7119140625
248.1 2013.87646484375
248.2 104.59716796875
249.1 7647.30126953125
250.2 6920.4072265625
251.1 154133.828125
252.1 44714.7890625
253.1 53041.921875
254.1 17992.27734375
255.1 3289.84643554688
256.0 151.251739501953
256.2 296.151550292969
258.0 280.515289306641
259.0 925.1279296875
260.0 183.408843994141
261.0 1493.63391113281
262.0 39.2273216247559
262.1 1063.13415527344
263.1 9275.5458984375
264.1 2926.12255859375
265.1 28479.765625
266.1 6609.55322265625
267.1 14837.4765625
268.1 3341.63818359375
269.1 1992.90075683594
270.0 161.935302734375
270.1 102.422645568848
272.1 78.6244049072266
273.0 192.787841796875
274.1 724.641296386719
275.0 378.404541015625
276.1 564.827697753906
277.1 3731.27026367188
278.0 447.441009521484
278.1 909.263916015625
279.1 9424.4384765625
280.1 2941.13525390625
281.1 10480.5283203125
282.1 1621.75439453125
283.1 216.311752319336
285.0 962.419494628906
287.1 232.115188598633
288.0 14.4956665039063
288.2 69.7663650512695
291.0 1582.7548828125
292.0 307.678253173828
293.1 34218.21484375
295.2 4157003.75
296.2 1099326
297.2 140098.703125
298.2 13101.25
299.1 1281.62963867188
300.0 107.836563110352
302.8 23.859073638916
302.9 172.444046020508
304.1 28.3753337860107
304.8 13.3511238098145
304.9 22.3668594360352
305.0 21.1097259521484
306.0 31.0610961914063
306.2 77.7489395141602
307.0 779.45947265625
308.2 2913.0361328125
309.2 27310.421875
310.2 526536.875
311.2 123067.65625
312.2 16041.8076171875
313.2 1476.50952148438
314.1 142.715728759766
315.0 124.013092041016
323.0 0.929458618164063
330.7 32.3774566650391
333.1 33.7012100219727
334.7 31.6186141967773
335.0 67.9594650268555
336.9 7.73955821990967
340.7 52.3848419189453
341.0 98.9301910400391
343.1 25.4306049346924
345.0 58.511360168457
348.8 320.533264160156
349.8 49.6201591491699
350.9 23.7939453125
352.8 51.3355522155762
353.9 35.369873046875
355.1 214.4208984375
356.7 30.0882434844971
358.9 28.270133972168
361.0 166.537124633789
361.1 123.98233795166
363.0 62.5809173583984
367.2 53.9386253356934
368.1 28.6949634552002
369.1 378.919067382813
370.0 100.451820373535
371.0 272.130798339844
371.9 8.24414825439453
372.1 65.4913711547852
375.1 316.309997558594
376.0 117.842010498047
377.0 27.2256698608398
378.9 35.8722038269043
379.1 423.987396240234
380.1 30.8566455841064
380.2 25.9290904998779
429.1 110.239379882813
430.1 28.2596187591553
450.9 34.2694816589355
453.1 232.415298461914
454.1 15.0993022918701
