#"+EI Scan (rt: 12.893-12.925 min, 6 scans) Iso2-8.D  Subtract "
#Point,X(Thompsons),Y(Counts)
40.1 2285.92456054688
41.1 68052.28125
42.1 3308.57641601563
43.1 30238.12109375
45.0 46.3645782470703
45.1 3.6541748046875
49.1 25.9636840820313
50.0 634.924987792969
51.0 2795.87109375
52.0 1610.09387207031
53.1 10620.169921875
54.0 50.3483009338379
54.1 1667.02478027344
55.1 26023.310546875
56.0 1633.12854003906
57.1 1540.20935058594
58.1 238.09765625
58.2 9.58669090270996
60.0 14.1996307373047
60.9 64.8835220336914
62.0 360.146362304688
63.0 1736.14855957031
63.9 101.557373046875
64.0 872.68310546875
65.0 8397.8369140625
66.0 2565.34594726563
67.0 14935.3818359375
68.1 3931.71411132813
69.1 67479.0078125
70.1 4015.37670898438
71.1 1979.47399902344
71.9 62.7829627990723
72.1 195.455520629883
74.0 70.527587890625
75.0 420.9052734375
76.0 969.686218261719
76.2 166.423492431641
77.0 16883.07421875
78.0 4821.689453125
79.0 13693.607421875
80.0 2781.3544921875
81.0 5970.4345703125
82.1 2486.4384765625
83.0 2690.83447265625
84.0 338.704833984375
85.0 177.89030456543
85.8 58.8065032958984
85.9 119.545219421387
86.1 33.0591125488281
86.2 62.208667755127
87.0 1119.24584960938
87.7 103.094085693359
87.9 328.415924072266
89.0 2522.75219726563
90.0 47.504508972168
90.1 1563.71630859375
91.0 32861.69140625
92.1 4349.7197265625
93.0 7652.087890625
93.9 71.4970626831055
94.0 2072.56201171875
95.0 4892.71044921875
96.0 597.478759765625
97.0 468.935668945313
97.8 61.2116203308105
98.2 174.443557739258
98.8 43.8831748962402
99.0 181.696365356445
99.1 165.552322387695
99.8 143.819320678711
100.0 235.280807495117
100.1 43.6505126953125
101.0 1225.18737792969
101.9 101.857139587402
102.0 3219.71020507813
103.0 11364.0712890625
104.0 3693.05737304688
105.0 14822.1826171875
106.1 3844.244140625
107.1 21042.12109375
108.0 4247.22265625
109.0 4114.61181640625
110.0 563.391845703125
111.0 280.185638427734
112.0 145.739135742188
112.1 27.3822231292725
112.9 392.003570556641
113.9 56.7723960876465
115.0 29624.875
116.0 9263.7900390625
117.0 14696.001953125
118.1 3424.2255859375
119.1 9819.240234375
120.1 2977.716796875
121.1 9828.4248046875
122.0 3846.568359375
123.0 6293.88330078125
124.0 1471.75646972656
125.0 220.266159057617
126.1 931.690002441406
127.0 9462.06640625
128.1 17926.2734375
129.0 13114.3955078125
130.1 3261.041015625
131.0 26042.671875
132.0 6791.24853515625
133.1 10520.337890625
134.0 3783.4736328125
135.0 4907.427734375
136.0 3846.13037109375
138.0 251.81201171875
139.0 1277.43566894531
140.0 706.581359863281
141.0 7346.529296875
142.0 3085.83203125
143.1 4616.46533203125
144.0 7159.02197265625
145.0 35286.37109375
146.1 8265.1533203125
147.0 29446.875
148.0 6515.24169921875
149.0 5041.56396484375
150.0 1742.14013671875
151.0 1234.6044921875
152.1 3380.57739257813
153.1 3667.578125
154.1 1675.5751953125
155.0 2562.30493164063
156.0 1250.326171875
157.1 13387.1513671875
158.1 6593.95263671875
159.0 14652.2041015625
160.0 29041.396484375
161.1 27825.310546875
162.0 3985.9521484375
163.0 785.713623046875
164.0 559.908935546875
165.1 6915.380859375
166.1 1668.14294433594
167.0 1607.52478027344
168.0 1300.62255859375
169.1 2950.17309570313
170.0 1736.13684082031
171.1 9400.7822265625
172.1 4845.06201171875
173.1 86194.390625
174.1 578382.6875
175.1 103031.2734375
176.1 12679.4482421875
177.1 3365.849609375
178.1 2977.05883789063
179.1 1465.30004882813
180.0 243.572311401367
180.1 415.19091796875
181.1 2990.3955078125
182.0 1775.60363769531
183.0 5761.83740234375
184.0 2183.82299804688
185.1 6954.05322265625
186.1 11493.1572265625
187.1 131577.875
188.1 37526.75
189.1 12688.07421875
190.1 2550.8818359375
191.1 6549.240234375
192.1 780.281677246094
193.1 34100.890625
194.1 5293.70654296875
195.1 2782.2734375
196.0 599.707275390625
196.1 365.424530029297
197.0 3744.67578125
198.0 2387.58935546875
199.1 10238.2099609375
200.1 5878.80419921875
201.1 27833.427734375
202.1 7638.40234375
203.1 3815.31567382813
204.1 960.123107910156
205.1 1290.0107421875
206.1 494.516052246094
207.1 962.23828125
208.1 709.5712890625
209.0 982.245788574219
210.0 196.587921142578
210.1 700.707824707031
211.0 1226.8935546875
212.0 1066.19873046875
213.1 7642.73291015625
214.1 5511.57275390625
215.0 6387.64453125
216.0 1661.73315429688
217.1 32308.955078125
218.1 5338.41845703125
219.0 1191.8310546875
220.0 202.700378417969
223.0 71.829833984375
223.1 420.153198242188
224.0 684.220275878906
225.1 1530.75500488281
226.1 721.687561035156
226.2 234.340881347656
227.1 2572.18481445313
228.2 2539.05615234375
229.2 21500.26171875
231.2 4344384.5
232.1 885798
233.1 104617.1484375
234.1 10001.3115234375
235.1 1653.21154785156
235.9 14.8581314086914
240.1 288.232025146484
241.1 1626.06774902344
242.1 3339.11987304688
243.1 13855.8525390625
244.1 7273.9609375
245.2 22442.6484375
246.2 5089.93896484375
247.1 824.97265625
248.0 103.877067565918
248.2 64.0045547485352
249.0 80.7122192382813
251.0 14.0007095336914
251.1 29.0701885223389
251.9 25.664270401001
252.1 28.6194629669189
253.0 200.134567260742
253.1 181.53840637207
254.0 83.3563079833984
254.2 310.635040283203
255.1 2638.4462890625
256.1 2104.82104492188
257.1 19519.908203125
258.1 11557.19140625
259.1 4581.58056640625
260.1 851.1044921875
260.9 34.8331832885742
261.1 36.2408866882324
261.2 33.8489227294922
265.2 28.2727298736572
267.0 44.0176391601563
268.2 99.2362060546875
269.1 2335.85668945313
270.2 2625.66772460938
271.1 40183.2890625
272.1 8854.3447265625
273.1 1849.4697265625
274.0 7.73017120361328
274.1 262.390380859375
275.0 357.741546630859
276.0 25.5195941925049
279.0 45.438591003418
279.1 47.6698608398438
280.2 56.7434387207031
281.1 576.381713867188
283.1 1452.728515625
283.9 45.0408363342285
284.1 342.976989746094
284.2 89.3683776855469
285.1 2589.40502929688
286.1 1096.93664550781
287.0 260.538208007813
290.9 172.799392700195
294.0 341.006591796875
295.0 131.0703125
296.1 202.719924926758
297.1 3833.4736328125
299.2 178915.46875
300.2 39564.50390625
301.2 5028.90966796875
302.2 460.999114990234
302.9 98.5968627929688
303.1 95.9651870727539
305.1 980.960021972656
305.9 54.6882171630859
306.1 240.064529418945
307.0 144.052291870117
307.1 222.177261352539
308.2 30.1613903045654
308.9 28.8250198364258
309.1 25.2295989990234
310.1 62.2952690124512
311.1 349.849517822266
312.0 110.281311035156
312.2 740.692810058594
313.2 2918.28588867188
314.2 145435.84375
315.2 34426.59765625
316.2 4589.74169921875
317.2 529.745422363281
332.0 25.416296005249
348.7 26.8458862304688
348.9 29.6491222381592
373.2 27.2226047515869
389.1 1104.41564941406
390.1 232.877868652344
390.2 33.8701133728027
391.0 47.6543922424316
