#"+EI Scan (rt: 16.767-16.818 min, 9 scans) Iso2-7.D  Subtract "
#Point,X(Thompsons),Y(Counts)
40.1 945.286743164063
41.1 28734.677734375
42.1 37680.76953125
43.1 5630.228515625
44.1 19132.59375
45.0 554.773864746094
45.8 19.4195156097412
48.9 20.1861190795898
49.0 25.3260688781738
50.0 877.4404296875
51.0 3965.21826171875
52.0 213.87370300293
52.0 998.707580566406
53.0 2194.78247070313
54.0 2877.70532226563
55.1 8138.64990234375
56.0 6737.05810546875
57.0 4195.62841796875
58.1 964.408569335938
60.9 33.15966796875
60.9 106.135284423828
62.0 251.885055541992
62.1 127.014190673828
63.0 1260.98413085938
64.0 908.506774902344
65.0 6517.896484375
66.0 1872.17944335938
67.0 7270.33056640625
68.1 9003.701171875
69.0 141114.703125
70.1 20560.17578125
71.1 1934.79541015625
72.0 82.422721862793
72.1 108.859382629395
74.0 254.665771484375
75.0 216.83251953125
76.1 1082.12976074219
76.2 257.505065917969
77.0 30052.314453125
78.0 5094.65234375
79.0 16339.5546875
80.0 3867.93872070313
81.0 1591.9931640625
82.0 8126.8369140625
83.0 2734.37841796875
84.0 4617.73486328125
85.0 438.357971191406
86.0 120.305015563965
86.1 64.2887878417969
86.7 24.3887996673584
86.9 55.2063598632813
87.9 77.7475509643555
88.0 51.887020111084
89.0 1652.99841308594
90.0 1693.22631835938
91.0 22071.400390625
92.0 4334.23095703125
93.0 14702.63671875
94.0 11050.822265625
95.1 6041.72021484375
96.1 63225.7421875
97.1 6914.6064453125
98.1 7256.291015625
99.0 339.278228759766
99.1 238.352844238281
100.0 930.332092285156
100.9 103.988571166992
101.0 255.392669677734
102.0 94.6711883544922
102.0 1358.52954101563
103.0 15612.1025390625
104.0 23827.8125
105.1 83230.703125
106.0 12554.955078125
107.0 1705.72741699219
107.9 15.5283622741699
108.0 780.8154296875
109.0 143.1708984375
110.0 696.161560058594
111.0 374.874633789063
112.1 1269.97546386719
113.0 786.816284179688
113.9 74.2428894042969
114.0 198.675582885742
114.2 149.128982543945
115.0 3825.49243164063
116.0 1995.78308105469
117.0 10794.7607421875
118.0 19838.591796875
119.0 6007.9462890625
120.0 4019.16943359375
121.0 870.429931640625
121.8 97.2982711791992
121.9 137.970184326172
122.1 102.803184509277
122.2 31.9049587249756
122.9 154.565780639648
124.0 209.395782470703
124.1 152.151550292969
125.0 124.699172973633
125.8 59.2319526672363
125.9 63.5422515869141
126.1 34.4060821533203
127.0 614.875610351563
128.0 2131.52563476563
129.0 2283.7666015625
130.0 24461.474609375
131.1 16284.51953125
132.1 35859.46484375
133.0 5381.7333984375
134.1 5825.248046875
135.0 719.609130859375
136.0 54.3396453857422
138.0 393.01904296875
139.0 3591.06323242188
140.0 612.421142578125
141.0 278.94384765625
142.0 817.33203125
143.0 3288.365234375
144.1 13920.9521484375
145.1 7901.2431640625
146.1 348079.15625
147.1 40234.4921875
148.1 6955.591796875
149.0 938.400695800781
149.9 29.8325634002686
150.0 324.894409179688
151.0 40.393196105957
152.0 1004.10327148438
153.0 185.993545532227
153.9 59.8579368591309
154.0 253.666748046875
154.1 69.3487777709961
155.0 274.60400390625
156.0 1784.56066894531
157.0 1173.3740234375
158.1 69037.15625
159.0 9206.470703125
160.1 18965.451171875
161.0 8453.23828125
162.1 4551.091796875
163.0 382.395751953125
163.9 80.018310546875
164.1 61.0699996948242
165.0 378.298217773438
165.9 60.4419097900391
166.0 79.0108642578125
167.0 262.03173828125
168.0 625.429077148438
169.0 772.948486328125
170.0 1236.80883789063
170.9 422.241943359375
172.1 4712.84130859375
173.1 2134.6787109375
174.1 1005.39672851563
175.0 642.19873046875
176.0 159.747100830078
176.9 100.282897949219
177.9 96.2658386230469
178.1 41.0514526367188
178.8 68.3289031982422
179.0 30.6606140136719
180.0 341.370422363281
180.9 30.12890625
182.0 1163.60205078125
183.0 608.804443359375
184.1 9026.4228515625
185.1 7333.9619140625
186.1 22092.515625
187.1 17715.212890625
188.2 17060.7578125
189.1 466937.5625
190.1 65266.890625
191.1 6351.36083984375
192.0 208.326629638672
194.0 248.7783203125
194.0 101.550079345703
196.0 883.163330078125
197.0 102.823486328125
198.0 1122.30688476563
198.9 155.06982421875
200.0 755.392944335938
202.0 614.591247558594
202.9 55.142578125
204.0 133.861770629883
204.9 182.172958374023
205.9 13.4012985229492
206.0 165.857009887695
210.1 249.873001098633
212.0 642.771484375
213.0 752.78759765625
214.1 101941.2890625
215.0 13458.64453125
216.0 1033.955078125
218.0 14.5849609375
219.9 81.57373046875
222.0 8.74734497070313
223.9 17.7080078125
224.0 53.9441986083984
225.0 211.418395996094
226.1 312.401184082031
227.0 120.549560546875
228.1 3531.15454101563
229.0 1171.53588867188
230.1 265.764099121094
231.0 304.555816650391
236.2 147.243850708008
239.0 150.64453125
240.0 295.488739013672
241.0 715.81494140625
241.9 121.768188476563
242.9 165.461380004883
244.0 81.8897018432617
244.1 18.4123859405518
245.1 44.7293243408203
245.9 1.49005889892578
246.0 36.240234375
247.0 69.7909240722656
248.1 18.419792175293
249.0 157.249099731445
249.9 20.9023323059082
250.1 115.715484619141
250.9 110.242599487305
251.1 229.058731079102
251.9 6.83339691162109
252.0 129.572479248047
253.0 748.449523925781
253.9 67.9384613037109
254.1 79.5080871582031
254.3 48.2138519287109
255.1 2409.00927734375
257.2 807507.375
258.2 150073.34375
259.2 15796.8857421875
260.0 18.7401790618896
260.1 1235.4599609375
260.9 97.1684265136719
261.9 65.5994415283203
262.1 27.532398223877
262.6 23.6570663452148
263.0 41.0391235351563
264.0 42.3231658935547
264.1 62.8601341247559
264.9 60.8697814941406
265.0 28.1363945007324
265.2 20.6208477020264
267.1 54.1377868652344
267.9 39.0720443725586
268.1 17.2921848297119
269.0 48.064453125
270.0 173.675750732422
270.9 187.7333984375
272.0 288.423858642578
274.0 244.510711669922
274.9 14.83935546875
275.9 72.2022247314453
276.9 204.754150390625
278.0 550.726440429688
279.1 10214.5458984375
280.2 2303.63208007813
282.9 44.7964630126953
283.8 20.3530731201172
284.0 32.2496795654297
287.0 23.7151126861572
287.9 16.6837959289551
288.0 20.8223037719727
290.0 85.883544921875
291.0 49.2353515625
293.0 115.94921875
294.0 22.3955078125
297.9 99.2271118164063
298.9 66.3220291137695
300.0 62.8165893554688
300.9 86.5143432617188
301.0 16.2901020050049
303.0 207.852935791016
304.0 19.2905731201172
304.8 2.26497650146484
304.9 78.9676055908203
306.9 74.0067901611328
307.0 70.4829177856445
308.0 137.45979309082
309.0 101.623550415039
310.9 66.2164077758789
312.2 17.4569835662842
312.9 34.8581733703613
313.0 5.79299163818359
314.9 60.4636993408203
315.8 78.6566390991211
317.0 53.1159820556641
326.9 28.5394973754883
328.1 35.4015693664551
328.2 17.6141452789307
328.9 96.1887435913086
329.0 20.7559108734131
330.0 141.792449951172
330.1 129.080596923828
330.3 28.1179733276367
330.5 21.0388565063477
330.8 5.67104721069336
331.1 92.8579330444336
332.0 83.7298278808594
332.2 19.5892105102539
332.8 62.4457588195801
333.0 110.260391235352
334.8 18.7954330444336
341.1 31.9312038421631
344.8 4.56957054138184
344.9 58.7272033691406
345.1 19.4734210968018
345.2 18.447301864624
346.2 3162.06958007813
347.1 1353.34826660156
348.1 174.031341552734
348.3 188.703231811523
349.1 194.090698242188
349.2 494.542907714844
349.9 90.2901763916016
350.2 156.874786376953
351.0 158.658782958984
352.9 23.7042617797852
354.9 345.092163085938
355.9 38.4547882080078
356.9 41.928279876709
358.9 24.4839782714844
362.9 46.0038261413574
366.8 20.4801216125488
366.9 57.2561187744141
369.0 21.3690795898438
370.9 25.0909194946289
372.9 10.1112375259399
