#"+EI Scan (rt: 19.108-19.191 min, 14 scans) Iso2-1.D  Subtract "
#Point,X(Thompsons),Y(Counts)
40.1 422.713073730469
41.1 5641.8564453125
42.1 23604.173828125
43.1 3158.20336914063
44.0 10374.9765625
45.0 296.849334716797
48.8 19.7249355316162
48.9 89.0851669311523
50.0 70.0413055419922
50.0 602.150451660156
51.0 2785.83276367188
52.0 887.269653320313
53.0 1594.59948730469
53.9 9.72062683105469
54.0 1829.42919921875
55.0 5562.50732421875
56.0 3263.50903320313
57.0 1849.47888183594
58.1 446.270294189453
59.0 846.41796875
60.0 65.5145263671875
61.0 97.2635040283203
61.1 21.7525806427002
61.7 14.1143589019775
61.9 303.068084716797
63.0 1016.69842529297
64.0 766.086608886719
65.0 4464.5087890625
66.0 813.813598632813
66.1 207.546112060547
67.0 6386.21240234375
68.0 4716.65966796875
69.1 5482.10498046875
70.1 5302.5205078125
71.0 670.262939453125
71.9 65.1323547363281
72.2 6.87908172607422
73.0 213.4853515625
74.0 313.6337890625
75.0 188.501953125
76.0 132.620178222656
76.1 842.045959472656
77.0 18084.64453125
78.0 3649.212890625
79.0 9312.9921875
80.0 2378.45556640625
81.0 4138.39306640625
82.0 5515.86962890625
83.0 1402.97326660156
84.1 1785.59362792969
85.0 38.3306579589844
85.1 130.996292114258
85.8 10.8231868743896
85.9 82.2260055541992
86.1 11.7200450897217
86.9 33.6377334594727
87.0 32.5947151184082
87.9 137.457427978516
89.0 1143.03723144531
90.0 859.69580078125
90.2 45.4751930236816
91.0 13147.5673828125
92.0 2462.7958984375
93.0 3078.2763671875
94.1 5300.36572265625
95.0 168276.265625
96.0 47571.84375
97.0 5421.01318359375
98.1 4298.9775390625
99.0 393.159729003906
99.8 18.8584289550781
99.9 17.604362487793
100.0 4.72570419311523
100.1 7.84972906112671
100.8 24.8749141693115
100.9 109.609680175781
101.1 138.834197998047
101.9 125.917327880859
102.0 947.690307617188
103.0 9164.95703125
104.0 12438.421875
105.0 41976.06640625
106.0 5124.74267578125
107.0 1043.3740234375
108.0 403.678833007813
108.1 168.544357299805
109.0 2133.30322265625
110.0 643.630554199219
111.0 174.068634033203
111.8 28.6519374847412
112.0 130.43522644043
112.1 21.1237030029297
113.0 249.987030029297
113.9 132.804397583008
114.0 92.8441696166992
114.2 25.19118309021
115.0 2983.07836914063
116.0 1248.72192382813
117.0 5053.34228515625
118.0 7292.3466796875
119.0 2953.54614257813
120.0 1763.47644042969
121.0 1799.8916015625
121.7 12.0906190872192
122.0 318.323089599609
122.9 281.891998291016
124.0 708.155212402344
124.9 112.522193908691
126.0 2044.01831054688
127.0 576.491516113281
127.1 316.70947265625
127.2 88.9650344848633
127.8 16.0424823760986
127.9 1220.36877441406
129.0 1397.33874511719
130.0 15086.865234375
131.1 7442.625
132.1 13488.263671875
133.0 3490.828125
134.0 1843.11950683594
134.1 99.0550689697266
135.0 647.31103515625
136.0 56.4141540527344
136.1 424.692626953125
137.0 17479.5625
138.0 4799.1826171875
139.0 1676.22119140625
139.9 108.32292175293
140.0 173.118865966797
141.1 576.294799804688
141.3 305.845672607422
141.6 578.056762695313
141.8 552.955932617188
143.0 1691.76123046875
144.0 5399.4306640625
145.0 2002.72082519531
146.1 5220.98095703125
147.0 489.947143554688
147.0 702.833618164063
148.1 2131.32763671875
149.0 396.262817382813
149.8 5.63928699493408
150.0 233.283142089844
150.1 32.7032165527344
151.0 213.255859375
152.0 280.294219970703
153.0 135.435760498047
154.0 530.013427734375
155.0 913.076171875
156.0 1296.96533203125
157.0 1606.47143554688
158.1 94191.03125
159.0 13752.109375
160.0 7392.88916015625
161.0 1101.10766601563
162.0 461.076599121094
162.9 376.499755859375
164.0 712.209289550781
165.0 540.322387695313
166.0 115.433319091797
166.1 31.5979232788086
166.9 381.406127929688
168.0 862.337524414063
168.1 29.7169399261475
169.0 645.710754394531
169.1 508.963714599609
170.0 23385.33984375
171.0 5641.66845703125
172.1 2528.77514648438
173.0 1094.91455078125
173.9 15.1314096450806
174.0 325.905242919922
174.2 25.0470867156982
174.9 60.9222793579102
175.0 330.325775146484
175.8 2.84617137908936
175.9 82.4675216674805
176.1 203.933609008789
176.2 45.2738265991211
176.9 39.1106872558594
177.8 20.6722145080566
178.0 98.8478698730469
178.1 47.4851989746094
178.8 6.65358924865723
178.9 37.4416809082031
179.0 47.9047431945801
180.0 348.724304199219
180.9 41.9326171875
182.0 979.085266113281
183.0 821.21484375
184.1 6370.7705078125
185.1 5688.171875
186.1 12322.8466796875
187.1 21327.22265625
188.1 8366.65234375
189.1 3296.23559570313
190.0 276.922760009766
190.1 125.326164245605
191.9 38.9548110961914
193.0 163.42431640625
194.0 331.806396484375
195.0 54.8271484375
196.0 388.317993164063
197.0 268.774169921875
198.0 701.163757324219
198.9 360.93017578125
199.9 326.210418701172
200.1 164.220581054688
200.9 97.298828125
201.9 147.124053955078
202.9 9.84716796875
203.9 115.401885986328
204.9 122.214721679688
205.8 3.10315418243408
206.1 92.7696304321289
207.0 88.63818359375
208.0 126.568969726563
209.1 353.186767578125
210.1 5870.15478515625
211.0 751.8671875
212.1 23021.427734375
213.0 3759.6865234375
214.1 321.229248046875
215.0 4711.33203125
216.0 715.8388671875
217.0 625.3427734375
218.0 85.6719055175781
219.0 826.4775390625
219.9 239.7197265625
221.0 457.979248046875
222.0 487.963104248047
222.9 282.111572265625
224.0 455.316589355469
225.0 332.869232177734
226.0 408.834228515625
227.0 165.01171875
228.0 131.073837280273
228.1 239.727691650391
229.0 331.587890625
230.0 102.372863769531
231.0 16.168212890625
231.1 140.848297119141
233.0 443.55078125
234.0 34.74609375
235.0 35.1103515625
237.0 2287.8125
238.0 1029.14697265625
240.1 259379.46875
241.1 46779.2890625
242.1 5051.43896484375
243.0 832.875122070313
243.9 27.4480762481689
244.0 18.8116588592529
244.1 10.8687210083008
244.9 62.1058044433594
245.9 42.0411033630371
246.0 74.7616195678711
246.7 9.28520488739014
246.8 28.4547348022461
246.9 8.93837356567383
247.9 25.07834815979
248.7 5.45892429351807
248.9 51.1900978088379
249.1 21.14817237854
249.8 11.4468669891357
250.0 43.7463760375977
251.0 406.060852050781
252.0 105.994972229004
252.1 13.0650081634521
252.9 348.460510253906
254.0 827.230407714844
255.0 408.582489013672
255.1 56.6576881408691
255.9 69.67822265625
256.0 66.7716217041016
256.9 201.398712158203
257.0 55.563648223877
257.9 100.519271850586
258.9 142.360397338867
259.7 9.15339851379395
259.9 48.8435745239258
260.0 2.67307591438293
260.9 123.473770141602
261.8 11.7203187942505
262.9 88.7244186401367
263.9 21.9562015533447
265.0 216.323028564453
265.9 72.625244140625
266.1 112.103401184082
267.0 258.711791992188
267.1 191.225326538086
267.9 45.4742431640625
267.9 91.3538970947266
268.9 157.958221435547
269.8 65.0142974853516
270.9 281.308227539063
271.9 48.1953201293945
272.0 22.673713684082
272.9 274.193359375
273.9 120.885635375977
274.9 370.595703125
275.9 185.484222412109
276.0 30.5723247528076
276.9 375.157348632813
277.9 323.910217285156
279.0 134.053359985352
279.1 6271.33056640625
280.1 1556.19006347656
280.3 55.828067779541
281.0 170.422912597656
281.1 1032.55944824219
283.1 463681.15625
284.1 90990.3671875
285.1 12835.0576171875
286.0 907.501220703125
286.1 255.590408325195
287.0 319.92724609375
287.8 5.09973526000977
289.0 630.4326171875
290.0 166.982177734375
291.0 161.072631835938
293.0 1257.205078125
293.9 286.87353515625
294.9 395.775390625
296.0 456.942962646484
296.9 355.99267578125
297.9 212.156890869141
298.9 127.763763427734
299.0 2.37149429321289
299.9 7.79380798339844
300.0 87.7582473754883
300.2 10.9161853790283
300.9 108.162612915039
301.9 4.34573078155518
302.7 16.595251083374
302.8 49.2403259277344
303.0 6.23159027099609
304.8 15.7182636260986
304.9 74.2417602539063
307.0 240.305084228516
307.8 4.83975791931152
307.9 71.8582611083984
308.0 2.97709226608276
308.9 45.5053863525391
310.9 198.853393554688
312.0 137.444320678711
312.9 127.383499145508
315.0 361.977630615234
315.8 32.1645965576172
316.0 65.1258544921875
316.7 11.6711330413818
316.8 6.50264453887939
316.9 36.1898307800293
318.8 12.0853023529053
324.9 12.445107460022
326.8 118.916564941406
328.8 39.3155403137207
328.9 75.2904968261719
329.1 11.7691621780396
330.9 31.5856704711914
331.0 37.4943923950195
332.8 66.1996994018555
333.0 13.1294174194336
334.7 7.28144550323486
334.8 4.00738906860352
334.9 25.8758316040039
336.8 12.3769674301147
340.9 195.144287109375
341.1 8.37654685974121
341.9 11.0023927688599
343.0 11.1214265823364
344.8 8.87665557861328
344.9 90.2975845336914
346.0 11.2630863189697
346.8 4.51482629776001
347.0 16.86767578125
348.9 113.306709289551
349.7 22.5673599243164
349.9 18.644474029541
350.0 26.5238647460938
350.9 62.0569305419922
352.8 13.2794589996338
352.9 63.1760864257813
353.9 22.0779609680176
355.0 371.563323974609
355.1 7.76570892333984
355.9 137.947799682617
356.1 105.088493347168
356.2 13.4273748397827
356.8 37.2769660949707
357.0 163.736740112305
358.9 11.2245197296143
359.1 20.2108631134033
362.9 64.4107894897461
363.0 46.0651779174805
364.8 9.70622062683105
366.9 133.749114990234
368.9 67.6261367797852
369.0 58.647590637207
369.1 15.9936590194702
370.8 21.842321395874
371.0 86.4622802734375
371.2 15.295844078064
372.1 2308.52758789063
373.1 904.938903808594
374.0 14.0088672637939
374.1 127.861862182617
375.0 40.0100288391113
375.2 48.7932395935059
401.0 12.3652849197388
429.0 178.07194519043
429.1 26.8134326934814
