#"+EI Scan (rt: 19.102-19.185 min, 14 scans) Iso2-2.D  Subtract "
#Point,X(Thompsons),Y(Counts)
40.0 339.624755859375
41.1 5213.9658203125
42.1 22394.162109375
43.1 3020.28149414063
44.0 9770.2978515625
45.0 298.798248291016
45.9 48.8854370117188
47.0 1.38999176025391
49.0 66.1992874145508
50.0 638.637939453125
51.0 2739.900390625
52.0 675.319702148438
52.1 178.762344360352
53.0 1566.11987304688
54.0 1666.93615722656
55.1 5374.5419921875
56.0 3042.82177734375
57.0 1700.82849121094
58.0 39.3808441162109
58.1 385.220947265625
59.0 516.982421875
60.0 40.3524131774902
60.9 34.1121978759766
61.0 23.6733322143555
61.1 17.0262432098389
61.9 37.8608055114746
62.0 266.330657958984
63.0 870.036499023438
64.0 624.807922363281
65.0 4279.75732421875
65.9 78.5785751342773
66.0 894.152587890625
67.0 5955.26171875
68.0 4438.7734375
69.0 5068.9267578125
70.1 5134.943359375
71.0 583.201843261719
71.7 13.7436904907227
71.8 20.2233104705811
71.9 26.2986946105957
72.0 7.89568328857422
73.0 209.8857421875
74.0 265.779418945313
75.0 233.571533203125
76.0 898.1064453125
77.0 17318.58203125
78.0 3672.32421875
79.0 8704.1943359375
80.0 2211.63110351563
81.0 3833.5595703125
82.0 4864.90966796875
83.0 1264.96911621094
84.1 1761.00769042969
85.0 195.781158447266
86.0 86.8013153076172
86.1 31.7213439941406
86.9 62.773998260498
87.1 39.8569412231445
87.8 53.5081062316895
87.9 7.97500371932983
88.0 65.5924606323242
89.0 1101.51196289063
90.0 968.481384277344
91.0 12647.7998046875
92.0 2358.93237304688
93.0 2879.74682617188
94.1 5702.63427734375
95.0 159977.9375
96.0 45794.44921875
97.0 5133.5234375
98.1 4203.1015625
98.9 16.3609085083008
99.0 327.763092041016
99.8 23.7438163757324
100.8 53.1459274291992
101.0 214.286071777344
101.1 18.1919803619385
101.9 50.441535949707
102.0 994.773071289063
103.0 8837.296875
104.0 11939.0498046875
105.0 39765.65234375
106.1 4825.47216796875
107.0 1023.07006835938
107.9 83.8941879272461
108.1 332.919830322266
109.0 1914.59814453125
110.0 614.231384277344
111.0 148.117858886719
111.9 73.3812713623047
112.0 94.9414825439453
113.0 194.576354980469
113.8 16.2137432098389
114.0 190.809555053711
114.2 56.6717109680176
115.0 2763.03662109375
116.0 1231.41125488281
116.1 23.0270748138428
117.0 4636.6953125
118.0 6810.8291015625
119.0 2759.162109375
120.0 1726.87536621094
121.0 1699.46899414063
121.8 5.79502010345459
122.0 305.716674804688
122.1 3.64379405975342
122.9 52.090576171875
123.0 56.9451599121094
123.9 446.176818847656
124.0 231.521896362305
124.9 121.180938720703
126.0 1964.79992675781
127.0 137.480163574219
127.1 462.809722900391
127.2 326.953094482422
127.9 550.457275390625
128.0 595.425354003906
128.1 19.7400722503662
129.0 1421.01892089844
130.0 14388.7919921875
131.0 7080.015625
132.1 13044.6875
133.0 2057.53759765625
134.0 1919.41235351563
134.1 39.7061195373535
135.0 558.594482421875
136.1 56.1192779541016
137.0 15332.9765625
138.0 4604.11328125
139.0 1654.54150390625
140.1 343.612640380859
141.2 579.591796875
141.7 1136.5791015625
141.8 476.068695068359
143.0 1742.22534179688
144.1 5218.06591796875
145.0 2053.71704101563
146.1 5046.4482421875
147.0 1209.55737304688
148.1 2158.16381835938
149.0 252.132064819336
149.1 94.9950485229492
149.8 18.2053527832031
149.9 154.424850463867
150.1 69.4728317260742
151.0 160.0302734375
152.0 238.608581542969
152.9 140.547729492188
153.9 78.833137512207
154.0 257.726104736328
155.0 867.3671875
156.0 1194.15698242188
157.0 1529.306640625
158.1 89665.6328125
159.0 13083.61328125
160.0 7187.3603515625
161.0 897.095458984375
162.0 354.736602783203
162.9 375.523193359375
164.0 893.18212890625
165.0 344.114349365234
165.9 16.2956695556641
166.1 70.5569458007813
166.9 388.14013671875
168.0 284.228149414063
168.0 518.021301269531
168.9 367.244812011719
169.1 379.713897705078
170.0 21953.5859375
171.0 5579.7314453125
172.1 2409.58740234375
173.0 1171.35778808594
173.8 23.369441986084
174.0 110.042137145996
174.1 190.784271240234
175.0 408.694366455078
175.1 30.9949169158936
175.9 31.1371955871582
176.0 283.284240722656
176.9 257.847595214844
178.0 200.087524414063
178.8 19.2140064239502
178.9 12.729736328125
179.1 38.6012954711914
180.0 92.0015182495117
180.1 185.451614379883
180.9 68.7869873046875
182.0 985.353454589844
183.0 785.212524414063
184.1 6055.240234375
185.1 5353.65966796875
186.1 11680.01171875
187.1 18279.708984375
188.1 7823.14697265625
189.1 3011.38671875
189.9 37.6799621582031
190.1 404.38232421875
191.0 50.0244140625
192.0 75.6812591552734
193.0 58.375
193.9 62.4230842590332
194.0 175.598724365234
195.0 14.54248046875
195.9 130.378234863281
196.0 202.710876464844
197.0 395.829345703125
198.0 1000.52581787109
198.9 268.914794921875
199.9 50.5291442871094
200.0 407.887512207031
200.9 167.24560546875
201.9 262.205505371094
203.9 23.729248046875
204.0 11.0039205551147
204.9 84.2593231201172
205.9 43.2627449035645
206.0 85.5569458007813
207.0 179.4755859375
208.0 166.700439453125
209.0 181.883941650391
210.1 5489.76318359375
211.0 895.8203125
212.1 21841.6015625
213.0 3621.38818359375
214.2 136.992874145508
215.0 3287.44921875
216.0 639.5244140625
217.0 427.10595703125
218.0 30.0420379638672
218.1 79.5894088745117
219.0 714.74609375
219.9 143.216796875
221.0 364.96240234375
222.0 412.038848876953
222.1 70.7803192138672
222.9 221.829711914063
223.9 212.337142944336
224.0 257.846313476563
225.0 290.573394775391
225.9 22.0568161010742
226.0 380.72802734375
227.0 114.379272460938
228.0 499.153442382813
229.0 393.022705078125
230.0 76.142707824707
231.0 196.900787353516
233.0 296.24609375
234.0 49.1318359375
235.0 51.1689453125
236.1 81.7410736083984
237.0 1991.8203125
238.0 727.01416015625
239.0 792.8115234375
240.1 245870.921875
241.1 44368.37890625
242.1 4854.1298828125
243.0 799.931762695313
243.9 55.9892997741699
244.1 9.8335428237915
244.9 86.0730743408203
245.8 20.6054229736328
245.9 47.7161407470703
246.9 71.1963043212891
247.0 22.9469928741455
248.0 11.5813264846802
248.9 16.1617813110352
249.1 53.3456954956055
249.9 16.4560222625732
250.0 64.4383926391602
251.0 376.791870117188
251.9 9.28006362915039
252.0 169.903579711914
252.1 12.7613115310669
252.9 248.893951416016
254.0 854.544311523438
255.0 478.932769775391
255.8 7.04081869125366
255.9 57.6763076782227
256.1 0.101398468017578
256.9 187.898803710938
257.8 21.4929008483887
258.0 8.56371688842773
258.1 16.0440425872803
258.9 163.664611816406
259.8 19.8058414459229
259.9 21.0696296691895
260.9 197.816101074219
261.8 22.8362865447998
261.9 24.9394645690918
262.9 197.929107666016
263.8 11.7162761688232
265.0 119.563659667969
265.8 11.5613269805908
266.0 83.4577407836914
266.1 30.3885078430176
267.0 282.804382324219
267.9 58.4972305297852
268.0 45.3054542541504
268.9 90.7425537109375
269.8 18.4215431213379
270.0 16.0872192382813
270.9 166.0029296875
271.8 41.8546562194824
271.9 164.173431396484
272.9 236.997314453125
273.9 76.3195266723633
274.9 227.78662109375
276.0 111.536346435547
276.9 327.377197265625
278.0 390.597015380859
279.0 144.258041381836
279.1 5942.82568359375
280.1 1290.8076171875
280.2 277.842224121094
281.0 2415.99633789063
283.1 438296.8125
284.1 86633.03125
285.1 12285.2314453125
286.0 1394.20385742188
287.0 301.258483886719
287.8 0.216344833374023
288.0 51.7913665771484
289.0 480.90283203125
290.0 147.7880859375
291.0 114.783203125
292.0 125.321792602539
293.0 1000.3037109375
293.9 252.90087890625
294.9 350.03076171875
295.9 12.6021118164063
296.0 73.1900253295898
296.9 326.998046875
297.9 237.210494995117
298.9 391.429107666016
299.7 5.71694231033325
299.9 64.0292053222656
300.8 172.705169677734
302.9 104.127212524414
304.8 33.6817855834961
305.1 6.98799467086792
306.9 177.311264038086
307.8 21.298282623291
308.0 13.1944065093994
308.9 33.1707992553711
309.0 42.0834503173828
311.0 558.021179199219
311.8 42.9215812683105
311.9 84.2963714599609
312.9 46.6596908569336
313.0 65.7686386108398
314.9 130.83268737793
315.8 34.2436485290527
316.0 7.77053737640381
316.8 0.807753562927246
316.9 40.9149627685547
317.0 16.4380226135254
318.9 24.8141574859619
319.1 11.0232915878296
324.9 10.7497854232788
326.8 106.641487121582
327.0 68.3622817993164
328.7 12.5829925537109
328.9 33.7431793212891
328.9 31.4091663360596
329.9 12.7068147659302
330.7 29.1851615905762
330.8 46.4744148254395
331.0 5.34759140014648
332.7 35.4592208862305
332.9 28.2399253845215
333.1 10.5933361053467
334.7 7.18485689163208
334.9 12.5115919113159
340.9 189.813293457031
341.1 25.457462310791
342.0 32.9044227600098
342.9 22.2844409942627
343.0 64.6050186157227
344.9 71.6130065917969
345.0 55.999885559082
346.9 9.04647064208984
347.0 14.1731615066528
349.0 120.831405639648
349.8 14.4759111404419
349.9 9.05993938446045
350.9 66.5776138305664
351.0 43.8347396850586
352.9 71.1994094848633
353.0 3.44981741905212
353.9 11.4838609695435
354.0 12.5427522659302
355.0 333.300415039063
355.9 125.600120544434
356.1 124.28450012207
356.8 8.11494636535645
356.9 108.43522644043
357.1 31.3295974731445
357.2 19.2734832763672
358.9 14.1189756393433
359.1 12.3075857162476
363.0 52.1867027282715
367.0 140.179962158203
367.9 14.9984149932861
368.8 5.57333183288574
369.0 74.9636993408203
370.9 45.0380401611328
371.0 48.1631088256836
372.1 2082.87915039063
373.1 805.947448730469
374.1 80.3477020263672
374.2 64.1464920043945
375.0 36.4860229492188
375.1 54.5000953674316
401.0 26.6690158843994
428.8 32.4722595214844
428.9 113.81470489502
429.1 64.2395782470703
430.0 23.0155906677246
431.1 11.0186920166016
