#"+EI Scan (rt: 19.102-19.185 min, 14 scans) Iso2-8.D  Subtract "
#Point,X(Thompsons),Y(Counts)
40.0 9.75737762451172
41.1 5820.181640625
42.1 25483.837890625
43.1 3446.64965820313
44.0 11336.990234375
45.0 295.237121582031
45.8 22.2033958435059
46.0 11.2828989028931
48.9 29.7558135986328
49.1 26.7142200469971
50.0 779.1416015625
51.0 2902.1025390625
52.0 899.693115234375
53.0 1596.06713867188
53.9 28.0390796661377
54.1 1859.79895019531
55.0 5691.419921875
56.0 3329.7646484375
57.0 1997.42639160156
58.1 470.870788574219
60.9 49.4190826416016
61.1 83.0100936889648
61.9 229.142837524414
62.0 106.463218688965
63.0 1019.22998046875
63.9 11.9955596923828
64.0 608.400756835938
65.0 4546.97314453125
66.0 1029.05712890625
67.0 6910.74365234375
68.0 5081.1533203125
69.0 5595.021484375
70.1 5736.90625
71.0 632.682250976563
71.9 60.9996604919434
72.0 36.6113700866699
72.1 46.6890068054199
73.0 30.9326171875
74.0 256.935180664063
75.0 302.474853515625
76.1 934.436828613281
77.0 18333.001953125
78.0 3300.23828125
79.0 9826.8798828125
80.0 2545.8779296875
81.0 3969.91357421875
82.0 5224.4921875
83.0 1374.31591796875
84.0 1819.42553710938
85.0 215.385192871094
85.9 69.1843795776367
86.0 58.0866317749023
87.0 181.14436340332
87.9 61.7640037536621
88.0 79.4268112182617
89.0 1098.94934082031
90.0 980.113525390625
91.0 14033.3935546875
92.0 2627.68212890625
93.0 2832.41284179688
94.1 6179.65625
95.0 181003.390625
96.1 52248.1640625
97.0 5570.8828125
98.1 4499.78466796875
99.0 405.313690185547
99.2 17.8202610015869
99.7 10.7842435836792
100.0 78.4212951660156
100.1 10.6659202575684
100.8 58.4124870300293
101.0 175.518310546875
101.1 25.1454105377197
102.0 1104.7099609375
103.0 9705.001953125
104.0 13123.41796875
105.0 44580.703125
106.1 5442.11572265625
107.0 1039.47497558594
108.0 431.192016601563
108.1 78.0017623901367
109.0 1650.7470703125
110.0 481.815856933594
110.1 56.2390213012695
111.0 79.0465850830078
111.9 84.1204833984375
112.1 95.3410110473633
113.0 132.594024658203
113.8 48.5114517211914
114.0 151.673812866211
114.1 80.6782608032227
115.0 2907.37036132813
116.0 1365.02185058594
117.0 5135.7177734375
118.0 7456.544921875
119.0 3618.03955078125
120.0 1880.17626953125
121.0 2044.69787597656
121.9 230.721557617188
122.1 182.90380859375
122.9 153.254180908203
124.0 703.397399902344
124.9 10.6296997070313
125.0 69.6633834838867
126.0 2230.373046875
127.1 491.534210205078
127.2 438.350860595703
127.9 198.513366699219
127.9 1025.31481933594
128.1 63.4260368347168
129.0 1339.91845703125
130.0 16159.9169921875
131.1 7886.94482421875
132.1 14426.8798828125
133.0 2322.423828125
134.0 2123.85375976563
135.0 477.0771484375
136.1 139.118194580078
137.0 12381.1484375
138.0 4797.7626953125
139.0 1697.19067382813
139.9 211.519256591797
140.1 90.2239074707031
141.1 473.754180908203
141.2 1131.18676757813
141.7 1274.88256835938
141.8 574.855773925781
143.0 1692.51477050781
144.0 5675.291015625
145.0 2341.109375
146.1 5468.8056640625
147.0 1376.75708007813
148.1 2289.73803710938
149.0 471.045440673828
150.0 271.439331054688
150.2 9.18590354919434
151.0 198.118774414063
151.9 147.5390625
152.1 24.2219467163086
153.0 87.4636535644531
154.0 50.0441970825195
154.1 526.26416015625
155.0 536.4150390625
156.0 1857.21569824219
157.0 145.18896484375
157.1 1435.01281738281
158.1 103262
159.0 13333.099609375
160.0 8166.0693359375
161.0 992.784423828125
161.9 45.3742828369141
162.1 305.331329345703
162.9 404.176025390625
164.0 915.087158203125
165.0 425.128021240234
165.8 47.376838684082
166.1 96.0257110595703
166.9 379.036865234375
168.0 917.487976074219
169.0 561.067260742188
169.1 332.576721191406
170.0 24959.779296875
171.0 6084.5517578125
172.0 2722.30249023438
173.0 1194.33654785156
173.9 100.798355102539
174.0 235.389190673828
174.1 50.6471672058105
175.0 421.102600097656
175.2 38.9316329956055
176.0 182.461898803711
176.0 206.120758056641
176.9 59.2402038574219
177.9 73.6410369873047
178.1 135.836303710938
178.8 33.607006072998
179.1 23.021821975708
180.0 308.8154296875
180.9 58.6380615234375
182.0 1059.69006347656
183.0 573.875183105469
184.1 6357.63623046875
185.1 5707.6455078125
186.1 13141.1142578125
187.1 20955.81640625
188.1 8730.27734375
189.1 3181.48681640625
190.0 385.395141601563
190.2 50.3384017944336
191.0 54.2587890625
191.9 88.0398101806641
193.0 63.90185546875
193.9 58.7757987976074
194.0 193.387954711914
195.0 83.44921875
196.0 952.830505371094
197.0 347.716552734375
198.0 1159.98217773438
198.9 369.16357421875
199.9 266.713470458984
200.0 246.988739013672
200.9 107.022705078125
201.9 9.19863891601563
202.1 21.0421333312988
202.9 1.98735046386719
203.9 51.2012634277344
205.0 193.260147094727
206.0 33.4620666503906
207.0 135.84423828125
208.0 35.4896240234375
209.0 162.489868164063
210.1 6318.16259765625
211.0 1197.576171875
212.1 25365.123046875
213.0 3909.87719726563
214.0 71.4638519287109
214.1 96.8102188110352
217.0 47.83740234375
218.1 49.9949188232422
219.0 25.2666015625
220.9 316.915283203125
222.0 603.922180175781
222.9 310.942260742188
224.0 340.921081542969
225.0 435.984191894531
225.9 54.3797378540039
226.0 270.619995117188
226.2 95.4855728149414
227.0 141.290374755859
228.1 437.443603515625
229.0 283.866577148438
229.9 116.003921508789
231.0 153.456298828125
233.0 107.44921875
234.0 33.02294921875
235.0 68.3037109375
237.0 369.74609375
238.0 588.9462890625
240.1 282879.71875
241.1 50793.76953125
242.1 5519.4453125
243.0 521.450317382813
243.1 48.2566223144531
243.8 56.9595794677734
244.0 61.1307640075684
245.0 67.3224258422852
245.9 47.7134399414063
247.0 84.899169921875
248.0 33.6545333862305
248.9 26.5189666748047
249.0 5.5907154083252
250.0 59.4951095581055
251.0 254.601165771484
251.1 70.1464996337891
251.9 30.5147876739502
252.0 33.0582313537598
252.2 35.6449699401855
252.9 262.575561523438
254.1 880.01904296875
255.0 548.569030761719
255.8 24.0299434661865
255.9 44.4952621459961
256.1 35.2493438720703
256.9 169.968200683594
257.9 3.70931625366211
258.1 64.1716842651367
258.9 48.0821228027344
259.7 10.8968286514282
259.8 13.7233734130859
260.0 38.6986846923828
260.9 73.4546661376953
261.8 23.1106185913086
262.9 118.438659667969
265.0 257.051818847656
265.9 26.6903686523438
266.0 59.7507438659668
266.2 34.2289848327637
267.0 308.181610107422
267.9 110.274925231934
268.9 88.1681823730469
270.1 97.9340438842773
270.1 35.2167587280273
270.9 105.616455078125
272.0 252.630706787109
273.9 45.7459564208984
274.9 73.06103515625
275.9 33.8465423583984
276.1 41.0021934509277
276.9 210.8291015625
278.0 478.525726318359
279.0 125.09765625
279.1 6900.3466796875
280.0 109.517707824707
280.2 1575.90417480469
281.0 1167.77404785156
283.1 509432.53125
284.1 99971.6875
285.1 13498.587890625
286.1 1394.62609863281
287.0 132.648223876953
288.0 14.0572414398193
289.0 80.64306640625
291.0 37.5142822265625
293.0 171.2099609375
294.9 137.216552734375
295.9 89.0608520507813
296.9 112.0576171875
297.9 9.95768737792969
298.9 70.8113403320313
300.0 81.17236328125
300.8 69.5971832275391
302.2 12.1133794784546
302.9 30.1332931518555
303.0 13.4081726074219
304.8 20.7929039001465
305.0 25.5709743499756
307.0 251.186279296875
307.8 9.00687313079834
308.0 41.907829284668
308.1 31.1384372711182
309.0 46.373607635498
311.0 227.568405151367
311.9 57.1603355407715
312.1 26.8886260986328
312.9 41.0509948730469
313.0 7.50912475585938
315.0 92.6832656860352
315.7 15.5497226715088
315.9 40.9342842102051
316.1 10.942400932312
316.8 5.45045280456543
317.0 1.39468479156494
325.1 11.2182464599609
326.8 22.1908988952637
326.9 38.009895324707
327.0 35.6063003540039
329.0 26.2256946563721
330.0 28.2582721710205
330.9 57.5386772155762
332.7 4.25146722793579
332.9 71.6776275634766
334.8 8.43397903442383
340.8 18.8925552368164
340.9 152.340179443359
341.1 1.33753967285156
343.0 22.7090034484863
345.0 88.9318237304688
347.0 41.4860610961914
348.9 155.613739013672
349.9 16.9000186920166
350.7 6.38795757293701
350.9 72.8538055419922
352.8 59.0666160583496
353.9 12.9118013381958
354.9 234.380310058594
355.1 57.3924751281738
355.7 12.3942804336548
355.9 107.841842651367
356.1 83.5139541625977
356.2 19.4715385437012
356.3 16.637170791626
356.9 115.435691833496
357.0 95.568229675293
358.1 11.2351627349854
358.9 56.6002922058105
362.9 63.1071853637695
363.1 22.0313510894775
367.0 85.2366561889648
367.1 10.6230888366699
368.9 61.0473823547363
369.0 78.7520141601563
370.8 71.6520843505859
371.0 96.826042175293
372.1 2215.3271484375
373.0 48.6845893859863
373.1 811.579406738281
374.0 83.5302963256836
374.1 51.1136741638184
375.0 47.3975639343262
375.1 66.9969024658203
400.9 12.5318927764893
401.0 11.8979482650757
428.9 36.6157302856445
429.0 193.071517944336
430.0 13.8000564575195
