#"+EI Scan (rt: 19.102-19.185 min, 14 scans) Iso2-7.D  Subtract "
#Point,X(Thompsons),Y(Counts)
40.1 335.248596191406
41.1 6015.89697265625
42.1 25677.11328125
43.1 3414.73168945313
44.0 11333.837890625
45.0 301.101501464844
45.9 24.8197555541992
46.0 20.0712413787842
47.0 28.38916015625
48.9 0.587982177734375
49.0 45.2032623291016
50.0 501.418151855469
50.1 121.215255737305
51.0 2954.41088867188
52.0 894.643310546875
53.0 1588.65966796875
53.9 58.8124847412109
54.0 1808.72497558594
55.0 5801.13232421875
56.1 3516.12768554688
57.0 1946.35778808594
58.1 415.628479003906
58.2 56.6773300170898
60.1 45.074520111084
61.0 121.882186889648
61.8 4.02304267883301
61.9 197.765853881836
62.0 110.679718017578
63.0 935.7705078125
64.0 674.455871582031
65.0 4617.5
65.9 77.895133972168
66.0 934.541015625
67.0 6734.7255859375
68.0 5056.93017578125
69.1 5829.7353515625
70.1 5867.32421875
70.9 4.46791076660156
71.0 593.077758789063
71.8 36.3977165222168
72.0 5.55129528045654
72.1 20.3031845092773
72.2 31.5853290557861
74.0 261.115356445313
75.0 259.83544921875
76.1 911.384643554688
77.0 18230.740234375
78.0 3100.8857421875
79.0 9891.888671875
80.0 2591.2900390625
81.0 4019.6884765625
82.0 5379.693359375
83.0 1364.57836914063
84.1 1852.23352050781
85.0 199.758407592773
85.8 29.6807689666748
86.0 63.2911071777344
87.1 86.9742431640625
87.8 15.0326528549194
87.9 73.5978164672852
88.0 23.607551574707
88.2 29.2969665527344
89.0 1169.58032226563
90.0 139.273971557617
90.0 827.531005859375
91.0 14554.9912109375
92.0 2603.62036132813
93.0 3187.67236328125
94.1 5834.1552734375
95.0 181544.96875
96.0 52101.0546875
97.0 5654.46044921875
98.1 4408.6455078125
99.0 368.348052978516
99.9 61.345645904541
100.1 13.1781368255615
100.9 60.4934310913086
101.0 213.672958374023
102.0 1121.67456054688
103.0 9545.458984375
104.0 13102.1962890625
105.0 44711.890625
106.0 5365.81787109375
107.0 242.656829833984
107.0 666.299438476563
108.0 415.340942382813
108.1 141.275054931641
109.0 1465.5947265625
110.0 533.739807128906
111.1 161.639373779297
111.9 40.6198844909668
112.0 106.231452941895
112.1 28.5376605987549
113.0 169.213134765625
113.8 42.5012817382813
113.9 161.290054321289
114.1 54.6610946655273
115.0 2955.12133789063
116.0 1317.87951660156
117.0 5000.45849609375
118.0 7717.37353515625
119.0 3294.67456054688
120.0 1982.14306640625
121.0 1942.30151367188
121.9 150.566375732422
122.1 223.738006591797
123.0 375.040954589844
124.0 738.687866210938
124.9 31.2921981811523
125.0 79.2158050537109
125.9 21.9008502960205
126.0 2200.669921875
127.1 576.467529296875
127.3 98.0657806396484
127.9 949.652709960938
128.0 324.154663085938
129.0 1613.60974121094
130.1 16152.6005859375
131.0 7825.48876953125
132.1 14453.69140625
133.0 2331.51000976563
134.1 2211.37109375
135.0 376.166015625
137.0 11919.16015625
138.0 4926.63916015625
139.0 1637.0283203125
140.0 372.169799804688
141.3 1393.41137695313
141.7 1068.13464355469
141.9 31.2192764282227
143.0 1921.00244140625
144.1 5813.8330078125
145.0 2355.15112304688
146.1 5318.69091796875
147.0 914.804992675781
148.1 2200.34228515625
149.0 541.701293945313
149.9 63.658260345459
150.1 197.365829467773
151.0 183.11474609375
151.9 42.7886695861816
152.0 220.552536010742
153.0 164.609436035156
154.0 538.937561035156
155.0 466.94091796875
156.0 1259.45385742188
157.0 1606.28442382813
158.1 104458.6796875
159.0 13746.087890625
160.0 8085.404296875
161.0 946.439208984375
162.0 421.024047851563
162.9 300.10986328125
164.0 371.819885253906
164.1 272.980010986328
164.9 123.166351318359
165.0 11.1758422851563
165.9 167.531402587891
166.0 37.7730941772461
166.9 432.191162109375
168.0 915.154663085938
169.0 103.273460388184
169.1 604.559020996094
170.0 25325.1484375
171.0 5749.787109375
172.1 2714.392578125
173.0 1138.17456054688
174.0 78.5365982055664
174.1 302.305572509766
174.9 155.244125366211
175.1 268.928588867188
175.9 62.0931015014648
176.0 346.219207763672
176.9 57.2990264892578
177.9 44.8294296264648
178.0 186.359710693359
179.0 206.778961181641
179.1 24.2209758758545
180.0 267.542907714844
180.9 50.8858642578125
182.0 209.879272460938
182.0 774.364379882813
183.0 928.051635742188
184.1 6357.84619140625
185.1 5623.5849609375
186.1 13411.6904296875
187.1 19181.361328125
188.1 9136.9072265625
189.1 3301.0830078125
190.0 217.455490112305
190.1 225.201583862305
191.0 48.27734375
191.9 48.2660369873047
192.0 44.8641357421875
193.0 115.1640625
194.0 217.501419067383
196.0 374.975402832031
197.0 311.501953125
198.0 1045.529296875
198.9 304.439208984375
200.0 559.58740234375
200.9 68.1142578125
201.9 22.1645050048828
202.1 29.1338748931885
203.0 64.2929229736328
204.0 58.8224220275879
205.0 175.827774047852
206.0 96.29736328125
207.0 226.1044921875
208.0 85.431640625
209.0 158.1533203125
210.1 6307.873046875
211.0 1087.419921875
212.1 25835.6640625
213.0 4026.1181640625
215.0 312.8046875
216.0 52.4609375
217.0 35.39990234375
218.0 28.3149261474609
219.9 25.905029296875
221.0 143.51708984375
221.9 96.76806640625
222.0 232.787460327148
222.9 142.93359375
223.9 230.817169189453
224.0 105.259437561035
225.0 346.864990234375
226.0 305.546875
226.1 119.982383728027
227.0 184.908325195313
228.1 558.071411132813
229.0 292.401733398438
229.9 81.5367279052734
230.0 28.0161895751953
231.1 108.246566772461
234.0 2.90673828125
235.0 3.8828125
236.0 213.508560180664
237.0 548.67578125
238.0 742.24169921875
239.1 1445.88415527344
240.1 285954.59375
241.1 51308.08984375
242.1 5606.35107421875
243.0 483.610321044922
243.9 14.9697046279907
244.0 34.1596717834473
244.9 155.431671142578
245.1 27.2938575744629
245.8 31.11376953125
246.0 33.0608863830566
246.9 18.0184745788574
248.0 11.4270963668823
249.0 39.7865600585938
249.9 99.8423538208008
250.1 11.1119174957275
251.0 95.6365661621094
251.1 172.341537475586
252.1 128.573593139648
252.2 22.1905040740967
252.9 381.97802734375
254.0 26.8621063232422
254.1 821.88330078125
254.9 18.4211730957031
255.0 256.681457519531
255.9 32.0246658325195
256.0 90.3153457641602
257.0 800.74755859375
257.9 40.5118865966797
258.0 7.92247009277344
258.9 17.6326599121094
259.7 1.98783493041992
259.9 37.0283317565918
260.1 23.481050491333
261.0 128.556564331055
261.9 11.9899311065674
262.1 11.6667881011963
262.9 140.182708740234
265.0 157.90966796875
265.1 9.99992847442627
266.0 40.640697479248
266.1 72.902214050293
266.9 234.242340087891
267.0 80.2403335571289
267.9 86.908317565918
268.1 4.97257995605469
268.2 27.4052600860596
268.9 30.5389404296875
269.9 16.5308647155762
270.0 12.7750473022461
270.1 8.96234321594238
270.9 86.2203369140625
271.9 39.5357666015625
272.9 25.018310546875
274.0 103.625137329102
274.9 245.83203125
275.9 103.027374267578
276.9 268.719116210938
277.9 78.8326263427734
278.1 218.947509765625
279.1 7103.94921875
280.1 1665.9345703125
281.0 247.960327148438
281.1 839.916564941406
283.1 512252.25
284.1 100778.515625
285.1 13789.869140625
286.0 1246.31787109375
287.0 258.3291015625
287.9 26.2196617126465
289.0 91.27587890625
290.0 11.9453125
291.0 37.0819091796875
292.0 126.6611328125
293.0 206.7080078125
293.9 25.1279296875
294.9 76.796630859375
295.9 10.3225860595703
296.9 85.54150390625
297.8 39.1637382507324
297.9 152.052124023438
298.9 94.8776092529297
299.8 47.880931854248
300.0 22.5321617126465
300.7 1.19009971618652
300.9 86.2059020996094
301.8 3.50452327728271
302.9 102.327224731445
303.1 7.40124320983887
304.9 7.11863899230957
305.0 48.9907035827637
306.8 34.0881614685059
306.9 6.79082489013672
307.9 38.9146766662598
308.9 88.0801544189453
311.0 157.605163574219
311.9 63.3698883056641
312.1 52.6181182861328
312.8 13.6070766448975
312.9 105.014602661133
313.1 7.66651630401611
314.9 34.9999008178711
315.9 47.4839096069336
316.8 19.4755249023438
316.9 36.4299545288086
319.0 24.4186611175537
326.8 24.1400108337402
326.9 40.8257102966309
327.0 56.5576591491699
328.8 36.786376953125
328.9 12.7681655883789
330.0 34.744571685791
330.9 68.1574478149414
332.8 29.7549133300781
332.9 38.13818359375
334.8 13.9549541473389
341.0 148.859420776367
341.9 14.3133459091187
342.7 13.9741897583008
342.9 36.1457366943359
344.9 54.784065246582
345.1 19.8661289215088
346.9 11.3797760009766
347.0 50.9227409362793
348.9 62.2085647583008
349.0 44.343635559082
349.9 4.19719552993774
350.9 72.3215713500977
352.8 25.3440093994141
352.9 26.1408500671387
353.9 15.1378498077393
355.0 213.709167480469
356.0 164.872940063477
356.8 14.4149112701416
356.9 124.593605041504
357.0 20.0202369689941
359.0 31.0892333984375
359.1 11.3958082199097
363.0 44.1443405151367
363.1 14.8757219314575
366.8 20.1434173583984
366.9 0.220161437988281
367.1 35.8580436706543
367.8 9.70077323913574
368.9 29.5058994293213
370.8 43.7129020690918
371.0 5.36025810241699
372.1 2280.29125976563
373.1 912.242309570313
374.1 10.9390535354614
374.2 171.290191650391
375.0 144.7470703125
401.0 28.9868812561035
414.9 16.872034072876
428.9 119.146507263184
429.2 10.8299722671509
