#"+EI Scan (rt: 5.328-5.551 min, 36 scans) Iso3-9.D  Subtract "
#Point,X(Thompsons),Y(Counts)
40.1 234.217468261719
41.1 9371.724609375
42.1 9405.068359375
43.1 2017.0869140625
44.0 155.748901367188
50.0 873.020202636719
51.0 2557.8173828125
52.0 471.6796875
52.0 345.674713134766
52.9 193.904891967773
53.0 422.217803955078
53.9 143.481262207031
54.0 313.166809082031
55.0 169.640533447266
55.0 302.686981201172
56.0 1980.67919921875
57.2 2810.8115234375
58.1 198711.625
59.1 7674.728515625
59.9 64.4686584472656
60.0 36.6256332397461
60.9 45.7261428833008
61.9 27.8708381652832
62.0 575.138916015625
62.1 17.0282497406006
63.0 2512.21215820313
63.9 53.897045135498
64.0 600.593383789063
64.1 233.002151489258
65.0 10336.490234375
65.9 620.577880859375
66.1 538.332214355469
66.3 176.535827636719
66.7 34.9153709411621
66.9 413.382598876953
67.0 886.304992675781
67.1 151.439422607422
67.7 11.3765430450439
67.9 5.17672681808472
70.0 122.648208618164
70.1 105.951965332031
73.0 111.151031494141
73.8 41.4716453552246
73.9 127.874603271484
74.0 155.516540527344
74.9 98.572021484375
75.0 262.994171142578
75.1 30.2570266723633
75.9 91.1108551025391
76.0 312.010009765625
77.0 2559.8740234375
78.0 1014.73651123047
79.0 762.017456054688
80.0 72.5494689941406
80.0 60.2408294677734
80.9 43.7481079101563
84.8 56.4991226196289
85.0 17.2325553894043
85.9 53.1474266052246
86.0 47.8041152954102
86.2 6.5496039390564
86.9 150.208969116211
87.1 35.7893104553223
87.9 34.5426559448242
88.1 21.8092441558838
89.0 3098.12744140625
90.0 557.443054199219
90.1 850.763244628906
91.0 27732.07421875
92.0 3819.37084960938
92.9 19.2337341308594
93.0 624.477966308594
93.9 46.9991264343262
94.0 75.3615341186523
95.0 12.9495964050293
100.9 4.88933038711548
101.1 10.8450040817261
101.9 82.6720504760742
102.0 296.477844238281
102.1 57.6137847900391
103.0 763.043090820313
103.1 34.3883399963379
104.0 787.586669921875
105.0 554.060302734375
105.1 101.572059631348
106.0 473.585021972656
106.1 32.6961517333984
107.0 40.0213775634766
109.0 103.886810302734
112.9 21.3389911651611
113.8 6.14726305007935
114.0 35.6802749633789
114.1 15.9724378585815
115.0 7566.93896484375
116.0 2123.43432617188
117.1 10698.9248046875
118.0 2446.45068359375
119.0 1005.13305664063
120.0 86.7710418701172
120.1 4.52238655090332
127.0 155.530807495117
127.0 142.75666809082
127.9 43.9555320739746
128.0 427.682525634766
128.1 173.146041870117
128.9 22.7999095916748
129.0 566.139709472656
130.0 839.7724609375
131.0 596.817810058594
131.1 371.807312011719
132.1 3081.42797851563
133.1 728.603271484375
133.1 410.230224609375
134.1 17801.525390625
135.1 1919.408203125
136.0 32.3515625
136.2 11.5194053649902
137.9 50.6112060546875
138.8 9.56568241119385
140.9 38.4948806762695
141.0 14.4513683319092
144.0 8.84492492675781
145.8 9.93820095062256
146.0 52.7593269348145
146.1 50.5122756958008
147.0 37.1930160522461
147.1 24.6031856536865
148.1 9.08926582336426
154.9 46.8378562927246
154.9 87.8390960693359
156.9 13.880802154541
157.0 4.53741264343262
158.9 105.536010742188
159.7 4.20064306259155
159.9 1.8764386177063
160.0 4.47742652893066
161.0 10.1199674606323
162.8 10.1039094924927
162.9 33.4898872375488
163.0 9.51063346862793
167.0 8.97595691680908
194.9 10.0023393630981
195.0 2.45233058929443
206.9 53.1253471374512
210.9 66.5224685668945
211.1 9.73595905303955
215.9 68.1122741699219
216.8 14.3532562255859
216.9 105.438865661621
218.8 12.4170551300049
219.0 43.5097503662109
219.9 1.42764186859131
220.8 4.28050422668457
220.9 11.3959856033325
228.9 4.46973657608032
232.9 142.302612304688
233.9 11.5208053588867
236.9 91.4906005859375
237.8 34.2721099853516
237.9 60.7515640258789
238.7 4.24438571929932
239.0 10.9252014160156
241.0 9.73346614837646
272.8 21.818904876709
274.7 4.31185722351074
288.8 29.1828479766846
289.0 83.3495635986328
293.8 9.10519599914551
296.8 23.3334197998047
