#"+EI Scan (rt: 13.122-13.153 min, 6 scans) Iso3-3.D  Subtract "
#Point,X(Thompsons),Y(Counts)
40.1 1652.61767578125
41.1 32853.3671875
42.1 2581.64038085938
43.1 58217.78125
44.0 878.11376953125
45.0 130.145477294922
49.0 79.1064834594727
49.9 111.424560546875
50.0 395.605224609375
51.0 2602.53881835938
52.1 1495.54040527344
53.0 10783.109375
53.9 93.6382827758789
54.1 1286.21752929688
54.2 96.3155746459961
55.1 23984.734375
56.1 2447.05737304688
57.1 4326.634765625
58.0 157.828567504883
58.1 250.548309326172
60.1 111.03653717041
61.8 25.4739589691162
62.0 233.632919311523
63.0 1428.48071289063
63.9 99.2421188354492
64.0 933.086975097656
65.0 10293.693359375
66.0 3282.84838867188
67.0 21828.48828125
68.1 4132.23974609375
69.0 16034.9052734375
70.1 1339.20739746094
71.1 10991.19921875
72.0 967.097839355469
74.0 13.8955078125
75.0 288.604736328125
76.0 461.902801513672
76.1 894.817199707031
76.2 400.629486083984
77.0 27039.111328125
78.0 6074.54052734375
79.0 29417.4296875
80.0 6528.857421875
81.0 16484.021484375
82.0 3007.42822265625
83.0 4181.099609375
83.9 196.985305786133
84.0 549.833068847656
85.1 938.409301757813
86.0 231.492874145508
86.2 495.342529296875
87.0 1965.64270019531
87.8 62.0827140808105
87.9 466.716705322266
88.0 122.269226074219
89.0 3429.55834960938
90.1 1808.18383789063
90.2 540.077819824219
91.0 57881
92.0 11349.95703125
93.1 32596.353515625
94.1 8169.24609375
95.0 14172.5986328125
96.0 1657.22119140625
97.0 1952.68896484375
97.9 310.050659179688
98.1 832.830871582031
98.8 88.5216751098633
99.0 1502.45715332031
99.2 80.8669509887695
100.4 2820.93334960938
100.6 2812.46655273438
102.0 3275.17260742188
103.0 11366.7744140625
104.1 4759.56689453125
105.1 41888.4609375
106.1 11299.3740234375
107.1 69487.734375
108.1 18763.58984375
109.1 20376.275390625
110.0 2575.92651367188
111.0 2350.4404296875
111.9 276.110229492188
112.1 465.671020507813
112.3 238.509536743164
113.0 936.419677734375
113.2 1268.64721679688
115.0 30930.95703125
116.0 9207.7626953125
117.1 14989.9130859375
118.0 166.206039428711
118.1 4438.88916015625
119.1 87841.515625
120.1 17131.666015625
121.1 58894.5859375
122.1 38550.53515625
123.0 39962.6171875
124.0 19869.98046875
125.0 2739.70678710938
126.1 1258.58068847656
127.1 11425.5693359375
128.0 27605.513671875
129.0 23636.4375
130.0 5369.05029296875
131.0 20041.115234375
132.1 6538.98583984375
133.1 22763.4453125
134.1 59635.24609375
135.1 25081.060546875
136.0 21835.87890625
137.0 12113.689453125
138.0 8245.3681640625
139.0 3681.9560546875
140.1 1521.21789550781
141.1 18259.3671875
142.1 9189.98828125
143.1 10656.39453125
144.1 9110.0615234375
145.1 21984.787109375
146.1 6667.60107421875
147.0 32674.546875
148.0 11535.7841796875
149.0 22266.18359375
150.0 17731.296875
151.0 6693.9619140625
152.1 16290.8134765625
153.1 15139.6767578125
154.1 8028.88134765625
155.0 12663.72265625
156.1 4276.82177734375
157.0 14511.9287109375
158.1 9036.5576171875
159.0 17232.2265625
160.0 20222.38671875
161.0 33513.13671875
162.1 10177.5302734375
163.0 13099.67578125
164.1 7337.404296875
165.1 39336.15234375
166.1 10493.7822265625
167.1 8474.3349609375
168.0 8888.8505859375
169.1 12133.849609375
170.1 5220.41650390625
171.1 13579.6826171875
172.1 8544.2666015625
173.1 39655.5234375
174.1 146461.109375
175.1 65938.1640625
176.1 17993.03125
177.1 11179.171875
178.1 19992.84375
179.1 11242.57421875
180.1 5831.271484375
181.1 25635.08203125
182.1 12785.6513671875
183.1 42680.27734375
184.1 10676.2548828125
185.1 15277.580078125
186.1 12730.6494140625
187.1 56566.75
188.1 34577.6484375
189.1 72347.03125
190.1 48428.1171875
191.1 21662.529296875
192.2 9344.6376953125
193.1 324389
194.1 46060.171875
195.1 18584.943359375
196.1 7469.12109375
197.1 22677.21875
198.1 8795.462890625
199.1 21588.9765625
200.1 15433.7802734375
201.1 187927.203125
202.1 54615.73046875
203.1 25956.189453125
204.1 6404.283203125
205.1 5688.79931640625
206.1 8655.521484375
207.1 15936.8193359375
208.1 5227.806640625
209.1 5278.529296875
210.1 4506.94287109375
211.0 7820.349609375
212.0 4655.00439453125
213.1 20178.474609375
214.1 30702.724609375
215.1 52375.2421875
216.1 17109.048828125
217.1 28930.078125
218.1 10115.611328125
219.1 10054.96484375
220.1 2202.44848632813
221.1 5938.11572265625
222.1 1459.14660644531
223.1 3427.58129882813
224.1 2931.78393554688
225.1 7052.9296875
226.1 3598.56469726563
227.1 11060.166015625
228.1 9039.228515625
229.1 37333.21875
231.1 1514401.5
232.1 260130.9375
233.1 90113.6875
234.1 14116.3525390625
235.1 3467.00659179688
236.1 242.720550537109
239.0 1325.21215820313
240.1 3811.72143554688
241.1 7976.79443359375
242.2 6867.89306640625
243.1 79356.9609375
244.2 20584.025390625
245.2 97569.46875
246.2 229164.953125
247.2 41721.140625
248.1 4577.771484375
249.1 492.228454589844
249.9 32.1580467224121
250.0 32.3617095947266
250.2 95.7183151245117
251.1 764.366271972656
252.0 50.5459785461426
253.1 9749.8916015625
254.2 2516.20190429688
255.1 7018.5166015625
256.2 5579.71826171875
257.2 73510.4296875
258.1 557214.375
259.2 218744.046875
260.2 32902.98046875
261.2 3530.00561523438
262.0 107.633934020996
262.2 202.762466430664
263.0 172.050140380859
263.1 36.3326873779297
265.0 101.247314453125
265.1 159.71711730957
266.1 238.925857543945
266.2 94.2671737670898
267.1 1128.36901855469
267.2 418.391204833984
268.2 874.670166015625
269.1 6343.51513671875
271.2 512901.78125
272.2 197942.4375
273.2 33416.63671875
274.2 3739.830078125
275.0 198.062561035156
276.0 77.0214157104492
276.9 83.6178588867188
278.1 144.785415649414
279.0 69.4649047851563
279.1 644.632141113281
280.1 189.534423828125
280.2 146.996490478516
281.1 2461.28393554688
282.1 1132.82116699219
283.1 4609.70947265625
284.1 602.460266113281
284.2 925.122619628906
285.2 15869.822265625
286.2 10137.365234375
287.2 2042.10046386719
288.1 140.190628051758
289.9 50.3775024414063
291.9 33.1526679992676
294.0 139.639465332031
295.1 2851.99584960938
296.2 1075.90551757813
297.2 15050.90625
298.1 241.746368408203
299.2 122571.7578125
300.2 27802.6953125
301.2 3353.39038085938
302.1 195.637771606445
302.2 120.112022399902
303.0 28.9943389892578
303.1 26.399808883667
305.2 78.404296875
306.8 35.7510757446289
307.0 34.2047576904297
307.1 23.7727355957031
307.9 31.49827003479
308.9 59.2550163269043
309.2 59.4510803222656
309.3 74.4864807128906
310.0 39.3001594543457
310.2 123.842933654785
310.3 92.9331283569336
311.2 402.034057617188
311.3 148.384796142578
312.2 2077.009765625
312.3 1620.98303222656
314.2 866485.9375
315.2 204539.703125
316.2 26558.021484375
317.2 2439.98876953125
318.2 168.65998840332
326.0 27.8273544311523
340.9 129.083694458008
351.0 26.9310531616211
353.0 39.2350654602051
354.9 203.403656005859
356.9 69.1578140258789
389.0 144.771026611328
429.1 89.0523223876953
