#"+EI Scan (rt: 13.122-13.153 min, 6 scans) Iso3-1.D  Subtract "
#Point,X(Thompsons),Y(Counts)
40.1 1978.380859375
41.1 33808.5234375
42.1 2661.29345703125
43.1 59482.51171875
44.0 978.472412109375
45.0 39.1236953735352
45.1 73.1854934692383
47.1 27.2282485961914
48.9 16.4978446960449
50.0 349.770233154297
50.1 201.510009765625
51.0 2674.68725585938
52.0 1618.6279296875
53.0 11234.0078125
54.0 110.570518493652
54.1 1297.17236328125
55.1 24738.15234375
56.1 2603.8671875
57.1 4561.15478515625
58.0 150.417465209961
58.1 309.366943359375
60.1 32.3358726501465
61.0 26.40869140625
62.0 248.340469360352
63.0 1598.84619140625
64.0 1066.80847167969
65.0 10519.94140625
66.0 3282.76782226563
67.0 22377.34375
68.1 4335.34033203125
69.0 16355.005859375
69.9 116.770469665527
70.1 1091.80090332031
71.1 11519.935546875
72.1 978.951232910156
74.0 53.8245239257813
75.0 312.022399902344
76.0 1221.31372070313
76.2 619.827941894531
77.0 28754.064453125
78.0 6371.75244140625
79.0 29887.091796875
80.0 6696.97900390625
81.0 17148.7109375
82.0 3084.6669921875
83.0 4281.74462890625
84.1 915.615905761719
84.9 72.6703796386719
85.0 763.189758300781
85.9 149.925872802734
86.1 450.643890380859
86.9 152.555221557617
87.0 1794.52307128906
87.8 124.650047302246
88.0 494.517181396484
88.1 131.828918457031
89.0 3628.48583984375
90.0 1461.54577636719
90.1 832.747497558594
91.0 58917.7578125
92.0 11662.7626953125
93.1 33705.65234375
94.1 8217.041015625
95.0 14514.6943359375
96.0 1926.92700195313
96.9 107.516456604004
97.0 1807.25646972656
98.0 732.886535644531
98.1 453.668731689453
99.0 1199.97082519531
99.2 380.228515625
100.3 364.81103515625
100.5 3137.86743164063
100.7 2697.20434570313
102.0 3280.40405273438
103.0 11893.162109375
104.1 4933.44970703125
105.0 43034.921875
106.1 11323.2900390625
107.1 71351.3828125
108.1 19238.736328125
109.1 20779.97265625
110.0 2704.91064453125
111.0 2462.88696289063
112.1 452.884429931641
112.2 425.956695556641
112.9 49.7120666503906
113.2 951.746032714844
113.3 1448.07653808594
115.0 31818.10546875
116.0 9361.9560546875
117.0 15638.8017578125
118.1 4651.5185546875
119.1 89776.671875
120.1 17510.00390625
121.1 59502.05078125
122.1 39677.71875
123.0 41030.69921875
124.0 20990.19140625
125.0 2902.13940429688
126.1 1367.62829589844
127.0 11861.9638671875
128.1 28432.017578125
129.0 24498.869140625
130.0 5651.21875
131.0 21135.4140625
132.0 6943.77783203125
133.1 23213.8046875
134.1 60060.921875
135.1 27235.7578125
136.0 22543.970703125
137.0 12756.361328125
138.0 8639.3857421875
139.0 3811.79833984375
140.0 1347.93859863281
140.1 350.895660400391
141.1 18768.388671875
142.1 9494.591796875
143.1 10680.3212890625
144.0 9586.6669921875
145.1 22851.5390625
146.1 6921.40869140625
147.0 33698.7890625
148.0 11312.5224609375
149.0 23075.6640625
150.0 18048.005859375
151.1 7284.0234375
152.1 16918.638671875
153.1 15704.2978515625
154.1 8545.404296875
155.0 13046.427734375
156.1 4351.98193359375
157.1 15997.8388671875
158.1 9067.76171875
159.0 18878.833984375
160.0 20608.986328125
161.1 35774.97265625
162.1 10802.9580078125
163.0 13044.1376953125
164.1 7638.2392578125
165.1 40648.40234375
166.1 11119.205078125
167.1 8708.99609375
168.1 8801.5556640625
169.1 12889.705078125
170.1 5416.5458984375
171.1 13972.7060546875
172.1 8856.5205078125
173.1 41328.31640625
174.1 152859.703125
175.1 68349.0390625
176.1 18824.181640625
177.1 11788.0302734375
178.1 21677.583984375
179.1 11595.0185546875
180.1 6052.21923828125
181.1 26650.1796875
182.1 13232.1767578125
183.1 44160.953125
184.1 10916.7724609375
185.1 15733.794921875
186.1 12909.1953125
187.1 57808.39453125
188.1 36052.69921875
189.1 73735.4453125
190.1 49662.73828125
191.1 22555.955078125
192.2 6861.25390625
193.1 330116.625
194.1 47938.5
195.1 18960.345703125
196.1 7559.47509765625
197.1 23253.703125
198.1 9164.8447265625
199.1 22443.841796875
200.1 15869.9541015625
201.1 191747.5625
202.1 56117.453125
203.1 26323.48046875
204.1 6585.015625
205.1 5859.318359375
206.1 8750.1611328125
207.1 21704.08984375
208.1 5304.2666015625
209.1 5975.37255859375
210.1 4529.97412109375
211.1 8693.08984375
212.1 6085.9609375
213.1 20740.302734375
214.1 32092.62109375
215.1 71926.125
216.1 16940.203125
217.1 29242.228515625
218.1 9922.7216796875
219.1 9710.6484375
220.1 2318.2080078125
221.1 4134.40185546875
222.1 1292.64025878906
223.1 3202.05981445313
224.1 2919.48168945313
225.1 7400.85693359375
226.1 3847.5185546875
227.1 11259.6064453125
228.1 9195.0263671875
229.1 38419.63671875
231.1 1544425.875
232.1 269062.5625
233.1 88987.0390625
234.1 14103.64453125
235.1 3014.68359375
236.1 294.792755126953
239.0 1299.43920898438
240.1 3851.68017578125
241.1 7767.630859375
242.2 6820.29833984375
243.1 81028.140625
244.2 21161.83984375
245.1 100261.28125
246.2 234962.21875
247.2 42379.92578125
248.2 4632.78662109375
249.1 669.825866699219
249.9 25.8503894805908
250.0 87.8481140136719
251.1 707.948486328125
252.1 66.4151840209961
252.3 78.2865295410156
253.1 10075.560546875
254.1 2573.93139648438
255.1 7170.28564453125
256.2 5815.42578125
257.2 75839.578125
258.2 568026.3125
259.2 223027.515625
260.1 34553.05859375
261.2 3626.0146484375
262.1 279.200408935547
263.0 56.0429420471191
263.1 66.4726104736328
265.1 242.615417480469
265.2 163.610488891602
265.9 90.0604400634766
266.0 192.646087646484
266.4 62.0415000915527
267.1 1446.37768554688
268.1 557.699096679688
268.2 156.313018798828
269.2 6458.57275390625
271.2 522486.0625
272.2 200843.53125
273.2 33696.01953125
274.2 3852.13403320313
274.9 130.020812988281
276.0 29.3838119506836
277.0 1.6004638671875
278.0 94.163688659668
278.2 28.6783618927002
279.1 773.327453613281
280.0 306.849365234375
280.2 44.1865386962891
281.1 3775.20043945313
282.2 1159.21643066406
283.1 4950.8291015625
284.1 1673.6201171875
285.2 16185.1826171875
286.2 10097.947265625
287.2 1926.82946777344
288.2 240.354675292969
291.0 195.020874023438
292.0 33.8766098022461
294.0 533.429565429688
295.1 3213.9404296875
296.2 823.1484375
296.3 403.562408447266
297.2 15425.3828125
298.2 1899.15710449219
299.2 125006.140625
300.2 27894.34375
301.2 3454.9560546875
302.0 37.8853645324707
302.2 299.278106689453
303.0 32.3724555969238
303.1 28.5030689239502
304.8 25.5783100128174
305.1 33.5022392272949
307.0 110.344909667969
307.1 15.5617351531982
308.8 31.8457050323486
309.1 116.85262298584
310.0 57.0805854797363
310.1 161.363723754883
310.2 154.539596557617
310.4 53.2280082702637
310.9 44.7965469360352
312.2 819.664794921875
312.3 2817.12890625
314.2 879315.8125
315.2 207382.890625
316.2 27254.791015625
317.2 2587.1005859375
318.1 166.898941040039
327.2 28.1681499481201
348.9 16.8054084777832
356.8 56.5136337280273
357.1 33.7643547058105
369.2 28.3072376251221
389.0 11.4763698577881
400.8 21.9683074951172
428.8 32.1772880554199
428.9 85.8819885253906
