#"+EI Scan (rt: 13.122-13.153 min, 6 scans) Iso3-10.D  Subtract "
#Point,X(Thompsons),Y(Counts)
40.1 848.878723144531
41.1 24522.06640625
42.0 74.2339096069336
42.1 1845.138671875
43.1 44058.578125
44.0 923.660400390625
45.0 136.614166259766
46.9 33.8951950073242
50.0 418.363037109375
51.0 2031.54125976563
52.0 1189.63195800781
53.0 8081.513671875
54.1 1078.48962402344
55.1 18480.978515625
56.1 1901.30517578125
57.1 3298.51000976563
58.0 321.678039550781
58.1 26.3894195556641
59.0 304.990234375
59.9 42.2652130126953
60.0 25.3462982177734
60.8 25.9710445404053
61.9 122.877647399902
62.1 51.3060913085938
63.0 1142.9306640625
63.9 125.792388916016
64.0 736.754577636719
65.0 7824.22998046875
66.0 72.2375717163086
66.1 2350.75268554688
67.0 16264.603515625
68.1 2963.61450195313
69.1 12250.65625
70.1 893.354736328125
71.1 8647.9833984375
72.0 542.60302734375
72.2 177.57551574707
73.9 90.376091003418
74.0 145.86572265625
75.0 448.116851806641
76.0 1128.37023925781
76.2 216.712890625
77.0 22739.982421875
78.0 5515.49267578125
79.0 22802.75390625
80.1 5152.7548828125
81.0 13223.15625
82.1 2535.98266601563
83.0 3244.142578125
83.9 53.0348243713379
84.0 297.580505371094
84.1 183.683288574219
85.0 848.841369628906
85.9 46.4165534973145
86.1 219.987564086914
86.2 154.045318603516
86.8 144.363906860352
87.0 1352.70727539063
87.9 569.365539550781
89.0 2733.97973632813
90.1 1822.67956542969
91.0 43727.359375
92.1 8671.7060546875
93.1 25313.751953125
94.1 6132.20849609375
95.0 10972.9833984375
96.0 1498.95874023438
97.0 1620.96447753906
98.0 162.435104370117
98.1 740.351013183594
98.9 543.483703613281
99.0 737.416687011719
100.3 124.245147705078
100.4 2921.24145507813
100.6 611.883422851563
100.8 1151.48095703125
101.9 254.681701660156
102.0 2289.87231445313
103.1 8851.8330078125
104.1 3700.271484375
105.1 32086.720703125
106.1 8531.8212890625
107.1 53543.2734375
108.0 14615.23046875
109.1 15778.0927734375
110.1 1915.73205566406
111.0 1925.896484375
111.8 29.5678768157959
111.9 124.772613525391
112.2 244.205764770508
113.0 636.400390625
113.2 1121.33386230469
115.0 23611.85546875
116.0 6926.31982421875
117.0 11865.7958984375
118.1 3560.11157226563
119.1 67366.5
120.1 13424.1171875
121.1 45530.7734375
122.1 30155.841796875
123.0 31127.193359375
124.0 16109.7109375
125.0 2298.93579101563
125.9 45.7296485900879
126.1 951.614807128906
127.1 8832.66015625
128.1 20962.326171875
129.1 18067.5
130.1 4105.97998046875
131.0 15605.3232421875
132.1 5013.4384765625
133.1 17365.697265625
134.1 45514.75
135.1 19731.111328125
136.0 16836.142578125
137.0 13675.71875
138.0 6986.3447265625
139.0 3195.05297851563
140.1 1236.55810546875
141.1 14113.2548828125
142.1 7156.82275390625
143.1 7915.14697265625
144.1 7004.35498046875
145.1 16892.763671875
146.1 5043.08837890625
147.0 26177.416015625
148.1 8707.0556640625
149.1 17325.052734375
150.1 13614.8994140625
151.0 5641.66015625
152.1 12381.5615234375
153.1 11494.78125
154.1 6165.02978515625
155.0 10040.6962890625
156.1 3405.28491210938
157.1 12005.4873046875
158.0 6831.81689453125
159.0 15611.259765625
160.1 16767.51953125
161.0 26542.970703125
162.1 7771.04833984375
163.1 11425.8662109375
164.1 5931.6875
165.1 30554.541015625
166.1 8191.80078125
167.1 6548.8095703125
168.1 6585.84228515625
169.1 9368.1005859375
170.1 4040.427734375
171.1 10347.263671875
172.1 6577.74462890625
173.1 30296.755859375
174.0 111985.9765625
175.1 50347.171875
176.1 14292.578125
177.1 8644.638671875
178.1 15892.4326171875
179.1 8445.4189453125
180.1 4459.2412109375
181.1 19843.0625
182.1 9998.4111328125
183.1 33216.83203125
184.1 8303.1103515625
185.1 11939.3359375
186.1 9755.404296875
187.1 43517.96875
188.1 27286.65625
189.1 55721.8671875
190.1 37796.76953125
191.1 17416.169921875
192.2 7155.80615234375
193.1 253180.0625
194.1 36111.3203125
195.1 14372.3388671875
196.1 5694.7958984375
197.1 17644.6875
198.1 6933.57666015625
199.1 16969.171875
200.1 11825.67578125
201.1 147142.953125
202.1 42670.08203125
203.1 20163.24609375
204.1 5036.12451171875
205.1 4467.103515625
206.1 6558.84375
207.1 15846.2900390625
208.1 4022.11743164063
209.1 4264.63720703125
210.1 3482.98120117188
211.0 7569.0498046875
212.1 5031.30615234375
213.1 15533.25
214.1 24124.85546875
215.1 58408.14453125
216.1 13499.671875
217.1 22363.587890625
218.1 7956.43603515625
219.1 7277.91259765625
220.1 1823.88415527344
221.1 4453.84423828125
222.1 1298.04650878906
223.1 2702.13159179688
224.1 2166.29370117188
225.1 5473.79443359375
226.1 2678.04443359375
227.1 8588.6533203125
228.1 7050.16162109375
229.1 29162.802734375
231.1 1180970.875
232.1 202500.609375
233.1 70657.8359375
234.1 11257.6630859375
235.1 2554.21728515625
235.9 22.6264839172363
237.0 956.154296875
238.0 1106.87829589844
239.1 2978.98510742188
240.1 3024.01538085938
241.1 6131.35693359375
242.1 5269.8603515625
243.1 61591.125
244.1 16067.0859375
245.2 75980.1015625
246.2 177704.65625
247.2 31997.822265625
248.2 3500.2998046875
248.9 96.6932373046875
249.1 468.633941650391
249.9 30.7209987640381
250.3 60.7934455871582
251.0 330.947631835938
251.1 213.690231323242
252.0 27.3737335205078
252.2 181.278610229492
253.1 7696.57080078125
254.2 1956.22644042969
255.1 5464.85693359375
256.2 4075.36499023438
256.3 273.736480712891
257.2 57415.26171875
258.1 433308.34375
259.2 169082.15625
260.2 25895.75390625
261.2 2671.19311523438
262.1 222.771926879883
262.9 60.7701530456543
263.0 28.5735301971436
263.1 39.4810066223145
264.9 33.6220207214355
265.1 261.638092041016
266.0 61.7999725341797
266.2 135.758926391602
266.3 34.7906303405762
267.0 98.7955093383789
267.1 1065.72766113281
268.0 42.8089599609375
268.1 543.442199707031
268.2 36.0805511474609
269.1 5102.21044921875
271.2 401807.90625
272.2 152457.875
273.2 25892.958984375
274.1 2764.79858398438
274.9 24.8526306152344
275.1 243.308486938477
275.9 90.4321823120117
276.0 12.8524217605591
277.0 468.085540771484
277.9 17.8022155761719
278.1 87.4811706542969
279.1 483.98046875
280.1 296.041046142578
281.1 2307.810546875
282.1 769.353454589844
283.2 3847.80932617188
284.2 1296.41906738281
285.2 12309.87109375
286.2 7948.212890625
287.1 1593.58276367188
288.2 182.52326965332
289.0 62.3333740234375
289.9 52.044921875
290.0 15.3942108154297
290.9 78.0694274902344
292.0 26.9006958007813
292.9 333.95654296875
293.9 22.9919891357422
294.1 103.277435302734
295.1 2698.50390625
296.2 1035.52709960938
297.2 12211.359375
298.2 282.506683349609
298.3 938.335998535156
299.2 96428.0703125
300.2 21049.220703125
301.2 2726.84033203125
302.1 228.383895874023
307.0 186.263473510742
307.2 29.804235458374
309.1 30.0375881195068
310.0 101.480133056641
310.1 72.5307846069336
310.4 78.8470764160156
311.0 153.314788818359
311.1 384.057464599609
312.2 1741.9228515625
312.3 1451.080078125
314.2 681708.125
315.2 160498.390625
316.2 20586.498046875
317.2 1807.60681152344
318.1 76.7176132202148
318.3 70.2360153198242
389.1 98.111701965332
