#"+EI Scan (rt: 15.768-15.813 min, 8 scans) Iso3-1.D  Subtract "
#Point,X(Thompsons),Y(Counts)
40.1 805.50732421875
41.1 15425.85546875
42.1 35995.98046875
43.1 83532.015625
44.1 37673.26953125
45.1 1509.1015625
46.0 21.08571434021
46.1 18.8582534790039
48.9 230.478759765625
50.0 726.108215332031
51.0 1646.02587890625
52.0 719.8896484375
53.0 1837.2763671875
54.0 2979.130859375
55.1 9454.15625
56.0 6693.37841796875
57.0 5248.98828125
58.1 931.392578125
59.0 308.435546875
60.9 61.4730987548828
61.0 116.51016998291
62.0 466.866790771484
63.0 1022.58819580078
64.0 404.199340820313
65.0 4289.4443359375
66.0 692.030578613281
67.0 5937.07177734375
68.0 8460.1123046875
69.1 10468.4287109375
70.1 18595.845703125
71.0 47230.86328125
72.0 3056.3076171875
74.0 243.033813476563
75.0 2604.62158203125
76.0 981.5146484375
77.0 9191.55078125
78.0 2736.318359375
79.0 14764.4091796875
80.0 3472.20654296875
81.0 1628.48876953125
82.0 9201.8701171875
83.0 4066.66040039063
84.1 5533.42431640625
85.0 949.893981933594
85.9 45.7408027648926
86.1 205.597671508789
87.0 169.006958007813
87.9 84.7586135864258
88.0 149.045013427734
89.0 1322.35925292969
90.1 1103.78930664063
91.0 16612.21484375
92.0 2616.08618164063
93.0 1221.24108886719
94.1 5785.2060546875
95.0 20997.634765625
96.1 47443.24609375
97.1 8075.9443359375
98.1 3872.64184570313
99.0 272.41796875
100.0 626.301635742188
100.1 24.5918350219727
101.0 803.235778808594
102.1 1728.43127441406
103.0 15067.1806640625
104.0 10926.2734375
105.1 83105.65625
106.0 7512.8349609375
107.0 1334.38049316406
108.0 1282.37182617188
109.0 7396.9091796875
110.0 3495.18798828125
111.0 14588.6552734375
112.0 3393.74584960938
113.0 363.360717773438
114.0 467.7724609375
114.2 22.3791561126709
115.0 1665.11950683594
116.0 890.40234375
117.0 3294.77001953125
118.0 1101.73315429688
119.0 472.439697265625
119.7 22.4097747802734
120.0 489.434173583984
120.3 36.2537574768066
121.0 2568.31884765625
122.0 20184.1328125
123.0 6912.42822265625
124.0 5113.33642578125
125.0 572.373413085938
125.9 270.463470458984
126.1 120.064376831055
127.0 723.160766601563
128.0 996.371276855469
129.0 1528.64599609375
130.1 6250.458984375
131.0 2838.03540039063
132.0 4935.201171875
133.0 1289.47912597656
134.1 5505.193359375
135.0 6372.99951171875
136.0 18603.6953125
137.0 4897.484375
138.0 2483.6796875
139.0 6232.7470703125
140.1 1001.97052001953
141.0 208.63623046875
142.0 242.366149902344
142.9 86.1502380371094
143.0 614.289428710938
144.1 2474.86376953125
145.0 1329.80285644531
146.0 2761.07177734375
147.0 734.238159179688
148.0 19602.52734375
149.0 16011.728515625
150.0 27124.552734375
151.0 4506.12109375
152.0 1493.47387695313
153.0 406.633880615234
154.0 328.582702636719
154.1 504.591064453125
156.0 621.969116210938
157.0 319.050537109375
158.1 2499.29809570313
160.1 11341.310546875
161.0 1567.546875
162.0 5290.0859375
163.1 7338.1923828125
164.1 349311.84375
165.1 41122.3984375
166.1 4887.45654296875
167.0 443.895263671875
167.9 343.330169677734
168.9 120.420288085938
170.0 388.116546630859
170.1 195.288726806641
170.9 127.136962890625
172.0 407.554504394531
172.1 114.423095703125
173.0 436.683563232422
173.9 85.9418182373047
174.1 574.064758300781
175.1 848.987426757813
176.1 13205.3525390625
177.1 4699.994140625
178.1 3105.2578125
179.0 102.77880859375
179.1 1068.45483398438
180.0 402.447937011719
181.0 4278.83349609375
182.1 3088.11938476563
183.0 1114.17724609375
184.1 6756.76171875
185.1 5713.74560546875
186.1 18560.216796875
187.1 6480.79443359375
188.1 14653.357421875
189.1 2855.86938476563
190.0 63.4146194458008
190.1 1971.74438476563
191.0 1109.13916015625
192.0 219.967544555664
192.1 486.497161865234
193.0 119.791015625
194.1 269.152313232422
198.0 157.270477294922
199.9 0.83038330078125
201.9 202.962310791016
202.1 94.3180999755859
202.9 279.389221191406
204.0 517.622253417969
204.2 251.056121826172
205.1 9507.2392578125
207.1 464656.4375
208.1 66381.4140625
209.1 5687.525390625
210.1 492.3203125
218.0 1021.38488769531
219.9 29.586669921875
222.0 458.05908203125
224.0 119.262496948242
225.0 124.147827148438
226.0 163.27082824707
227.9 1.78581237792969
228.0 201.527130126953
229.0 139.714599609375
229.9 72.0009231567383
230.0 379.350830078125
231.1 1876.60998535156
232.1 124.291343688965
234.1 34695.0234375
235.0 5440.3876953125
236.1 348.672729492188
238.0 61.6640625
240.0 188.797775268555
243.0 138.538055419922
243.9 19.3759002685547
244.9 10.7291870117188
245.9 79.3531494140625
246.0 24.2913208007813
246.2 21.0832901000977
247.0 43.8138427734375
247.1 94.874267578125
248.1 3915.67163085938
249.1 968.527770996094
250.0 112.903526306152
250.2 24.6352291107178
251.8 19.0838451385498
252.0 92.6220779418945
252.2 26.1947803497314
252.9 381.229125976563
253.8 21.28955078125
254.0 123.750457763672
255.9 67.4263153076172
256.9 625.605224609375
258.0 505.004119873047
258.2 80.2905960083008
259.0 790.955871582031
259.9 130.356750488281
260.0 113.037376403809
260.2 22.8955364227295
261.0 466.864929199219
261.1 772.739562988281
261.8 20.0416717529297
262.0 167.785675048828
262.1 94.5079116821289
262.3 70.007080078125
262.7 40.942310333252
262.9 68.7417602539063
263.8 21.2271289825439
265.0 207.780181884766
265.9 42.1740493774414
266.2 19.6119556427002
266.9 65.4133911132813
267.9 140.351791381836
268.1 21.0498466491699
269.0 80.0299072265625
269.9 86.8537979125977
270.0 93.3113403320313
271.9 193.50276184082
274.0 66.9470825195313
275.0 1073.63793945313
275.1 556.580383300781
277.2 819117.75
278.2 154958.53125
279.2 16251.322265625
280.1 1270.97680664063
282.0 326.569091796875
283.1 86.514533996582
284.0 94.9965362548828
284.1 21.569766998291
287.7 19.1447486877441
288.1 23.8958415985107
290.0 32.1541748046875
291.0 60.7001953125
291.9 3.54350280761719
293.0 59.7744140625
294.9 16.036376953125
296.0 25.8871459960938
296.2 132.905731201172
297.0 1895.14794921875
298.0 1112.37756347656
298.9 58.4095458984375
299.9 98.9248657226563
300.1 53.6604957580566
300.9 46.3011665344238
301.9 21.3947982788086
302.8 57.6681251525879
306.8 51.6489944458008
307.9 46.5223083496094
308.1 24.8397407531738
308.8 20.8496875762939
309.0 125.528373718262
311.1 77.0106735229492
312.0 71.2915573120117
312.9 51.8549842834473
313.1 21.7392253875732
314.1 21.2736129760742
314.9 281.242584228516
315.8 147.334899902344
317.0 22.5914459228516
319.1 81.2491455078125
320.2 75.701301574707
323.0 21.2639141082764
323.2 24.0122241973877
325.0 132.619430541992
325.1 581.288330078125
325.8 23.6588439941406
326.0 102.933517456055
326.7 43.9394912719727
326.8 71.7500991821289
327.0 20.9535102844238
328.8 12.8232116699219
332.8 80.5337142944336
334.7 28.2670974731445
334.8 48.6976585388184
337.0 21.313777923584
337.2 49.8839683532715
340.9 88.4302215576172
344.9 157.811264038086
346.8 19.2986030578613
348.8 120.913818359375
350.1 180.215560913086
350.2 43.804988861084
350.9 170.748092651367
352.0 44.2207374572754
352.1 71.4186630249023
352.4 30.8697566986084
353.0 335.652130126953
353.1 430.586456298828
354.0 76.9714126586914
354.1 125.515129089355
354.2 29.5989074707031
356.1 48.0963706970215
356.9 54.2625198364258
363.0 64.1300354003906
363.1 21.3600826263428
365.0 24.8553085327148
366.2 4083.85498046875
367.2 1728.41784667969
368.0 47.3959465026855
368.2 334.927886962891
369.1 580.635986328125
370.1 136.995834350586
371.0 158.239273071289
400.8 20.1879749298096
415.0 44.6600341796875
415.1 19.2307624816895
429.2 61.8111610412598
