#"+EI Scan (rt: 15.768-15.807 min, 7 scans) Iso3-6.D  Subtract "
#Point,X(Thompsons),Y(Counts)
40.1 689.394165039063
41.1 18946.40625
42.1 45644.6953125
43.1 106180.28125
44.1 47498.375
45.0 1222.43872070313
45.9 3.28008079528809
46.0 94.9073333740234
49.0 99.2754745483398
50.0 733.629455566406
51.0 1869.45007324219
52.0 931.453552246094
53.0 2214.41967773438
54.0 3461.34057617188
55.1 11692.8603515625
56.1 8310.5888671875
57.1 6400.99658203125
58.0 1099.95361328125
60.0 81.1325073242188
60.9 27.5777950286865
61.0 155.175216674805
61.9 88.7061004638672
62.0 326.141143798828
63.0 1071.89489746094
64.0 470.051055908203
65.0 4983.408203125
66.0 781.588745117188
66.1 58.8261604309082
67.0 7380.7080078125
68.1 10296.61328125
69.0 13013.85546875
70.1 23515.486328125
71.0 59688.9453125
72.1 3944.57788085938
74.0 258.45458984375
75.0 2844.88842773438
76.0 1007.36499023438
77.0 10184.951171875
78.0 1985.822265625
79.0 18230.4765625
80.0 4178.650390625
81.0 1485.291015625
82.0 11191.1875
83.0 4791.09228515625
84.1 6697.08056640625
85.0 753.744079589844
85.8 26.3565464019775
86.0 357.693603515625
87.0 98.1947174072266
87.9 80.9566650390625
88.1 66.4462203979492
89.0 1590.10009765625
90.0 1052.099609375
91.0 19903.642578125
92.0 2971.44555664063
93.0 461.751831054688
93.1 526.455383300781
94.0 6561.3857421875
95.0 26076.126953125
96.1 57795.4375
97.1 9523.712890625
98.1 3661.86767578125
99.0 285.955902099609
99.1 91.2084045410156
100.0 847.720458984375
101.0 875.276550292969
102.1 2086.4814453125
103.0 18006.017578125
104.1 12648.3310546875
105.1 103461.765625
106.1 9594.9970703125
107.0 1288.26599121094
108.0 1698.94958496094
109.0 8244.5517578125
110.0 4037.486328125
111.0 15579.62109375
112.0 4090.1298828125
113.0 477.951843261719
114.0 416.577362060547
114.1 100.708976745605
115.0 2001.83337402344
116.0 1070.482421875
117.0 3845.91552734375
118.0 1173.70812988281
119.0 579.845092773438
119.9 66.3926544189453
120.1 535.964782714844
121.0 2566.18579101563
122.0 24180.57421875
123.0 7907.7431640625
124.0 6541.48876953125
125.0 702.867980957031
125.9 111.450538635254
126.0 324.983093261719
127.0 347.234252929688
127.9 181.407730102539
128.0 921.910339355469
129.0 1823.20397949219
130.0 7245.203125
131.0 3314.38647460938
132.1 5841.5595703125
133.0 1557.8134765625
134.1 6790.8193359375
135.0 7652.5263671875
136.1 23828.130859375
137.0 3707.3515625
138.0 3078.24609375
139.0 7631.17626953125
140.0 1106.45495605469
141.0 81.40380859375
142.0 455.362670898438
143.0 1217.18432617188
144.1 2783.98364257813
145.0 1064.36511230469
145.9 35.6119079589844
146.1 2976.67724609375
147.0 1082.990234375
148.0 24123.025390625
149.0 20295.1484375
150.1 33589.40625
151.0 5806.2177734375
152.0 2161.4873046875
153.0 441.980041503906
154.1 877.604797363281
156.0 666.404296875
157.0 121.80859375
158.0 964.431030273438
158.1 1742.78820800781
160.0 9830.767578125
161.0 2075.033203125
162.1 6354.701171875
163.1 10055.8525390625
164.1 443262.03125
165.1 52983.37890625
166.1 5939.93408203125
167.0 521.85693359375
168.0 485.549377441406
168.9 276.182495117188
170.0 349.007690429688
170.1 351.782043457031
170.9 72.6061706542969
172.0 477.901611328125
172.1 63.4062004089355
173.0 348.665557861328
174.0 625.785278320313
174.1 82.1200637817383
175.0 944.244323730469
176.1 16553.54296875
177.1 6019.7724609375
178.1 3910.32250976563
179.0 1734.88024902344
180.1 579.091979980469
181.0 2566.28662109375
182.1 3701.75073242188
183.0 654.085876464844
184.1 7158.232421875
185.1 6412.84375
186.1 22017.455078125
187.1 6830.69189453125
188.1 18182.90625
189.1 3482.24169921875
190.1 2395.49145507813
191.0 1300.55712890625
192.0 860.373657226563
193.0 169.0625
194.0 247.250579833984
197.9 44.3535919189453
199.9 160.763610839844
202.0 109.260047912598
202.1 80.8973541259766
202.9 239.848999023438
204.1 564.260681152344
205.1 11925.1162109375
207.1 594319.8125
208.1 86734.9765625
209.1 6869.0859375
210.1 242.579177856445
218.0 988.341796875
220.0 64.127197265625
222.1 372.559875488281
223.9 54.4712944030762
224.9 58.4568023681641
225.9 24.381950378418
226.0 97.2715911865234
226.2 41.7870559692383
228.0 21.5676040649414
229.0 168.571533203125
230.0 17.0191345214844
230.1 229.048324584961
231.0 1214.86547851563
232.1 264.055023193359
234.1 53476.7578125
235.0 6703.8779296875
236.1 430.053680419922
240.2 99.8176498413086
241.9 19.5743103027344
243.9 78.7012023925781
244.1 31.0624847412109
245.0 234.755065917969
246.0 187.022506713867
247.0 145.446411132813
248.1 4857.4951171875
249.1 1257.052734375
250.0 207.841583251953
250.1 58.1390762329102
250.9 33.43505859375
252.0 31.9700260162354
253.9 101.556243896484
254.1 116.665466308594
255.0 198.489395141602
256.0 45.2439460754395
258.1 451.513214111328
258.9 125.962524414063
259.0 424.532928466797
260.0 153.762313842773
261.0 409.816162109375
261.1 841.044738769531
262.0 80.6929321289063
262.1 105.064140319824
262.2 116.406700134277
262.9 86.1700057983398
264.7 65.1652755737305
265.0 114.473487854004
265.9 21.8527317047119
266.8 55.4358406066895
267.9 35.2482414245605
268.0 42.9420013427734
269.0 193.943725585938
270.0 80.0419082641602
270.1 22.7516498565674
271.8 20.6378860473633
272.0 19.8358383178711
274.1 295.4541015625
275.1 4446.5322265625
277.2 1051494
278.2 198880.109375
279.2 20239.60546875
280.1 1572.51879882813
282.0 387.561248779297
282.1 131.010772705078
283.0 135.857421875
287.0 25.4754409790039
288.0 33.3151779174805
295.0 152.2060546875
296.0 221.422882080078
297.1 5678.95458984375
298.0 1159.61791992188
298.9 54.9006004333496
299.7 57.8972969055176
300.9 18.8705024719238
302.0 22.8874168395996
302.2 23.8909931182861
302.9 16.5204086303711
303.1 25.8599376678467
304.8 93.2334671020508
307.0 59.2959289550781
308.1 66.4074478149414
308.9 76.5317535400391
311.0 1.40977096557617
312.9 52.5369529724121
314.3 21.4686546325684
314.9 63.82861328125
315.9 69.5928802490234
316.8 48.5851821899414
319.1 45.8084106445313
320.2 68.1386795043945
323.1 218.334854125977
323.2 107.162071228027
325.0 30.4091167449951
325.1 741.080017089844
325.9 26.8555126190186
326.1 109.821083068848
326.2 46.7318458557129
326.8 44.1780891418457
327.0 47.9285774230957
328.8 7.71654510498047
330.8 50.151798248291
332.8 83.6460723876953
333.0 35.3119354248047
334.8 25.4700698852539
337.1 74.8310394287109
340.9 27.0158233642578
345.0 46.5158653259277
348.8 43.8179168701172
350.0 199.887008666992
351.0 150.349319458008
352.0 61.3023338317871
352.1 66.1437911987305
353.0 387.817291259766
353.2 617.698181152344
353.9 36.3683204650879
354.0 149.006622314453
354.2 38.3983955383301
355.1 48.2540092468262
356.9 37.2688407897949
358.9 10.9013233184814
359.1 1.11279487609863
363.0 63.7759971618652
364.9 27.9969291687012
365.1 26.6236763000488
366.2 4313.66650390625
367.1 2025.720703125
368.1 193.650238037109
368.2 321.181304931641
368.8 8.11359977722168
369.0 75.0054244995117
369.2 569.728332519531
370.1 25.9994277954102
370.2 132.384185791016
371.0 125.833877563477
373.0 12.1825799942017
