#"+EI Scan (rt: 15.768-15.806 min, 7 scans) Iso3-2.D  Subtract "
#Point,X(Thompsons),Y(Counts)
40.1 659.183410644531
41.1 14518.85546875
42.1 35521.8359375
43.1 81555.9140625
44.1 36404.41796875
45.0 997.756042480469
45.9 6.09224700927734
46.1 50.5653648376465
49.0 87.2179565429688
49.9 70.4209136962891
50.0 532.597290039063
51.0 1532.91625976563
52.0 726.766479492188
53.0 1821.09558105469
54.0 2722.51000976563
55.0 9287.5419921875
56.1 6987.47509765625
57.0 5054.6171875
58.1 908.598693847656
60.9 105.19970703125
61.0 8.64842224121094
61.9 340.519073486328
63.0 900.9462890625
64.0 413.908752441406
65.0 4301.14697265625
66.0 757.521423339844
67.0 5637.474609375
68.0 8109.29150390625
69.0 10110.83984375
70.1 18042.197265625
71.0 45852.546875
72.0 2907.97680664063
74.0 213.255737304688
75.0 2313.7080078125
76.0 721.290832519531
77.0 8223.42578125
78.0 2078.162109375
79.0 14402.1044921875
80.0 3516.05126953125
81.0 1322.6298828125
82.0 8703.56640625
83.0 3931.08935546875
84.1 5237.671875
85.0 646.829650878906
85.9 165.278945922852
86.1 117.476219177246
87.0 26.9487609863281
87.1 55.9894409179688
87.9 157.6435546875
88.2 31.5195140838623
89.0 1064.57348632813
90.0 825.231811523438
91.0 15785.2998046875
92.1 2600.27587890625
93.0 848.922302246094
94.1 5213.337890625
95.0 20196.373046875
96.1 45739.8984375
97.1 7119.80224609375
98.1 3471.03442382813
99.1 434.440521240234
99.9 82.9181671142578
100.0 432.799713134766
101.0 783.838317871094
102.0 1697.31860351563
103.0 14090.8505859375
104.0 10286.369140625
105.0 80614.59375
106.1 7614.63818359375
107.0 1114.78552246094
108.0 1362.03491210938
109.0 6697.6025390625
110.0 3280.2119140625
111.0 13501.0419921875
112.0 3342.783203125
112.9 160.427444458008
113.0 147.985229492188
113.8 39.0926322937012
113.9 47.7769088745117
114.1 375.978179931641
115.0 1627.74291992188
116.0 875.677429199219
117.0 3497.939453125
118.0 1003.41528320313
119.0 527.26708984375
120.0 201.815490722656
120.1 313.675994873047
121.0 2360.98754882813
122.0 18818.517578125
123.0 6956.2373046875
124.0 5185.27001953125
125.0 888.815063476563
126.0 223.277954101563
126.1 136.89811706543
127.0 289.119323730469
128.0 835.639221191406
129.0 986.787292480469
130.1 6048.140625
131.0 3040.390625
132.1 4675.65478515625
133.0 1102.75659179688
134.1 5529.9326171875
135.0 5878.6591796875
136.0 18739.880859375
137.0 2872.9375
138.0 2724.6005859375
139.0 6051.234375
140.0 428.5537109375
140.1 199.774475097656
141.0 20.453369140625
141.9 33.2783508300781
142.1 265.214691162109
143.0 1046.14196777344
144.0 2168.15087890625
145.0 705.395385742188
146.1 2658.52856445313
147.0 742.165893554688
148.0 18617.94921875
149.0 16007.9453125
150.1 26173.7109375
151.0 4364.845703125
152.0 1394.73852539063
152.9 169.982864379883
153.0 227.331420898438
154.0 448.052734375
155.0 115.546875
156.0 717.092895507813
157.0 120.656494140625
158.1 2508.09497070313
160.0 7400.556640625
161.0 1504.025390625
162.1 5143.4853515625
163.1 9453.736328125
164.1 338826
165.1 39498.1875
166.1 4600.21923828125
166.9 534.2216796875
167.9 32.0149230957031
168.0 253.088455200195
169.0 163.172912597656
169.9 135.811187744141
170.0 331.734802246094
170.9 144.43359375
172.0 424.319549560547
173.0 356.291809082031
174.0 613.824279785156
175.0 724.552734375
176.1 12657.197265625
177.0 4824.7119140625
178.1 3086.81958007813
179.0 1216.28503417969
180.0 382.089782714844
181.0 4286.9248046875
182.1 2865.62084960938
183.1 694.845031738281
184.1 6262.14404296875
185.1 6009.2490234375
186.1 17575.423828125
187.1 6224.11279296875
188.1 13692.841796875
189.1 2806.60424804688
190.1 1967.07531738281
191.0 781.24072265625
192.0 934.803466796875
193.0 202.912109375
194.0 202.628845214844
195.9 72.46435546875
198.1 224.600189208984
200.0 268.276428222656
200.9 88.85302734375
201.9 130.555236816406
202.1 129.495849609375
202.9 307.029052734375
204.1 616.87890625
205.1 9459.6142578125
207.1 452115.09375
208.1 64203.9453125
209.1 3841.39453125
218.0 878.39453125
219.9 118.203857421875
221.0 101.82421875
222.0 684.60107421875
223.9 62.3138313293457
224.9 71.5538940429688
226.1 122.268630981445
226.2 69.05517578125
228.0 57.4582824707031
229.0 431.14453125
230.0 208.390274047852
230.1 429.308471679688
231.1 1893.39099121094
234.1 33701.41796875
235.0 4863.318359375
236.0 391.646514892578
240.0 403.686309814453
241.8 93.8429946899414
241.9 20.79931640625
242.8 329.9326171875
243.9 76.1211547851563
244.0 77.6930999755859
244.9 34.72705078125
246.0 205.214752197266
246.3 25.4273166656494
246.8 93.3999710083008
248.1 3846.26025390625
249.1 1126.81030273438
250.1 224.076522827148
251.0 103.901473999023
252.0 69.2640533447266
252.9 266.450469970703
254.0 137.27587890625
254.1 47.1933059692383
255.0 63.7162170410156
255.9 52.7769660949707
256.0 23.1613750457764
258.1 345.776947021484
259.0 844.181518554688
260.0 55.4565505981445
260.1 79.3528594970703
261.1 1148.72778320313
261.9 44.6431274414063
262.1 185.718017578125
262.4 40.6971740722656
263.0 273.813293457031
263.9 27.4027729034424
264.0 55.0414352416992
265.0 141.093765258789
265.9 75.4275283813477
266.2 28.7178840637207
266.9 467.915618896484
268.1 163.749954223633
268.9 145.829833984375
270.1 176.231460571289
270.9 257.211547851563
272.1 156.443252563477
272.9 18.32470703125
274.0 429.594085693359
274.1 138.891082763672
275.0 758.76904296875
275.1 691.15087890625
277.2 805859.125
278.2 150214.765625
279.1 15754.0263671875
280.1 1182.8427734375
281.0 0.145263671875
282.0 627.839599609375
282.9 260.273620605469
283.8 22.9832706451416
286.0 77.8133544921875
287.0 7.3111572265625
291.8 155.732330322266
295.0 69.478271484375
296.0 76.326171875
296.1 232.863647460938
297.0 5130.67724609375
298.0 1078.65051269531
298.9 57.2069702148438
302.8 49.731517791748
302.9 113.72924041748
303.9 23.619592666626
304.9 117.540328979492
305.0 49.8307495117188
307.0 61.2924194335938
307.7 22.1343650817871
308.0 41.8263397216797
309.0 237.855087280273
310.9 453.519256591797
311.9 66.4027328491211
313.0 53.5712623596191
314.2 24.5375175476074
314.9 547.608276367188
315.9 99.4780349731445
316.1 48.0950736999512
316.9 27.6980361938477
318.9 27.8097496032715
320.1 23.9725303649902
323.0 204.755386352539
324.1 22.4114723205566
325.1 638.91015625
325.3 52.3727836608887
326.0 76.7972946166992
326.2 91.4305038452148
326.9 199.625106811523
327.1 32.0939750671387
328.8 148.861953735352
328.9 22.237325668335
331.0 66.0753860473633
334.9 64.1918106079102
337.1 75.3077850341797
337.2 27.3847217559814
338.6 22.9394092559814
343.0 22.4731292724609
345.0 95.232536315918
348.9 96.7108306884766
350.0 129.529296875
350.1 65.6987457275391
352.1 183.574020385742
353.0 386.473693847656
353.1 469.682769775391
354.0 139.642211914063
354.1 83.6525726318359
354.9 267.607696533203
356.2 31.2534122467041
356.9 22.2202835083008
358.7 24.4278717041016
358.8 51.5381813049316
362.8 29.6304149627686
362.9 71.0677719116211
364.9 49.3750495910645
366.2 3704.05615234375
367.1 1733.33764648438
368.0 68.5437393188477
368.1 277.966033935547
368.3 73.7052154541016
368.9 46.4759712219238
369.2 396.19873046875
370.1 58.9190979003906
370.3 33.1621475219727
371.8 25.0172786712646
384.7 22.760404586792
414.9 52.1685371398926
429.0 215.175216674805
