#"+EI Scan (rt: 23.561-23.720 min, 26 scans) Iso3-4.D  Subtract "
#Point,X(Thompsons),Y(Counts)
40.1 220.477172851563
41.0 1154.45678710938
42.0 8693.5302734375
43.1 2048.02294921875
44.0 8364.7265625
45.0 111.599975585938
46.0 274.656036376953
48.9 64.6365661621094
50.0 170.029083251953
51.0 374.636474609375
51.9 201.759796142578
52.1 72.4339981079102
53.0 150.926391601563
54.0 240.419311523438
54.1 247.194580078125
55.0 1810.20629882813
56.0 1874.97106933594
57.0 334.16748046875
57.1 78.7395553588867
58.1 3104.78686523438
61.0 18.0889129638672
61.8 43.9200477600098
62.0 150.520812988281
62.1 27.4957714080811
63.0 715.120849609375
63.7 52.333740234375
63.9 230.054428100586
65.0 322.279724121094
65.9 108.928169250488
66.0 109.760215759277
67.0 142.086990356445
67.9 8.61517524719238
68.0 277.249206542969
68.1 576.609497070313
69.1 353.086120605469
69.9 12.0305805206299
70.0 1240.26440429688
71.0 135.451507568359
71.2 420.9091796875
72.1 43563.65234375
73.0 1426.78125
74.1 4311.6689453125
75.0 1147.04956054688
76.0 2460.81176757813
77.0 1569.046875
80.0 202.990142822266
80.2 18.3772144317627
82.0 930.735412597656
82.1 48.0436058044434
83.2 208.446701049805
83.3 432.677032470703
83.4 135.504913330078
83.7 195.347152709961
83.8 1131.79553222656
83.9 578.768188476563
84.9 83.1956100463867
85.0 109.060394287109
86.0 504.198638916016
86.1 809.736389160156
87.0 456.728149414063
88.0 19.3516120910645
88.2 183.031021118164
89.1 439.193572998047
89.3 751.209594726563
89.4 934.313720703125
89.6 836.0576171875
89.7 4600.5712890625
90.8 361.741241455078
92.0 166.109024047852
92.1 28.154899597168
93.0 299.599060058594
94.0 276.318359375
94.1 530.451538085938
94.2 9.7294282913208
95.1 125.902015686035
95.2 114.203155517578
95.4 248.249130249023
95.5 189.936141967773
95.7 197.050323486328
95.8 796.009338378906
95.9 295.061492919922
96.3 461.494018554688
96.4 497.441375732422
96.6 366.702789306641
96.7 1012.54071044922
96.8 535.963500976563
97.9 1071.37854003906
98.9 3.68862152099609
99.0 560.64990234375
100.0 13999.833984375
101.0 1982.26794433594
102.0 1694.92785644531
102.1 622.475158691406
103.0 153.310623168945
103.2 1395.34826660156
103.2 3453.05444335938
103.7 572.886779785156
104.8 66.2890548706055
105.9 100.194831848145
106.0 102.983573913574
106.9 78.9027557373047
107.1 38.8413009643555
108.0 97.3708267211914
109.0 178.4296875
110.1 8157.7138671875
111.0 14915.6142578125
113.0 600.140014648438
114.0 709.999328613281
114.1 409.404144287109
115.0 3069.8681640625
116.0 728.037109375
117.0 807.8330078125
118.0 81.4208984375
118.1 460.935241699219
118.8 34.5158653259277
118.9 39.1370239257813
119.9 35.5758361816406
120.1 28.4848480224609
121.0 198.440567016602
121.9 62.5142288208008
122.0 131.514404296875
122.2 10.642822265625
122.9 138.481811523438
124.0 225.233810424805
124.1 590.854125976563
125.0 2675.9541015625
126.0 5203.4677734375
127.0 13476.5830078125
128.1 25031.29296875
129.1 3633.08447265625
130.0 2063.53125
131.0 507.624694824219
131.1 56.0174407958984
131.9 70.1471939086914
132.1 414.896087646484
132.3 41.7450370788574
133.0 41.89794921875
133.8 14.1901798248291
134.0 158.271133422852
135.0 231.2119140625
136.0 23.1025848388672
137.0 238.9375
138.0 770.4873046875
139.0 4654.01806640625
140.0 5954.17431640625
141.0 1959.54638671875
142.0 1293.44982910156
143.0 736.163208007813
144.0 916.278259277344
144.9 79.9921875
145.8 50.7979049682617
146.0 86.5831680297852
146.1 177.720077514648
146.9 67.7237548828125
147.0 112.436729431152
147.7 17.6984901428223
147.8 75.882453918457
147.9 29.3801116943359
148.0 10.8688659667969
149.0 712.079833984375
150.0 5967.2919921875
151.0 20617.89453125
152.0 28699.76171875
153.0 24163.296875
154.0 41486.3515625
155.0 8610.1005859375
156.0 1854.00671386719
157.0 383.05322265625
158.0 73.4993667602539
158.1 123.798347473145
161.0 65.41796875
161.1 175.947601318359
161.7 1000.78125
161.8 853.169250488281
163.0 2184.60791015625
164.0 6327.5400390625
165.0 10069.32421875
166.0 9123.79296875
167.1 50171.87890625
168.1 14548.6728515625
169.0 2734.12133789063
170.0 560.499145507813
170.1 63.6626892089844
170.9 39.0972900390625
171.8 81.8690490722656
172.9 111.682769775391
173.9 54.3015098571777
174.0 76.560905456543
174.9 227.408081054688
175.0 226.118774414063
176.0 1716.96044921875
176.1 26.1840534210205
177.0 4276.890625
178.1 37896.96484375
179.1 40582.45703125
180.1 80199.125
181.1 185933.15625
182.1 36194.4921875
183.1 7265.77587890625
184.0 74.3768692016602
184.0 869.231384277344
184.9 6.815673828125
185.9 30.0641021728516
187.9 127.4375
188.0 162.638122558594
188.9 484.396728515625
190.0 4954.55419921875
191.0 21130.6171875
192.1 46868.296875
193.0 20683.62890625
194.1 21007.896484375
195.0 19134.015625
196.1 80539.1484375
197.0 12341.78515625
198.0 996.886352539063
199.8 27.803783416748
200.9 9.97314453125
201.9 112.976547241211
202.0 86.0740203857422
203.0 1213.94470214844
204.1 3680.81103515625
205.1 42024.91796875
206.1 38089.83203125
207.1 182105.046875
208.1 70320.3203125
209.1 18876.806640625
210.1 3154.60815429688
216.0 108.0126953125
217.0 816.55078125
218.0 2185.55395507813
219.0 11952.580078125
220.1 43879.04296875
221.1 312437.125
222.1 139233.625
223.1 104645.9140625
224.1 17690.955078125
225.1 2519.40795898438
225.9 20.6675338745117
226.0 137.753540039063
226.2 13.8099279403687
227.9 107.943901062012
228.1 21.054443359375
229.0 429.787353515625
230.0 329.479919433594
231.0 446.96875
233.0 171.3046875
234.0 1155.9248046875
235.0 3448.9345703125
236.1 781.275451660156
240.0 33.8426208496094
242.0 108.718719482422
242.9 99.5098876953125
243.9 86.4851913452148
244.0 61.0024223327637
244.9 330.811279296875
246.0 409.120300292969
246.1 12.9323501586914
247.1 2313.07568359375
248.1 587.049560546875
248.1 945.262268066406
249.1 8642.9140625
250.1 4910.59228515625
251.1 5405.0498046875
252.1 1855.29016113281
253.0 370.329345703125
253.9 154.201538085938
254.2 9.51379680633545
254.9 45.9177513122559
255.1 27.6946601867676
255.9 60.617259979248
256.1 7.02517986297607
256.2 5.46936702728271
256.9 242.94873046875
257.9 33.0690650939941
258.0 65.3176345825195
259.0 243.406097412109
259.7 6.20170068740845
259.9 14.2148513793945
260.0 212.318603515625
260.1 71.1143493652344
260.9 98.1886749267578
261.0 443.133728027344
262.1 2677.47998046875
263.1 2090.38696289063
264.0 64.7737426757813
264.1 1483.0634765625
265.1 17195.876953125
266.1 133.878753662109
266.1 3414.45849609375
267.0 530.284545898438
267.1 198.137023925781
267.7 13.552357673645
267.9 46.0278511047363
268.1 29.3128051757813
268.2 8.84151172637939
269.0 27.2552490234375
270.0 84.8405151367188
270.1 35.4563064575195
270.9 84.1329345703125
271.8 16.4447479248047
272.1 53.8626976013184
273.0 83.14404296875
274.0 196.640930175781
274.9 169.47509765625
276.0 397.783050537109
276.9 474.960693359375
278.1 2336.49609375
279.1 6017.47314453125
280.1 40720.06640625
281.1 9548.0166015625
282.1 1690.50952148438
283.0 447.178375244141
283.7 18.5550308227539
283.9 22.8145999908447
284.0 21.6942863464355
285.0 36.6083984375
285.9 186.572723388672
287.0 79.4732971191406
287.8 2.04051160812378
287.9 26.9378986358643
288.0 9.51085472106934
288.1 17.2269268035889
289.0 206.9033203125
290.0 177.6552734375
291.0 311.549194335938
292.1 871.399963378906
293.0 595.3828125
294.0 1258.83325195313
295.0 277.961181640625
296.0 81.531005859375
296.9 96.907958984375
297.9 25.9583740234375
298.9 53.9469909667969
299.9 53.5384330749512
300.1 30.2699813842773
300.9 30.2910766601563
301.0 97.8476943969727
301.9 97.1749954223633
302.1 43.5190620422363
303.0 172.978103637695
303.9 76.5262222290039
304.0 111.045120239258
304.1 96.1664352416992
305.0 118.024314880371
305.1 203.647903442383
306.0 94.4268035888672
306.1 107.195922851563
306.2 39.1246452331543
307.0 725.12158203125
308.1 1732.96264648438
309.0 567.960083007813
309.1 118.335487365723
309.9 43.9883766174316
310.1 93.1910247802734
310.2 7.02752208709717
310.9 97.161979675293
311.9 49.7852172851563
312.2 15.6983642578125
312.8 20.3486213684082
312.9 16.4400100708008
313.0 32.7676773071289
313.2 7.41432476043701
314.0 6.67147922515869
314.2 7.40332508087158
314.9 51.9419250488281
315.9 6.12822723388672
316.0 46.9266052246094
316.8 22.1318702697754
316.9 71.8369293212891
317.1 2.02013874053955
317.9 14.9244832992554
318.1 14.1821031570435
318.8 7.5494441986084
318.9 85.928840637207
319.0 154.512313842773
319.1 112.95011138916
320.0 43.091854095459
320.1 147.555587768555
320.2 383.608276367188
320.3 75.2270889282227
321.2 1948.86889648438
321.2 2251.15795898438
322.2 45.835334777832
323.2 355820.875
324.2 83205.0859375
325.2 10116.8349609375
326.1 722.269165039063
326.2 187.459899902344
327.0 13.3029022216797
327.1 87.2331466674805
328.0 6.05495643615723
328.9 26.8613128662109
329.0 2.92984199523926
330.8 52.220703125
330.9 64.284049987793
331.9 5.93256807327271
332.8 11.2405166625977
332.9 40.1678314208984
334.9 96.1352081298828
335.0 88.3046340942383
336.9 16.6953048706055
337.0 69.4948654174805
341.0 39.1900634765625
342.7 7.49840259552002
343.0 5.37274074554443
344.8 41.7294998168945
345.1 15.2296237945557
345.9 17.3612766265869
346.8 12.5484352111816
346.9 16.4945297241211
347.0 49.5375900268555
348.9 52.9473724365234
349.0 32.0901489257813
349.9 47.1552200317383
350.9 80.3559951782227
350.9 44.1115570068359
352.1 6.49230623245239
353.0 127.770492553711
353.7 5.83142614364624
353.8 17.4429321289063
354.0 25.6996631622314
355.0 89.6288757324219
355.9 0.734422206878662
356.0 20.2155990600586
356.8 41.1201019287109
357.0 33.269458770752
359.0 73.1968688964844
359.1 6.80722522735596
362.9 122.566345214844
364.9 10.4714984893799
365.1 10.2173128128052
366.9 50.6420516967773
367.0 40.2859191894531
367.8 31.1129398345947
368.0 7.1716251373291
368.9 43.7446060180664
370.9 119.177215576172
371.8 3.99061298370361
371.9 8.48414993286133
372.9 9.46229648590088
373.0 14.8227844238281
386.9 5.97536945343018
408.9 5.86052131652832
