#"+EI Scan (rt: 23.568-23.721 min, 25 scans) Iso3-1.D  Subtract "
#Point,X(Thompsons),Y(Counts)
40.0 544.235107421875
41.0 1275.59777832031
42.0 8039.00390625
43.1 2100.04833984375
44.0 7229.822265625
45.0 326.186340332031
45.9 20.4836025238037
46.0 225.612289428711
46.2 14.477237701416
47.0 379.503326416016
49.0 52.1808891296387
50.0 188.595809936523
51.0 516.135009765625
52.0 277.288513183594
52.1 9.28842926025391
53.0 295.088256835938
54.0 359.12158203125
54.1 158.089172363281
55.0 1774.95983886719
56.0 1890.69567871094
57.0 681.474609375
58.1 2961.04443359375
59.0 3702.814453125
60.0 158.306213378906
60.9 38.2161293029785
61.0 63.3327331542969
61.9 144.179046630859
62.0 114.65160369873
63.0 771.268737792969
63.9 109.12890625
64.0 71.4249267578125
64.8 11.2282657623291
65.0 125.397201538086
65.0 142.389999389648
65.9 52.176456451416
66.0 145.304992675781
67.0 220.504135131836
68.0 416.392669677734
68.1 323.802368164063
69.0 295.807800292969
69.9 16.7015228271484
70.0 1080.35949707031
71.0 138.998641967773
71.2 458.629302978516
72.1 36931.671875
73.0 6056.48828125
74.1 4154.814453125
75.0 1733.54809570313
76.0 2022.92346191406
77.0 8801.046875
78.0 5167.931640625
79.0 677.89794921875
79.9 78.7700119018555
80.0 165.5234375
81.0 1312.59375
82.0 491.468231201172
82.1 377.714294433594
82.9 58.1573715209961
83.2 316.178039550781
83.4 36.7521476745605
83.4 163.480026245117
83.8 972.885986328125
83.9 671.431823730469
84.1 14.9427003860474
85.0 319.197692871094
86.0 342.272918701172
86.1 824.726440429688
87.0 555.515502929688
87.9 59.5843887329102
88.1 97.6322860717773
88.2 57.2679328918457
89.1 636.804321289063
89.3 1392.90698242188
89.4 1234.76123046875
89.7 1676.85778808594
89.8 2917.33374023438
89.9 183.430435180664
90.8 659.246337890625
91.9 16.9006156921387
92.0 201.420013427734
93.0 284.090087890625
93.1 14.6546230316162
93.9 2.07674026489258
94.0 751.226989746094
95.1 33.3451843261719
95.3 212.334625244141
95.4 92.9894561767578
95.6 199.646957397461
95.8 935.600463867188
95.9 92.6826934814453
96.2 293.890930175781
96.3 464.343048095703
96.5 493.547149658203
96.6 196.111236572266
96.7 1007.22369384766
96.9 5.62229919433594
97.9 376.385192871094
98.0 563.779418945313
98.9 420.522064208984
99.1 153.845825195313
100.1 12009.0419921875
101.0 448.791809082031
101.0 1312.75146484375
102.0 2054.26220703125
103.1 1144.12902832031
103.2 3211.302734375
103.3 179.249938964844
103.7 301.928802490234
103.8 503.053070068359
104.9 118.053871154785
105.8 22.4288730621338
105.9 193.214599609375
106.0 2.94526863098145
106.2 11.6130905151367
106.9 228.793441772461
107.1 29.080322265625
107.8 3.10515880584717
108.1 110.134246826172
109.0 2363.1806640625
110.0 7137.47119140625
111.0 13274.791015625
111.9 57.3781433105469
113.0 827.558288574219
114.0 1018.21649169922
114.1 30.8654479980469
115.0 2902.69018554688
116.0 453.628051757813
116.1 235.882202148438
117.0 2084.90478515625
118.0 605.699645996094
118.8 83.4041137695313
118.9 396.510345458984
119.8 48.9450569152832
119.9 98.0725555419922
120.2 8.2524528503418
120.9 115.136825561523
121.0 31.9260635375977
121.9 23.4684028625488
122.0 163.895843505859
122.1 22.0590476989746
122.2 9.1937894821167
122.9 486.725463867188
123.9 81.9709014892578
124.0 593.492736816406
124.2 33.9769706726074
125.0 3189.93310546875
126.0 4738.3974609375
127.0 11509.375
128.1 21039.0078125
129.0 3013.40502929688
129.9 44.7364120483398
130.0 1704.23815917969
130.9 231.398742675781
131.0 269.630493164063
131.9 79.7069549560547
132.0 419.756927490234
133.0 731.2705078125
133.9 26.4601440429688
134.0 119.381988525391
135.0 730.653076171875
136.1 116.81103515625
137.0 12216.6171875
138.0 1925.1669921875
139.0 4773.53076171875
140.0 5428.07470703125
141.0 2801.68188476563
142.0 1247.1083984375
143.0 1214.42333984375
143.9 55.9391746520996
144.0 756.695007324219
144.9 306.905090332031
145.7 20.7823181152344
146.0 149.840606689453
146.1 130.195236206055
146.3 37.3129806518555
146.9 39.1150817871094
147.0 94.3980560302734
147.7 68.6423263549805
147.9 5.4879150390625
148.1 42.3474006652832
149.0 1005.81634521484
150.0 5308.2421875
151.0 18692.640625
152.0 25531.5
153.0 21691.455078125
154.0 36261.85546875
155.0 9090.572265625
156.0 1855.42907714844
157.0 1378.68115234375
158.0 145.488220214844
158.1 52.748405456543
159.0 8794.55859375
160.0 1221.21923828125
161.0 469.951904296875
161.0 671.993286132813
161.7 638.294250488281
161.8 616.770629882813
163.0 3056.56518554688
164.0 5321.4462890625
165.0 8842.82421875
166.0 8062.62939453125
167.1 43164.765625
168.0 12677.337890625
169.0 2528.806640625
169.9 61.3915634155273
170.0 506.587341308594
170.9 536.866088867188
171.8 124.694114685059
172.1 33.2362403869629
172.9 56.2137756347656
173.0 106.06078338623
173.9 67.5044403076172
174.1 17.0308303833008
174.9 319.224914550781
175.0 197.803131103516
176.0 1496.34423828125
176.1 17.8112010955811
177.0 4814.8876953125
178.0 33101.73828125
179.1 35443.34765625
180.1 70032.5546875
181.1 157347.796875
182.1 30693.373046875
183.1 6318.3076171875
184.0 932.587463378906
184.9 694.265747070313
185.8 42.0169792175293
185.9 107.428680419922
186.0 25.4655532836914
187.0 502.066772460938
187.9 349.294494628906
188.0 42.3691329956055
188.9 807.12646484375
190.0 4551.30126953125
191.0 19647.498046875
192.1 41092.5078125
193.0 18202.46875
194.1 17570.396484375
195.0 18397.6953125
196.1 67838.9296875
197.0 11662.234375
198.0 1158.06970214844
198.9 1148.27490234375
199.9 530.49560546875
200.0 64.0700912475586
200.9 966.91552734375
201.9 298.984130859375
202.0 79.8624572753906
203.0 1567.52844238281
204.1 3255.87377929688
205.1 36320.86328125
206.1 33515.13671875
207.1 159803
208.1 61604.35546875
209.1 16872.568359375
210.1 2550.70166015625
211.0 9662.32421875
212.0 1883.4072265625
213.0 1305.77954101563
214.0 53.0353775024414
214.2 73.7632827758789
215.0 12477.390625
216.0 2482.376953125
217.0 2844.6376953125
218.0 2367.52612304688
219.0 13616.4033203125
220.1 37892.49609375
221.1 265913.125
222.1 118255.1171875
223.1 89597.140625
224.1 15030.3271484375
225.1 2395.2802734375
225.9 67.0136566162109
226.0 121.116775512695
226.2 4.14941883087158
227.0 534.430053710938
228.0 67.8294372558594
228.1 102.651184082031
229.0 1104.21997070313
230.0 502.200042724609
231.0 837.895874023438
233.0 16884.38671875
234.0 4398.34375
235.0 5049.08056640625
236.1 1433.72424316406
237.0 12985.953125
238.0 2314.12109375
239.0 1463.29345703125
239.9 439.427490234375
240.9 842.497802734375
241.9 201.260498046875
242.9 197.645111083984
243.9 87.7443161010742
244.0 95.4930572509766
244.1 6.46589708328247
244.9 139.092712402344
245.0 159.963653564453
246.0 376.25439453125
246.1 14.923285484314
247.1 2296.14331054688
248.0 307.752136230469
248.1 1169.56408691406
249.1 7532.63818359375
250.1 4229.9091796875
251.1 5132.26806640625
251.9 12.2323579788208
252.1 1674.99877929688
252.9 303.311431884766
253.8 4.00136375427246
253.9 76.0015716552734
254.9 207.200698852539
255.7 8.39558506011963
255.9 116.149749755859
256.0 3.12762641906738
256.2 4.90018272399902
257.0 294.466827392578
257.9 82.0219497680664
258.0 25.3032913208008
259.0 167.489608764648
259.7 8.18767833709717
260.0 231.63591003418
260.1 36.7852439880371
260.3 14.7374429702759
261.0 710.291931152344
262.0 14.0858974456787
262.1 2803.99560546875
263.1 2193.74682617188
264.1 1125.9482421875
264.2 613.118530273438
265.1 14358.962890625
266.1 3074.09838867188
267.0 163.258361816406
267.1 289.302764892578
267.9 14.7051200866699
268.0 29.8654651641846
268.2 29.7294673919678
269.0 157.344970703125
270.0 228.528869628906
270.9 368.802856445313
271.9 140.614456176758
272.9 250.81494140625
273.9 35.9842758178711
274.0 137.925476074219
274.9 386.902099609375
276.0 589.955810546875
276.9 551.135375976563
278.0 474.577392578125
278.1 1606.90454101563
279.1 5353.02197265625
280.1 35777.8125
281.1 8664.927734375
282.1 1546.21228027344
283.0 279.809020996094
283.9 16.1751174926758
284.0 55.4094161987305
285.0 628.77294921875
286.0 200.697601318359
287.0 239.879028320313
287.8 5.9342827796936
287.9 36.8304977416992
288.1 21.0059280395508
289.0 1274.25244140625
290.0 416.807006835938
291.0 520.091186523438
292.0 1.67658233642578
292.1 500.794067382813
293.0 1134.2255859375
294.0 1391.45874023438
295.0 474.904541015625
295.9 140.26220703125
296.9 221.33984375
297.9 70.0741119384766
298.9 448.647277832031
299.8 26.0975799560547
299.9 40.7782249450684
301.0 184.234649658203
301.8 13.8190355300903
301.9 87.2766876220703
302.0 46.5405769348145
302.9 86.1770172119141
303.1 107.934638977051
304.0 198.631881713867
304.1 34.8334426879883
305.0 225.393417358398
305.1 127.626998901367
306.0 51.4037399291992
306.1 104.096580505371
306.2 74.7050323486328
306.3 21.7181167602539
307.0 666.579956054688
308.0 34.6100769042969
308.1 1440.15405273438
308.2 39.2400817871094
309.1 796.966674804688
309.9 35.2474365234375
310.1 66.176155090332
310.2 15.4440298080444
310.3 9.32213878631592
310.9 188.109008789063
312.0 93.0540237426758
312.8 4.17834281921387
312.9 77.3615875244141
313.0 1.60515785217285
314.9 137.201309204102
315.0 30.9518375396729
315.7 2.67797803878784
315.8 7.17152404785156
315.9 88.8504486083984
316.1 9.57072448730469
316.8 6.56349563598633
316.9 73.5675811767578
317.0 31.9706954956055
317.9 15.7751274108887
318.1 25.2692794799805
318.3 6.01813793182373
318.9 25.9709739685059
319.0 181.556091308594
319.1 109.678886413574
320.0 98.7017059326172
320.2 467.175109863281
320.3 15.8428468704224
321.1 2740.3564453125
321.2 1017.61254882813
322.1 64.6631622314453
323.2 301039.625
324.2 70274.9765625
325.2 8651.5732421875
326.2 799.08544921875
326.6 6.73454523086548
326.9 59.6071319580078
327.1 51.6413536071777
328.6 6.84849739074707
328.7 5.11711645126343
328.8 38.7539100646973
328.9 9.87609481811523
329.1 6.17397689819336
330.8 1.73828887939453
330.9 129.559906005859
332.7 17.4542121887207
332.8 110.072799682617
333.0 9.04943466186523
334.8 12.903959274292
334.9 154.401977539063
336.9 36.8413124084473
337.0 38.5224761962891
341.0 21.2913627624512
344.9 46.7389450073242
345.0 70.9633255004883
345.9 5.20057773590088
346.9 83.1614685058594
347.0 79.4842376708984
348.8 121.084777832031
348.9 111.672103881836
349.1 16.3606071472168
349.7 7.16030931472778
349.8 30.3583736419678
350.0 111.963256835938
350.2 6.47810173034668
350.9 168.419143676758
351.1 2.94913864135742
351.9 14.1334800720215
351.9 20.1576118469238
352.1 7.31187009811401
352.9 256.829040527344
353.8 21.399829864502
356.3 6.65367412567139
356.9 31.478271484375
358.8 3.24989223480225
358.9 42.3959655761719
359.0 70.63818359375
362.8 42.1700553894043
362.9 118.76676940918
364.9 17.8577899932861
366.9 66.4297637939453
367.0 96.0444641113281
367.8 6.01144504547119
367.9 36.0794830322266
368.1 10.7900686264038
368.8 13.7127342224121
368.9 24.7608261108398
370.8 9.15085220336914
371.0 50.5811462402344
371.1 16.7394523620605
371.8 23.6008148193359
372.8 12.911319732666
373.0 27.830846786499
374.9 7.43445539474487
