#"+EI Scan (rt: 23.568-23.721 min, 25 scans) Iso3-6.D  Subtract "
#Point,X(Thompsons),Y(Counts)
40.0 551.282348632813
41.1 1146.99877929688
42.0 8208.6259765625
43.1 1883.11401367188
44.0 7819.48681640625
45.0 140.319030761719
46.0 237.099960327148
46.1 6.94866704940796
49.9 122.300971984863
50.0 25.1875915527344
51.0 383.853149414063
51.8 12.79807472229
52.0 144.668533325195
52.1 110.11808013916
53.0 139.869384765625
54.0 486.287445068359
54.1 1.89251041412354
55.0 1735.6630859375
56.0 1836.74682617188
57.0 438.259521484375
58.1 3056.32421875
60.9 35.6753387451172
61.9 163.043273925781
62.1 45.4683456420898
63.0 709.683898925781
63.9 31.0799560546875
64.0 32.5107727050781
64.0 97.3969345092773
64.9 135.910537719727
65.0 113.341300964355
65.9 65.4772186279297
66.0 139.553558349609
67.0 142.594299316406
67.1 12.0587673187256
68.0 805.303100585938
69.0 180.767654418945
69.9 10.2894763946533
70.1 1145.25073242188
70.2 17.7602958679199
71.0 58.2517547607422
71.2 360.675323486328
72.1 41364.19921875
73.0 1432.05078125
74.1 4140.333984375
75.0 1196.47216796875
75.9 99.2149963378906
76.1 2241.2255859375
77.0 1708.05078125
79.9 98.8556213378906
80.0 63.6469917297363
82.0 588.549560546875
82.1 114.692893981934
83.2 36.4838104248047
83.3 198.314376831055
83.4 94.9604415893555
83.7 41.3370361328125
83.8 1666.39575195313
84.0 146.517028808594
85.0 196.978942871094
86.0 121.338645935059
86.1 1088.26049804688
87.0 459.709747314453
88.0 40.6599578857422
88.1 79.9188461303711
88.2 54.1441688537598
89.1 422.193664550781
89.3 1235.48254394531
89.5 1497.74658203125
89.7 4817.44873046875
90.7 55.4577178955078
90.9 106.042762756348
91.8 34.5258102416992
92.0 94.4613876342773
92.1 56.8805847167969
93.0 350.073211669922
94.0 761.402709960938
95.1 152.265060424805
95.2 42.6697273254395
95.3 187.804809570313
95.6 319.050903320313
95.8 860.41796875
95.9 19.1000366210938
96.2 57.1938095092773
96.4 504.809600830078
96.6 769.896484375
96.7 946.00244140625
97.9 789.358154296875
98.0 94.2602233886719
99.0 479.853240966797
99.1 120.630989074707
100.1 13274.916015625
101.0 607.727661132813
101.1 1173.1650390625
102.0 949.292297363281
102.1 1260.69885253906
103.2 2863.97802734375
103.2 2009.62878417969
103.7 417.291259765625
103.8 580.982666015625
104.8 159.072525024414
105.7 23.9657649993896
106.0 116.481918334961
106.1 31.3276481628418
107.0 104.711868286133
107.7 0.804714202880859
107.8 16.2448577880859
108.0 32.4455871582031
109.0 186.9423828125
110.1 7758.56494140625
111.0 13845.419921875
111.8 30.655424118042
112.9 60.747859954834
113.0 533.255126953125
114.0 1132.00158691406
114.2 18.023006439209
115.0 2628.45751953125
116.0 602.714050292969
116.1 89.9295196533203
116.2 22.8664283752441
117.0 869.7685546875
118.0 295.114318847656
118.1 210.696960449219
118.9 124.975112915039
119.9 14.2764434814453
120.0 30.1294498443604
120.9 183.749526977539
121.8 18.111270904541
121.9 108.25276184082
122.1 29.320930480957
123.0 313.585327148438
123.9 261.070495605469
124.1 443.709075927734
125.0 3293.44970703125
126.0 4910.75634765625
127.0 12369.484375
128.1 23532.212890625
129.1 3338.78540039063
130.0 1865.35632324219
130.9 374.018432617188
131.9 9.50680541992188
132.0 203.448944091797
132.1 238.239120483398
132.2 10.6234407424927
133.0 91.4013671875
134.0 43.3429565429688
134.1 1.98273468017578
135.0 226.527099609375
136.0 134.976455688477
137.0 1446.65625
138.0 789.89306640625
139.0 4419.6240234375
140.0 5494.05615234375
141.0 1930.15673828125
142.0 1393.53552246094
143.0 1195.66357421875
144.0 877.915649414063
144.9 152.095703125
146.0 264.496643066406
146.2 92.4286270141602
146.3 16.8162136077881
146.9 222.719390869141
147.6 9.85216522216797
147.8 35.4922103881836
147.9 148.300552368164
149.0 994.248352050781
149.1 64.6480102539063
150.0 5534.541015625
151.0 19494.82421875
152.0 26856.50390625
153.0 22456.826171875
154.0 38615.96875
155.0 8349.8583984375
156.0 1744.32177734375
157.0 411.86328125
158.0 165.639617919922
161.1 516.353332519531
161.7 730.482482910156
161.8 348.5546875
163.0 2028.9697265625
164.0 5980.6767578125
165.0 9662.3662109375
166.0 8816.1787109375
167.0 43687.21875
168.0 13735.96484375
169.0 1963.4814453125
170.0 454.949371337891
170.1 73.7415237426758
170.9 22.1190185546875
171.7 8.83314323425293
171.9 9.00711059570313
172.9 55.9210815429688
173.9 68.6392822265625
174.0 35.6462440490723
175.0 218.636352539063
175.1 280.868927001953
176.0 1567.07946777344
177.0 4085.10302734375
178.0 35317.32421875
179.1 37400.2578125
180.1 75321.3125
181.1 175046.4375
182.1 34098.6015625
183.1 6817.6181640625
184.0 909.808898925781
184.9 49.033203125
185.9 26.9152526855469
187.0 44.752685546875
188.0 242.210906982422
188.1 85.4441146850586
189.0 962.975463867188
190.0 4686.95849609375
191.0 19891.212890625
192.1 45374.75
193.0 19722.314453125
194.1 19271.337890625
195.0 17992.98828125
196.1 76561.078125
197.1 16467.501953125
198.0 1268.49291992188
199.9 12.3404235839844
201.9 160.693054199219
203.0 1185.30090332031
204.1 3434.1484375
205.1 39906.71875
206.1 36286.3359375
207.1 171610.25
208.1 66318.2109375
209.1 17878.244140625
210.1 2836.49438476563
213.0 0.64599609375
216.0 187.041015625
217.0 758.62890625
218.0 2077.60595703125
219.0 11489.884765625
220.1 41276.07421875
221.1 296315.03125
222.1 131622.703125
223.1 98312.3828125
224.1 16807.830078125
225.1 2354.10107421875
226.0 83.3517990112305
226.1 29.8144683837891
227.0 17.336669921875
228.0 68.3975830078125
228.1 5.79577827453613
229.0 369.65283203125
230.0 217.37385559082
230.1 138.580078125
231.0 544.00634765625
233.0 586.82421875
234.0 1158.1669921875
235.0 3217.33349609375
236.1 1061.61853027344
237.0 681.6171875
238.0 195.48828125
240.0 518.442749023438
242.0 21.0648174285889
242.8 24.7393703460693
242.9 45.7508544921875
243.8 7.50732517242432
244.0 160.255981445313
244.2 15.0218324661255
244.9 65.2972412109375
245.0 133.593704223633
246.0 180.17333984375
246.1 140.795135498047
247.1 2236.2265625
247.9 15.9979190826416
248.1 1206.21984863281
248.1 231.868316650391
249.1 8210.4677734375
250.1 4645.82177734375
251.1 4932.9189453125
252.1 1624.67272949219
252.9 279.881408691406
253.1 190.356979370117
254.0 87.3161468505859
255.0 89.7153396606445
255.9 81.4201965332031
256.1 27.6910495758057
256.9 21.1985473632813
257.8 64.2314758300781
258.1 31.204273223877
259.0 295.880279541016
259.8 13.7874603271484
260.0 167.506072998047
260.1 61.5893402099609
261.0 524.092590332031
262.1 2469.95971679688
262.2 82.2044143676758
263.1 770.366943359375
263.1 1134.45251464844
264.1 725.170837402344
264.2 760.580444335938
264.3 40.7666625976563
265.1 16061.15234375
266.1 3379.2314453125
267.0 654.731567382813
267.8 6.97717094421387
267.9 34.1769142150879
268.1 54.8352394104004
268.2 7.78696823120117
269.0 351.544830322266
269.8 34.9749412536621
270.0 8.15378570556641
270.9 132.966064453125
271.9 92.2724304199219
272.9 99.07177734375
274.0 113.247772216797
274.1 35.2487411499023
274.9 103.890625
276.0 525.500793457031
276.1 17.2896728515625
276.9 387.164672851563
278.1 2125.62939453125
279.0 504.395782470703
279.1 5242.9033203125
280.1 38120.96875
281.1 8831.38671875
282.0 235.166778564453
282.1 1156.12731933594
283.1 218.240509033203
283.9 6.47020530700684
284.1 31.9288463592529
285.0 45.9560546875
286.0 15.179931640625
287.1 217.424224853516
287.9 61.6236763000488
288.0 26.4532890319824
289.0 326.810546875
290.0 124.828125
291.0 231.165893554688
292.1 821.599853515625
292.2 84.468879699707
293.0 817.4453125
294.0 1155.65209960938
295.0 290.1259765625
295.9 120.503021240234
296.9 116.257080078125
297.9 124.859008789063
298.9 26.9053344726563
299.9 82.0392608642578
300.0 8.01495361328125
300.9 76.1184692382813
301.8 7.74428939819336
302.0 72.5192642211914
302.1 27.4518947601318
303.0 127.666793823242
303.1 20.1411972045898
304.0 223.944610595703
304.1 50.9632949829102
305.0 211.413909912109
305.1 146.462936401367
306.0 153.287933349609
306.1 66.3871612548828
306.3 28.3078670501709
307.0 1009.08178710938
308.1 1653.65856933594
309.1 876.631469726563
309.9 34.6931381225586
310.0 76.3113250732422
310.2 24.0026874542236
311.0 85.3312377929688
311.1 52.2403450012207
312.0 176.358795166016
312.8 39.644100189209
312.9 11.3379516601563
313.1 14.4560461044312
314.1 13.1939182281494
314.9 35.8149108886719
315.0 29.2176837921143
315.7 3.53641796112061
315.9 15.3329086303711
316.0 35.9330863952637
316.1 7.46290397644043
317.0 83.8672103881836
317.1 32.5546646118164
318.0 10.7132730484009
318.1 21.5530166625977
318.2 6.44231986999512
319.0 84.2106704711914
319.0 161.697402954102
319.1 105.355964660645
319.9 28.1163330078125
320.1 80.4732971191406
320.2 467.833587646484
320.3 23.1465263366699
321.2 4087.89306640625
322.1 26.5670261383057
323.2 337518.75
324.2 78880.15625
325.2 9693.77734375
326.1 668.746459960938
326.2 137.57731628418
326.9 11.7873458862305
327.0 99.0483169555664
328.8 17.9013023376465
328.9 33.5991668701172
329.1 13.531044960022
330.8 13.0169563293457
331.0 19.4931106567383
331.1 11.6668863296509
331.8 13.8020753860474
332.8 27.6423568725586
332.9 30.7015552520752
334.8 10.3998756408691
334.9 95.2851333618164
335.0 34.9883842468262
336.8 10.4935998916626
337.0 34.2955474853516
337.1 14.0466947555542
340.9 32.8630180358887
341.1 6.89753484725952
342.9 6.26802206039429
343.0 6.20021533966064
344.7 7.82060289382935
344.9 74.8292541503906
345.1 8.55438232421875
345.8 3.68064093589783
346.0 6.31051397323608
346.9 73.8686981201172
348.9 8.22922897338867
349.0 78.9479598999023
349.8 37.2175521850586
349.9 69.369384765625
350.9 75.6526489257813
351.9 12.8231410980225
352.8 107.661712646484
353.8 6.32184219360352
354.0 13.9910449981689
354.9 21.6637725830078
355.0 1.64749908447266
356.9 0.796391487121582
357.0 13.648904800415
358.8 6.83928537368774
358.9 24.2723770141602
359.0 34.4581604003906
359.8 6.05076360702515
362.8 8.53512001037598
363.0 60.7306175231934
364.9 17.2812061309814
365.0 11.8588609695435
366.8 47.0499420166016
367.0 66.8038024902344
368.0 5.35164070129395
368.9 28.812629699707
369.0 25.1058578491211
369.1 20.5455474853516
370.8 8.78246212005615
371.0 83.8502807617188
371.1 12.4743614196777
372.0 7.29118967056274
372.8 3.99520635604858
372.9 18.2501659393311
