#"+EI Scan (rt: 13.446-13.478 min, 6 scans) Iso4-5.D  Subtract "
#Point,X(Thompsons),Y(Counts)
40.1 1261.74926757813
41.1 36507.44140625
42.1 2167.58032226563
43.1 39055.08984375
44.0 546.649658203125
45.0 86.3175277709961
45.1 38.5770874023438
49.9 199.085647583008
50.0 215.908798217773
51.0 2135.36791992188
52.0 1079.89709472656
53.0 7594.1494140625
53.9 136.475997924805
54.1 676.646423339844
55.0 17938.34375
56.1 1870.50048828125
57.1 2940.349609375
58.0 253.149353027344
58.1 93.4448547363281
59.0 339.833984375
60.0 62.5352630615234
62.0 172.573669433594
63.0 1325.69116210938
64.0 671.518981933594
64.1 186.651794433594
65.0 7223.5771484375
66.1 2170.39086914063
67.0 26429.25
68.1 2355.55322265625
69.1 24102.685546875
70.1 1626.69091796875
71.1 6019.69677734375
72.0 463.518798828125
72.1 99.2502746582031
72.2 45.8949928283691
74.0 156.482727050781
75.0 1.85353851318359
75.1 389.346923828125
76.1 1451.17016601563
77.0 19751.990234375
78.0 4936.4267578125
79.0 18816.560546875
80.1 3959.6142578125
81.1 39101.16796875
82.0 4258.69140625
83.1 4253.5712890625
83.8 156.524597167969
84.1 568.208129882813
85.0 511.772827148438
85.2 146.262557983398
85.8 235.60334777832
85.9 219.318252563477
86.2 265.459625244141
86.9 798.90478515625
87.1 236.009414672852
87.8 119.306037902832
87.9 249.406616210938
88.0 82.8306503295898
89.0 3217.09912109375
90.0 499.080657958984
90.1 611.6650390625
90.2 485.9169921875
91.0 39439.7578125
92.0 6780.96484375
93.1 20487.365234375
94.0 4332.94482421875
95.1 33940.2890625
96.1 3256.86987304688
97.0 1864.33605957031
97.9 58.1732749938965
98.0 882.521240234375
98.1 315.361328125
98.8 229.295211791992
99.0 1153.54748535156
100.4 4613.88525390625
100.7 704.484680175781
102.0 2413.01977539063
103.0 7974.1767578125
104.1 3445.66015625
105.0 26882.3046875
106.1 7511.55419921875
107.1 32155.044921875
108.0 10212.3076171875
109.1 12493.3095703125
110.0 1537.91345214844
111.0 1618.85815429688
112.3 124.739135742188
113.2 421.883087158203
113.8 933.490539550781
115.0 27780.9296875
116.1 7854.01513671875
117.0 12010.9111328125
118.0 113.953414916992
118.1 3015.05688476563
119.1 29009.9609375
120.1 7917.21142578125
121.1 29147.388671875
122.0 17536.396484375
123.0 19202.083984375
124.0 7430.01513671875
124.9 195.951568603516
125.0 999.425598144531
126.1 1152.25500488281
127.0 10449.810546875
128.0 26256.953125
129.1 20433.7578125
130.0 4890.79052734375
131.0 15967.25
132.1 5167.59375
133.1 15654.1083984375
134.1 9034.1982421875
135.1 15198.353515625
136.1 9061.6181640625
137.0 8589.9228515625
138.0 2873.08349609375
139.0 3273.38354492188
140.0 1081.08044433594
140.1 392.164428710938
141.0 19031.28515625
142.1 9397.6171875
143.1 11025.138671875
144.1 8635.8359375
145.1 17957.0390625
146.1 5583.56298828125
147.0 34185.62890625
148.1 8151.353515625
149.0 12999.9853515625
150.1 5822.69775390625
151.1 5136.05029296875
152.0 14898.65625
153.0 14206.673828125
154.1 7284.748046875
155.1 11754.4560546875
156.1 4725.33837890625
157.1 17616.755859375
158.1 8274.7705078125
159.0 18729.69140625
160.0 17544.640625
161.1 28168.8515625
162.0 9160.2392578125
163.1 12353.0068359375
164.1 4248.5537109375
165.1 29660.443359375
166.1 8888.9921875
167.1 8165.63671875
168.0 7113.75390625
169.1 13561.1328125
170.1 6175.13525390625
171.1 15853.4765625
172.1 7997.54150390625
173.1 30521.3984375
174.1 70090.0234375
175.1 43493.93359375
176.1 17462.357421875
177.1 10267.4892578125
178.1 9897.0654296875
179.1 7510.74267578125
180.1 3867.7568359375
181.1 15275.8798828125
182.1 8703.7451171875
183.1 19683.640625
184.1 7943.8564453125
185.1 18701.060546875
186.1 9892.0703125
187.1 53784.625
188.1 22509.58984375
189.1 17059.501953125
190.1 10525.396484375
191.1 13466.0751953125
192.2 3774.98950195313
193.1 91060.71875
194.1 14922.5244140625
195.1 11687.421875
196.1 6156.517578125
197.1 18085.060546875
198.1 9439.2685546875
199.1 29756.275390625
200.1 19628.115234375
201.1 67998.7734375
202.1 20807.96875
203.1 8773.2158203125
204.1 2515.67553710938
205.1 4641.08251953125
206.1 2600.19750976563
207.1 15428.7705078125
208.1 4408.486328125
209.1 5814.31201171875
210.1 5068.43603515625
211.1 12104.24609375
212.1 7796.40283203125
213.1 29361.201171875
214.1 19601.923828125
215.1 56197.95703125
216.1 14035.921875
217.1 80845.2578125
218.1 17532.3515625
219.1 11656.12890625
220.1 2443.06127929688
221.2 33652.58203125
222.1 5881.451171875
223.1 3592.24389648438
224.1 3983.580078125
225.1 10353.55078125
226.1 6334.48583984375
227.1 16023.771484375
228.1 11839.03515625
229.1 32098.0625
230.2 1105.08081054688
231.1 658405.0625
232.1 125944.15625
233.1 49752.06640625
234.1 7456.01171875
235.0 824.823120117188
236.0 279.419708251953
237.0 202.087890625
238.0 1192.73608398438
239.1 4725.4765625
240.1 6079.12646484375
241.1 14424.6640625
242.2 19738.4609375
243.1 294226.125
244.1 66310.78125
245.1 34700.88671875
246.2 36972.90234375
247.1 6337.0322265625
248.1 524.771484375
248.2 261.331573486328
248.8 18.617805480957
249.0 213.740737915039
249.9 34.6797103881836
250.0 34.2634124755859
250.1 64.7359619140625
251.1 772.989318847656
252.1 382.359466552734
253.1 4723.400390625
254.2 2136.8349609375
255.1 12012.9443359375
256.2 12359.1015625
257.1 83060.6953125
258.1 220733.65625
259.1 47924.75390625
260.1 6318.95703125
261.1 715.074645996094
262.0 58.5196189880371
263.0 126.900779724121
263.2 43.4534568786621
265.0 161.56787109375
265.3 195.859878540039
265.9 28.6381683349609
266.1 418.42138671875
267.0 139.491729736328
267.2 1921.64685058594
268.2 1088.36145019531
269.2 10397.603515625
270.2 1868.1806640625
271.2 429697.15625
272.2 105042.3125
273.2 16077.0087890625
274.1 1845.421875
275.0 525.691467285156
275.8 15.7819309234619
276.0 0.245298385620117
277.0 181.389846801758
277.7 14.131724357605
278.0 128.320648193359
279.0 560.066711425781
279.1 161.568801879883
280.1 243.893051147461
280.2 114.670166015625
281.0 85.2468109130859
281.2 4928.75927734375
282.2 1942.15417480469
283.1 7735.41259765625
284.2 2636.61010742188
284.3 630.604553222656
285.2 30032.720703125
286.2 22836.619140625
287.2 4257.2099609375
288.1 340.221710205078
288.2 272.630981445313
289.9 171.389190673828
290.9 12.8807106018066
291.9 35.978889465332
292.0 16.9722137451172
293.0 60.515625
294.1 250.88688659668
295.2 3669.23706054688
296.1 122.530258178711
297.2 67853.4921875
299.2 873456.5
300.2 195895.984375
301.2 24405.21875
302.2 2240.84887695313
303.1 172.459228515625
306.8 26.1313152313232
307.0 78.46484375
307.1 31.439847946167
308.0 27.0724315643311
308.2 53.4832954406738
309.0 65.7726974487305
309.2 117.440612792969
310.0 35.8398704528809
310.1 121.934326171875
310.3 91.3354415893555
310.4 86.197265625
311.1 300.329193115234
311.2 202.489440917969
311.3 141.334350585938
312.1 281.207427978516
312.3 1905.75451660156
313.3 15186.9873046875
314.2 683296.75
315.2 160118.859375
316.2 20915.626953125
317.2 2068.89624023438
318.1 74.4233474731445
355.1 60.111255645752
365.0 26.514497756958
384.9 25.8740997314453
385.0 121.987457275391
468.2 25.5282649993896
