#"+EI Scan (rt: 13.446-13.478 min, 6 scans) Iso4-3.D  Subtract "
#Point,X(Thompsons),Y(Counts)
40.1 1148.12561035156
40.2 447.547882080078
41.1 41485.7109375
42.1 2555.21215820313
43.1 44595.85546875
44.0 390.30712890625
45.0 154.044555664063
47.0 23.4920253753662
49.1 26.0198745727539
49.9 124.816734313965
50.1 286.280853271484
51.0 2361.02172851563
52.1 1258.96350097656
53.0 8979.8095703125
54.0 359.115631103516
54.1 859.700134277344
55.1 20401.01171875
56.1 2269.125
57.1 3321.18505859375
58.0 99.3057098388672
58.1 269.50390625
59.0 169.57275390625
60.1 83.28955078125
62.0 200.325378417969
63.0 1467.35107421875
64.0 911.119689941406
65.0 8359.4296875
66.1 2440.6748046875
67.1 30317.857421875
68.1 2687.302734375
69.1 27858.96875
70.1 1890.98205566406
71.1 6627.53662109375
72.0 394.732879638672
72.1 261.567016601563
74.0 202.743606567383
75.0 363.085083007813
75.9 74.7053985595703
76.1 1523.1083984375
77.0 22305.537109375
78.0 5390.671875
79.0 22080.890625
80.1 4463.048828125
81.1 44330.9296875
82.1 4714.462890625
83.0 4648.34130859375
84.0 848.944030761719
84.9 178.248489379883
85.1 309.124267578125
85.2 247.155776977539
86.0 326.356781005859
86.1 318.356536865234
86.2 114.498069763184
87.0 724.279296875
87.1 325.4423828125
87.8 118.179443359375
88.0 347.677642822266
88.2 48.4555015563965
89.0 3324.76879882813
89.8 145.618087768555
90.0 291.597869873047
90.1 1545.81359863281
91.0 45290.44921875
92.1 7818.29541015625
93.1 23287.455078125
94.1 5050.3935546875
95.1 37878.15234375
96.1 3781.1318359375
97.0 2318.412109375
98.0 1305.55187988281
99.0 1501.82531738281
100.4 5285.60595703125
100.5 376.391235351563
102.0 2833.2900390625
103.0 9148.712890625
104.1 4221.6982421875
105.1 30678.76953125
106.1 8402.4814453125
107.1 36607.36328125
108.0 11557.2841796875
109.1 14126.365234375
110.1 1851.45874023438
111.0 1862.28979492188
112.2 417.443511962891
112.3 332.902130126953
113.1 232.26545715332
113.3 285.910278320313
115.0 32176.74609375
116.1 9103.8671875
117.0 13857.4521484375
118.1 3689.34155273438
119.1 33113.75390625
120.1 9249.7958984375
121.1 33244.203125
122.0 20151.94921875
123.0 22160.912109375
124.0 8527.9736328125
125.0 1466.75708007813
126.0 676.116516113281
126.1 658.685302734375
127.0 12141.4130859375
128.1 30304.845703125
129.0 23498.87890625
130.1 5700.02685546875
131.0 18443.4921875
132.1 5948.69873046875
133.1 17624.34375
134.1 10197.8134765625
135.1 17746.5234375
136.0 9859.572265625
137.0 8682.0380859375
138.0 3217.9833984375
139.0 4190.541015625
140.0 1713.47802734375
141.1 22115.896484375
142.1 11176.2431640625
143.1 12538.37890625
144.1 9990.8564453125
145.1 20668.193359375
146.1 6319.14453125
147.0 39529.83984375
148.1 9327.5615234375
149.1 14842.1279296875
150.0 6841.53857421875
151.0 5943.4716796875
152.1 16813.2578125
153.1 16438.826171875
154.1 8256.6357421875
155.1 13732.7734375
156.1 5130.56982421875
157.1 20324.70703125
158.1 9648.30859375
159.0 21612.169921875
160.1 20726.791015625
161.1 32676.955078125
162.1 10694.2041015625
163.1 14093.3623046875
164.1 5039.0302734375
165.1 34207.6796875
166.1 10536.7529296875
167.1 9629.4248046875
168.1 7923.79443359375
169.1 15673.7001953125
170.1 7108.31396484375
171.1 18094.32421875
172.1 9450.0810546875
173.1 35536.171875
174.1 81217.578125
175.1 50065.98828125
176.1 19544.689453125
177.1 11634.70703125
178.1 11223.5107421875
179.1 8805.900390625
180.1 4262.08837890625
181.1 17667.658203125
182.1 10251.310546875
183.1 22581.96875
184.1 9121.232421875
185.1 21441.21875
186.1 11221.8984375
187.1 62921.26171875
188.1 25250.072265625
189.1 19779.427734375
190.1 12313.1630859375
191.1 15418.6728515625
192.1 4157.01171875
193.1 104990.9765625
194.1 16825.078125
195.1 13180.1083984375
196.1 7025.3857421875
197.1 20402.287109375
198.1 11121.4609375
199.1 34448.7109375
200.1 22494.662109375
201.1 79459.2890625
202.1 23674.302734375
203.1 10147.0400390625
204.1 2898.07495117188
205.1 5456.205078125
206.1 2941.05908203125
207.1 17318.072265625
208.1 4841.048828125
209.1 6954.1669921875
210.1 5914.68359375
211.1 13402.318359375
212.1 8993.8564453125
213.1 34364.10546875
214.1 23811.5390625
215.1 64337.78515625
216.1 15812.375
217.1 93760.625
218.1 19864.302734375
219.1 12749.8369140625
220.0 551.398254394531
220.2 2345.36401367188
221.2 37807.5625
222.2 6738.66455078125
223.1 4229.40283203125
224.1 4664.56787109375
225.1 11863.828125
226.1 7201.12353515625
227.1 18407.330078125
228.1 14135.41796875
229.1 36663.53515625
231.1 757749
232.1 145076.1875
233.1 56391.87890625
234.1 8469.5224609375
235.0 879.1416015625
236.1 140.306716918945
238.0 1299.53857421875
239.1 5436.28564453125
240.1 6872.92138671875
241.1 16354.1796875
242.2 22433.291015625
243.1 337299.46875
244.1 76041.03125
245.1 40438.39453125
246.2 42616.8828125
247.1 7154.60986328125
248.1 852.605712890625
249.0 116.419166564941
249.2 143.971557617188
250.1 156.520721435547
251.0 55.4089813232422
251.1 843.254943847656
252.2 455.337005615234
253.1 5400.94921875
254.1 606.942138671875
254.2 1670.76953125
255.1 14010.8720703125
256.1 14427.3564453125
257.1 95749.15625
258.1 253535.796875
259.2 55336.40625
260.2 7452.76708984375
260.9 34.3102035522461
261.1 758.029541015625
262.0 60.78466796875
262.2 26.3155670166016
263.0 174.842575073242
264.1 84.5978012084961
265.0 182.963851928711
265.1 291.106994628906
266.0 162.647994995117
266.1 281.100769042969
267.0 91.1783752441406
267.2 2272.81176757813
268.2 983.1953125
268.3 335.815277099609
269.2 11677.515625
270.2 2098.73291015625
271.2 491960.28125
272.2 121064.4375
273.2 18684.599609375
274.1 2008.220703125
275.0 322.928100585938
276.0 94.4785690307617
277.0 316.900970458984
278.0 47.2099266052246
278.1 26.9250774383545
279.0 359.080261230469
279.2 387.784423828125
279.8 30.3523483276367
280.0 215.305435180664
280.2 237.389511108398
281.2 6141.94384765625
282.2 2184.96948242188
283.2 9089.1923828125
284.2 3839.33764648438
285.2 34734.87890625
286.2 25897.962890625
287.2 4997.44384765625
288.1 614.701171875
290.1 66.7660751342773
290.9 52.3869934082031
292.1 49.4765090942383
294.0 220.815032958984
294.1 117.58740234375
295.1 4428.97021484375
296.2 335.801300048828
297.2 77299.1171875
299.2 1000834
300.2 227250.890625
301.2 27922.369140625
302.2 2557.86791992188
303.1 206.756088256836
303.2 64.0006332397461
306.8 61.9666748046875
307.0 21.7702407836914
308.0 56.0355529785156
309.0 67.3074111938477
309.1 115.674171447754
309.3 68.2043991088867
309.9 58.7348785400391
310.1 191.878173828125
310.2 110.915893554688
310.4 57.9329376220703
311.2 851.307678222656
312.2 722.614074707031
312.3 2227.26733398438
313.3 10034.966796875
314.2 786353.375
315.2 184337.953125
316.2 23746.564453125
317.2 2266.27758789063
318.1 179.648132324219
337.0 25.4851512908936
349.1 27.1016902923584
351.1 29.6245136260986
352.8 26.2964839935303
365.0 29.7494220733643
383.1 59.5366821289063
384.9 72.5640335083008
385.1 77.315559387207
398.3 25.672456741333
