#"+EI Scan (rt: 13.446-13.478 min, 6 scans) Iso4-8.D  Subtract "
#Point,X(Thompsons),Y(Counts)
40.1 1405.35546875
41.1 38586.171875
42.1 2321.17309570313
43.1 41830.2734375
44.0 380.7626953125
45.0 174.871002197266
50.0 334.338989257813
50.1 102.646919250488
51.0 2135.64794921875
51.8 65.5151290893555
52.0 196.439819335938
52.1 852.543273925781
53.0 8312.986328125
54.0 65.9691848754883
54.1 1043.56616210938
55.1 18881.958984375
56.1 2067.591796875
57.0 3068.20068359375
58.0 219.314376831055
58.1 172.169540405273
59.0 217.22314453125
60.0 43.8211135864258
60.1 44.2557907104492
62.0 178.190170288086
63.0 1328.55676269531
64.0 619.423889160156
64.1 334.498382568359
65.0 7649.46875
66.0 2312.00659179688
67.0 28204.927734375
68.1 2530.19848632813
69.1 25345.826171875
70.1 1624.02294921875
71.1 6340.95849609375
72.0 328.113037109375
72.1 225.535568237305
72.2 39.291675567627
74.0 132.2939453125
75.0 413.484039306641
76.1 1209.77856445313
76.2 260.155792236328
77.0 20439.59375
78.0 4999.39453125
79.0 20080.19140625
80.1 4101.10107421875
81.1 41226.67578125
82.1 4409.0146484375
83.0 4149.0322265625
83.9 423.955810546875
84.1 381.543182373047
85.0 274.526092529297
85.1 509.762115478516
85.7 50.2608337402344
85.9 100.709693908691
86.1 360.362213134766
86.2 141.12321472168
86.9 100.31436920166
87.0 971.027282714844
87.7 25.7928981781006
87.9 112.904479980469
88.0 121.388786315918
88.1 211.441970825195
89.0 3315.81103515625
90.1 953.878662109375
90.2 617.987854003906
91.0 41775.2109375
92.1 7159.123046875
93.1 21829.822265625
94.0 4693.77490234375
95.1 35670.296875
96.0 3440.892578125
97.0 2107.52124023438
97.8 310.225555419922
98.0 869.429382324219
98.2 163.683959960938
98.9 524.006652832031
99.1 711.361511230469
99.2 337.92919921875
100.4 3949.35620117188
100.6 1229.49768066406
102.0 2474.78051757813
103.0 8479.439453125
104.1 2178.28686523438
104.1 1692.04406738281
105.1 27952.412109375
106.1 7826.66650390625
107.1 33983.14453125
108.0 10869.1142578125
109.1 13270.671875
110.0 1777.83837890625
111.0 1545.1455078125
111.8 53.279052734375
112.0 98.2083358764648
112.2 193.014663696289
112.3 582.529968261719
112.7 146.536270141602
113.3 1929.48254394531
113.7 593.969787597656
115.0 29168.875
116.0 8443.2490234375
117.0 12471.76171875
118.0 3452.84716796875
119.1 30256.90625
120.1 8477.3798828125
121.1 30551.033203125
122.0 18898.36328125
123.0 20469.5546875
124.0 7991.400390625
125.0 1266.86657714844
126.0 574.33935546875
126.1 608.091125488281
127.0 11220.8671875
128.0 27849.17578125
129.0 21224.12890625
130.1 5136.93408203125
131.0 16879.12890625
132.1 5314.34326171875
133.1 16019.3701171875
134.1 9436.482421875
135.1 15993.8916015625
136.0 9270.7666015625
137.0 8271.4736328125
138.0 2917.60083007813
139.0 3227.69897460938
140.0 1633.71923828125
141.1 19809.1328125
142.1 10312.93359375
143.1 11587.8486328125
144.1 9138.7998046875
145.1 18911.701171875
146.1 5852.98828125
147.0 35606.80859375
148.1 8320.0810546875
149.0 13492.6162109375
150.1 6167.29150390625
151.1 5711.0576171875
152.1 15497.568359375
153.1 15021.0771484375
154.1 7809.78466796875
155.1 12248.5009765625
156.1 4677.56494140625
157.1 17879.630859375
158.0 8681.16015625
159.0 19641.875
160.1 18191.501953125
161.1 29432.505859375
162.1 9524.505859375
163.1 12763.5166015625
164.1 4318.556640625
165.1 31023.666015625
166.1 9337.6904296875
167.1 8745.5322265625
168.0 7466.8486328125
169.1 14048.080078125
170.1 6692.80322265625
171.1 16583.77734375
172.1 8415.4267578125
173.1 31948.298828125
174.1 73217.1953125
175.1 45501.90234375
176.1 18253.75390625
177.1 10549.8310546875
178.1 10429.7109375
179.1 8176.08935546875
180.1 3672.4228515625
181.1 16012.59765625
182.1 9500.7626953125
183.1 20403.330078125
184.1 8466.998046875
185.1 19763.013671875
186.1 10455.1259765625
187.1 57039.33984375
188.1 23362.490234375
189.1 18335.46484375
190.1 11324.9375
191.1 14698.0302734375
192.1 3138.26953125
192.2 785.765441894531
193.1 96474.2890625
194.1 15736.9287109375
195.1 12288.33203125
196.1 6474.2998046875
197.1 18756.375
198.1 10007.4443359375
199.1 31003.015625
200.1 20515.46875
201.1 71954.796875
202.1 22068.099609375
203.1 9391.3974609375
204.1 2664.22705078125
205.1 5134.02001953125
206.1 2626.16748046875
207.1 15425.70703125
208.1 4390.76806640625
209.1 5934.796875
210.1 5352.462890625
211.1 12078.873046875
212.1 8183.529296875
213.1 31042.5
214.1 20892.640625
215.1 58650.62109375
216.1 14750.3916015625
217.1 87084.1640625
218.1 18275.443359375
219.1 11701.84375
220.1 2489.46655273438
221.2 35060.09765625
222.2 6187.86083984375
223.1 3694.53881835938
224.1 4256.06396484375
225.1 11054.5791015625
226.1 6681.22021484375
227.1 16841.89453125
228.1 12707.6181640625
229.1 33667.99609375
231.1 694878.5
232.1 131268.765625
233.1 50795.40625
234.1 7873.07421875
235.0 857.999389648438
235.9 48.9903144836426
238.0 1028.46240234375
239.1 4816.95947265625
240.1 6525.89892578125
241.1 14724.1689453125
242.2 20590.7890625
243.1 309389.40625
244.1 70613.3203125
245.1 36755.11328125
246.2 38569.6484375
247.1 6503.5205078125
248.1 605.454772949219
248.2 221.609313964844
248.9 68.5600051879883
249.1 172.082626342773
249.9 42.7556037902832
250.1 78.5494766235352
251.1 767.345031738281
252.1 386.227294921875
253.1 4758.47607421875
254.1 139.381958007813
254.2 2010.50390625
255.1 12868.0595703125
256.2 12922.0361328125
257.2 87728.1875
258.1 232565.078125
259.2 50625.140625
260.2 6660.33447265625
261.0 65.1911315917969
261.1 654.840026855469
262.0 33.8026161193848
262.1 32.750186920166
262.2 28.335355758667
262.9 8.28411483764648
263.1 129.86767578125
263.2 37.277774810791
263.9 28.7889099121094
264.1 32.1242218017578
265.1 372.586761474609
265.2 51.6121673583984
266.1 130.653427124023
266.2 288.118133544922
267.1 2257.259765625
268.1 74.5737686157227
268.2 1107.74230957031
269.2 10734.9990234375
271.2 454066.09375
272.2 110527.7421875
273.2 17212.751953125
274.2 1853.84655761719
274.9 16.6795043945313
275.0 81.4387817382813
275.7 16.4153480529785
276.1 46.2109870910645
276.9 265.783325195313
277.7 30.4882869720459
278.1 55.444652557373
279.0 192.65771484375
279.1 461.716644287109
280.1 387.090057373047
281.2 5431.50634765625
282.2 2004.64099121094
283.2 8223.375
284.2 3475.08081054688
285.2 32065.068359375
286.2 24069.392578125
287.2 4675.9296875
288.0 55.326416015625
288.2 384.732452392578
291.0 129.940414428711
291.9 39.849983215332
294.1 412.544830322266
295.1 4219.25390625
296.1 49.1616287231445
297.2 71234.9140625
299.2 924808.5
300.2 208835.59375
301.2 26339.876953125
302.2 2513.68383789063
302.9 31.427267074585
303.2 192.689086914063
306.9 71.6628189086914
307.2 28.6699695587158
308.1 25.1247653961182
309.0 27.6148548126221
309.2 103.701263427734
310.1 146.10383605957
310.3 129.032653808594
311.0 25.4565124511719
311.1 355.837310791016
311.2 303.826263427734
312.3 2962.1005859375
313.3 9232.75390625
314.2 731373.75
315.2 171201.34375
316.2 22241.119140625
317.2 2231.55346679688
318.1 71.7460021972656
329.0 29.0331420898438
351.0 29.935998916626
354.9 25.2898960113525
355.1 58.0050048828125
380.0 26.4790554046631
384.9 33.6128273010254
385.1 148.2470703125
468.0 60.1773338317871
