#"+EI Scan (rt: 13.446-13.478 min, 6 scans) Iso4-10.D  Subtract "
#Point,X(Thompsons),Y(Counts)
40.1 1240.08666992188
41.1 37168.53515625
42.0 686.247863769531
42.1 1485.47021484375
43.1 39877.58984375
44.0 416.2646484375
45.0 161.411529541016
50.0 375.025299072266
51.0 1998.93981933594
52.0 1095.29333496094
53.0 7895.03857421875
54.0 314.137603759766
54.1 665.939025878906
55.0 18160.828125
56.1 1944.56018066406
57.0 2941.82934570313
58.0 324.011993408203
58.1 81.4198913574219
59.0 229.695068359375
60.0 65.0340805053711
61.9 87.1796951293945
62.0 94.7931594848633
63.0 1268.55407714844
63.9 57.0159454345703
64.0 472.782440185547
64.1 375.767181396484
65.0 7228.8515625
66.0 2147.8388671875
67.0 26671.044921875
68.1 2392.44799804688
69.1 24369.41796875
70.1 1559.28369140625
71.1 6238.22216796875
72.0 523.289978027344
72.1 40.6430931091309
73.9 59.895450592041
74.0 85.9046020507813
75.0 489.751495361328
76.1 1506.01354980469
77.0 19806.46484375
78.0 5019.4970703125
79.0 18954.09375
80.1 3830.68237304688
81.1 39142.26171875
82.1 4208.0830078125
83.0 4065.59814453125
84.0 724.98486328125
85.0 838.826477050781
85.9 126.01717376709
86.0 425.609039306641
86.2 36.6780166625977
86.9 157.895095825195
87.0 939.828430175781
87.9 250.92366027832
88.1 202.000076293945
89.0 3016.01245117188
90.0 844.207336425781
90.1 861.243896484375
91.0 39547.12890625
92.1 7067.22900390625
93.1 20696.095703125
94.0 4239.8876953125
94.1 244.042037963867
95.1 33456.46875
96.0 3284.89233398438
97.0 1984.45178222656
97.9 147.408187866211
98.1 1001.17132568359
98.3 76.5913009643555
98.9 84.1621932983398
99.0 1306.20556640625
100.4 2489.380859375
100.5 2471.1484375
102.0 2345.1533203125
103.0 8182.00732421875
104.0 3774.33056640625
105.1 26784.51171875
106.1 7544.10888671875
107.1 32560.279296875
108.0 10021.5556640625
109.1 12263.919921875
110.0 1616.18310546875
111.0 1621.76330566406
112.0 87.1752624511719
112.3 452.043060302734
113.3 1692.51647949219
113.4 820.720275878906
113.7 249.021286010742
115.0 28103.236328125
116.0 7697.927734375
117.1 12308.4501953125
118.1 3269.41015625
119.1 29020.55859375
120.1 7910.14501953125
121.1 29316.66796875
122.0 17914.76171875
123.0 19446.6875
124.0 7566.44091796875
124.9 88.184440612793
125.0 1178.9619140625
126.0 622.206420898438
126.1 441.51513671875
127.0 10397.40625
128.1 26650.68359375
129.0 20287.353515625
130.1 5020.521484375
131.0 16001.53515625
132.1 5250.7119140625
133.1 15121.583984375
134.1 9182.3173828125
135.1 15827.25
136.0 8933.921875
137.0 8244.138671875
138.0 3005.32568359375
139.0 3729.25073242188
140.1 1405.6181640625
141.0 18480.421875
142.1 9546.9482421875
143.1 11176.14453125
144.1 8855.0712890625
145.1 17980.56640625
146.1 5602.33349609375
147.0 34348.3046875
148.1 8398.3349609375
149.0 13205.9423828125
150.1 5820.2138671875
151.1 5437.994140625
152.1 14748.4736328125
153.1 14580.158203125
154.1 7472.98681640625
155.1 12124.1611328125
156.1 4419.822265625
157.1 17709.005859375
158.1 8322.4248046875
159.0 18814.859375
160.1 18216.396484375
161.1 28552.138671875
162.1 9240.685546875
163.1 12028.4755859375
164.1 4334.490234375
165.1 30283.716796875
166.1 9255.091796875
167.1 8363.8310546875
168.1 7187.998046875
169.0 13678.7880859375
170.1 6504.32666015625
171.1 16156.14453125
172.1 8166.69384765625
173.1 30475.427734375
174.1 70875.046875
175.1 44144.76953125
176.1 17570.666015625
177.1 10618.3544921875
178.1 10109.91796875
179.1 7628.93310546875
180.0 465.707061767578
180.1 3211.30859375
181.1 15575.9287109375
182.1 8599.1142578125
183.1 19702.0703125
184.1 8100.8681640625
185.1 18707.263671875
186.1 9766.3828125
187.1 54635.8046875
188.1 22360.375
189.1 17229.103515625
190.1 10899.77734375
191.1 13925.1748046875
192.1 2714.79418945313
192.2 997.86865234375
193.1 93290.2421875
194.1 14883.7431640625
195.1 11669.1474609375
196.1 6101.12255859375
197.1 18042.955078125
198.1 9717.7490234375
199.1 30231.669921875
200.1 19560.47265625
201.1 69549.6640625
202.1 21184.3671875
203.1 9194.7666015625
204.1 2597.94213867188
205.1 4917.287109375
206.1 2497.64208984375
207.1 17771.486328125
208.1 4044.65600585938
209.1 5777.14599609375
210.1 5059.3828125
211.1 12287.56640625
212.1 7897.4296875
213.1 29569.380859375
214.1 20478.357421875
215.1 55803.34375
216.1 13882.0654296875
217.1 82654.609375
218.1 17411.255859375
219.1 11361.93359375
220.1 2523.77172851563
221.1 33975.65625
222.2 5897.53369140625
223.1 3756.25122070313
224.1 4041.79028320313
225.1 10462.6220703125
226.1 6378.40771484375
227.1 16325.9208984375
228.1 12076.70703125
229.1 32287.359375
231.1 666307.75
232.1 127159.59375
233.1 49457.06640625
234.1 7593.36865234375
235.1 1869.91564941406
236.1 100.208564758301
237.0 377.25439453125
238.0 1125.55676269531
239.1 4510.58642578125
240.1 6138.74365234375
241.1 14167.421875
242.2 20137.255859375
243.1 297943.375
244.1 66768.6953125
245.1 34727.66796875
246.2 37146.6328125
247.1 6270.732421875
248.1 730.900512695313
249.1 289.537078857422
250.0 34.5401039123535
250.1 107.710289001465
251.1 723.892028808594
252.0 42.6392478942871
252.1 399.708374023438
253.1 4568.533203125
254.1 608.091857910156
254.2 1441.49743652344
255.2 12281.4169921875
256.2 12202.5966796875
257.2 83625.4453125
258.2 220949.171875
259.1 48911.81640625
260.1 6349.87255859375
261.0 152.334182739258
261.1 588.973693847656
262.1 28.479528427124
263.0 74.7294540405273
263.1 78.3102264404297
264.0 31.8664627075195
265.0 197.667190551758
265.2 187.737106323242
266.0 98.3544540405273
266.1 311.964202880859
267.1 2112.9609375
268.0 96.8642349243164
268.2 768.041687011719
268.3 312.057281494141
269.2 10185.833984375
270.2 2153.9296875
271.2 431763.1875
272.2 105736.46875
273.2 16245.96484375
274.1 1806.61755371094
275.0 575.497497558594
275.9 11.6172065734863
276.1 26.8912773132324
276.9 88.6774291992188
277.8 29.1388092041016
277.9 31.0733242034912
278.2 31.6791019439697
279.0 642.2041015625
280.0 33.5029258728027
280.2 197.882080078125
281.1 5392.06591796875
282.2 1963.21423339844
283.1 7697.25
284.2 3210.63012695313
285.2 29738.89453125
286.2 22904.4453125
287.2 4439.6865234375
288.2 399.420654296875
289.0 13.7728271484375
289.9 99.5447692871094
290.9 3.80868530273438
291.0 23.73681640625
292.0 25.3378200531006
292.9 42.14892578125
294.0 570.175170898438
294.1 122.807861328125
295.2 3936.72485351563
297.2 67166.9296875
299.2 879921.375
300.2 195969.9375
301.2 24836.048828125
302.2 2258.14794921875
302.9 29.5751514434814
303.0 53.1959991455078
303.2 105.858276367188
307.0 27.48464012146
308.1 85.261589050293
309.0 62.5000114440918
309.2 72.8659362792969
309.5 34.4139442443848
310.1 250.973037719727
310.4 98.5802536010742
310.8 23.4245338439941
311.0 223.138977050781
311.3 325.607696533203
312.2 238.255233764648
312.3 3598.8203125
313.2 4423.89892578125
314.2 689436.375
315.2 161506.375
316.2 21027.4765625
317.2 1969.61486816406
318.2 128.549942016602
318.3 26.1975421905518
351.0 25.9070739746094
355.1 36.5453834533691
383.2 32.5758781433105
385.0 131.770721435547
385.2 31.1797657012939
398.3 25.6912097930908
468.2 41.9617729187012
