#"+EI Scan (rt: 2.610-2.680 min, 13 scans) CM1-1-6.D  Subtract "
#Point,X(Thompsons),Y(Counts)
40.1 111.315788269043
40.9 96.9068832397461
41.0 864.361694335938
42.0 4046.59301757813
43.0 12057.494140625
44.0 569.662170410156
44.1 277.749206542969
45.0 33.4159812927246
45.2 13.178918838501
49.9 4.28250885009766
50.0 717.256713867188
51.0 2867.23193359375
51.9 91.9734344482422
52.0 584.523193359375
52.9 25.8644485473633
53.0 1204.40771484375
54.0 1597.61547851563
55.0 4680.60107421875
56.0 6659.09423828125
57.0 3897.46630859375
58.0 294.407165527344
58.9 5.23566436767578
59.0 81.5100250244141
60.0 13.6386938095093
61.0 16.9845561981201
61.9 108.714920043945
62.0 104.375099182129
63.0 834.528869628906
63.9 22.4746742248535
64.0 979.859313964844
65.0 2418.84252929688
66.0 311.428039550781
66.0 653.882873535156
66.8 11.6319141387939
67.0 556.011474609375
67.1 312.412506103516
67.2 25.1353034973145
68.0 9492.6376953125
68.9 59.329704284668
69.0 764.616943359375
70.0 350.786865234375
70.1 89.1687164306641
70.9 72.3948516845703
71.1 19.4020309448242
71.9 13.6201820373535
72.9 45.0515213012695
73.1 17.6262283325195
73.9 74.0252304077148
74.0 167.619934082031
74.9 58.9471244812012
75.0 274.030578613281
75.9 145.409774780273
76.1 466.230895996094
77.0 9731.7822265625
78.0 1399.07263183594
78.1 18.4608192443848
79.0 651.976867675781
80.0 1272.79968261719
80.1 53.6580238342285
80.9 22.5589752197266
81.0 408.666809082031
81.2 237.094802856445
82.1 19621.1640625
83.1 18006.962890625
84.1 7573.2880859375
85.0 385.442504882813
85.1 345.338745117188
85.9 97.1250915527344
86.1 19.1656665802002
87.0 12.6688833236694
88.0 16.4337577819824
88.9 42.8584060668945
89.0 421.179412841797
89.9 37.4548797607422
90.0 366.653930664063
90.5 13.0210580825806
90.9 252.578155517578
91.0 3159.2412109375
92.0 778.4228515625
92.1 675.264831542969
92.2 46.836727142334
93.0 12236.490234375
94.0 2053.12915039063
94.8 22.4481391906738
95.0 161.747863769531
95.1 108.584701538086
95.9 80.0889511108398
96.9 37.9577217102051
97.9 58.6927108764648
98.0 29.3860931396484
98.9 15.7679634094238
100.0 13.597749710083
101.9 54.7742156982422
102.1 26.4329872131348
103.0 500.471984863281
103.1 102.532890319824
104.0 2523.11547851563
105.0 402.563995361328
105.1 225.265762329102
106.0 1458.78967285156
106.9 14.7281131744385
107.0 209.888641357422
107.1 19.6442050933838
108.0 43.8284339904785
108.9 10.8295574188232
109.1 32.5037307739258
112.9 19.9790458679199
113.1 606.066162109375
114.0 15.3247203826904
114.1 83.860481262207
115.0 334.268463134766
115.1 125.541656494141
115.7 21.5184669494629
115.9 46.4687042236328
116.0 212.396469116211
116.2 85.9821929931641
117.0 2462.19091796875
118.0 8571.580078125
118.9 54.6336059570313
119.0 2555.1943359375
120.1 7663.27001953125
121.0 843.304016113281
121.1 12.8894186019897
124.9 12.024603843689
125.1 21.8409156799316
127.0 374.198608398438
127.1 29.0213184356689
127.9 140.685409545898
128.0 44.7661399841309
128.8 41.5159072875977
129.1 156.062423706055
130.0 2108.76538085938
130.9 93.8141174316406
131.0 828.094482421875
131.9 74.8150100708008
132.1 3759.921875
133.0 1394.07543945313
133.9 12.0815877914429
134.1 696.287658691406
134.2 15.3282604217529
134.9 103.374031066895
135.0 1402.41711425781
136.0 160.554763793945
136.1 3111.46362304688
136.9 55.3890075683594
137.0 443.302856445313
138.0 15.8797416687012
141.0 16.0062255859375
141.8 12.1778364181519
142.0 327.375610351563
142.9 51.0450477600098
143.0 187.47917175293
143.2 13.0397319793701
143.9 38.5611915588379
144.0 175.272430419922
144.1 568.785705566406
144.9 113.374114990234
145.0 263.031097412109
145.1 41.9585952758789
146.1 2892.2841796875
147.0 420.517059326172
147.1 846.8486328125
147.9 89.7854309082031
148.1 11.8031320571899
156.0 50.2938079833984
156.1 46.2421226501465
156.9 41.4226875305176
157.1 85.9103240966797
157.9 83.4518661499023
158.1 1005.04327392578
159.1 7133.97412109375
160.1 1200.36901855469
160.9 96.120246887207
161.1 84.5879669189453
161.8 13.4777688980103
162.0 267.580291748047
162.9 29.9706687927246
163.0 25.8746376037598
163.1 12.4077663421631
169.0 13.0233669281006
170.1 30.5091342926025
170.9 37.8582000732422
171.1 38.2506713867188
171.9 28.5744857788086
172.8 12.3478708267212
172.9 16.5719108581543
173.1 97.7226638793945
173.8 14.2754716873169
173.9 13.1851844787598
174.1 292.184692382813
174.2 117.004676818848
175.1 11545.630859375
176.1 1437.44067382813
177.0 12.7930660247803
177.2 33.7680702209473
185.1 12.2680616378784
186.8 65.7183837890625
187.0 134.132141113281
188.0 83.9570693969727
189.0 308.413726806641
189.1 421.272979736328
189.9 20.5758037567139
190.1 31.7200508117676
199.0 67.9944000244141
199.2 18.0818290710449
199.9 27.0213737487793
200.1 133.700393676758
200.3 26.6816501617432
201.2 15.7935485839844
202.0 26.857234954834
207.1 60.9999542236328
210.9 15.5586261749268
211.0 19.2755279541016
214.9 94.3325958251953
215.8 15.1957416534424
215.9 47.9082260131836
216.8 33.9457359313965
217.0 24.4842185974121
217.2 12.4996843338013
217.9 33.1276817321777
218.1 511.133605957031
218.8 15.6747646331787
218.9 67.110466003418
219.1 110.957183837891
233.0 79.0006103515625
233.8 17.2611103057861
236.6 16.2393474578857
236.9 40.411003112793
