#"+EI Scan (rt: 7.215-7.291 min, 14 scans) CM1-1-7.D  Subtract "
#Point,X(Thompsons),Y(Counts)
40.0 11.678635597229
40.9 43.2427444458008
41.0 171.750411987305
41.1 526.848815917969
42.1 4597.361328125
42.9 40.1579055786133
43.1 651.406616210938
44.0 292.063629150391
45.0 947.23681640625
49.9 117.834678649902
50.0 31.0462341308594
51.0 798.774597167969
52.0 132.770935058594
52.0 142.171020507813
52.9 95.677001953125
53.0 990.064758300781
54.0 582.778503417969
54.1 34.5836410522461
55.0 1583.79040527344
56.1 2089.78930664063
57.1 8921.267578125
57.9 13.2491912841797
58.0 389.946105957031
58.1 26.5262908935547
59.0 3690.63208007813
59.9 25.9704303741455
60.0 103.868675231934
61.3 16.9534778594971
62.1 12.7670125961304
63.0 185.346206665039
63.1 45.3925971984863
63.9 163.647933959961
64.0 123.508750915527
64.8 28.8665752410889
65.0 506.969207763672
65.1 328.183807373047
65.9 171.118286132813
66.0 177.806030273438
66.8 39.5743827819824
67.0 188.888916015625
67.1 299.991241455078
67.9 40.1308212280273
68.0 420.056854248047
68.1 103.000419616699
68.8 15.641095161438
69.0 355.424743652344
70.0 517.568786621094
70.1 292.235565185547
71.0 169.881805419922
71.1 37.4609489440918
71.9 62.2857398986816
72.0 156.277420043945
72.1 130.430953979492
73.0 104.447601318359
73.6 13.7761297225952
73.9 11.4630508422852
74.0 106.653182983398
74.1 43.9197692871094
74.9 18.0669918060303
75.0 51.5238838195801
75.9 120.51188659668
76.0 117.994369506836
76.2 61.2862548828125
77.0 865.775512695313
77.0 4636.54541015625
77.9 195.019683837891
78.0 783.554809570313
78.8 20.1829662322998
79.0 395.077728271484
79.2 41.0648994445801
80.0 502.385467529297
80.1 859.908569335938
80.9 71.3145294189453
81.0 1713.24841308594
82.0 953.638061523438
82.1 845.020935058594
82.8 11.6743402481079
82.9 179.504531860352
83.1 166.092742919922
83.2 15.623818397522
83.9 16.2661018371582
84.0 423.161468505859
84.1 842.5478515625
84.9 282.170562744141
85.0 89.2541656494141
85.1 15.4553384780884
85.9 14.4068555831909
86.0 52.5281791687012
86.1 18.0025520324707
86.9 430.5224609375
87.0 744.098022460938
87.9 80.1327590942383
88.0 153.754150390625
88.9 55.5261497497559
89.0 53.5151977539063
89.9 84.9817047119141
90.0 82.7501068115234
90.2 13.0284547805786
90.9 46.4717750549316
91.0 1514.15197753906
91.8 27.5055122375488
92.0 422.642730712891
92.1 188.925857543945
93.0 2885.46142578125
94.0 1769.13342285156
94.1 803.659240722656
95.0 574.363464355469
95.1 60.2564125061035
96.1 2981.27392578125
97.0 278.784790039063
97.1 118.433952331543
98.0 118.826522827148
98.9 35.6670951843262
99.8 17.8549098968506
99.9 205.11555480957
100.1 617.955993652344
100.2 16.1177463531494
100.9 39.304313659668
101.0 37.1324996948242
101.9 30.4295616149902
102.0 79.4029159545898
102.9 260.592712402344
103.0 184.783782958984
104.0 776.598205566406
104.1 175.096832275391
104.7 12.6610317230225
104.9 12.3197660446167
105.0 711.947326660156
105.9 396.999908447266
106.0 525.067993164063
106.9 47.3358726501465
107.0 151.724990844727
108.0 995.007690429688
108.8 24.7960338592529
109.0 246.390426635742
109.1 74.5629272460938
109.9 147.8779296875
110.0 625.875122070313
110.9 68.1428451538086
111.1 84.1726684570313
111.9 132.23371887207
112.1 128.21174621582
113.0 3122.63671875
114.0 260.998443603516
114.0 825.845825195313
114.2 21.0720958709717
114.9 38.1628074645996
115.0 261.622039794922
115.1 93.388671875
115.9 79.7466659545898
116.1 2350.06494140625
116.9 45.9308280944824
117.0 2276.00610351563
118.0 3373.11547851563
118.2 88.7907333374023
119.0 996.564575195313
119.1 39.193920135498
119.8 36.5052833557129
120.0 453.697082519531
121.0 13.2219476699829
121.1 17.6369094848633
122.0 158.05143737793
122.1 78.2551879882813
122.9 48.7686233520508
123.0 15.8356962203979
124.0 246.400726318359
124.1 30.3345527648926
124.9 84.2624130249023
125.0 34.3456649780273
125.2 11.7106943130493
126.0 535.834594726563
126.0 192.949844360352
126.8 24.6380157470703
127.0 95.9590606689453
127.1 24.6434078216553
127.9 150.12956237793
128.1 406.905731201172
128.8 11.5106201171875
129.0 247.079727172852
129.1 58.4506034851074
129.8 49.0207176208496
130.0 4196.47802734375
130.9 74.1541213989258
131.0 939.348754882813
132.0 807.251647949219
132.1 786.768371582031
133.0 176.712539672852
133.1 38.6327209472656
134.1 54.9097366333008
135.9 117.90153503418
136.1 116.958557128906
137.0 300.428924560547
138.0 320.372497558594
138.0 400.653045654297
139.0 78.114990234375
139.1 127.118522644043
139.2 16.6505069732666
140.1 7004.41015625
140.7 14.4193353652954
140.9 15.1238117218018
141.0 711.074890136719
141.1 249.370040893555
142.1 6130.77001953125
143.1 3266.81225585938
144.1 1967.08972167969
144.9 126.454627990723
145.0 428.695739746094
145.2 83.6656951904297
146.1 2584.138671875
147.0 179.805252075195
147.1 153.224472045898
147.8 12.8671569824219
148.1 120.280052185059
149.0 193.613037109375
149.1 193.079376220703
149.9 47.3639793395996
150.1 652.798889160156
150.9 12.3816299438477
151.1 104.485847473145
152.0 259.019683837891
152.0 654.887573242188
152.9 104.775688171387
153.0 495.583892822266
154.1 3871.21215820313
154.9 218.479278564453
155.1 570.019287109375
156.0 50.9946899414063
156.0 662.434448242188
156.8 12.3344802856445
157.0 181.437850952148
157.1 92.2290420532227
157.9 22.9381160736084
158.0 1229.03784179688
158.1 375.724029541016
158.9 115.321487426758
159.0 678.920227050781
159.1 103.109840393066
159.8 13.4762592315674
160.0 138.537506103516
160.1 15.3617782592773
161.0 13.2281894683838
161.7 16.7833824157715
162.0 58.6472778320313
162.1 34.8984909057617
163.8 17.3340339660645
164.0 49.22509765625
164.2 10.9083814620972
165.0 36.8783874511719
165.9 39.5484886169434
166.1 1153.61218261719
166.2 107.847938537598
167.1 555.251159667969
167.2 35.4298973083496
168.1 33233.87109375
169.1 3673.33837890625
169.8 15.4975757598877
170.0 215.122283935547
170.1 297.299560546875
171.0 190.771697998047
171.1 122.797439575195
171.9 88.8624877929688
172.0 105.69246673584
172.1 33.8811378479004
172.9 17.76291847229
173.0 207.447555541992
173.1 253.993133544922
173.7 16.7101535797119
173.9 118.614624023438
174.1 64.7788848876953
174.2 32.4025344848633
175.0 16.5532817840576
175.1 44.2129707336426
175.8 12.4044313430786
175.9 29.586669921875
176.1 114.413032531738
176.9 87.9879837036133
177.1 217.344985961914
177.9 176.127487182617
178.0 304.108917236328
178.1 444.212982177734
178.9 11.7352800369263
179.0 77.4982681274414
180.0 17.8658485412598
180.2 17.4624691009521
181.0 18.1422080993652
182.0 11.4741764068604
182.9 29.5958728790283
183.1 39.3449592590332
183.9 49.2742347717285
184.0 41.2709770202637
184.2 26.1611137390137
185.0 172.52912902832
185.1 102.205497741699
185.9 17.6355018615723
186.0 390.303619384766
186.1 51.8274536132813
187.1 3406.21704101563
188.0 201.697006225586
188.1 451.903076171875
188.9 247.239379882813
189.9 47.1362342834473
190.0 358.061065673828
190.2 48.31103515625
191.1 77.1852264404297
193.0 38.3717918395996
193.8 14.7628688812256
193.9 68.9812774658203
194.0 21.6861019134521
194.3 27.3853416442871
194.8 11.6966791152954
195.0 375.337646484375
196.0 161.455520629883
196.1 61.3577690124512
197.0 119.3154296875
197.1 220.221969604492
198.0 52.0249099731445
198.1 35.6679649353027
198.9 69.7666244506836
199.1 133.694137573242
199.2 12.7346172332764
199.9 28.7642841339111
200.0 84.6799850463867
200.1 26.1683979034424
200.9 72.0916595458984
201.1 127.562812805176
202.0 335.507019042969
202.1 621.542175292969
202.9 28.6573314666748
203.0 26.9640293121338
203.1 37.6478309631348
203.3 36.4779968261719
203.9 31.5887603759766
204.0 81.8754043579102
204.2 14.2590017318726
206.9 44.891902923584
210.0 210.214080810547
210.8 15.0218114852905
211.0 94.9159088134766
211.1 145.046737670898
212.1 17300.029296875
213.0 93.5561370849609
213.1 1947.67602539063
214.0 298.892364501953
215.0 425.106903076172
215.8 20.3448085784912
216.0 154.501724243164
216.1 47.0420265197754
216.9 28.3715381622314
218.1 38.5718574523926
218.9 0.372298240661621
219.0 135.240966796875
219.1 15.237566947937
224.0 58.8564453125
224.1 41.1208076477051
225.1 83.8982925415039
225.3 20.9177989959717
226.1 4187.16455078125
227.1 17237.947265625
228.1 4082.50146484375
229.0 124.443740844727
229.1 465.060638427734
229.9 27.6190071105957
230.0 11.0721454620361
230.2 34.0192489624023
231.1 21.2172660827637
231.3 41.2246055603027
232.2 11.7764310836792
232.8 30.1791820526123
233.0 51.4413223266602
233.9 16.3491077423096
234.0 105.331687927246
235.2 11.610954284668
237.0 85.1040420532227
239.1 14.9462385177612
243.0 303.720306396484
243.1 702.460083007813
243.9 52.3050498962402
244.0 182.274215698242
244.9 12.9137125015259
245.0 98.5700531005859
245.1 66.9932250976563
246.0 127.20255279541
246.2 53.6900367736816
247.0 56.1250228881836
247.1 555.798156738281
247.2 83.4828720092773
247.9 14.6987590789795
248.0 26.922872543335
248.2 90.2387008666992
258.9 13.0087366104126
259.0 63.7135620117188
259.1 1149.89221191406
260.0 86.3225250244141
260.2 205.37385559082
260.9 27.8440189361572
261.0 172.670333862305
261.1 593.062622070313
262.1 105.175315856934
262.2 60.1307182312012
269.1 25.3780994415283
269.2 22.01828956604
271.0 43.3174171447754
271.2 11.4219055175781
271.9 29.147424697876
272.1 112.736289978027
273.9 24.0945472717285
274.1 82.3779449462891
274.2 99.5724411010742
274.8 11.0037851333618
275.1 215.181686401367
275.2 377.305725097656
276.1 57.6175956726074
276.3 23.2259159088135
284.9 23.2753410339355
285.0 40.9151420593262
285.2 44.2529373168945
287.1 13.1769952774048
287.8 14.3529825210571
288.0 16.2347888946533
289.0 18.3338241577148
289.1 32.2871398925781
290.0 13.2245712280273
290.9 13.3230895996094
291.0 27.0179405212402
291.2 33.5441513061523
292.9 9.38931274414063
303.2 8598.1875
304.1 447.893035888672
304.2 1313.16516113281
304.9 29.0707817077637
305.1 154.313934326172
317.0 68.8097610473633
317.1 87.9315567016602
317.2 387.247314453125
318.2 70.3906784057617
319.1 1623.86877441406
320.1 204.517944335938
320.3 62.3474769592285
345.0 70.3672332763672
345.2 136.39990234375
347.2 50.7910575866699
376.2 20.0566291809082
376.3 15.8100786209106
