#"+EI Scan (rt: 8.148-8.235 min, 16 scans) CM1-1-7.D  Subtract "
#Point,X(Thompsons),Y(Counts)
40.1 154.372161865234
41.0 2546.04663085938
42.1 10501.3037109375
43.0 1203.67333984375
43.1 382.828735351563
44.1 3823.80615234375
44.9 44.575439453125
45.0 16.2074871063232
50.0 471.793273925781
50.1 42.2260513305664
51.0 2143.73950195313
51.9 86.9774856567383
52.0 653.679870605469
53.0 963.893981933594
54.1 1138.40979003906
54.2 42.2980346679688
55.0 21950.1484375
56.0 2346.10888671875
57.0 887.13232421875
57.1 178.08235168457
57.9 54.4150085449219
58.0 104.00366973877
58.1 97.8041076660156
59.0 64.9774932861328
59.1 23.743782043457
60.7 26.4572906494141
61.9 66.939697265625
61.9 79.6695404052734
62.0 83.2355880737305
62.9 14.0739135742188
63.0 400.164123535156
63.1 736.286804199219
64.0 685.815979003906
64.2 30.6522789001465
65.0 4703.6005859375
65.9 262.040954589844
66.0 480.360260009766
67.0 1815.28527832031
67.1 22.4483776092529
67.9 77.1717987060547
68.0 2162.33813476563
69.0 1815.08984375
70.0 2867.80102539063
70.9 121.909355163574
71.1 164.151672363281
71.9 21.0913238525391
72.8 71.4992752075195
73.8 85.9363327026367
73.9 109.704292297363
74.1 65.4748229980469
74.8 15.2874088287354
75.0 140.021926879883
75.0 162.090408325195
75.9 94.7574310302734
76.0 457.366516113281
76.1 145.977020263672
77.0 13925.9169921875
78.0 2944.568359375
79.0 4256.29443359375
80.0 1089.22119140625
80.8 43.7413520812988
81.0 393.392730712891
81.1 48.9135627746582
82.0 220.677658081055
82.1 1505.39624023438
82.9 212.793762207031
83.0 142.396560668945
83.9 43.2889175415039
84.1 596.637451171875
84.2 14.9438467025757
84.9 15.4836311340332
85.1 19.5874710083008
85.9 26.5478820800781
86.1 9.76710891723633
87.1 9.61643886566162
88.1 14.4661626815796
88.8 45.7275352478027
89.0 433.120086669922
89.1 741.689086914063
90.0 510.444366455078
90.1 535.3125
91.0 18663.22265625
91.9 54.3111572265625
92.0 1151.09899902344
92.1 999.805297851563
93.0 2289.7587890625
94.0 1094.86206054688
94.0 804.576232910156
94.9 66.5067520141602
95.1 1041.67724609375
96.1 9327.0419921875
97.0 1070.12585449219
97.1 116.064643859863
98.0 315.424407958984
98.1 420.501220703125
99.1 10.7379493713379
101.0 16.7299365997314
101.1 50.4504051208496
101.3 15.8324012756348
102.0 437.429870605469
102.2 198.830871582031
103.0 4602.47802734375
104.0 6474.89697265625
105.1 13080.1611328125
106.0 707.200439453125
106.1 1486.29772949219
106.8 24.5006656646729
107.0 144.518524169922
107.0 101.678855895996
107.8 11.2202501296997
107.9 55.8800468444824
108.0 71.3650436401367
108.2 14.4262771606445
109.0 28.8440952301025
109.1 50.6247406005859
110.0 34.1021194458008
110.1 50.6990585327148
110.9 10.3176174163818
111.1 27.2986679077148
114.9 73.9953002929688
115.0 611.680603027344
115.1 64.6604537963867
115.8 15.449499130249
115.9 37.4611854553223
116.0 199.524230957031
116.1 280.652770996094
117.0 2660.46020507813
118.0 4780.84130859375
118.8 23.8555278778076
119.0 1057.27990722656
119.1 359.335052490234
119.9 44.5804138183594
120.0 407.980072021484
120.1 314.643096923828
120.9 64.2666091918945
121.4 63.347240447998
121.6 11.8261308670044
121.9 9.60206413269043
122.8 12.5878982543945
123.0 10.808048248291
123.9 11.6374073028564
124.1 23.2968864440918
127.1 68.6001434326172
127.8 29.2024230957031
127.9 332.152954101563
128.1 152.306137084961
128.8 24.8428344726563
129.0 258.712829589844
129.2 121.084480285645
129.3 22.7777233123779
130.1 8266.7177734375
131.0 3731.97338867188
132.0 7579.314453125
132.9 53.8226623535156
133.0 848.259887695313
133.1 262.666778564453
133.8 33.0046310424805
133.9 131.286483764648
134.1 318.203308105469
135.1 21.5799217224121
136.9 168.80778503418
137.1 107.31632232666
137.8 11.4566698074341
137.9 32.4536895751953
138.1 16.3606052398682
138.9 80.4441375732422
139.0 730.071228027344
140.1 34.1681060791016
140.3 22.5811805725098
140.9 95.0244827270508
141.7 16.445821762085
142.0 19.8604011535645
142.2 37.3113479614258
143.0 369.335113525391
143.9 103.891693115234
144.1 1507.48706054688
144.2 39.1506500244141
144.9 15.1429481506348
145.0 240.661651611328
145.1 847.708923339844
146.1 23599.779296875
146.9 56.2692985534668
147.1 3063.38403320313
147.9 43.1166534423828
148.0 692.044189453125
148.2 60.7845840454102
149.0 58.1820068359375
149.2 19.9225082397461
152.1 14.9784536361694
153.8 12.3005075454712
154.0 46.8903656005859
154.8 10.438458442688
155.0 22.7694969177246
155.0 76.0822219848633
155.2 9.62423515319824
155.8 13.4518718719482
156.0 153.763900756836
156.1 194.661117553711
156.2 43.1823501586914
157.0 57.8942375183105
157.1 267.717224121094
158.1 5608.4384765625
159.0 1468.69396972656
159.9 62.0429000854492
160.1 1721.53894042969
161.0 54.533317565918
161.0 175.197296142578
161.2 16.0037155151367
162.0 13.6589031219482
163.2 10.1166915893555
167.0 68.6472625732422
167.9 43.8312873840332
168.0 27.1200561523438
168.1 31.2756767272949
169.0 10.8989009857178
169.1 9.92589378356934
169.9 98.6440734863281
170.1 198.684783935547
170.8 11.6409769058228
170.9 40.8569641113281
171.0 79.2693786621094
171.2 30.6911468505859
171.9 97.6034622192383
172.1 736.810424804688
172.9 107.543937683105
173.1 199.264724731445
173.2 77.6638488769531
174.1 65.3249969482422
181.0 12.5395975112915
181.9 44.0085601806641
182.1 76.1576766967773
182.2 9.72350692749023
183.1 41.0134658813477
184.0 164.243011474609
184.1 708.555908203125
184.9 81.7970886230469
185.1 510.705688476563
186.1 1763.98352050781
187.1 1583.78540039063
187.2 144.44172668457
188.0 95.9773254394531
188.1 2146.19311523438
189.1 7667.94921875
190.0 207.857818603516
190.1 903.574157714844
191.1 25.1574440002441
191.2 13.4993715286255
193.0 14.1623201370239
194.2 20.9195594787598
196.1 24.8598613739014
196.3 14.9776630401611
197.0 13.4699754714966
198.0 151.895965576172
198.9 40.4048042297363
199.1 178.795684814453
199.2 54.5547103881836
200.1 23983.146484375
201.0 1242.94934082031
201.1 2490.57739257813
201.9 90.479736328125
202.1 213.791748046875
202.2 36.2194747924805
206.8 14.9106645584106
210.7 14.3474636077881
210.8 27.957670211792
211.0 88.1280822753906
213.8 23.3247013092041
214.1 205.321273803711
214.2 88.9603042602539
214.8 100.455947875977
215.0 67.8934936523438
215.1 73.1570358276367
219.0 9.94343376159668
224.9 9.61406135559082
226.8 11.4208211898804
229.1 26.7205810546875
232.8 10.9731922149658
236.8 38.9325408935547
236.9 17.6423187255859
241.0 67.5599365234375
241.1 119.773857116699
241.3 15.257417678833
241.6 66.6879272460938
242.0 93.6436309814453
242.2 215.157745361328
242.3 16.5818939208984
243.1 60058.33203125
244.1 10618.3564453125
245.0 25.8091468811035
245.1 985.741638183594
246.0 35.3419456481934
246.1 12.5307731628418
279.1 152.788650512695
279.2 100.341720581055
279.3 26.4890098571777
332.1 22.9934959411621
332.2 12.5934343338013
333.0 10.1410799026489
