#"+EI Scan (rt: 9.127-9.220 min, 17 scans) CM1-1-2.D  Subtract "
#Point,X(Thompsons),Y(Counts)
40.1 228.475494384766
41.1 6843.17529296875
42.1 9542.64453125
43.1 17200.9140625
44.1 5905.7705078125
45.0 117.892463684082
45.1 15.4806880950928
49.9 121.597412109375
50.0 125.5615234375
50.1 75.2053833007813
50.9 91.8929214477539
51.0 441.813812255859
51.1 339.491607666016
52.0 168.005737304688
52.1 172.533248901367
52.9 72.4179534912109
53.0 507.993560791016
54.0 577.4375
54.1 374.595764160156
54.9 50.434326171875
55.0 2400.3642578125
56.0 912.7255859375
56.1 838.45068359375
57.0 1490.7080078125
58.0 117.770935058594
58.1 40.3552017211914
58.9 109.774543762207
59.1 148.965896606445
61.0 9.26052093505859
62.0 111.977851867676
62.1 45.4144897460938
62.2 26.0090866088867
62.8 17.4197902679443
62.9 119.656372070313
63.0 384.818115234375
63.1 177.813095092773
63.9 105.152465820313
64.0 157.888427734375
65.0 3433.24462890625
65.9 32.2302360534668
66.0 171.109710693359
66.1 133.819076538086
67.0 358.713623046875
67.1 1225.66296386719
68.1 2755.88598632813
69.0 2647.8837890625
70.1 4527.73046875
71.1 10766.458984375
71.9 73.3957061767578
72.1 416.314605712891
72.9 11.1009712219238
73.1 64.6952743530273
73.8 9.4993257522583
73.9 108.100257873535
74.0 31.9187660217285
74.2 24.8646602630615
75.0 1530.95568847656
76.0 220.814193725586
76.1 143.901550292969
77.0 4710.95751953125
78.0 199.701293945313
78.0 1362.71057128906
78.9 51.8070220947266
79.1 4024.94384765625
79.9 287.080780029297
80.0 676.477905273438
80.1 12.1335163116455
81.0 246.374221801758
81.0 333.368896484375
82.0 2267.33984375
83.0 698.235229492188
83.1 879.657958984375
84.0 723.731079101563
84.1 394.054656982422
84.9 17.9717864990234
85.0 87.6824798583984
85.1 13.916558265686
88.7 10.0624923706055
89.0 534.848022460938
89.1 381.589599609375
89.8 44.2065582275391
90.0 320.183166503906
90.2 267.409912109375
91.1 14262.130859375
92.0 499.632629394531
92.1 1043.6689453125
93.0 289.162506103516
93.1 152.927062988281
94.0 415.123992919922
94.1 1211.35754394531
95.0 8238.1318359375
96.1 10228.2578125
97.0 1652.36682128906
97.1 88.5853652954102
98.0 199.397598266602
98.1 269.705932617188
99.0 30.4927654266357
99.9 14.3476781845093
100.1 22.6360664367676
100.9 143.284164428711
101.1 96.3837890625
101.9 426.055084228516
102.0 131.851089477539
102.3 13.6109647750854
103.0 4396.20556640625
103.9 16.4940547943115
104.0 2475.10229492188
105.1 15510.4228515625
106.1 1467.50134277344
106.8 12.6546068191528
106.9 173.758407592773
107.1 60.2335586547852
107.2 14.2702884674072
108.0 476.147033691406
108.9 28.5023078918457
109.0 3065.29467773438
110.0 1253.80517578125
110.1 173.84992980957
111.0 3036.59594726563
111.9 179.886383056641
112.1 515.199401855469
112.8 10.8948802947998
113.0 110.39134979248
113.2 23.6146774291992
114.0 22.296085357666
114.8 9.42192363739014
114.9 30.6262454986572
115.0 491.813873291016
115.2 11.8320636749268
115.9 41.9669380187988
116.0 182.495620727539
116.1 20.991771697998
117.0 761.075378417969
117.1 221.05517578125
117.8 10.5954208374023
117.9 65.07373046875
118.1 131.237091064453
118.9 32.829532623291
119.0 72.8419418334961
119.2 22.9313220977783
119.9 34.8015518188477
120.1 10.1359262466431
120.8 18.4346466064453
121.0 279.564666748047
121.0 319.4931640625
122.0 5727.27734375
122.7 12.7059926986694
122.9 303.774719238281
123.0 1804.95056152344
124.0 621.567565917969
124.1 855.049072265625
124.8 10.3214406967163
125.0 71.6372146606445
125.1 49.3376159667969
126.0 9.47025489807129
126.9 9.11682891845703
127.1 12.7807025909424
127.8 56.0147705078125
128.0 43.8250885009766
128.1 69.0573043823242
129.0 140.65966796875
129.1 103.691795349121
129.9 229.706512451172
130.0 1649.50891113281
130.9 60.904239654541
131.0 394.242462158203
131.2 64.4704360961914
132.0 601.503601074219
132.1 305.736114501953
132.9 29.9338760375977
133.0 272.186859130859
133.2 36.1969947814941
133.7 13.765718460083
134.0 232.053939819336
134.0 554.627624511719
134.9 124.848213195801
135.0 970.171508789063
135.1 792.72021484375
136.0 5380.349609375
137.0 2615.22900390625
137.9 241.116241455078
138.0 726.23486328125
138.8 34.8632125854492
139.0 1100.94763183594
139.1 90.0817413330078
139.2 33.720344543457
139.9 32.4212417602539
140.0 62.8702697753906
140.2 12.3788070678711
140.8 9.32481384277344
140.9 37.8216705322266
141.0 74.0108032226563
141.9 26.8444519042969
142.1 19.9416790008545
143.0 131.409423828125
143.1 28.6972198486328
143.8 21.4928340911865
144.0 73.3473281860352
144.1 358.802093505859
144.2 99.5120315551758
144.9 31.3263092041016
145.1 43.7167472839355
145.1 55.4004249572754
146.0 232.285140991211
146.1 294.568725585938
146.8 9.66454029083252
146.9 43.1489295959473
147.0 98.8255386352539
147.2 27.6286849975586
148.1 7140.572265625
149.0 5347.90771484375
150.1 8070.02099609375
150.9 97.3126907348633
151.0 1175.99475097656
151.2 167.428466796875
151.9 112.372024536133
152.0 84.4828796386719
152.1 112.254615783691
153.0 37.0891761779785
153.1 38.7988433837891
154.1 56.39404296875
154.2 10.2377347946167
154.7 13.271411895752
154.9 20.1042518615723
155.0 66.8345108032227
155.2 10.5802555084229
156.0 148.896865844727
156.1 38.114372253418
156.9 22.8637294769287
157.9 76.9527816772461
158.0 169.974258422852
158.1 137.665328979492
158.9 41.8799095153809
159.0 73.8627624511719
159.2 9.55767917633057
160.0 67.5408554077148
160.1 1487.04077148438
160.9 95.2038269042969
161.1 284.873931884766
161.3 10.1427240371704
161.9 64.6218414306641
162.1 926.87353515625
162.9 77.161735534668
163.1 1149.02746582031
164.1 36224.859375
165.1 4350.72802734375
165.9 34.5202407836914
166.0 473.183624267578
166.1 94.2507553100586
166.7 9.45226287841797
166.9 31.600980758667
167.1 68.467658996582
167.3 12.6268367767334
170.0 44.246395111084
172.0 29.382568359375
173.8 10.4023313522339
174.0 85.9248657226563
174.1 31.8624839782715
175.0 85.8315353393555
175.1 87.7055130004883
176.0 1552.66723632813
177.0 365.005065917969
177.1 756.95263671875
178.0 248.298309326172
178.1 369.442687988281
178.9 11.2032651901245
179.0 126.635810852051
179.2 15.7456789016724
180.0 12.3008136749268
180.8 8.9376220703125
180.9 71.963752746582
181.2 133.338806152344
181.9 60.5993576049805
182.0 154.287246704102
182.1 142.842437744141
182.9 27.1699371337891
183.0 14.8568782806396
183.2 27.01584815979
184.0 362.030029296875
184.1 382.939971923828
185.0 215.453872680664
185.1 153.389389038086
185.2 81.153434753418
186.0 38.4923858642578
186.1 2255.59619140625
186.9 109.263412475586
187.0 186.083587646484
187.1 220.277465820313
187.2 29.5133781433105
188.0 42.6413688659668
188.1 2324.734375
188.2 18.3090934753418
188.9 85.0414276123047
189.1 259.507720947266
189.8 23.9144420623779
190.0 96.0858383178711
190.1 126.960273742676
190.3 12.4597539901733
190.8 16.4815979003906
191.0 164.442504882813
191.1 206.341354370117
192.1 96.0158004760742
192.9 13.8943748474121
193.0 33.8218078613281
203.1 14.3690404891968
204.0 57.4359016418457
204.1 15.1515121459961
205.1 1526.1806640625
205.2 15.3837995529175
205.8 18.6673908233643
206.1 1762.72045898438
206.2 298.156494140625
207.1 22671.001953125
208.1 2963.23413085938
208.2 298.384033203125
208.9 15.2605056762695
209.1 182.888641357422
210.8 39.163688659668
211.9 11.9199323654175
214.8 116.428497314453
215.1 28.417947769165
215.9 9.24767303466797
216.1 35.8876838684082
217.0 21.6747703552246
218.1 25.7073535919189
218.9 42.5639305114746
229.0 14.8824653625488
229.1 10.4873905181885
231.0 55.1839637756348
231.1 76.5270004272461
231.3 12.2052125930786
232.0 50.6536331176758
232.9 45.4064331054688
233.1 65.4670104980469
234.0 56.0359916687012
234.1 3977.9765625
235.0 170.671966552734
235.1 456.206024169922
235.2 19.2970066070557
235.3 16.4876937866211
236.2 11.2934045791626
236.9 182.393768310547
237.1 10.8119630813599
237.7 12.043212890625
247.1 29.0943031311035
248.0 141.864059448242
248.1 258.196868896484
248.2 25.3820037841797
248.9 39.715576171875
249.2 18.0085182189941
259.1 9.22913455963135
274.7 12.8342990875244
274.9 55.312198638916
275.1 73.2151412963867
275.2 18.077823638916
275.8 12.3328981399536
276.0 25.6578063964844
276.1 103.110206604004
276.2 84.7431030273438
277.2 63684.796875
278.2 11660.392578125
279.1 176.252075195313
279.2 970.36376953125
280.2 40.5452728271484
292.9 24.2627124786377
293.2 10.6534643173218
297.0 54.250732421875
297.1 121.029365539551
297.3 12.2950859069824
325.0 33.5318031311035
366.1 20.3777198791504
366.3 44.3905143737793
367.1 32.1862144470215
367.2 25.4356441497803
