#"+EI Scan (rt: 4.312-4.371 min, 11 scans) CM1-2-6.D  Subtract "
#Point,X(Thompsons),Y(Counts)
40.1 366.423950195313
41.1 4959.44580078125
42.1 25748.1171875
42.9 54.3239250183105
43.1 2401.92602539063
44.1 26858.81640625
44.8 25.9069747924805
45.0 338.665649414063
45.1 387.249237060547
50.0 1214.62231445313
51.0 5098.3359375
52.0 1484.20520019531
53.0 841.360290527344
53.1 743.727111816406
54.0 2324.99536132813
55.0 3022.63525390625
56.1 3708.35180664063
57.1 2865.3779296875
57.8 18.3519039154053
58.0 183.511428833008
58.1 232.879058837891
58.3 23.8091049194336
58.9 32.9028396606445
59.0 32.8623886108398
59.1 13.3830184936523
60.8 35.0241050720215
61.8 53.0074844360352
61.9 55.5059700012207
62.0 431.416198730469
63.0 2645.29467773438
64.0 1509.19580078125
65.0 15522.2568359375
65.9 171.588836669922
66.0 2754.5126953125
67.0 1632.63793945313
68.0 3362.44702148438
69.0 1874.40246582031
70.1 8260.240234375
70.9 15.3536062240601
71.0 601.015075683594
71.1 33.4523963928223
71.8 21.9462032318115
72.1 183.224594116211
72.8 16.8845806121826
72.9 45.8756637573242
73.2 19.0818748474121
74.0 285.766784667969
74.1 120.269645690918
74.9 51.3729476928711
75.0 619.748596191406
76.0 782.643310546875
76.1 607.700317382813
77.0 26068.369140625
78.0 6375.04443359375
79.1 8486.251953125
80.0 509.859252929688
80.1 1086.24096679688
80.9 115.713905334473
81.0 610.258056640625
82.0 2419.53295898438
83.0 496.683502197266
83.1 56.7000999450684
83.8 18.0791645050049
84.0 752.906494140625
84.1 36.3543357849121
84.9 19.7095069885254
85.0 103.636054992676
85.8 33.1215705871582
85.9 56.1605453491211
87.0 132.892608642578
89.0 2999.49682617188
90.1 1999.46984863281
90.2 165.039810180664
91.0 47473.92578125
92.0 6915.66455078125
92.9 88.733772277832
93.0 3814.91040039063
94.1 121.455711364746
94.5 5367.81005859375
96.1 18350.291015625
97.1 2725.69116210938
97.9 57.7144050598145
98.0 160.325302124023
98.2 91.6520233154297
101.0 95.9492721557617
101.1 16.2825374603271
101.3 51.7532234191895
101.9 170.132278442383
102.0 1004.69921875
102.2 47.2510223388672
103.0 8281.638671875
104.1 10915.7294921875
105.0 21067.146484375
106.0 7194.30126953125
106.8 48.4043006896973
107.0 451.534790039063
107.1 208.175979614258
107.9 51.2256126403809
108.1 49.04931640625
108.9 12.8515958786011
109.2 20.0380420684814
110.9 25.0944347381592
111.1 67.3519287109375
114.0 15.6296501159668
115.0 1667.97265625
115.8 90.6819381713867
116.0 461.052551269531
116.1 339.933197021484
117.0 8057.2314453125
118.1 30926.486328125
119.1 8168.734375
120.1 2028.36254882813
120.9 58.0990715026855
121.0 108.715751647949
121.2 23.9735431671143
126.8 141.006942749023
127.1 97.7362823486328
127.8 94.8957290649414
128.0 215.951812744141
128.2 231.135696411133
128.8 13.8329772949219
129.0 177.865341186523
129.1 405.608032226563
130.1 9194.6416015625
131.1 5384.21630859375
132.1 23384.626953125
133.1 2987.08129882813
133.9 80.0969543457031
134.1 1108.44055175781
134.9 37.3372077941895
135.2 44.928279876709
137.0 241.730087280273
138.0 17.6302700042725
139.2 20.0893173217773
141.0 45.7393836975098
141.1 19.6611194610596
141.9 32.0325698852539
142.0 144.03385925293
142.9 153.926910400391
143.0 441.791778564453
143.2 120.374435424805
144.1 2956.01538085938
145.1 2629.5146484375
146.1 106577.7890625
147.1 11809.49609375
148.1 1046.71911621094
148.1 871.004699707031
149.0 95.015983581543
149.1 119.048210144043
154.0 18.1955661773682
154.1 21.2582664489746
154.8 19.9382438659668
155.0 69.1963577270508
156.0 185.374374389648
156.1 146.756851196289
156.9 22.5983657836914
157.0 106.738357543945
157.1 42.7442588806152
158.0 136.945159912109
158.1 723.711975097656
158.8 102.345031738281
159.0 664.138793945313
159.2 43.601188659668
160.1 4382.12548828125
160.8 20.5961685180664
161.0 578.096313476563
161.1 111.74584197998
162.0 41.9323844909668
166.8 33.6254730224609
167.0 13.9873361587524
167.9 19.0308094024658
169.0 20.5739879608154
170.1 49.3794593811035
170.9 17.2921447753906
171.1 18.8419876098633
172.2 19.2378253936768
173.0 64.4624328613281
173.1 185.819396972656
174.1 55.8959083557129
175.1 13.8201293945313
180.9 14.3783206939697
182.0 29.173095703125
182.2 22.2861614227295
183.9 20.1686000823975
184.0 256.720489501953
184.1 262.835693359375
185.0 142.048767089844
185.1 301.272399902344
185.2 25.0736713409424
185.9 17.8736782073975
186.0 327.559204101563
186.1 830.632995605469
186.9 135.660659790039
187.1 1598.75854492188
188.0 232.261337280273
188.2 1607.47412109375
189.1 89921.9609375
190.1 12769.80078125
191.1 989.939819335938
196.8 28.9604415893555
203.0 82.7826690673828
203.2 14.269832611084
206.8 47.5969734191895
214.8 31.7444305419922
215.0 29.1393814086914
216.1 22.5832996368408
218.9 7.60776710510254
232.9 36.3852081298828
233.0 13.1975021362305
236.9 70.4754486083984
237.1 16.9348831176758
250.8 33.622013092041
251.0 77.1253280639648
251.2 33.9395713806152
264.9 21.0321369171143
278.1 34.894229888916
278.2 47.206298828125
279.1 17.2466602325439
280.2 3479.73583984375
280.9 41.2912826538086
281.1 553.022583007813
281.2 121.430534362793
282.0 49.3585815429688
282.2 36.6154747009277
293.1 41.7555809020996
