#"+EI Scan (rt: 8.107-8.194 min, 16 scans) CM1-2-7.D  Subtract "
#Point,X(Thompsons),Y(Counts)
40.0 30.2660388946533
40.1 251.027374267578
41.1 3287.15698242188
42.1 14504.072265625
43.1 19197.18359375
44.0 6558.1572265625
44.1 83.9822845458984
45.0 100.56477355957
45.1 60.2929306030273
48.9 12.5940361022949
49.1 10.8518619537354
49.9 83.8014984130859
50.0 547.408935546875
50.1 71.6750640869141
51.0 2714.72045898438
51.9 25.7071151733398
52.0 537.12255859375
52.1 212.589447021484
52.8 14.3928346633911
52.9 337.97314453125
53.0 386.311767578125
53.1 130.930511474609
53.9 80.5483093261719
54.0 1193.15747070313
55.0 2050.42944335938
55.9 42.1059074401855
56.0 1985.02917480469
56.8 10.5100784301758
57.0 1107.1845703125
57.1 133.62744140625
58.0 155.187911987305
58.2 30.8124237060547
58.9 60.6796417236328
59.0 91.8086624145508
60.9 12.6020936965942
61.9 264.287933349609
62.0 61.3620529174805
63.0 982.071228027344
63.0 418.017150878906
64.0 525.07861328125
64.1 209.285217285156
65.0 6263.33984375
66.0 956.411499023438
66.1 186.244232177734
66.8 23.0143413543701
66.9 190.505401611328
67.0 2134.0771484375
67.9 15.9715795516968
68.0 2350.72216796875
68.9 35.0455055236816
69.0 1961.80627441406
70.1 3184.04711914063
70.9 93.4183654785156
71.0 219.570449829102
72.0 130.767395019531
72.1 26.657642364502
72.9 79.9637451171875
73.0 9.65581893920898
73.8 26.6937961578369
74.0 286.499237060547
74.1 15.7227220535278
74.8 12.3055715560913
74.9 94.5426788330078
75.0 186.19580078125
75.1 82.6131896972656
75.9 176.471710205078
76.1 440.512725830078
76.2 180.960540771484
77.0 15763.3642578125
78.0 3327.97241210938
78.1 26.2492561340332
79.0 4877.296875
79.9 119.188568115234
80.0 1080.36840820313
80.9 47.4014663696289
81.0 446.021575927734
81.1 84.1112518310547
82.0 2180.80249023438
82.9 62.084342956543
83.0 453.454254150391
83.1 33.9408493041992
83.9 25.5889663696289
84.1 570.646057128906
84.2 14.2696866989136
84.9 10.5792293548584
85.0 14.3390350341797
85.2 13.2023296356201
85.7 16.1610660552979
85.9 128.685470581055
86.1 36.9434051513672
87.1 10.6812181472778
87.9 21.1582069396973
88.1 15.4838571548462
88.9 80.0836563110352
89.0 1264.04956054688
89.1 70.5711898803711
89.9 37.6796112060547
90.1 969.12451171875
90.2 133.010772705078
91.0 23479.1640625
92.0 2656.63427734375
92.2 69.2570190429688
93.0 4083.21435546875
94.0 2628.25390625
94.9 32.6309776306152
95.0 305.82373046875
95.1 1210.71923828125
95.3 13.793550491333
96.1 9128.6416015625
97.0 656.969665527344
97.1 586.403564453125
98.0 401.253448486328
98.1 188.217102050781
101.0 42.2539215087891
101.1 18.477445602417
101.8 25.3120136260986
102.0 353.694274902344
102.1 305.913848876953
103.0 2964.68676757813
103.1 1934.37109375
104.0 6716.294921875
105.1 13708.8056640625
106.1 3243.2177734375
106.9 40.9536666870117
107.0 277.415740966797
107.8 46.4230995178223
107.9 73.5990219116211
108.1 118.067886352539
108.8 12.2187366485596
108.9 46.1783447265625
109.0 89.7866973876953
109.8 36.7039260864258
109.9 0.728344917297363
110.0 114.464019775391
110.1 175.795455932617
110.9 15.8052396774292
111.0 82.1144790649414
111.1 17.5113639831543
111.9 10.4531898498535
112.0 40.6267967224121
112.1 14.8707056045532
114.0 10.6707096099854
114.8 12.3702459335327
114.9 219.942199707031
115.1 606.837219238281
115.9 19.6479740142822
116.0 320.189575195313
116.2 197.915786743164
117.0 387.204925537109
117.1 3024.77197265625
118.1 8913.4345703125
118.9 24.0950145721436
119.0 392.104431152344
119.1 1533.91528320313
120.0 295.610260009766
120.0 559.026062011719
120.9 39.0451240539551
122.9 10.8263101577759
124.1 10.2213821411133
126.0 15.0778017044067
126.2 11.1865863800049
126.8 14.6135568618774
126.9 53.651180267334
127.0 32.8850936889648
127.2 24.8751564025879
127.8 48.5156402587891
128.0 255.580169677734
129.0 317.968139648438
129.1 88.1712646484375
130.1 6785.7333984375
131.0 157.229309082031
131.1 3560.65869140625
132.1 9111.1494140625
132.8 22.4592456817627
133.0 423.462341308594
133.1 872.740539550781
134.0 101.589958190918
134.1 500.828399658203
134.9 71.0959777832031
135.0 435.426025390625
135.9 33.4694747924805
136.0 257.621978759766
136.1 273.169677734375
136.8 92.0871963500977
136.9 6.93313598632813
137.1 116.245132446289
137.9 23.5200805664063
138.8 9.68799591064453
138.9 152.364074707031
139.1 104.118049621582
139.2 63.4937210083008
140.8 24.1378307342529
141.1 12.2734775543213
141.2 13.9668064117432
141.9 38.3655128479004
142.0 18.7871704101563
142.2 22.7379589080811
142.9 80.1861419677734
143.0 314.934631347656
143.2 17.2999839782715
143.8 38.719367980957
144.0 449.62841796875
144.1 1154.78894042969
144.6 15.7296009063721
144.9 26.5390739440918
145.1 497.125762939453
145.2 714.224304199219
146.1 34228.0078125
147.0 30.2093372344971
147.1 4003.3876953125
148.0 208.382965087891
148.1 475.045135498047
149.0 68.8073501586914
150.0 27.2535285949707
150.2 10.0245666503906
152.2 9.98453044891357
154.0 26.2487812042236
155.1 2.18047332763672
156.0 281.942504882813
156.2 72.0774078369141
156.9 92.3025131225586
157.0 109.712631225586
157.3 57.3423805236816
158.1 4576.4013671875
159.0 592.875366210938
159.1 636.629028320313
159.9 24.4511127471924
160.1 1534.63952636719
161.0 48.0635223388672
161.1 164.797302246094
161.2 12.9438419342041
162.2 15.0974340438843
165.1 15.5788955688477
168.0 32.9581451416016
169.1 22.0362586975098
169.8 12.1556930541992
170.0 103.541656494141
170.2 16.7017650604248
171.0 118.298065185547
171.1 10.6153478622437
172.0 108.678665161133
172.1 203.368133544922
172.2 44.3188858032227
172.9 289.627655029297
173.1 178.413467407227
174.0 11.8607053756714
174.1 34.7162628173828
174.2 11.9023895263672
174.8 62.1031913757324
175.0 68.5600280761719
175.9 19.5114669799805
180.1 10.4109020233154
180.8 10.3006868362427
182.0 35.9141426086426
182.1 20.0477657318115
183.0 14.1240320205688
183.8 38.3675804138184
184.0 296.814361572266
184.1 456.769348144531
184.2 94.6955261230469
184.9 48.1630363464355
185.0 434.884246826172
185.1 70.1949157714844
186.0 235.946441650391
186.1 1418.82214355469
187.1 1820.87683105469
188.1 22557.734375
189.0 321.677093505859
189.1 9556.9404296875
190.0 701.706970214844
190.1 552.288940429688
191.0 68.0421676635742
194.9 9.79540061950684
197.1 9.90139579772949
199.1 13.2166614532471
202.0 12.4446516036987
202.1 465.49169921875
202.1 94.7506256103516
202.9 11.781886100769
203.0 41.4088363647461
210.9 32.4538879394531
212.1 10.512622833252
213.0 17.3001689910889
213.1 43.7131042480469
214.9 282.232635498047
216.0 21.7758502960205
217.1 22.0610275268555
218.8 13.1519804000854
227.0 10.2298564910889
228.1 24.7462596893311
228.2 13.4952630996704
228.9 19.6526679992676
229.0 45.0753555297852
229.1 39.8960494995117
229.2 105.737609863281
229.6 20.5471954345703
229.8 79.5908126831055
230.0 56.0985412597656
230.2 388.407135009766
231.1 66897.28125
232.1 10656.009765625
233.1 773.655944824219
233.2 223.334243774414
234.0 40.7597808837891
236.9 10.6365652084351
237.9 10.2427539825439
240.9 10.8911933898926
251.0 11.0338554382324
279.0 9.97819328308105
279.1 23.3622360229492
279.3 14.2828283309937
319.9 35.8895263671875
320.1 46.9263572692871
320.2 106.57413482666
321.2 11.5260324478149
322.8 9.87681484222412
323.2 10.7134284973145
