#"+EI Scan (rt: 8.107-8.194 min, 16 scans) CM1-2-6.D  Subtract "
#Point,X(Thompsons),Y(Counts)
40.1 119.073822021484
40.3 13.9369916915894
41.0 3384.52709960938
42.1 14678.943359375
43.0 19934.22265625
44.0 6628.1513671875
44.9 72.4683303833008
45.1 141.350875854492
48.9 10.1283016204834
49.1 9.46315765380859
49.9 52.4827690124512
50.0 358.482849121094
50.1 306.678131103516
51.0 341.032135009766
51.0 2368.73852539063
52.0 682.3466796875
52.1 95.6586532592773
52.8 15.2744989395142
52.9 243.729583740234
53.0 711.148864746094
53.2 14.0723209381104
53.9 71.5077438354492
54.0 1190.93774414063
54.9 43.0616493225098
55.0 2090.62622070313
55.9 22.1458644866943
56.0 1894.97387695313
56.9 40.6145057678223
57.0 1089.34533691406
57.9 60.0687713623047
58.1 128.114562988281
58.8 21.3302211761475
58.9 29.7623176574707
59.1 10.6973133087158
60.9 34.5642166137695
61.0 25.6670570373535
61.9 92.2224273681641
62.0 210.43180847168
62.2 22.2290306091309
63.0 1412.99328613281
63.9 247.530548095703
64.1 568.029602050781
64.2 9.95821952819824
65.0 6485.8515625
66.0 1190.30505371094
67.0 2443.171875
67.9 35.2189598083496
68.0 2470.94750976563
69.0 861.818237304688
69.1 1170.576171875
69.9 47.7480964660645
70.1 3092.94287109375
70.9 63.8379211425781
71.1 219.366455078125
71.2 45.3751525878906
71.7 15.0991849899292
72.0 113.11589050293
72.2 32.3487548828125
72.8 19.2982883453369
73.0 63.0637245178223
73.1 5.9513578414917
73.9 152.600006103516
74.0 146.52880859375
74.2 10.9313039779663
75.0 358.001861572266
75.1 59.3076629638672
75.9 141.732940673828
76.1 188.369171142578
76.1 469.667663574219
77.0 16759.375
78.0 3485.22729492188
79.0 4824.62890625
79.7 12.1555557250977
80.0 1104.23986816406
80.1 206.888198852539
80.9 26.4407501220703
81.0 498.5078125
82.0 2148.25952148438
83.0 379.992309570313
83.1 81.1296615600586
83.9 152.43342590332
84.1 357.904998779297
84.9 86.2024765014648
85.1 26.0486602783203
85.8 27.7483749389648
86.0 98.5240783691406
86.2 42.9367446899414
86.6 12.0308713912964
87.0 15.4661502838135
88.2 9.61697196960449
89.0 1324.83801269531
90.0 224.975921630859
90.1 864.544189453125
90.2 104.621047973633
91.0 23741.86328125
92.0 2828.4970703125
93.0 4445.34326171875
94.0 2594.45703125
95.0 1648.12780761719
96.1 9219.1787109375
96.9 23.1110076904297
97.0 1189.26281738281
97.9 15.8781061172485
98.0 386.931182861328
98.1 121.573829650879
100.8 18.9082355499268
100.9 14.4193830490112
101.0 15.5640163421631
101.2 60.9850425720215
101.8 10.2175951004028
101.9 425.425140380859
102.1 146.477401733398
103.0 5028.81640625
104.0 6657.0966796875
105.1 14000.3876953125
106.0 3527.82080078125
107.0 275.145324707031
107.1 52.0134429931641
107.8 45.5358695983887
108.0 181.369171142578
108.1 64.4133911132813
108.8 39.5166397094727
108.9 58.1960334777832
109.1 63.5527381896973
110.0 243.419403076172
110.1 116.564559936523
110.9 23.241382598877
111.1 77.4904479980469
111.2 12.5478820800781
112.1 37.5430068969727
114.7 11.5365495681763
115.0 517.7275390625
115.1 323.833374023438
115.8 36.1034278869629
116.0 471.132232666016
116.1 60.8299942016602
117.0 2063.67993164063
117.1 1804.31079101563
118.0 9454.619140625
119.0 1993.54833984375
119.2 29.4803295135498
120.0 102.227416992188
120.1 814.8125
120.9 32.3250350952148
121.9 11.376220703125
122.2 22.9977893829346
122.9 10.6760396957397
123.2 9.79576969146729
124.1 11.6365413665771
126.0 40.6184158325195
126.4 14.7019271850586
126.8 12.9011516571045
126.9 17.7780342102051
127.0 12.7762975692749
127.1 25.1308517456055
127.9 111.112266540527
128.1 184.029266357422
128.8 56.5290412902832
129.1 179.19596862793
129.2 114.86848449707
129.9 232.063980102539
130.0 6485.234375
131.1 3733.84423828125
132.1 8852.6474609375
132.9 47.3592681884766
133.1 1495.86755371094
134.0 159.779907226563
134.0 287.127105712891
134.2 163.880584716797
134.9 136.182998657227
135.1 446.771362304688
136.0 419.698974609375
136.1 73.0868759155273
136.8 33.8283653259277
136.9 122.708251953125
139.0 234.619888305664
139.1 95.6275253295898
139.9 27.3637199401855
140.5 12.2807998657227
141.0 57.9549446105957
141.9 15.0955400466919
142.1 10.9088802337646
142.2 9.86405181884766
142.9 28.9124145507813
143.1 332.446533203125
143.2 55.9443740844727
143.9 18.6778736114502
144.0 1514.20373535156
144.9 8.3465690612793
145.0 263.188812255859
145.1 1069.18627929688
146.1 34958.2578125
146.8 40.7594604492188
147.1 4143.5
147.2 31.810079574585
148.0 572.066101074219
148.1 72.8977661132813
148.8 13.4324626922607
149.0 23.243968963623
151.0 15.0096416473389
151.1 41.8373680114746
151.3 15.7892217636108
151.9 9.91806411743164
153.1 9.52211093902588
154.1 27.7374210357666
155.0 35.4717178344727
155.1 54.9006233215332
156.0 351.416046142578
156.2 26.4406509399414
156.9 117.737854003906
157.1 133.025466918945
157.2 74.2900466918945
158.0 219.650512695313
158.1 4511.5712890625
159.0 332.207946777344
159.1 1073.39135742188
160.0 77.1318969726563
160.1 1324.97058105469
160.9 115.928825378418
161.1 160.875045776367
165.0 54.7388458251953
166.7 11.6784057617188
167.0 10.7816743850708
167.1 26.0185012817383
167.9 14.2402143478394
168.0 54.4136734008789
169.8 14.4140224456787
170.0 73.4273452758789
170.1 57.1609382629395
170.8 10.8873062133789
171.1 31.4788379669189
172.0 188.997833251953
172.1 190.548110961914
172.8 111.454528808594
173.0 140.886215209961
173.1 175.347503662109
173.2 33.8559494018555
173.9 35.0703811645508
174.1 28.4222946166992
174.7 9.64168930053711
174.8 37.0010108947754
175.0 103.098724365234
176.9 9.42665672302246
180.1 9.7363224029541
180.9 19.2872047424316
182.0 22.1159591674805
182.1 44.6897926330566
183.9 86.2878875732422
184.1 635.379455566406
184.2 122.933502197266
184.9 149.98225402832
185.1 406.858215332031
185.2 51.2643547058105
186.1 469.660522460938
186.1 1202.31848144531
187.1 1007.01129150391
187.1 841.298828125
188.1 23250.81640625
189.1 10739.0380859375
190.0 101.306678771973
190.1 1269.43090820313
190.9 11.4335584640503
191.0 52.1601829528809
191.2 28.3234634399414
201.9 33.2729949951172
202.0 326.653564453125
202.1 252.003952026367
202.2 22.2809944152832
203.0 51.0973930358887
206.8 10.0921316146851
207.0 20.6726856231689
210.7 12.5724582672119
213.1 45.7961120605469
213.2 19.6416244506836
214.8 37.3179931640625
215.0 184.072067260742
216.0 10.7752542495728
225.9 9.5089807510376
227.4 10.8015298843384
228.0 10.2497034072876
228.7 9.7021598815918
228.8 41.745246887207
229.0 25.6685066223145
229.2 116.216407775879
229.3 47.8769912719727
229.4 12.002329826355
229.6 25.2388229370117
230.2 549.626098632813
231.1 66271.7890625
232.1 10363.619140625
233.1 816.384033203125
233.1 264.430725097656
234.2 10.5879487991333
237.1 14.7273788452148
279.1 67.5314178466797
279.2 72.1454315185547
292.9 8.39013290405273
320.0 34.173713684082
320.1 37.4626350402832
321.1 28.0590305328369
322.2 13.311336517334
323.1 10.3463973999023
323.3 10.7791576385498
323.8 11.3318500518799
