#"+EI Scan (rt: 9.885-9.984 min, 18 scans) CM1-2-2.D  Subtract "
#Point,X(Thompsons),Y(Counts)
40.1 109.331085205078
40.9 8.67567729949951
41.0 1364.400390625
42.1 11598.2353515625
42.9 28.3902835845947
43.0 577.56005859375
43.1 317.866302490234
43.8 13.8743371963501
43.9 14.4819030761719
44.0 299.869323730469
44.9 87.7138748168945
45.0 422.883270263672
49.9 128.718795776367
50.0 281.156921386719
51.0 1178.98815917969
51.1 399.304504394531
52.0 347.777893066406
52.1 37.2824745178223
52.2 10.1108512878418
52.9 55.9667930603027
53.0 1143.59387207031
53.9 181.837417602539
54.0 436.477386474609
54.1 75.7692413330078
54.9 244.712509155273
55.0 909.346740722656
55.9 18.8592071533203
56.1 1232.1904296875
56.1 195.31086730957
57.0 14375.2431640625
57.9 87.5276260375977
58.0 467.833129882813
59.0 2211.34204101563
59.9 31.5580959320068
60.9 9.55446243286133
61.0 13.6122970581055
61.8 10.6015043258667
62.0 60.4927520751953
62.1 47.1384201049805
63.0 542.733276367188
63.1 195.501495361328
63.8 15.1039848327637
63.9 305.058319091797
64.0 249.966171264648
64.2 28.1297206878662
65.0 3410.55395507813
65.8 8.69537544250488
66.0 350.806121826172
66.0 263.184936523438
67.0 521.903015136719
67.0 694.925476074219
68.0 699.407775878906
68.1 314.696166992188
69.0 479.009979248047
69.1 583.057067871094
70.0 587.742126464844
70.1 310.891967773438
71.0 262.855224609375
71.9 30.6213302612305
72.9 26.6543159484863
73.0 56.557430267334
73.1 10.7003698348999
73.9 99.981315612793
74.0 34.5594444274902
74.1 36.4243850708008
74.8 27.4168491363525
75.0 140.045745849609
76.0 433.911071777344
76.1 138.445419311523
76.2 11.8679008483887
77.0 11156.6455078125
78.0 2330.3525390625
79.0 868.121276855469
79.1 3165.2470703125
79.9 137.845153808594
80.0 979.351135253906
80.9 29.1096572875977
81.0 787.482116699219
81.0 556.988708496094
81.9 174.1826171875
82.0 1350.37976074219
82.9 100.830833435059
83.0 199.965927124023
83.1 29.1345825195313
83.9 81.5560684204102
84.1 150.643966674805
84.9 159.12727355957
85.1 145.293151855469
86.0 99.5839385986328
86.1 55.2630271911621
88.9 188.196380615234
89.0 489.470153808594
89.2 34.3508644104004
89.8 32.232666015625
90.0 180.403228759766
90.1 227.480529785156
90.2 122.648277282715
91.0 13211.2900390625
92.0 214.043716430664
92.0 1627.80798339844
93.0 3683.5908203125
94.1 2828.3623046875
94.9 17.7605152130127
95.0 1222.5517578125
96.1 10115.0224609375
97.0 520.734619140625
97.1 853.739868164063
98.0 226.487762451172
98.9 47.9085121154785
99.0 60.6839408874512
99.7 9.98372554779053
100.0 128.311721801758
100.1 15.0038347244263
100.7 18.1837406158447
100.8 11.667013168335
101.9 81.6078491210938
102.0 406.024505615234
102.2 21.5157108306885
103.0 4013.173828125
104.0 3330.50610351563
105.1 14597.8955078125
106.0 3447.97900390625
106.1 84.4075088500977
106.9 133.808898925781
107.0 108.994194030762
107.2 45.6921806335449
108.0 225.021041870117
108.1 149.713729858398
108.8 31.8239059448242
109.0 98.0170135498047
109.2 20.7395401000977
109.8 13.8539333343506
109.9 365.608764648438
110.1 166.310211181641
110.9 95.1075210571289
111.1 61.4888229370117
111.7 18.3283767700195
112.0 302.612091064453
112.1 214.769973754883
113.0 2383.84326171875
114.0 133.738220214844
114.1 2144.5732421875
114.8 13.5082969665527
114.9 443.811553955078
115.0 187.283584594727
115.1 76.7626647949219
115.7 12.4568948745728
115.9 38.7418060302734
116.0 255.83056640625
116.2 115.067504882813
116.9 42.081714630127
117.0 2515.94653320313
117.9 334.612365722656
118.0 3348.9599609375
118.2 96.6298217773438
118.9 38.5923004150391
119.0 1184.84753417969
119.8 21.0399303436279
120.0 467.523315429688
120.2 19.3182563781738
120.9 21.9108142852783
121.0 17.4563961029053
121.9 181.439743041992
122.1 311.637817382813
122.9 28.4379959106445
123.0 65.5658187866211
123.9 93.5457305908203
124.0 359.172943115234
124.9 124.374320983887
125.1 178.069519042969
125.3 10.8335523605347
126.0 526.100769042969
126.1 1069.43017578125
126.9 176.651626586914
127.0 187.183898925781
127.1 11.6093883514404
127.9 20.0856513977051
128.0 255.58984375
128.1 190.04475402832
128.8 51.5941162109375
129.0 136.582382202148
129.1 233.57275390625
130.0 8565.43359375
130.9 25.0940246582031
131.0 1012.53643798828
131.1 889.976318359375
132.0 3284.19897460938
132.1 526.783813476563
132.9 42.6132965087891
133.0 445.577606201172
134.0 61.5945091247559
134.1 1461.57666015625
134.9 19.471321105957
135.0 104.626388549805
135.2 50.4863624572754
135.9 23.072811126709
136.0 108.519790649414
136.1 93.6742095947266
136.6 8.75385856628418
136.7 21.2554206848145
136.9 19.7358283996582
137.0 156.803375244141
137.1 38.8604698181152
137.8 117.518280029297
138.0 224.89518737793
138.1 54.0879898071289
138.9 131.868545532227
139.1 78.4050598144531
140.0 439.599395751953
140.1 1166.984375
140.8 15.0527610778809
141.0 262.762847900391
141.1 136.900543212891
141.9 115.8681640625
142.0 363.399871826172
142.2 170.744903564453
143.0 374.035491943359
143.1 330.350982666016
143.3 14.5023975372314
143.9 16.2256851196289
144.0 1415.71594238281
144.1 603.133544921875
144.9 170.821746826172
145.0 280.812622070313
145.1 93.7210311889648
146.1 3663.22265625
147.1 390.247619628906
147.2 115.255615234375
147.9 55.8947219848633
148.0 40.6450119018555
148.1 128.954956054688
149.0 235.404052734375
149.1 190.611068725586
149.8 20.477424621582
149.9 80.4403228759766
150.0 266.479888916016
150.2 30.7442893981934
150.9 34.3553619384766
151.0 50.7605400085449
151.1 64.3215789794922
151.8 56.2562446594238
152.0 172.844421386719
152.1 114.926727294922
152.8 11.670786857605
152.9 37.5055274963379
153.0 1195.42041015625
154.1 9666.513671875
155.1 2062.86499023438
156.0 290.599090576172
156.1 1001.70983886719
156.9 117.490791320801
157.0 307.537078857422
157.1 162.657196044922
158.0 53.832088470459
158.1 5465.93359375
159.0 587.972534179688
159.1 2079.67431640625
160.1 2311.2255859375
160.2 70.5648345947266
160.9 40.8966827392578
161.0 51.6934280395508
161.1 201.194274902344
161.3 10.3440380096436
161.9 97.1645202636719
162.1 126.062782287598
163.1 8.79663753509521
164.9 19.5046997070313
165.0 9.20760726928711
166.9 63.7363700866699
167.1 37.8002471923828
168.0 105.548698425293
168.2 19.0527362823486
168.9 20.3964538574219
169.1 37.4012489318848
169.9 40.4823989868164
170.0 310.158813476563
170.1 83.6009750366211
170.8 10.4312858581543
170.9 90.8910064697266
171.1 201.222961425781
171.2 11.7406349182129
171.9 99.9361267089844
172.0 190.788757324219
172.1 29.8837242126465
172.9 68.595344543457
173.0 215.127624511719
174.0 66.6426620483398
174.1 10.8981037139893
176.0 10.5953397750854
176.1 15.1608533859253
176.9 22.1791172027588
177.0 33.4860687255859
177.9 39.3271331787109
178.1 71.0368957519531
179.8 17.0980854034424
180.1 8.71256732940674
181.9 11.841908454895
182.0 22.5153121948242
182.1 108.462692260742
183.1 22.8257617950439
183.9 34.7294960021973
184.0 294.697418212891
184.1 513.509521484375
184.9 21.3923721313477
185.0 74.4860458374023
185.1 557.966979980469
185.9 62.3175659179688
186.1 3751.39965820313
186.2 143.849090576172
187.1 16109.9306640625
188.1 2625.28125
189.0 331.268188476563
189.1 368.313507080078
189.9 156.904632568359
190.1 808.382446289063
190.9 30.4080028533936
191.1 142.620162963867
192.1 23.057991027832
196.0 12.0852956771851
197.0 132.071472167969
197.1 343.238677978516
197.3 8.92577457427979
198.0 131.530197143555
199.1 14.6190948486328
200.0 26.9101676940918
201.0 42.4981842041016
201.1 15.3183631896973
202.0 692.560241699219
202.1 414.580078125
202.9 10.2406349182129
203.0 121.949310302734
203.1 27.958683013916
204.1 140.472290039063
204.2 17.7663993835449
205.0 9.18142318725586
206.8 9.52380847930908
208.1 8.80249118804932
210.8 41.2900238037109
211.0 23.3273143768311
211.9 18.8357849121094
212.1 31.0237503051758
213.1 24.6510467529297
214.1 117.434677124023
214.2 60.5740699768066
214.9 169.566345214844
215.1 262.549102783203
215.9 45.1174240112305
216.0 126.763076782227
216.2 45.3861236572266
216.9 34.7247657775879
217.1 29.9815998077393
218.0 36.636962890625
219.0 450.032165527344
219.1 92.3384552001953
220.1 58.1285400390625
225.0 10.647611618042
227.1 8.8817834854126
227.9 74.6652908325195
228.1 33.930534362793
228.8 10.698410987854
228.9 14.2516803741455
229.1 23.7516994476318
229.9 36.8057823181152
230.1 408.200927734375
230.1 279.678802490234
230.3 10.9021263122559
231.0 203.580047607422
231.1 101.51008605957
232.8 8.61444664001465
233.0 78.3148574829102
236.9 58.5322761535645
237.0 34.9989166259766
237.2 10.5320692062378
241.9 27.5643043518066
242.0 104.703681945801
242.2 116.191123962402
243.0 78.7003784179688
243.1 6797.40283203125
244.0 178.08674621582
244.1 2032.36584472656
245.0 245.888748168945
245.1 334.21875
246.1 809.710388183594
246.2 225.88703918457
247.1 3834.04077148438
248.0 165.110397338867
248.2 491.619140625
249.0 9.06697845458984
249.2 24.891622543335
271.0 70.0506057739258
271.1 285.56005859375
271.1 157.290344238281
272.1 69.4234466552734
272.3 11.5998382568359
272.9 20.3878269195557
274.0 61.8785743713379
274.1 338.318969726563
274.2 664.845825195313
275.1 287.926147460938
275.2 4565.3505859375
276.0 304.941345214844
276.2 611.683837890625
277.0 50.2776908874512
277.2 158.273773193359
278.1 9.19011211395264
278.2 10.342719078064
279.1 184.537933349609
279.2 233.996154785156
279.4 12.4545679092407
280.0 8.632080078125
280.1 23.8485984802246
288.9 27.4517288208008
292.8 5.1916937828064
300.8 9.77063179016113
301.1 50.0994644165039
301.7 25.9198436737061
302.0 12.3146648406982
302.1 93.7093734741211
302.2 91.4411239624023
303.2 67980.703125
304.2 13215.4609375
305.1 289.245086669922
305.2 1368.5478515625
306.0 42.9653434753418
306.1 65.0820007324219
306.2 21.523624420166
335.1 132.532760620117
335.2 1360.88671875
336.0 40.5038528442383
336.2 349.042694091797
336.3 61.2690238952637
337.2 33.086067199707
363.1 71.2438583374023
363.3 91.1792373657227
392.1 80.3810653686523
392.3 35.4615020751953
393.1 12.4634962081909
