#"+EI Scan (rt: 12.321-12.449 min, 23 scans) CM1-2-10.D  Subtract "
#Point,X(Thompsons),Y(Counts)
40.0 25.6097354888916
40.9 16.8084812164307
41.0 364.333343505859
41.1 47.6405067443848
42.0 1169.68872070313
42.1 64.6112747192383
42.9 29.3213901519775
43.0 133.471176147461
44.0 548.310302734375
49.9 136.663696289063
50.1 39.5625915527344
50.9 55.0960655212402
51.0 257.209564208984
51.1 5.63976144790649
51.9 72.6031951904297
52.0 119.161811828613
52.2 25.2308883666992
52.9 36.6490745544434
53.0 63.7433242797852
53.1 32.2974853515625
53.9 35.7291564941406
54.0 78.6609878540039
54.1 18.6833629608154
54.8 13.3184080123901
54.9 12.6259355545044
55.0 336.995910644531
55.1 25.395378112793
55.8 13.2942199707031
55.9 146.738357543945
56.1 67.4802703857422
56.9 68.6939086914063
57.0 720.440124511719
57.1 1100.93957519531
57.9 15.5722074508667
58.1 43.2569427490234
59.0 44.7654571533203
61.8 19.9813423156738
62.2 6.82255220413208
62.7 8.03805065155029
62.9 83.2286834716797
63.0 262.950744628906
63.1 8.62841033935547
63.8 7.79475069046021
63.9 174.351501464844
64.1 34.226634979248
64.8 61.4222602844238
65.0 597.647827148438
65.9 35.3944625854492
66.1 29.4116878509521
66.9 37.9267463684082
67.0 162.966171264648
67.1 47.6847839355469
67.8 9.20131301879883
68.0 184.273712158203
68.1 77.1245193481445
68.2 10.3668603897095
68.9 66.3917236328125
69.0 206.931640625
69.1 11.5519332885742
69.9 26.6665935516357
70.0 378.172119140625
70.1 279.180603027344
71.0 14.78307056427
72.8 6.9305100440979
73.7 7.43405151367188
74.0 8.29154396057129
74.1 7.82956600189209
74.9 29.560998916626
75.0 34.3478507995605
75.9 18.4079456329346
76.0 80.9843292236328
76.2 30.04563331604
77.0 1118.4423828125
77.9 5.15983963012695
78.0 511.585998535156
78.2 5.68456840515137
78.9 211.99040222168
79.1 531.928344726563
79.8 65.9439468383789
80.0 206.437133789063
80.0 119.365211486816
80.8 11.3651599884033
81.0 85.05859375
81.1 75.0286026000977
81.9 98.9917526245117
82.0 147.528762817383
82.1 33.4593887329102
82.9 8.81283473968506
83.1 37.670597076416
84.0 48.7084846496582
89.0 119.191062927246
89.0 22.0914459228516
89.9 39.3982238769531
90.0 129.122573852539
90.9 102.667976379395
91.0 2188.83032226563
91.9 273.699462890625
92.1 296.545989990234
92.8 10.2061729431152
92.9 134.291595458984
93.0 64.9025039672852
93.8 11.339542388916
94.0 137.793594360352
94.1 155.930908203125
94.2 15.2943801879883
94.9 53.6365928649902
95.0 23.9927082061768
95.1 178.531158447266
96.0 1475.68347167969
96.2 11.6590986251831
96.8 8.99147129058838
97.0 112.036071777344
97.1 184.643173217773
97.9 7.81089496612549
98.0 142.396041870117
98.2 61.8964347839355
101.8 26.1176414489746
102.0 47.9718933105469
102.1 46.2068977355957
102.2 9.33744239807129
102.7 8.32395076751709
103.0 698.132202148438
103.2 53.095531463623
103.8 27.3324031829834
103.9 133.61946105957
104.1 270.084777832031
104.2 92.2746276855469
105.0 1879.35119628906
105.8 67.5276107788086
106.0 159.207397460938
106.1 22.330286026001
106.8 70.7477188110352
107.0 191.611068725586
107.1 8.49244785308838
107.9 16.3604488372803
108.0 743.433166503906
108.7 7.45025968551636
108.9 7.1358003616333
109.0 128.226348876953
109.2 9.07460975646973
111.0 17.3447322845459
114.8 10.6726751327515
115.1 32.33447265625
115.8 9.75851154327393
116.0 19.932300567627
116.1 14.1406087875366
116.7 12.8617763519287
116.9 74.4027404785156
117.0 178.017456054688
117.1 41.453800201416
117.8 7.70160436630249
117.9 128.597183227539
118.1 25.9523067474365
119.0 35.8916320800781
119.7 7.90361881256104
119.8 14.4575357437134
120.0 65.2347030639648
120.8 14.9914407730103
120.9 145.575180053711
121.0 129.238662719727
121.2 11.186448097229
122.0 191.075775146484
122.1 74.4739532470703
122.2 7.77485656738281
122.9 98.0508575439453
123.0 480.518249511719
123.2 35.841552734375
124.0 57.3612899780273
124.2 33.4798202514648
126.8 7.33728933334351
128.0 31.3424186706543
129.0 16.121976852417
129.3 6.91885423660278
129.9 125.936408996582
130.0 192.864593505859
130.9 7.20961666107178
131.0 97.5947189331055
131.9 84.3029098510742
132.1 147.509384155273
132.7 9.6682767868042
132.8 17.8243446350098
132.9 71.9482116699219
133.0 106.747367858887
133.2 7.8938627243042
133.9 176.580642700195
134.0 539.296936035156
134.1 64.3942260742188
135.0 158.021682739258
135.1 81.0106964111328
135.9 32.8537063598633
136.0 93.7888259887695
136.8 3.60383415222168
136.9 50.0306549072266
137.1 0.856449127197266
137.6 12.2372169494629
139.1 20.3537311553955
140.8 15.2537746429443
143.9 20.6696834564209
144.0 43.574764251709
144.1 51.3694801330566
144.9 56.6580085754395
145.0 76.5509414672852
145.2 20.9833087921143
146.0 179.941772460938
146.1 139.905746459961
146.8 7.14755964279175
147.0 86.4157257080078
147.2 22.7164669036865
147.9 42.6088562011719
148.0 270.298828125
148.1 93.2185821533203
148.9 64.9172439575195
149.0 240.225692749023
149.1 10.1970090866089
150.0 40.438591003418
154.7 7.23272657394409
154.8 8.80564308166504
157.9 9.22767734527588
158.1 12.6428689956665
158.8 15.733380317688
158.9 0.328248977661133
159.0 86.9585418701172
160.0 217.660522460938
160.1 367.298370361328
160.2 21.8883075714111
160.9 65.3769836425781
161.0 202.795623779297
161.1 159.150817871094
161.8 10.1534471511841
162.0 206.778823852539
162.1 502.916473388672
162.9 88.7311019897461
163.1 62.0022506713867
173.9 7.37475252151489
174.1 56.1990661621094
175.0 33.6868629455566
175.1 70.4079513549805
175.3 8.18998527526855
176.0 69.8656616210938
176.1 4182.7958984375
176.8 10.6413497924805
177.0 177.270095825195
177.1 369.220672607422
177.9 10.0559549331665
178.0 7.05592203140259
178.2 18.5887050628662
178.8 7.30763578414917
179.0 93.1373901367188
179.1 69.511604309082
179.8 11.3486452102661
180.0 33.9408874511719
180.2 8.67150592803955
180.3 12.9455032348633
183.9 24.0241012573242
184.0 168.026840209961
184.2 76.4186019897461
184.9 39.6252822875977
185.0 61.6010475158691
185.1 47.6047096252441
185.3 22.6582374572754
185.9 41.1886405944824
186.0 354.795776367188
186.2 15.3537635803223
187.0 51.7747116088867
187.2 96.9599838256836
188.0 213.376892089844
188.1 390.492828369141
188.9 21.4538860321045
189.0 105.95890045166
189.2 13.4767751693726
190.0 22.2390327453613
194.1 6.77501583099365
201.9 9.42292499542236
203.1 24.5929069519043
210.8 1.14072513580322
210.9 29.6748352050781
211.0 6.00823736190796
215.0 48.434455871582
215.9 18.8799819946289
216.9 36.1301002502441
217.0 43.136775970459
217.1 38.5999755859375
218.1 103.391677856445
218.2 159.226577758789
219.0 33.355541229248
219.1 1672.25732421875
220.0 25.6281070709229
220.1 186.746047973633
220.2 58.0132369995117
228.9 7.66144514083862
231.9 21.3532485961914
232.1 280.290557861328
232.1 888.531066894531
233.0 119.111213684082
233.1 62.6318244934082
236.8 13.1906681060791
238.2 7.05704641342163
246.0 9.06888103485107
274.0 10.1499929428101
275.2 6419.92236328125
276.0 27.1204280853271
276.1 978.351501464844
276.2 186.611831665039
276.9 11.7207908630371
277.1 67.4378204345703
277.2 52.5832901000977
277.3 21.0269298553467
293.1 7.40026187896729
