#"+EI Scan (rt: 7.821-7.903 min, 15 scans) CM1-3-1.D  Subtract "
#Point,X(Thompsons),Y(Counts)
40.1 106.741317749023
40.2 79.8501281738281
41.1 5561.0830078125
42.1 8179.15283203125
43.1 20937.009765625
44.0 4475.89404296875
44.9 78.6935806274414
45.0 50.8988304138184
49.9 49.1487884521484
50.0 275.781616210938
51.0 761.181579589844
51.1 46.0864143371582
51.9 70.9919738769531
52.0 234.876358032227
52.9 108.124588012695
53.0 504.272857666016
53.1 22.0206260681152
54.0 547.715087890625
54.1 330.270141601563
55.0 453.619110107422
55.0 1685.11730957031
56.0 1560.54870605469
57.0 1415.22180175781
57.2 12.6618146896362
57.8 12.073748588562
58.0 103.131050109863
58.1 120.050117492676
58.8 46.382266998291
59.0 87.5876998901367
61.8 17.3861351013184
61.9 129.137466430664
62.1 82.1733856201172
62.9 274.857086181641
63.0 342.129699707031
63.8 57.8033256530762
64.0 147.243560791016
64.1 87.1473388671875
64.9 41.7612838745117
65.0 2048.15112304688
65.1 333.104919433594
65.9 48.4152030944824
66.0 194.295608520508
66.1 18.992582321167
67.0 1189.80529785156
67.1 125.905014038086
68.0 352.676055908203
68.0 1990.98803710938
68.9 66.4403839111328
69.1 2410.42504882813
70.0 3815.32958984375
71.0 9020.7861328125
72.0 171.58268737793
72.0 298.910797119141
72.1 21.3081130981445
72.8 16.2261028289795
72.9 47.5827713012695
73.1 13.4273834228516
73.8 26.0441207885742
74.0 94.9099960327148
75.0 1294.32202148438
75.9 279.789245605469
76.0 74.1803283691406
76.1 39.7031021118164
77.0 3939.55737304688
78.0 1536.45703125
79.0 3578.68383789063
79.9 95.8262786865234
80.1 863.954833984375
80.7 19.6149196624756
80.8 12.6679153442383
81.0 391.353179931641
81.1 146.264450073242
82.0 2165.32373046875
83.0 692.393737792969
83.1 765.775390625
83.9 39.7947731018066
84.0 1002.90637207031
84.2 44.3100738525391
84.9 96.7457962036133
85.1 65.5792388916016
87.9 30.2840213775635
88.1 10.7124280929565
88.9 168.300064086914
89.0 183.331619262695
89.1 348.814544677734
90.0 83.2835159301758
90.1 130.746673583984
90.2 181.902526855469
91.1 10830.935546875
91.9 22.3631381988525
92.0 1138.86608886719
92.9 101.409507751465
93.0 219.600006103516
93.2 40.5325736999512
93.9 212.559539794922
94.0 1115.37414550781
94.9 138.684127807617
95.0 6628.388671875
96.1 8657.984375
97.1 1423.58801269531
97.2 151.797515869141
98.0 489.862121582031
98.2 25.465913772583
98.9 27.9888401031494
100.0 10.7305135726929
100.1 16.8638114929199
100.9 117.305152893066
101.0 59.9015884399414
102.0 362.827972412109
102.1 48.6392135620117
103.0 3639.74853515625
104.0 860.735046386719
104.1 1196.71704101563
105.1 13684.0693359375
106.0 1260.56982421875
106.7 10.224100112915
106.9 156.039154052734
107.1 37.0657005310059
108.0 184.745849609375
108.0 129.598892211914
108.2 100.510330200195
108.9 276.278045654297
109.0 2288.71484375
109.8 53.3570709228516
110.0 612.962829589844
110.1 362.126190185547
111.0 2405.61547851563
111.9 59.1022758483887
112.0 566.965515136719
114.9 31.5785350799561
115.0 415.954650878906
116.0 167.941864013672
116.2 54.1264686584473
116.9 26.0249404907227
117.0 843.375671386719
118.0 145.038162231445
118.2 22.179479598999
118.9 20.6985721588135
119.0 56.8018989562988
119.2 10.5920886993408
120.0 16.9317188262939
120.8 30.4580421447754
120.9 277.633087158203
121.0 281.053802490234
121.2 40.6190452575684
122.0 4907.9658203125
122.2 59.2659950256348
122.9 341.149688720703
123.0 1254.85705566406
124.0 736.737976074219
124.1 316.104400634766
124.9 37.2593193054199
125.0 76.0080490112305
126.9 10.1442136764526
127.9 83.9881057739258
128.1 115.407356262207
128.9 38.4490852355957
128.9 47.2681732177734
129.1 120.477890014648
130.0 316.154357910156
130.0 1019.50921630859
130.2 31.7208614349365
130.9 56.3980598449707
131.1 424.490264892578
132.1 761.703674316406
132.2 11.0874500274658
132.8 17.0761947631836
132.9 100.814292907715
133.1 120.126945495605
133.8 26.0972785949707
134.0 701.253479003906
134.2 11.9001493453979
135.0 493.702911376953
135.0 1105.66467285156
135.9 47.3328247070313
136.0 3939.91430664063
137.0 2029.39831542969
137.8 29.105884552002
138.0 643.843872070313
138.1 16.062614440918
139.0 768.742553710938
139.1 280.619781494141
139.9 14.232928276062
140.0 69.3170013427734
140.8 15.1055774688721
141.0 53.1263999938965
141.1 10.8280754089355
142.9 33.605339050293
143.1 64.9977951049805
144.0 203.922149658203
144.1 191.045654296875
145.0 91.388053894043
145.1 13.7028436660767
146.0 310.373168945313
146.1 146.431243896484
146.9 15.5690116882324
147.1 109.117965698242
147.3 10.287880897522
148.0 5257.78662109375
149.1 4069.03051757813
150.0 534.766296386719
150.1 4863.8154296875
150.9 24.8597164154053
151.0 179.207427978516
151.1 845.020874023438
151.9 151.472106933594
152.1 103.539085388184
154.0 45.685188293457
154.2 10.5450067520142
155.0 76.7435150146484
155.8 10.3825035095215
156.0 35.9776954650879
156.2 15.0265846252441
156.9 12.6306705474854
157.0 36.4767036437988
158.0 104.596542358398
158.1 198.287353515625
158.7 11.473729133606
158.8 68.4648056030273
159.0 61.5133094787598
159.1 54.6045265197754
160.0 135.669998168945
160.1 977.4140625
160.2 183.306015014648
161.0 159.653854370117
161.1 185.17707824707
161.9 42.0277557373047
162.0 653.754272460938
162.2 15.6235055923462
162.9 141.545486450195
163.1 850.806579589844
164.1 24490.19140625
165.1 2929.66381835938
165.9 47.4940528869629
166.0 383.962463378906
166.9 11.4422168731689
169.8 29.04665184021
171.0 8.31147480010986
172.0 26.8415412902832
173.8 12.7961225509644
174.0 62.6850738525391
174.8 10.6278848648071
175.0 115.936904907227
175.1 16.0959129333496
175.9 31.8058986663818
176.1 977.437377929688
176.8 10.9229278564453
177.0 638.678588867188
177.1 255.784225463867
178.0 197.309219360352
178.1 183.4951171875
178.9 56.9012603759766
179.1 58.6676292419434
180.9 14.2030420303345
181.0 144.150405883789
181.1 168.699127197266
181.8 10.9389886856079
181.9 55.1217613220215
182.0 173.200454711914
182.2 59.0040321350098
182.9 14.7242517471313
183.0 29.9671325683594
183.1 29.2192878723145
183.9 22.5256175994873
184.1 476.234344482422
184.1 242.727264404297
184.3 19.2487373352051
185.0 193.991775512695
185.1 291.059173583984
186.1 581.185668945313
186.1 1562.20336914063
186.9 21.2247142791748
187.1 558.025634765625
188.1 2027.21008300781
188.9 36.0417938232422
189.1 178.603988647461
189.1 160.017929077148
189.4 13.9794073104858
189.8 12.149019241333
190.0 44.579776763916
190.1 129.249908447266
190.2 26.1792659759521
191.0 63.3313941955566
191.1 299.008911132813
191.2 43.1317176818848
191.3 20.6169185638428
191.9 16.8589916229248
192.0 36.070442199707
192.1 40.8601455688477
193.0 30.5929851531982
197.9 13.4505205154419
202.0 10.5413656234741
202.9 10.7728128433228
203.6 16.7467994689941
203.8 15.1045322418213
204.3 13.4735956192017
204.8 10.4492769241333
205.0 38.517520904541
205.1 1412.20666503906
206.1 438.275817871094
206.1 1228.46276855469
207.1 21737.810546875
208.1 3042.81689453125
208.2 114.531379699707
209.0 93.5340957641602
209.1 110.824714660645
210.7 10.6376218795776
210.9 58.6649513244629
214.9 72.8441696166992
215.1 59.110725402832
216.0 21.4559764862061
216.9 9.44487190246582
217.1 10.8553771972656
218.0 60.2375755310059
218.8 39.7519454956055
219.0 20.0904350280762
219.1 11.2563352584839
229.1 50.0362815856934
229.3 10.5254764556885
231.1 13.7142143249512
231.2 88.3641662597656
231.8 12.6390600204468
232.1 13.6523694992065
232.9 107.501312255859
233.1 57.8080291748047
234.1 1407.38708496094
234.2 1080.97888183594
234.9 20.783763885498
235.1 349.0859375
235.2 21.3517456054688
235.9 10.3694286346436
236.8 34.2999114990234
236.9 76.3296356201172
237.0 16.9277801513672
247.9 73.2007293701172
248.1 160.252578735352
248.2 99.4562149047852
249.3 10.3145952224731
274.5 12.8900299072266
274.9 12.8083696365356
275.0 11.2555274963379
275.1 94.6359634399414
276.2 200.467864990234
277.2 51131.85546875
278.2 9703.6826171875
279.0 11.0581207275391
279.1 483.299102783203
279.2 371.430999755859
280.1 14.2936134338379
294.8 11.7755250930786
295.2 19.1541519165039
296.9 29.2471084594727
297.1 69.2732391357422
297.2 48.8453559875488
324.9 23.7371654510498
366.1 113.260643005371
366.2 67.0787582397461
367.2 24.8373775482178
