#"+EI Scan (rt: 9.791-9.885 min, 17 scans) CM1-3-5.D  Subtract "
#Point,X(Thompsons),Y(Counts)
40.1 175.024169921875
41.1 4877.1318359375
42.0 3982.294921875
42.9 136.299240112305
43.0 492.128662109375
44.0 129.420822143555
44.0 1150.466796875
45.1 9.22354888916016
49.8 10.8139123916626
49.9 98.0444641113281
50.0 128.618576049805
51.0 902.348022460938
51.8 24.5807991027832
52.0 172.252334594727
52.1 72.147331237793
52.9 168.473709106445
53.1 206.581420898438
54.0 311.843811035156
54.1 170.732955932617
55.0 921.0869140625
55.8 10.625280380249
56.0 759.208984375
56.9 43.612678527832
57.0 517.324768066406
57.1 36.362865447998
58.9 81.8675994873047
61.9 15.339714050293
62.0 47.4366149902344
62.1 9.21641731262207
62.9 305.156585693359
63.0 230.305282592773
63.8 43.8418884277344
64.0 195.396591186523
64.9 36.3314437866211
65.0 1852.47900390625
66.0 346.892456054688
66.1 34.2329330444336
66.9 198.839660644531
67.0 626.410461425781
67.9 118.340103149414
68.1 1163.65844726563
68.2 78.7862548828125
69.0 18246.767578125
69.9 10.4293241500854
70.1 2218.02172851563
71.0 163.355331420898
71.1 15.7620525360107
72.9 13.6713981628418
73.0 51.9356155395508
73.9 15.1350317001343
74.0 63.0136299133301
74.2 19.6882076263428
74.9 144.467849731445
75.1 77.5022735595703
75.9 65.8662414550781
76.0 76.2720718383789
76.1 176.560180664063
76.2 18.9800910949707
77.0 5891.677734375
78.0 1317.84509277344
78.1 12.1106262207031
79.0 1997.24072265625
79.9 34.6118850708008
80.0 355.068695068359
80.1 93.2726058959961
80.9 91.4043273925781
81.1 241.677825927734
81.9 124.110382080078
82.0 745.73388671875
82.9 30.58371925354
83.0 118.193252563477
83.1 83.1416625976563
83.7 9.74791717529297
83.9 85.1991729736328
84.0 277.518402099609
84.1 31.1119232177734
85.0 12.0975961685181
87.1 11.7986793518066
88.8 48.3043365478516
89.0 304.716552734375
89.1 139.129760742188
89.7 22.8438396453857
90.0 204.447174072266
90.1 102.167694091797
91.0 6689.26220703125
92.0 372.0234375
92.1 560.65087890625
93.0 621.687377929688
93.0 880.015869140625
94.0 1135.88916015625
94.2 29.2664489746094
94.9 135.415664672852
95.0 515.511535644531
96.1 5387.65966796875
96.9 12.5010919570923
97.0 89.3316879272461
97.1 494.601287841797
97.9 124.381950378418
98.0 271.446319580078
98.1 100.695129394531
100.0 9.03568840026855
101.7 10.3089218139648
102.0 143.700805664063
102.1 140.471328735352
102.9 120.339683532715
103.0 2114.0068359375
104.1 3173.64404296875
105.0 7144.75244140625
106.0 130.261108398438
106.0 1012.84533691406
106.8 15.552357673645
107.0 40.1864356994629
107.1 13.8406753540039
107.8 21.4013328552246
108.0 54.9188537597656
108.9 27.9439067840576
109.0 38.4355545043945
110.0 24.0361003875732
110.1 18.2937049865723
111.0 12.7748651504517
111.1 24.4813480377197
112.0 11.6528387069702
113.1 9.4964542388916
114.9 173.282043457031
115.0 403.874328613281
115.9 140.298919677734
116.1 128.772964477539
116.2 12.6652698516846
116.8 25.4166564941406
117.0 471.518859863281
117.1 932.911376953125
117.2 30.0160617828369
117.9 107.892349243164
118.1 2310.13623046875
119.0 217.737075805664
119.1 501.77734375
120.0 149.962799072266
120.1 181.22265625
121.0 11.232572555542
123.1 12.1274452209473
127.1 37.5104751586914
127.8 10.2330484390259
128.0 165.728927612305
128.1 89.412353515625
128.8 57.4173164367676
129.0 113.825950622559
129.1 44.7619781494141
129.3 20.1364936828613
130.1 3727.953125
131.0 107.856300354004
131.1 1960.06567382813
131.9 38.5620040893555
132.1 3878.49267578125
132.2 46.7109184265137
132.8 15.781418800354
133.0 253.095672607422
133.1 383.636535644531
133.8 20.1714248657227
134.0 308.225616455078
134.9 11.1407470703125
135.0 12.6423921585083
135.2 12.3614149093628
136.9 159.52116394043
137.8 9.57176303863525
138.9 87.6846542358398
139.0 111.939239501953
139.1 99.8480453491211
140.0 10.0106639862061
141.0 9.48609638214111
142.0 18.7748851776123
142.8 13.1469049453735
142.9 50.5482406616211
143.1 139.91633605957
143.2 21.78147315979
143.9 38.0661239624023
144.1 1003.666015625
145.0 152.571517944336
145.1 436.223693847656
146.1 13882.533203125
147.0 97.04150390625
147.1 1546.1767578125
148.0 237.096771240234
148.2 76.1059951782227
152.1 55.0078811645508
154.9 12.8083257675171
155.0 29.2677745819092
155.9 27.2394485473633
156.1 94.6577224731445
156.2 39.0433235168457
156.9 11.5233469009399
157.0 98.5665969848633
157.1 11.815016746521
158.0 619.759155273438
158.1 1183.52673339844
158.9 32.9213447570801
159.0 771.428771972656
160.0 459.199920654297
160.1 530.483459472656
160.9 124.761428833008
161.1 379.340911865234
161.8 28.1657047271729
162.0 152.58349609375
162.1 102.736892700195
163.0 10.4790945053101
164.9 11.5015687942505
168.1 37.4765129089355
169.9 14.4746532440186
170.0 10.7805366516113
171.9 106.359817504883
172.0 101.133270263672
172.2 39.0402526855469
172.9 16.5080738067627
173.0 127.259101867676
173.2 38.1171607971191
174.0 9.07830047607422
174.1 23.5206756591797
175.2 21.1583404541016
180.0 9.39954376220703
182.0 35.4037933349609
182.1 11.0537614822388
183.9 142.289642333984
184.1 451.711517333984
184.2 39.8488311767578
184.9 69.2440490722656
185.0 304.496215820313
185.2 34.5845260620117
186.0 111.979766845703
186.1 1081.474609375
186.2 19.6606502532959
187.0 505.589782714844
187.1 678.038513183594
187.2 23.4921398162842
188.0 193.947387695313
188.1 1194.96081542969
188.2 19.9489097595215
189.1 14810.0576171875
190.0 131.67268371582
190.1 1906.90161132813
191.0 131.491760253906
194.9 11.593710899353
197.9 21.8028316497803
198.0 21.9982147216797
198.8 10.5358047485352
200.0 15.6072769165039
207.0 9.55923843383789
207.1 1.79032051563263
210.9 49.5208168029785
212.0 19.063346862793
212.1 10.8758316040039
212.9 19.4823188781738
213.1 9.27722930908203
214.1 3380.60302734375
215.1 645.686584472656
215.8 13.2392015457153
216.1 80.0522994995117
218.7 26.8640174865723
218.9 50.2667236328125
223.0 9.16507720947266
228.1 76.2511596679688
228.2 64.3876953125
229.0 22.0729579925537
229.2 20.1951122283936
233.0 55.3359680175781
236.9 16.1473159790039
237.9 10.0781669616699
238.0 9.33667945861816
238.9 9.76758193969727
241.1 32.3941993713379
255.0 9.1975154876709
255.1 32.5179557800293
255.9 10.9747438430786
256.0 37.0867195129395
256.2 97.8397445678711
257.2 29285.119140625
258.2 5330.1904296875
258.9 40.2939643859863
259.0 64.2086791992188
259.2 406.920684814453
259.3 73.5744934082031
277.3 11.5550422668457
279.1 227.390472412109
279.2 123.726272583008
280.1 20.2983570098877
280.3 15.3799419403076
293.0 5.32012605667114
346.2 22.5590782165527
346.3 35.1766166687012
