#"+EI Scan (rt: 9.791-9.885 min, 17 scans) CM1-3-1.D  Subtract "
#Point,X(Thompsons),Y(Counts)
40.1 218.822570800781
40.2 93.5642013549805
41.1 5800.32763671875
42.1 4953.6181640625
42.9 89.4732208251953
43.0 739.052856445313
43.9 41.7198333740234
44.0 1365.96398925781
45.1 10.0141773223877
49.8 30.275369644165
50.0 242.901794433594
51.0 1107.42980957031
51.9 73.4954299926758
52.0 240.950073242188
52.8 24.9704742431641
53.0 423.955749511719
53.9 50.8327865600586
54.0 379.635986328125
54.1 120.978889465332
54.8 15.6002931594849
55.0 1018.46667480469
55.9 24.7059001922607
56.0 983.179565429688
57.0 548.333435058594
57.1 103.486671447754
57.9 9.75400447845459
58.1 29.709342956543
58.9 25.7072601318359
59.1 34.0040664672852
61.8 15.898211479187
62.0 99.2181549072266
62.1 30.2790374755859
62.9 270.272644042969
63.1 289.253723144531
63.2 16.6830615997314
63.8 23.1246032714844
64.0 254.995178222656
64.2 44.2438774108887
65.0 2219.990234375
65.9 138.275329589844
66.0 237.07014465332
66.1 28.5004634857178
66.9 127.052589416504
67.0 886.221435546875
68.0 96.7177734375
68.1 1454.11474609375
69.0 22150.83984375
69.9 34.4688758850098
70.0 2661.2294921875
70.9 39.6815757751465
71.1 252.230239868164
72.9 66.0575561523438
73.1 3.50392436981201
73.8 46.3915176391602
73.9 36.4772262573242
74.1 35.9105834960938
74.8 22.0336456298828
75.0 133.160308837891
75.9 83.4214019775391
76.1 112.920455932617
76.1 172.610961914063
77.0 7141.37548828125
77.9 111.228172302246
78.0 1345.44689941406
79.0 1421.35424804688
79.1 1083.21130371094
79.9 57.7940368652344
80.0 332.515869140625
80.1 223.265045166016
80.8 26.376953125
81.0 190.541229248047
81.1 81.5494918823242
82.0 753.970520019531
82.1 362.948486328125
82.9 54.1632423400879
83.0 156.732238769531
83.1 42.4947242736816
84.0 204.208084106445
84.1 198.167892456055
84.2 64.1979370117188
85.0 31.6053104400635
85.2 13.2887115478516
88.9 357.812164306641
89.1 283.217132568359
90.0 407.628326416016
90.2 29.3382472991943
91.0 7647.44384765625
92.0 438.383575439453
92.1 633.73388671875
93.0 1774.90502929688
94.0 1284.26257324219
94.2 20.9958305358887
94.9 81.513801574707
95.0 553.118713378906
95.1 209.227447509766
96.1 6377.19140625
96.9 129.668334960938
97.0 530.252319335938
97.2 128.896072387695
98.0 263.971099853516
98.1 369.314880371094
99.1 30.9217491149902
100.9 14.1531200408936
101.9 19.2589130401611
102.0 278.000793457031
102.1 39.0320816040039
102.9 48.9069404602051
103.0 2322.93603515625
103.1 91.7866058349609
104.0 3623.80737304688
105.1 8565.3994140625
105.9 129.183441162109
106.1 1182.61877441406
106.2 28.3587703704834
106.9 27.396656036377
107.0 127.333923339844
107.2 15.5760889053345
108.0 50.7605857849121
108.2 10.908953666687
108.8 9.21734619140625
108.9 25.3691444396973
109.0 88.3827362060547
109.9 14.2432050704956
110.0 36.6700668334961
110.8 30.2761764526367
111.0 14.716157913208
111.9 45.0419731140137
115.0 410.143920898438
115.1 179.888931274414
115.8 28.8985557556152
116.0 193.269241333008
116.1 117.778854370117
117.0 1467.96801757813
117.1 55.5995559692383
117.9 32.4370918273926
118.0 2886.68383789063
118.9 53.1858901977539
119.0 397.511169433594
119.1 433.819091796875
119.9 66.5921249389648
120.1 347.184478759766
120.8 19.5322380065918
121.2 10.9697675704956
121.9 11.1467905044556
123.0 8.96836566925049
124.0 10.2891569137573
126.7 10.0916213989258
126.9 9.35984039306641
127.1 9.20845508575439
127.8 11.6690139770508
128.0 143.621948242188
128.1 74.110954284668
128.9 63.5818290710449
129.0 222.490966796875
130.0 4208.50390625
130.9 161.793899536133
131.0 2122.06225585938
131.9 47.920654296875
132.1 4241.55224609375
132.9 83.6455078125
133.1 695.408081054688
134.0 163.935180664063
134.1 175.52668762207
134.2 110.362426757813
135.0 28.2221221923828
136.9 38.0952758789063
137.0 132.509490966797
138.0 9.62819290161133
139.0 147.93962097168
139.1 259.139892578125
140.0 25.0049686431885
140.7 12.0780448913574
140.9 10.1888198852539
141.1 33.372730255127
141.8 21.4523601531982
142.0 25.2406539916992
142.3 12.683934211731
142.8 41.8042907714844
142.9 99.3907852172852
143.1 185.39714050293
144.0 238.748901367188
144.1 1112.80859375
145.0 208.380233764648
145.1 467.648681640625
146.1 16378.025390625
147.0 389.078857421875
147.1 1467.0205078125
147.9 55.6745910644531
148.0 113.812942504883
148.2 88.9303283691406
149.0 36.2389602661133
152.0 14.7402105331421
152.1 11.6923704147339
152.9 11.1957197189331
154.0 41.5847473144531
155.1 45.7484397888184
155.2 15.4894771575928
156.0 105.565353393555
156.1 86.3459396362305
156.9 56.6118965148926
157.0 148.388671875
158.1 2321.29248046875
159.0 921.9140625
160.0 874.55810546875
160.1 394.293029785156
160.9 29.1795787811279
161.0 547.698547363281
162.0 191.354293823242
162.1 156.522644042969
162.8 9.51142692565918
163.0 21.0081577301025
165.0 11.268214225769
166.9 10.3822174072266
168.0 24.5712280273438
169.9 13.3839797973633
170.0 75.7748413085938
170.2 9.64293670654297
170.8 10.954249382019
171.9 14.9710340499878
172.1 134.493576049805
172.2 91.8134307861328
172.9 9.95617198944092
173.0 139.396667480469
173.1 76.7175445556641
174.0 34.8306655883789
175.0 29.5396118164063
182.0 30.104642868042
182.2 21.5903968811035
182.7 9.83188629150391
182.9 15.7548274993896
184.0 339.600341796875
184.1 239.030364990234
184.8 17.7804565429688
185.0 95.9939270019531
185.1 307.512939453125
186.1 815.149841308594
186.2 691.249938964844
186.9 34.7814292907715
187.0 395.710571289063
187.1 844.453796386719
188.0 306.801025390625
188.1 1441.49609375
189.1 17895.654296875
190.1 2678.31469726563
191.0 93.2410125732422
191.1 39.1334075927734
197.1 9.79726409912109
198.0 69.9992828369141
202.0 11.7116985321045
207.1 16.9590873718262
210.7 9.46134185791016
210.9 7.89203310012817
211.1 31.433235168457
211.8 4.02249097824097
212.0 9.57482528686523
213.1 22.6903972625732
213.2 9.56715869903564
214.0 67.0065765380859
214.1 3923.50146484375
214.2 53.0798263549805
215.0 513.15087890625
215.1 339.436065673828
215.8 9.10676860809326
215.9 1.46748447418213
216.0 33.4076690673828
216.8 23.4120101928711
217.0 9.07034492492676
218.8 11.17005443573
227.9 13.3987855911255
228.1 126.727249145508
228.3 46.8610992431641
229.0 31.1555099487305
229.2 13.8710908889771
232.9 76.5838317871094
233.0 13.376522064209
234.0 10.5524959564209
236.9 31.8359146118164
238.0 14.9987392425537
238.2 22.0073852539063
239.1 9.95383071899414
240.9 10.0908889770508
241.1 23.1242790222168
251.2 9.16528606414795
255.0 17.6606159210205
255.3 22.7542266845703
256.0 44.676155090332
256.1 76.4932250976563
257.2 34280.421875
258.2 6155.43115234375
259.0 43.2834358215332
259.2 535.564147949219
277.1 10.842227935791
279.1 165.720031738281
279.2 163.139404296875
279.4 16.5703239440918
280.0 9.87877559661865
280.2 42.9788665771484
292.7 6.16858816146851
292.9 20.734058380127
293.1 10.7019443511963
346.2 57.3491477966309
347.0 9.17048835754395
