#"+EI Scan (rt: 9.791-9.890 min, 18 scans) CM1-3-2.D  Subtract "
#Point,X(Thompsons),Y(Counts)
40.1 228.280059814453
41.1 4747.54931640625
42.1 3987.57275390625
42.9 158.621170043945
43.0 457.032348632813
44.0 632.780578613281
44.1 448.908843994141
44.9 11.7679996490479
49.9 107.129684448242
50.0 88.3781890869141
51.0 754.912231445313
51.1 185.375762939453
51.9 113.232086181641
52.0 113.77205657959
52.1 36.2022018432617
52.9 144.035110473633
53.0 235.865173339844
53.2 16.7604103088379
53.9 228.469451904297
54.1 184.553298950195
54.9 30.738618850708
55.0 484.385864257813
55.1 293.46044921875
56.0 155.937286376953
56.1 628.868041992188
57.0 307.483428955078
57.1 294.746948242188
58.1 11.9080276489258
58.9 85.2024383544922
60.9 11.0289793014526
61.8 28.4070796966553
61.9 17.38498878479
62.1 13.524600982666
62.9 159.522277832031
63.0 324.590484619141
63.8 45.0650901794434
64.0 142.352188110352
64.1 72.4398727416992
64.9 34.6789932250977
65.0 1848.3828125
65.8 10.3746032714844
66.0 76.5743026733398
66.1 297.453948974609
66.8 49.9325561523438
67.0 695.835205078125
67.1 144.796691894531
68.0 335.976196289063
68.1 1019.34722900391
69.0 18165.669921875
69.9 37.8368797302246
70.1 2211.24951171875
70.9 104.136962890625
71.1 125.737930297852
73.0 53.4656448364258
73.1 14.6359443664551
74.0 93.5805587768555
74.9 82.3682861328125
75.0 58.1388816833496
75.1 9.89865684509277
75.8 46.8270797729492
76.0 170.461349487305
76.1 66.1110458374023
77.0 5884.134765625
78.0 1101.67248535156
78.1 212.819854736328
78.9 22.0740070343018
79.0 1925.36303710938
79.9 63.2431449890137
80.0 459.768890380859
80.8 31.5319938659668
81.0 213.827987670898
81.1 20.4873008728027
81.8 10.9220991134644
81.9 10.8790979385376
82.0 835.785095214844
82.9 12.6865873336792
83.0 138.554382324219
83.2 87.0300827026367
83.9 118.900230407715
84.1 294.690368652344
88.8 17.2387313842773
89.0 205.504165649414
89.1 240.753036499023
89.9 79.0958938598633
90.0 250.996963500977
90.2 29.2191772460938
91.0 88.3662872314453
91.0 6604.5927734375
92.0 262.183959960938
92.1 694.736328125
93.0 448.701232910156
93.1 918.220458984375
94.0 898.401611328125
94.1 313.612213134766
94.9 26.6998729705811
95.1 659.916809082031
96.1 5344.44970703125
96.9 14.8617143630981
97.0 565.665771484375
97.2 14.5930938720703
98.0 322.010650634766
98.2 132.309371948242
101.8 35.4644165039063
101.9 208.777328491211
102.1 67.9497756958008
103.0 900.300048828125
103.1 1155.10864257813
103.9 127.097618103027
104.0 3192.39135742188
104.9 81.1319351196289
105.1 7155.189453125
105.9 163.79963684082
106.0 996.654968261719
106.1 120.111480712891
106.9 37.3996047973633
107.0 34.2459144592285
107.2 35.4731597900391
107.9 8.38344764709473
108.1 39.0419578552246
108.9 28.0734329223633
109.0 31.214204788208
110.0 10.9933643341064
110.2 19.3091812133789
110.9 11.2504692077637
111.0 24.2122707366943
111.9 32.2157745361328
114.7 9.17153644561768
114.9 117.572479248047
115.0 368.302001953125
115.1 76.5419082641602
115.8 49.1098785400391
116.0 255.390838623047
116.1 19.4002094268799
116.8 28.9607067108154
116.9 19.9051246643066
117.0 1261.29211425781
117.1 133.393341064453
118.0 2043.078125
118.1 408.422760009766
118.9 385.355346679688
119.1 300.688842773438
119.8 30.95192527771
120.0 220.711624145508
120.1 124.934516906738
120.8 21.5583019256592
121.0 11.906925201416
126.9 57.4200859069824
127.8 52.7056427001953
128.0 167.813354492188
128.1 24.8548679351807
128.9 57.4240989685059
129.0 119.948310852051
129.3 14.2856101989746
130.0 3624.21337890625
130.9 122.209648132324
131.1 1877.10681152344
132.1 3702.6015625
132.2 67.6569747924805
132.8 15.445366859436
133.0 742.504821777344
133.8 16.0190372467041
133.9 47.981761932373
134.0 216.297164916992
134.1 74.2302932739258
136.0 25.8385238647461
137.0 221.949584960938
137.1 46.2970848083496
137.8 17.8410968780518
137.9 10.0150518417358
138.1 20.5728549957275
138.7 11.8550081253052
138.9 83.3932342529297
139.0 154.772399902344
139.1 122.372367858887
141.0 23.2398891448975
141.1 7.31921100616455
141.8 19.3585109710693
142.0 42.0986557006836
142.2 9.79564571380615
142.9 22.22802734375
143.0 204.597244262695
143.1 24.0776710510254
143.8 23.4408340454102
144.0 62.8502807617188
144.0 1083.20556640625
145.0 169.231384277344
145.1 305.085906982422
145.2 144.367156982422
146.1 14069.6611328125
147.1 1180.94787597656
147.1 555.049377441406
147.9 68.4628295898438
148.0 120.41902923584
148.1 206.339004516602
149.1 13.7450075149536
152.1 11.0279359817505
154.0 22.2795715332031
154.1 9.27378845214844
154.9 40.9780082702637
155.9 55.0022125244141
156.0 57.4947357177734
156.1 85.0172882080078
156.9 46.2215728759766
157.0 85.8557510375977
157.2 11.1182403564453
157.9 72.9089050292969
158.1 2020.81079101563
158.2 39.4442520141602
158.9 170.885543823242
159.1 654.376708984375
160.0 232.614883422852
160.1 807.923583984375
160.2 39.6520156860352
161.0 208.184371948242
161.1 269.191009521484
161.2 43.8662414550781
161.9 73.649528503418
162.1 223.371551513672
162.2 10.881275177002
163.0 20.9681911468506
168.1 8.64874458312988
168.9 9.82752323150635
169.9 14.5268058776855
170.0 17.7006740570068
171.9 80.3082962036133
172.0 95.1943130493164
172.1 69.7111053466797
172.9 46.7051811218262
173.0 12.9760646820068
173.1 118.286781311035
173.2 14.7254114151001
174.1 19.6738052368164
181.9 31.1808300018311
182.9 9.32386207580566
183.9 46.0899314880371
184.1 451.917266845703
184.2 46.4331817626953
184.3 9.41188716888428
184.8 8.67306613922119
184.9 38.6809539794922
185.0 247.971405029297
185.1 131.863128662109
186.0 31.3461608886719
186.1 1114.52697753906
186.2 81.0619049072266
187.0 16.7817916870117
187.1 662.952880859375
187.2 414.086059570313
187.9 26.3719120025635
188.0 81.519287109375
188.1 1332.32006835938
189.1 15736.8837890625
190.1 2144.17602539063
190.9 18.4040260314941
191.0 30.0067443847656
191.1 76.5746765136719
191.1 33.4775581359863
196.9 10.0439739227295
197.0 8.52125549316406
197.2 10.804482460022
198.1 10.9793186187744
199.9 9.30603313446045
207.0 18.9370460510254
207.1 21.6030731201172
211.0 2.97159576416016
211.1 56.0933494567871
211.9 9.42950057983398
212.1 37.6981811523438
214.0 49.9928741455078
214.1 3516.21142578125
214.2 43.8917007446289
215.0 669.289184570313
215.1 50.7250175476074
215.8 14.8091726303101
215.9 29.2260818481445
216.1 23.071268081665
218.7 15.4944181442261
218.9 53.2737693786621
227.1 11.3719711303711
228.0 43.2071800231934
228.1 51.7702865600586
228.2 24.1250381469727
228.4 15.8936958312988
228.9 29.1937789916992
229.0 40.0755805969238
229.2 10.3201274871826
230.9 9.15279197692871
232.8 29.2558403015137
233.0 68.6804656982422
236.9 15.9021835327148
237.0 53.2886276245117
241.0 10.5767784118652
241.1 10.0809049606323
255.1 21.6570644378662
255.2 47.7572784423828
256.0 14.2607574462891
256.1 105.397048950195
256.2 14.1823205947876
257.2 30742.041015625
258.1 487.886505126953
258.2 4930.263671875
258.9 12.2429866790771
259.1 531.73974609375
259.2 32.6137313842773
277.3 10.4588451385498
279.0 181.471252441406
279.2 196.672546386719
280.0 21.1648864746094
280.2 34.8627624511719
280.3 8.74239730834961
292.8 11.9858684539795
292.9 6.11174964904785
293.1 7.32381057739258
346.1 11.2055931091309
346.3 25.5256423950195
346.4 11.2732534408569
347.1 21.2747116088867
