#"+EI Scan (rt: 7.914-7.996 min, 15 scans) CM1-4-5.D  Subtract "
#Point,X(Thompsons),Y(Counts)
40.1 81.2784042358398
41.0 3404.70483398438
42.1 8934.634765625
43.0 1221.56787109375
44.0 1006.66937255859
44.1 1045.21337890625
44.9 10.5436811447144
49.9 47.7945098876953
50.0 297.931304931641
50.1 56.3713874816895
51.0 1407.70275878906
51.9 97.3404769897461
52.0 259.216613769531
52.1 25.1185302734375
52.9 76.8507995605469
53.0 531.311645507813
53.9 208.133651733398
54.1 294.662445068359
54.9 35.4753913879395
55.0 1318.26623535156
55.1 835.111511230469
56.0 1410.01623535156
56.9 131.401473999023
57.0 11325.5302734375
58.0 194.572540283203
58.1 743.961120605469
58.8 55.5217247009277
58.9 83.6584777832031
59.2 11.2186241149902
60.8 11.0568132400513
61.8 12.162896156311
61.9 61.1659889221191
62.0 157.936828613281
62.9 61.0154914855957
63.0 674.870239257813
63.9 100.784065246582
64.0 342.192504882813
65.0 3200.36669921875
65.8 18.6835308074951
66.0 163.614883422852
66.0 514.249755859375
66.9 54.2209854125977
67.0 934.433532714844
68.0 745.305236816406
68.1 997.777648925781
69.1 1875.3515625
69.9 20.109619140625
70.0 343.154174804688
70.1 1096.00964355469
70.9 17.3783168792725
71.0 350.358245849609
72.0 14.2184400558472
72.9 47.4005317687988
73.1 8.27616691589355
73.9 14.7929182052612
74.0 142.942153930664
74.8 30.6463031768799
75.0 96.5074234008789
75.1 36.8545722961426
75.8 22.2918701171875
75.9 203.552871704102
76.0 189.528701782227
76.2 150.551116943359
77.0 9490.53515625
78.0 2098.78857421875
79.0 3575.46484375
80.0 278.110870361328
80.1 421.156097412109
80.8 19.7285919189453
81.0 1618.41784667969
82.0 423.158264160156
82.1 919.148803710938
83.0 449.054321289063
83.2 29.8875770568848
84.1 1356.17211914063
85.0 61.6769142150879
85.1 48.1923370361328
86.0 65.4396896362305
88.2 23.7348861694336
88.9 495.802703857422
89.1 120.664596557617
90.0 279.640075683594
90.1 238.841751098633
90.2 96.4734115600586
91.0 13421.8251953125
92.0 1194.826171875
92.1 641.607055664063
93.0 3519.50537109375
94.0 1802.64672851563
94.1 147.252227783203
95.0 311.958892822266
95.1 146.89631652832
95.2 36.4249038696289
95.4 16.2063446044922
95.9 40.5102348327637
96.1 1717.71264648438
96.7 12.5393466949463
96.9 45.4982261657715
97.0 141.193389892578
97.2 47.3513946533203
98.0 180.461532592773
98.1 415.317321777344
101.0 16.7508964538574
101.3 10.1906461715698
101.5 17.3302898406982
101.9 138.35090637207
102.0 169.086120605469
102.1 113.752769470215
102.2 13.8390645980835
102.9 32.0396423339844
103.0 3258.9580078125
104.0 4857.4326171875
105.0 10692.720703125
106.0 2445.48486328125
106.8 11.3044557571411
106.9 84.268196105957
107.1 168.23860168457
108.0 425.002288818359
108.1 424.665313720703
108.8 12.3961935043335
109.0 336.409301757813
109.1 391.44189453125
110.1 6542.767578125
111.0 448.281646728516
111.1 317.495941162109
111.9 85.9958953857422
112.1 400.878936767578
112.2 30.4941692352295
115.0 425.011810302734
115.1 183.891036987305
115.9 46.2903861999512
116.0 309.110443115234
117.0 1423.30163574219
117.1 543.062255859375
118.0 3264.259765625
118.8 17.8322811126709
119.0 1238.02233886719
119.9 108.754768371582
120.0 381.326934814453
120.1 130.883728027344
121.0 60.1070213317871
122.0 13.4193487167358
122.2 11.5628538131714
122.8 12.0499324798584
124.0 27.6218223571777
124.7 11.7652502059937
127.0 63.7471580505371
127.2 16.6617641448975
127.8 10.4996366500854
128.0 284.337463378906
128.2 29.9553871154785
128.9 25.1322574615479
129.0 150.292449951172
129.1 94.3349151611328
130.0 3767.1484375
131.0 2503.3193359375
132.0 6873.205078125
133.1 1296.94775390625
133.2 90.0884704589844
133.9 255.406387329102
134.1 472.005828857422
134.9 13.7008304595947
135.0 38.9483680725098
136.9 1.38851165771484
137.0 129.430480957031
137.1 24.3044662475586
141.0 24.4847984313965
141.1 33.933349609375
141.8 16.6271381378174
142.0 22.227445602417
142.1 40.5368232727051
142.9 35.2862396240234
143.1 225.009918212891
144.1 1489.12683105469
144.2 50.4138450622559
144.9 20.5462608337402
145.1 1208.66870117188
145.2 33.552116394043
146.1 2347.00708007813
146.9 57.1472129821777
147.0 202.283386230469
147.1 65.3012390136719
147.9 72.613525390625
148.0 191.646102905273
148.2 166.799942016602
148.9 27.6647891998291
149.1 391.580780029297
149.3 11.5432529449463
149.9 40.4447174072266
150.0 213.141952514648
150.1 159.201110839844
150.3 18.655330657959
151.0 24.0751037597656
152.9 87.5109710693359
153.1 248.237457275391
154.0 27.450309753418
154.1 40.7227401733398
154.9 11.6955556869507
155.0 23.9319095611572
155.9 51.8979339599609
156.1 146.510604858398
156.8 11.2255439758301
157.0 121.86009979248
157.2 77.3708038330078
157.9 36.8726081848145
158.1 572.995849609375
158.2 21.8208026885986
158.9 35.253547668457
159.1 802.001037597656
159.2 288.175201416016
160.1 12085.5625
161.0 77.8437957763672
161.1 1492.21313476563
161.2 25.5950717926025
162.0 144.847854614258
163.0 15.2307109832764
163.1 10.2819623947144
166.9 12.8365840911865
167.1 11.1747999191284
168.0 37.8426284790039
168.1 11.3485012054443
169.9 64.9844207763672
170.1 66.620964050293
171.1 81.0501327514648
172.0 625.133911132813
172.1 368.050994873047
173.0 72.9860076904297
173.1 176.71630859375
174.0 10.7735633850098
174.1 938.128723144531
174.9 61.7001075744629
175.1 14.2315320968628
175.4 14.9591817855835
181.0 10.7258262634277
183.8 24.664529800415
184.0 157.482009887695
184.1 95.4378433227539
184.9 12.5843839645386
185.1 70.8075485229492
186.0 106.796920776367
186.1 220.090194702148
186.9 46.3309555053711
187.0 76.6723709106445
187.1 150.751358032227
188.0 63.4773750305176
190.0 29.4853401184082
195.1 13.1730127334595
196.1 14.3232622146606
197.9 21.3357219696045
198.1 586.688049316406
198.8 39.4805335998535
199.0 107.488296508789
199.1 266.0439453125
199.3 20.3682384490967
200.1 1047.33032226563
200.2 280.402282714844
201.0 86.3881301879883
201.1 1009.41473388672
202.1 395.301361083984
202.1 1427.93334960938
203.1 691.881103515625
203.1 2607.69946289063
203.9 11.9558324813843
204.0 172.497467041016
204.1 294.125701904297
204.2 96.9436340332031
210.9 13.3995523452759
211.9 14.5032157897949
214.0 22.569694519043
214.2 21.3861026763916
214.9 31.1533660888672
215.0 139.890533447266
216.0 105.79712677002
216.1 4338.15380859375
217.1 694.053527832031
217.2 100.28296661377
218.1 83.5390777587891
218.9 5.75060367584229
219.0 23.6005058288574
228.8 11.2524967193604
229.2 10.2964544296265
229.9 58.842658996582
230.1 97.3199768066406
230.2 81.9772262573242
230.9 11.1199178695679
231.1 10.5346927642822
236.7 1.25679302215576
236.8 35.3633880615234
236.9 20.7830829620361
237.2 14.0695648193359
241.1 32.2499542236328
241.2 11.8315391540527
243.1 17.273868560791
255.9 22.2567729949951
256.2 15.6154890060425
256.8 10.0783605575562
257.0 59.3068923950195
257.2 157.566970825195
257.4 32.4270858764648
257.9 30.0971794128418
258.1 17.6679401397705
258.2 347.339477539063
259.2 55005.3515625
260.2 9491.494140625
261.1 152.745895385742
261.2 915.193725585938
262.4 12.6960248947144
293.1 40.0518226623535
293.2 49.6534461975098
348.1 56.364143371582
348.2 61.4376220703125
349.3 12.5625219345093
