#"+EI Scan (rt: 8.649-8.736 min, 16 scans) CM1-4-3.D  Subtract "
#Point,X(Thompsons),Y(Counts)
40.1 355.398040771484
41.1 11957.330078125
42.0 17610.005859375
43.1 27321.896484375
44.1 8690.5966796875
45.0 165.3447265625
45.1 65.3068466186523
49.9 135.48323059082
50.0 121.050765991211
50.1 445.344024658203
51.0 2890.873046875
52.0 216.943786621094
52.1 544.093078613281
52.9 236.387268066406
53.0 941.619323730469
54.0 404.169525146484
54.0 1126.47155761719
55.0 4033.5947265625
56.0 2847.9443359375
56.2 51.4426231384277
57.0 80.3019866943359
57.0 2077.36987304688
58.0 160.365844726563
58.1 172.955383300781
58.9 63.1464614868164
59.0 66.7684326171875
60.7 12.8572425842285
61.8 54.8316650390625
62.0 238.020126342773
62.1 71.0345153808594
63.0 1430.62841796875
63.8 15.1775379180908
64.0 722.622741699219
64.1 86.0558700561523
65.0 6156.0419921875
65.1 105.037963867188
66.0 871.658569335938
66.1 284.9736328125
67.0 2693.50805664063
68.0 4039.03076171875
69.0 3812.76831054688
70.1 6230.89990234375
71.1 15408.4013671875
71.8 12.974889755249
72.0 430.164947509766
72.1 357.699340820313
72.8 44.9445495605469
73.0 72.598388671875
73.2 32.5053787231445
73.8 39.733455657959
73.9 81.3893280029297
74.0 91.4329681396484
74.1 39.2767333984375
74.8 19.1675415039063
75.0 296.644958496094
75.1 77.2423400878906
75.9 23.2638053894043
76.0 485.79541015625
76.1 407.861450195313
77.0 19900.12109375
78.0 4221.6611328125
79.0 6302.25048828125
79.1 74.9539108276367
79.9 79.5279693603516
80.0 1479.62158203125
80.9 37.7667922973633
81.0 471.80859375
81.1 243.40071105957
81.9 57.436164855957
82.0 3278.74096679688
83.1 863.917541503906
83.9 28.6546859741211
84.1 1272.68664550781
84.9 74.3867340087891
85.1 109.024230957031
86.8 10.1930990219116
87.0 21.5814361572266
88.1 24.532600402832
88.8 52.318675994873
89.0 138.58381652832
89.1 1228.71240234375
90.0 238.411834716797
90.1 995.207397460938
91.0 27163.99609375
92.0 3893.39770507813
93.0 6129.93701171875
94.1 4054.87646484375
94.9 147.541137695313
95.0 1068.05102539063
95.1 1139.24206542969
96.1 14797.9365234375
97.0 2335.04370117188
98.0 193.115051269531
98.1 533.624145507813
99.0 25.5826168060303
99.1 11.2863397598267
99.2 9.40518474578857
99.9 33.0970230102539
100.0 32.6832580566406
100.1 45.4651107788086
100.9 36.4210090637207
101.0 72.5628356933594
101.1 106.661811828613
102.0 389.444946289063
102.1 392.288970947266
103.0 3072.22485351563
103.1 3351.03662109375
104.0 10179.3408203125
105.1 25178.970703125
105.9 72.6337356567383
106.0 4587.23876953125
106.8 9.71514511108398
107.0 242.857177734375
107.1 168.875793457031
107.2 23.502857208252
107.9 100.473320007324
108.0 207.993408203125
108.3 16.7383651733398
108.8 10.5447196960449
108.9 135.682373046875
109.1 59.7809600830078
109.9 36.7909164428711
110.0 34.0628395080566
110.1 47.6517486572266
110.9 38.3599319458008
111.0 75.4075164794922
111.1 67.0592498779297
112.0 65.9661407470703
112.8 9.92369556427002
113.0 83.7373199462891
113.1 14.8661079406738
114.1 21.6153411865234
114.3 30.5797901153564
115.0 377.945526123047
115.1 792.953369140625
115.9 131.782485961914
116.0 264.393585205078
116.1 271.750793457031
117.1 4265.5029296875
118.1 9836.912109375
118.9 70.9161682128906
119.0 3338.3720703125
120.0 104.862030029297
120.1 1460.96704101563
120.2 23.1253566741943
120.9 71.4862670898438
121.1 71.0215682983398
122.1 23.499568939209
123.1 15.7765445709229
126.9 57.1123886108398
127.0 11.0105381011963
127.1 85.1794891357422
127.8 79.9977416992188
127.9 107.24683380127
128.1 332.312927246094
128.9 105.961799621582
129.0 112.958930969238
129.1 283.165496826172
129.2 56.0877113342285
130.0 11092.294921875
131.1 6790.712890625
132.1 13195.2158203125
133.1 2218.56787109375
134.0 374.512512207031
134.1 959.974975585938
134.9 77.3779144287109
135.0 149.199813842773
135.2 17.6186103820801
136.8 17.940544128418
137.0 148.266387939453
138.0 11.5091333389282
138.2 12.0212488174438
138.9 19.6859645843506
139.0 345.134338378906
139.1 1076.4892578125
139.9 19.7796459197998
140.0 80.0104827880859
140.1 78.1416625976563
141.0 136.708526611328
141.0 74.8655471801758
142.0 98.8541870117188
142.1 72.175048828125
142.9 196.273254394531
143.1 330.973358154297
143.3 28.7272357940674
144.1 2140.67822265625
144.2 81.1255874633789
144.9 78.6213531494141
145.1 2104.67578125
146.1 52303.9453125
147.1 6306.59521484375
147.9 107.971076965332
148.1 793.616882324219
148.2 109.660995483398
149.1 64.9444122314453
152.9 22.5868301391602
153.9 40.5647811889648
154.1 101.163841247559
154.8 27.7908687591553
154.9 89.5101165771484
155.1 39.4152679443359
155.8 13.9260358810425
155.9 61.9494590759277
156.0 320.0537109375
156.1 81.9997787475586
156.9 132.022354125977
157.1 222.718811035156
157.3 28.4917411804199
158.1 2645.8271484375
159.1 1674.40881347656
159.2 125.175048828125
160.1 2914.82250976563
160.8 14.7241611480713
161.0 209.17204284668
161.1 282.963439941406
162.1 53.0663299560547
163.0 138.345825195313
163.1 420.398071289063
163.9 125.06982421875
164.0 429.701019287109
164.3 13.208797454834
165.0 47.5894622802734
165.1 29.2752285003662
166.1 10.7730674743652
166.8 10.7397165298462
167.2 13.4590349197388
167.9 13.6284637451172
169.1 25.2053813934326
169.8 14.3013324737549
170.0 105.218215942383
170.1 66.0486831665039
171.0 36.3273239135742
171.1 36.2981719970703
171.9 42.4777297973633
172.1 444.798065185547
172.9 91.6293487548828
173.1 514.139465332031
174.0 90.6837005615234
174.1 135.950500488281
174.8 10.5820341110229
175.0 22.3546028137207
175.2 15.0364751815796
180.0 10.9656639099121
181.0 10.5492649078369
182.0 53.8357772827148
182.1 76.6586456298828
182.4 12.2452068328857
182.7 13.7588548660278
183.1 35.6832275390625
183.2 32.0192565917969
183.9 57.1501655578613
184.1 1185.65490722656
185.0 155.450469970703
185.1 671.489379882813
186.1 3129.61352539063
187.0 127.197830200195
187.1 2710.80541992188
188.1 5484.27490234375
189.1 32196.224609375
190.1 4472.2958984375
191.1 333.089508056641
199.8 19.9056015014648
200.0 14.3255462646484
200.1 32.8097610473633
200.8 13.9359912872314
201.1 12.4159784317017
204.0 25.557991027832
210.8 27.3457584381104
211.0 1.5099573135376
211.1 35.9026412963867
213.9 12.2480430603027
214.1 68.7825927734375
214.2 21.9399242401123
214.9 127.878700256348
215.0 131.812911987305
216.1 5086.78955078125
217.0 307.075714111328
217.1 372.79052734375
217.2 196.514984130859
218.1 27.3225517272949
218.8 26.6131477355957
218.9 11.6543712615967
219.1 1.32620716094971
220.2 9.62907981872559
229.0 42.6414451599121
229.2 81.0568618774414
229.9 13.8519010543823
230.1 237.146575927734
230.2 222.306503295898
231.0 141.443603515625
231.2 60.9616470336914
232.2 13.8000822067261
232.7 15.3899326324463
232.9 65.1711349487305
233.0 35.5874137878418
236.7 16.9598369598389
236.8 0.831610679626465
236.9 64.7250518798828
237.1 14.371563911438
241.0 26.2663879394531
241.1 47.9750823974609
251.1 21.8745269775391
255.2 10.0706415176392
255.4 19.0385913848877
255.6 9.66837406158447
256.7 13.8640213012695
256.8 10.5915365219116
257.1 169.096252441406
257.2 78.6709594726563
257.3 48.4774360656738
257.4 20.8918552398682
257.6 27.4761333465576
257.7 26.7705383300781
258.0 46.7971725463867
258.2 538.17333984375
259.2 84436
260.2 15562.5986328125
261.0 58.7214775085449
261.2 1495.927734375
261.3 20.8948230743408
262.1 102.582336425781
278.9 11.3877725601196
279.0 27.1081981658936
279.1 78.4647445678711
279.2 108.96647644043
307.1 39.0001564025879
348.1 64.5851287841797
348.2 141.866226196289
349.0 30.3220291137695
349.3 26.2895584106445
