#"+EI Scan (rt: 9.884-9.978 min, 17 scans) CM1-4-2.D  Subtract "
#Point,X(Thompsons),Y(Counts)
40.1 262.665313720703
41.1 11087.6015625
42.1 12862.6376953125
43.0 2795.77026367188
44.1 6201.8369140625
44.9 28.1164798736572
45.1 168.490768432617
49.0 9.09910297393799
49.8 31.7725505828857
49.9 297.4501953125
50.0 276.9912109375
51.0 2056.97778320313
51.9 40.5647277832031
52.0 627.119995117188
52.9 50.2177925109863
53.0 852.711853027344
53.1 185.960906982422
54.0 1137.78747558594
55.0 5185.16943359375
56.0 573.656005859375
56.1 2105.74462890625
57.1 20148.84765625
57.9 13.0372629165649
58.1 1105.05212402344
58.9 31.8232803344727
59.0 8.35192108154297
59.2 8.96105289459229
60.9 24.6033535003662
61.0 57.4726867675781
61.9 85.3323287963867
62.0 153.523742675781
62.2 10.6423645019531
63.0 1091.41796875
63.8 10.0533294677734
64.0 329.104034423828
64.1 269.015777587891
65.0 4705.89013671875
65.9 147.478881835938
66.0 784.210876464844
66.2 23.2634029388428
67.0 2108.00610351563
67.9 175.832778930664
68.0 3051.447265625
69.0 1229.69006347656
69.1 1650.82629394531
70.1 5142.88818359375
70.1 159.921310424805
71.0 227.122695922852
71.1 303.807281494141
71.9 22.7907543182373
72.9 34.8762550354004
73.0 65.9020690917969
73.1 11.0498428344727
73.8 24.0832099914551
74.0 168.354431152344
74.2 9.30416393280029
74.8 60.0854377746582
75.0 193.940475463867
75.2 32.8471069335938
75.8 53.4077758789063
76.0 354.349456787109
76.1 371.049835205078
76.3 15.6521034240723
77.0 14538.61328125
78.0 3251.9775390625
79.0 5099.26953125
80.0 1276.30383300781
80.9 149.962997436523
81.0 443.360595703125
82.0 2738.51318359375
83.0 664.759399414063
83.1 281.477813720703
83.2 32.282657623291
84.0 295.434875488281
84.1 1112.83984375
84.2 13.2603101730347
85.1 8170.38037109375
85.9 56.087890625
86.0 486.776031494141
86.2 19.7207851409912
86.8 17.7310562133789
87.0 11.6396608352661
88.9 284.341064453125
89.0 782.6298828125
89.1 84.4463195800781
89.9 135.333129882813
90.1 834.198669433594
91.0 22228.513671875
92.0 1748.59252929688
92.1 1591.77478027344
93.1 6023.8876953125
94.1 3550.95434570313
94.8 18.0129852294922
95.0 1454.591796875
95.1 718.477111816406
95.2 26.8822002410889
96.1 12659.9482421875
97.0 326.925079345703
97.1 1960.88537597656
97.9 67.4273452758789
98.0 698.786987304688
98.2 34.5006103515625
98.9 11.152720451355
100.9 13.6952819824219
101.0 146.67497253418
101.2 90.319953918457
101.9 37.3615493774414
102.0 454.807891845703
102.1 100.758239746094
103.0 5204.2626953125
104.0 7893.94775390625
105.1 20924.33203125
106.0 3851.35205078125
107.0 282.713684082031
107.1 131.317520141602
107.9 39.8519515991211
108.1 198.514511108398
109.0 95.7353897094727
109.1 12.5246572494507
110.0 20.2259311676025
110.1 30.7393646240234
110.9 12.9188280105591
111.0 64.2362289428711
111.1 141.806030273438
112.0 102.598793029785
112.2 16.9515113830566
112.9 35.8078536987305
113.1 26.0183067321777
113.2 12.0363340377808
114.0 47.1648178100586
114.1 38.9099311828613
114.3 32.3742141723633
114.8 17.8340263366699
114.9 22.9469928741455
115.0 762.020690917969
115.2 83.1603012084961
115.9 138.393112182617
116.0 354.268524169922
116.2 104.977470397949
116.9 48.3333969116211
117.0 3432.15649414063
118.1 7541.88134765625
119.0 3147.62573242188
119.9 44.7007255554199
120.0 1574.49353027344
120.9 10.7319087982178
121.1 127.889472961426
121.8 21.5936374664307
122.0 10.3977060317993
122.1 9.39977169036865
126.8 11.00572681427
126.9 46.6450805664063
127.1 51.7815322875977
127.6 17.9053115844727
127.8 93.0134353637695
127.9 260.724884033203
128.1 80.4461517333984
128.9 110.58349609375
129.1 295.936065673828
129.2 154.654556274414
130.1 9159.8876953125
131.1 5865.12353515625
132.1 10483.8076171875
132.9 22.0356407165527
133.0 269.000030517578
133.1 1500.99035644531
134.1 1211.74670410156
134.9 29.790319442749
135.0 331.894744873047
135.1 191.438659667969
135.9 11.5334091186523
136.0 32.8487434387207
136.2 48.3799209594727
136.3 9.67490577697754
136.8 27.9013442993164
136.9 132.506408691406
137.0 70.5537948608398
137.6 12.1912269592285
137.8 10.2792701721191
138.9 16.4052028656006
139.0 821.373657226563
139.1 740.887023925781
140.0 143.395950317383
140.1 70.6061401367188
140.8 8.99864101409912
141.0 101.52352142334
141.2 31.8346099853516
142.0 10.8982057571411
142.1 124.062057495117
142.8 29.010425567627
143.0 334.081634521484
143.1 67.8677368164063
144.0 510.443084716797
144.1 1439.07299804688
144.9 40.4284439086914
145.1 531.119995117188
145.2 1105.09680175781
145.3 26.356029510498
146.1 39479.90234375
147.0 168.509002685547
147.1 4489.16162109375
147.9 12.5137071609497
148.0 355.818328857422
148.1 541.858947753906
149.1 45.2254295349121
153.0 11.6906051635742
154.0 45.6267318725586
154.1 30.035400390625
154.9 28.1917152404785
155.1 106.115173339844
155.9 77.0476150512695
156.0 251.298690795898
156.1 55.0079498291016
156.7 16.1848926544189
156.9 87.9318695068359
157.0 160.46110534668
157.2 50.1857109069824
158.0 1650.44116210938
158.1 377.845550537109
158.9 93.5939636230469
159.0 1580.12170410156
160.1 2932.63500976563
161.1 459.927886962891
165.1 12.8915128707886
167.0 11.6134824752808
167.9 28.963005065918
168.0 48.5735664367676
168.8 11.1796236038208
169.9 117.41983795166
170.1 34.0211219787598
170.8 16.9641914367676
171.0 53.102840423584
171.9 30.3810176849365
172.0 125.324493408203
172.1 229.466796875
172.3 14.5236921310425
172.9 25.8425788879395
173.1 529.374633789063
173.2 21.5910949707031
173.9 32.3133583068848
174.1 46.6826858520508
174.9 24.0806369781494
175.1 45.8554649353027
176.2 16.336877822876
177.0 201.627532958984
177.1 184.285278320313
178.1 379.843780517578
179.2 9.53909015655518
181.0 9.34981250762939
182.0 52.2412376403809
182.1 49.4656257629395
182.2 24.1562099456787
183.0 24.6452217102051
183.2 11.6068124771118
184.0 637.219665527344
184.1 420.846435546875
184.9 55.2657203674316
185.1 694.373352050781
185.3 21.8101253509521
186.1 2973.1650390625
187.0 238.819107055664
187.1 2479.68212890625
188.1 5279.70947265625
189.1 26138.263671875
189.9 31.5797119140625
190.1 3568.59155273438
191.0 245.678085327148
196.1 10.6468629837036
198.9 11.7294483184814
200.0 47.7000312805176
200.1 42.9214668273926
200.9 10.7921600341797
201.0 21.6002426147461
206.9 10.3873920440674
207.9 11.0232982635498
208.9 9.24402904510498
210.8 31.8093185424805
211.0 31.033317565918
212.9 9.31124591827393
214.9 78.8897018432617
215.1 102.007759094238
216.0 31.0347461700439
217.1 24.9836139678955
218.9 21.6724281311035
227.0 8.91732215881348
227.9 9.71331882476807
228.1 9.70069789886475
228.2 10.7647142410278
228.9 10.7464275360107
229.2 66.0421371459961
229.8 18.9788360595703
229.9 28.0520553588867
230.1 1994.8740234375
230.2 742.72412109375
231.0 41.5410957336426
231.1 741.137329101563
231.9 11.785192489624
232.0 22.9291172027588
232.2 36.6958503723145
232.8 30.9380168914795
236.9 31.849235534668
242.9 12.6170167922974
243.0 13.1555519104004
244.0 41.6345481872559
244.1 261.004089355469
244.2 62.417423248291
245.1 39.1037292480469
251.2 37.351692199707
255.0 13.0299263000488
255.1 13.0999412536621
257.2 30.7182903289795
269.3 11.6663637161255
270.5 9.85725879669189
270.9 9.89519023895264
271.1 125.58309173584
271.2 26.8140239715576
271.3 57.6484680175781
271.5 16.8357696533203
271.7 12.589524269104
271.8 52.685245513916
272.1 104.383110046387
272.2 248.13037109375
273.2 67729.0625
274.2 12709.9365234375
275.1 53.8672485351563
275.2 1322.802734375
276.1 42.4585609436035
276.2 9.46145153045654
276.3 10.7477321624756
279.1 150.858047485352
279.3 46.1800422668457
293.0 16.2839889526367
307.1 11.5504713058472
320.9 17.3835926055908
335.0 10.1216878890991
335.2 11.2746047973633
349.3 12.0251998901367
362.0 9.27304744720459
362.1 44.8521156311035
362.3 78.2609329223633
363.1 25.6631050109863
363.2 19.7687511444092
363.4 13.5558214187622
365.3 9.6699914932251
365.4 10.4514074325562
