#"+EI Scan (rt: 9.885-9.978 min, 17 scans) CM1-4-6.D  Subtract "
#Point,X(Thompsons),Y(Counts)
40.1 497.107543945313
41.1 11167.953125
41.9 133.214645385742
42.1 12804.6240234375
42.9 67.1340560913086
43.1 2570.60424804688
44.1 6341.55029296875
45.0 135.264526367188
45.2 23.8305606842041
49.9 289.425048828125
50.0 255.847198486328
51.0 1962.23669433594
51.9 408.976684570313
52.0 268.879974365234
53.0 492.612548828125
53.0 576.765075683594
54.0 1241.60717773438
55.0 4929.4736328125
56.0 2599.77514648438
57.1 20140.900390625
58.0 475.696319580078
58.1 696.965942382813
58.8 14.516303062439
59.0 92.0299224853516
59.1 58.1116981506348
60.8 12.2002410888672
61.1 32.9411697387695
61.9 225.487747192383
62.9 30.303014755249
63.0 1046.63818359375
63.9 124.286148071289
64.0 478.759399414063
64.1 10.2087688446045
65.0 4755.66796875
65.9 372.403564453125
66.0 605.346923828125
66.1 38.6829719543457
67.0 1969.8603515625
68.0 879.577209472656
68.1 2036.18493652344
68.9 38.088264465332
69.0 2735.927734375
70.1 5007.6513671875
70.9 47.7601623535156
71.0 395.963897705078
71.1 93.1222457885742
71.9 22.943603515625
72.1 17.6568813323975
72.8 9.48246479034424
73.0 37.7077407836914
73.2 13.9324722290039
73.8 30.6743011474609
74.0 195.733032226563
74.1 29.2902984619141
74.9 80.1797485351563
75.0 51.7746391296387
75.1 114.751647949219
75.3 18.816385269165
75.9 170.631973266602
76.1 530.813171386719
76.2 72.5709457397461
77.0 14920.4287109375
77.9 139.323959350586
78.0 3194.14892578125
79.0 5007.8671875
80.0 1240.02233886719
80.9 112.179512023926
81.0 331.999572753906
81.1 181.931884765625
81.9 54.9314270019531
82.1 2752.01879882813
82.8 38.0680236816406
83.0 220.229965209961
83.1 636.146301269531
83.1 90.9346923828125
84.0 260.509063720703
84.1 1099.0986328125
85.1 8272.9853515625
86.0 186.628753662109
86.1 330.822052001953
86.9 11.1839485168457
88.1 10.3139533996582
88.9 358.688079833984
89.0 613.744934082031
89.1 97.2383346557617
90.0 710.812805175781
90.1 265.25537109375
91.0 21998.525390625
92.0 2838.07739257813
92.1 300.216552734375
93.0 6250.47265625
94.0 3548.7109375
94.8 29.8673057556152
95.0 720.685791015625
95.1 1469.88305664063
96.1 12959.365234375
96.9 55.4080657958984
97.1 1948.0556640625
97.1 242.533233642578
97.9 23.8097763061523
98.0 158.178833007813
98.1 532.95703125
98.9 10.1524925231934
100.9 64.875373840332
101.0 93.7920150756836
101.2 28.5222587585449
101.8 57.94287109375
101.9 333.433959960938
102.1 185.391815185547
102.2 51.3082466125488
103.0 4834.44287109375
104.0 7906.1875
105.1 20347.787109375
106.0 3643.9091796875
106.9 59.8639144897461
107.0 118.137420654297
107.0 134.053176879883
107.1 129.104858398438
108.0 154.939865112305
108.1 78.1404724121094
108.7 25.8747997283936
108.9 32.1607894897461
109.0 22.0029602050781
109.1 44.0134239196777
109.9 15.281325340271
110.0 12.7350263595581
110.1 37.5055656433105
110.7 25.7431907653809
110.9 43.621280670166
111.0 138.721328735352
111.1 18.4139461517334
111.9 45.3267593383789
112.1 22.2334213256836
112.8 16.4241600036621
113.1 47.8969650268555
113.2 12.8639478683472
113.8 9.8671236038208
113.9 47.9345893859863
114.2 25.7665157318115
114.8 53.4276084899902
115.0 906.250610351563
115.8 70.0477600097656
116.0 472.491607666016
116.2 81.5376968383789
116.8 37.0485649108887
117.0 3253.63989257813
118.1 7311.29296875
119.0 3124.22241210938
119.9 148.81510925293
120.0 1406.14465332031
120.2 19.1212692260742
120.9 10.8076705932617
121.0 87.1656951904297
121.9 9.54905796051025
122.0 43.1751937866211
122.1 12.5468339920044
122.9 9.47892665863037
126.8 30.6289672851563
127.0 29.8656616210938
128.0 303.129760742188
128.1 84.1007766723633
128.9 117.012817382813
129.1 283.384368896484
129.3 22.861328125
130.1 9338.0244140625
130.9 84.534309387207
131.1 5446.7294921875
132.1 10494.35546875
132.9 28.0898399353027
133.0 1738.17895507813
133.9 29.7347202301025
134.0 359.554046630859
134.1 888.040222167969
134.9 113.126625061035
135.0 377.897857666016
135.1 32.3070945739746
135.9 18.6720943450928
136.0 62.044490814209
136.1 25.4774532318115
136.8 69.8042221069336
137.1 140.300109863281
138.0 19.8245277404785
138.3 12.3802070617676
139.1 1612.53515625
139.2 23.0634212493896
140.0 127.57234954834
140.1 66.5027084350586
140.9 53.6638259887695
141.1 71.4900894165039
141.2 29.667387008667
142.0 74.0464477539063
142.1 47.147891998291
142.8 17.6699275970459
143.0 394.414398193359
143.2 28.9889011383057
144.0 865.5771484375
144.1 821.739501953125
144.2 44.0670013427734
145.0 68.1796264648438
145.1 1582.56066894531
146.1 39939.19140625
146.9 111.300384521484
147.1 4664.04052734375
147.9 15.561897277832
148.0 406.229919433594
148.1 444.864624023438
149.0 27.5271244049072
149.1 36.5932540893555
153.0 9.08081722259521
154.0 49.4390068054199
154.1 11.0596904754639
155.1 110.955039978027
156.0 332.804595947266
156.2 78.3285140991211
156.3 13.0672731399536
156.7 11.9887161254883
157.0 195.541687011719
157.1 123.736557006836
157.2 11.2338857650757
157.8 12.0218477249146
157.9 48.7035293579102
158.1 1844.48840332031
158.2 18.433666229248
159.0 779.712341308594
159.1 821.98291015625
160.1 2096.31494140625
160.1 840.311706542969
161.0 170.454925537109
161.1 328.50830078125
161.8 9.14468002319336
162.0 9.56892013549805
166.8 9.12238311767578
166.9 30.5075931549072
167.9 25.6594257354736
168.1 25.2861289978027
169.1 12.3823375701904
169.9 41.4397468566895
170.1 119.301734924316
171.0 76.3988342285156
171.9 106.616256713867
172.0 247.173889160156
172.2 107.763542175293
172.3 26.072925567627
173.0 360.570861816406
173.1 204.267639160156
173.8 30.9276657104492
173.9 57.6049613952637
174.1 74.2507705688477
175.0 59.7959327697754
175.1 12.8657932281494
176.9 56.1501121520996
177.0 189.759262084961
177.2 98.4952926635742
177.9 36.1681671142578
178.1 258.759399414063
178.2 35.2196273803711
178.9 14.6955518722534
180.0 11.4055652618408
182.0 65.1223831176758
182.1 49.908145904541
183.0 22.9136371612549
184.1 1198.82275390625
185.0 186.520141601563
185.1 558.942260742188
186.1 2585.45043945313
186.2 47.4267272949219
187.0 504.883056640625
187.1 2009.90625
188.0 91.8430786132813
188.1 5289.04248046875
189.1 25344.845703125
189.9 32.5086860656738
190.1 682.354431152344
190.1 2635.634765625
190.8 10.2463579177856
191.0 143.027481079102
191.1 121.844169616699
194.7 9.86058807373047
198.1 23.8854084014893
200.0 13.8359260559082
200.2 55.1817054748535
200.8 23.6308746337891
201.0 10.1234292984009
206.0 10.1617250442505
208.1 20.53196144104
210.9 31.0903778076172
211.0 19.9691123962402
212.0 10.5141496658325
212.1 11.9036293029785
212.9 13.5779371261597
214.8 47.1432266235352
215.0 280.696929931641
215.8 10.9869041442871
216.9 19.3853797912598
217.1 21.956392288208
218.8 12.0204830169678
219.0 26.0980663299561
220.9 9.05179977416992
228.8 15.8602313995361
229.0 50.6712684631348
229.1 92.2378311157227
230.1 1308.77453613281
230.2 1614.95129394531
231.0 91.9898986816406
231.1 627.220886230469
232.0 49.1145782470703
232.9 53.2504653930664
233.0 54.7532157897949
233.1 9.30293369293213
236.8 34.9907341003418
236.9 74.9771118164063
243.1 20.9617309570313
244.0 293.733367919922
244.1 54.7498931884766
245.0 25.9297370910645
245.1 19.2598838806152
250.9 9.71783065795898
255.1 10.2466144561768
255.2 9.15683937072754
257.1 13.4429502487183
267.4 9.71648597717285
270.7 12.7731065750122
270.8 14.1710824966431
270.9 42.3393135070801
271.1 72.9482269287109
271.2 154.115127563477
271.4 21.741340637207
271.7 12.4524908065796
271.8 53.0691604614258
272.1 11.30881690979
272.2 380.768920898438
273.2 66218.78125
274.2 6979.1201171875
274.2 5995.20556640625
275.1 149.176422119141
275.2 1250.1689453125
276.1 24.2148933410645
276.2 22.3087100982666
276.3 13.4866456985474
277.1 10.1561212539673
278.9 26.7657928466797
279.1 83.8185043334961
279.2 90.1240692138672
280.1 9.9796085357666
292.8 17.8637237548828
307.2 21.8545036315918
321.2 21.2782230377197
335.2 19.8881130218506
335.3 10.0574531555176
349.0 9.65453243255615
362.0 34.9269371032715
362.2 162.236312866211
362.4 15.1512203216553
363.1 9.01761054992676
363.2 45.2064094543457
363.4 20.875904083252
365.2 10.8109884262085
