#"+EI Scan (rt: 13.626-14.000 min, 65 scans) CM1-4-8.D  Subtract "
#Point,X(Thompsons),Y(Counts)
40.1 10.7043437957764
40.2 2.33928298950195
40.9 24.4963455200195
41.1 13.0600576400757
41.8 12.9073123931885
41.9 32.8916244506836
42.0 21.6240482330322
43.9 50.6683311462402
44.0 21.0164337158203
44.6 2.53664493560791
44.9 11.4768619537354
45.0 17.9843273162842
45.1 3.40317893028259
50.0 12.0078077316284
50.8 18.0640544891357
50.9 80.8789749145508
51.0 47.6425590515137
51.8 6.5056791305542
52.0 11.5845165252686
52.9 6.19055271148682
53.0 25.3812446594238
53.8 4.41498041152954
54.1 11.5094947814941
54.9 78.5126724243164
55.0 78.6362762451172
55.2 10.7335243225098
56.0 8.3330659866333
56.1 19.0195140838623
56.9 72.0541534423828
57.0 355.276641845703
57.1 106.540061950684
57.7 2.48319935798645
57.9 2.72070646286011
58.0 5.03710174560547
58.8 3.84029960632324
58.9 15.2237777709961
59.0 27.2729721069336
59.1 22.4404335021973
61.8 2.82168531417847
62.9 6.02536249160767
63.0 22.7277412414551
63.1 4.83253955841064
63.9 8.43125152587891
64.0 2.67971754074097
64.9 112.531059265137
65.0 122.468978881836
65.1 31.7250003814697
65.9 13.305760383606
66.0 34.8352813720703
66.1 10.3976354598999
66.9 2.45155310630798
67.1 12.684814453125
67.9 9.53827667236328
68.0 26.757173538208
68.1 10.4522285461426
68.8 5.32926177978516
68.9 22.4785652160645
69.1 2.48557662963867
70.8 21.1965923309326
71.0 11.3437738418579
73.1 10.8213558197021
75.0 7.27108716964722
75.8 4.88821363449097
76.1 4.84464311599731
77.0 463.687377929688
77.0 179.377487182617
77.8 15.3424396514893
77.9 67.9978332519531
78.1 88.3255004882813
78.3 2.47807860374451
78.9 28.8864517211914
79.0 44.8834648132324
79.2 2.42938113212585
79.8 7.0375657081604
79.9 25.7933597564697
80.0 26.6308994293213
80.2 7.05586814880371
80.9 28.491174697876
81.0 19.5754508972168
81.1 30.8136539459229
81.1 7.68934345245361
81.8 3.26381683349609
81.9 46.0401153564453
82.0 62.2715606689453
82.1 44.5268669128418
82.9 20.5466194152832
83.1 2.46014785766602
83.7 3.51215624809265
83.8 10.5319452285767
84.0 21.7176380157471
84.2 5.12589454650879
88.9 3.78977394104004
90.9 92.4824981689453
91.0 66.8720397949219
91.1 31.7659702301025
91.7 2.48768949508667
91.9 9.40486812591553
92.0 47.601390838623
92.2 10.469744682312
92.5 3.03942489624023
92.9 188.702819824219
93.0 237.514389038086
93.1 126.762649536133
93.8 3.27871537208557
93.9 49.0640869140625
94.0 44.7915916442871
94.2 5.69401836395264
94.9 4.8046555519104
95.9 5.43116188049316
96.0 29.1350612640381
96.2 8.78682804107666
96.8 34.9369468688965
96.9 186.280853271484
97.0 125.373336791992
97.9 2.81408882141113
98.2 2.83268332481384
102.7 2.44584846496582
102.9 21.4039077758789
103.0 21.5722999572754
103.9 83.9516830444336
104.0 182.064590454102
104.1 2.63264942169189
104.8 6.34674072265625
104.9 14.1019124984741
105.0 9.25057888031006
105.1 12.3861484527588
105.2 2.76339268684387
105.8 12.6260271072388
106.0 39.1248664855957
107.8 19.8400268554688
108.0 41.7871246337891
108.1 6.18291091918945
108.7 0.887261748313904
108.9 73.4674758911133
109.0 174.142913818359
109.1 43.2513465881348
109.7 2.56994915008545
109.9 122.167175292969
110.0 401.055603027344
110.0 59.7674217224121
110.9 56.8444404602051
111.0 54.2944183349609
111.1 12.7333984375
111.9 4.96350288391113
112.0 9.4813871383667
114.8 8.4541540145874
115.0 2.91992020606995
116.8 2.68875026702881
116.9 60.9205093383789
117.0 77.5592803955078
117.2 17.0663394927979
117.8 22.2878265380859
117.9 108.018226623535
118.0 79.5725479125977
118.2 44.8119964599609
118.8 15.6260709762573
119.0 106.093139648438
119.1 57.4350433349609
119.2 15.8952331542969
119.9 22.643087387085
120.0 25.1556701660156
120.2 5.02282857894897
121.0 5.35791015625
121.8 8.49851417541504
122.0 9.96246814727783
122.9 65.7265090942383
123.0 104.154251098633
124.0 5.09577512741089
125.1 2.74414491653442
129.7 4.03544569015503
129.8 25.8280200958252
129.9 95.3780517578125
130.0 93.723258972168
130.1 90.7106094360352
130.2 7.47798824310303
130.9 44.2399291992188
131.1 35.304370880127
131.2 12.8934965133667
131.9 22.5107135772705
132.0 143.949264526367
132.1 97.127685546875
132.2 11.4300231933594
132.9 16.7200317382813
133.1 13.6979198455811
133.8 2.54682421684265
134.0 2.52819776535034
134.8 9.43048858642578
135.0 25.6769371032715
135.1 2.50053930282593
135.9 31.5057163238525
136.0 207.23176574707
136.1 176.243103027344
136.8 27.2157325744629
136.9 150.499542236328
137.0 26.8407821655273
137.8 17.0587749481201
137.9 34.6585311889648
138.0 66.7475814819336
139.1 2.96764183044434
140.8 2.44392561912537
141.9 2.45191860198975
144.0 6.08764982223511
144.2 2.6168487071991
145.0 2.70515727996826
145.9 11.3885908126831
146.1 9.61023330688477
146.1 18.4061889648438
147.0 11.3196039199829
147.9 2.50521278381348
148.1 2.62217092514038
148.7 2.83102059364319
148.8 6.1078143119812
148.9 35.4275093078613
149.0 69.5205917358398
149.2 2.87609529495239
149.8 12.2483062744141
150.0 13.7607250213623
150.1 15.0098333358765
150.8 3.04153609275818
151.0 5.5209641456604
152.0 2.66322708129883
154.8 3.51647806167603
154.9 15.1223649978638
156.0 8.74112796783447
156.1 3.27504420280457
156.9 16.8025131225586
157.1 12.9067220687866
157.9 21.4865455627441
158.0 74.20703125
158.1 63.2940216064453
158.2 8.61735248565674
158.9 47.3603439331055
159.0 53.0349731445313
159.1 6.59353065490723
160.0 2.44845724105835
161.7 4.89164686203003
161.8 6.90792083740234
162.0 18.1700057983398
162.1 22.0990810394287
162.9 2.32499694824219
163.0 10.4499187469482
163.1 12.7168893814087
163.8 29.8959178924561
163.9 56.0863494873047
164.0 106.511703491211
164.1 11.9350385665894
165.0 2.55147743225098
174.1 2.82748579978943
175.1 2.79191780090332
176.1 2.98755741119385
184.9 0.750820398330688
186.8 3.58531498908997
188.0 44.9119682312012
188.1 14.1522245407104
188.9 15.8379917144775
189.0 13.5248022079468
189.1 7.92065048217773
189.3 2.74010515213013
189.8 14.2948532104492
189.9 174.913803100586
190.1 216.856781005859
190.2 29.4977912902832
190.8 3.66011834144592
191.0 232.40266418457
191.1 112.727188110352
191.2 5.53820848464966
191.9 25.5192337036133
192.0 61.4196014404297
192.1 8.29068470001221
192.3 2.93705105781555
197.1 2.8687436580658
207.0 0.247486352920532
210.8 9.38680648803711
210.9 1.49652576446533
211.2 2.19727301597595
213.1 2.42351388931274
214.9 36.410514831543
215.2 6.04091787338257
215.9 3.74763774871826
218.6 1.77340066432953
218.8 8.92128562927246
219.0 6.98832654953003
232.8 6.90102481842041
232.9 29.2633972167969
234.0 2.52160859107971
236.9 41.9553413391113
239.0 2.38693642616272
340.0 6.26248073577881
340.1 767.8896484375
340.2 539.994140625
340.3 36.8617973327637
340.9 4.44363594055176
341.0 49.5273666381836
341.1 179.150039672852
341.2 88.6367340087891
341.3 5.4922833442688
342.1 52.5815658569336
342.2 28.4474029541016
348.1 2.62892484664917
348.2 2.97982430458069
