#"+EI Scan (rt: 8.923-9.004 min, 15 scans) CM1-5-2.D  Subtract "
#Point,X(Thompsons),Y(Counts)
40.1 353.960998535156
40.2 61.8733558654785
41.1 10871.185546875
42.1 6951.38916015625
43.1 1081.79272460938
44.0 2339.50634765625
45.0 22.8228778839111
49.9 146.906631469727
50.0 250.5478515625
50.1 18.9894771575928
51.0 1455.44091796875
51.9 132.504241943359
52.0 368.969543457031
53.0 534.045837402344
53.9 20.9187088012695
54.1 639.179321289063
55.0 845.251159667969
55.1 702.134765625
56.0 1190.18395996094
56.9 72.1212921142578
57.0 775.131103515625
58.0 69.5208053588867
58.1 58.1818199157715
58.9 5.31079483032227
59.0 31.8913631439209
60.9 15.0650825500488
61.9 30.001127243042
62.0 145.954254150391
62.8 42.300537109375
63.0 376.485076904297
63.0 267.208557128906
63.8 49.5564346313477
63.9 162.513824462891
64.0 140.62532043457
64.2 26.0325832366943
65.0 2947.40698242188
65.8 55.7980804443359
66.0 443.906402587891
66.1 54.0716896057129
66.9 35.886962890625
67.0 411.970642089844
67.1 717.535583496094
68.1 1968.58288574219
69.0 21192.6015625
70.0 3355.98388671875
70.9 42.3891754150391
71.0 260.864624023438
71.1 14.6553077697754
72.8 13.8823947906494
73.1 10.7181253433228
73.9 31.5719966888428
73.9 47.6126327514648
74.2 13.9044971466064
74.9 88.8900909423828
75.0 63.3630142211914
75.1 39.9399757385254
75.9 116.107818603516
76.1 75.4436798095703
76.2 324.664825439453
77.0 8623.1318359375
78.0 1850.39770507813
79.0 2751.71044921875
80.0 188.821014404297
80.0 517.208740234375
80.7 16.6793937683105
80.9 42.8713302612305
81.0 203.248519897461
81.1 74.1299209594727
82.0 1350.71228027344
82.9 49.7005653381348
83.0 273.359893798828
83.1 45.4674339294434
83.9 16.8952198028564
84.1 284.83740234375
84.1 278.185882568359
84.9 41.0802574157715
85.0 34.6406860351563
87.1 11.5307931900024
87.8 10.1193370819092
89.0 669.164184570313
90.1 489.139617919922
90.2 64.7678680419922
91.0 11659.279296875
92.0 1407.43530273438
92.1 120.102714538574
93.1 2555.63525390625
94.0 1371.14978027344
94.1 172.641937255859
95.0 791.867614746094
95.2 215.926620483398
96.1 5859.84716796875
97.0 196.8388671875
97.1 626.9462890625
97.9 81.82177734375
98.1 201.458465576172
98.2 67.8939590454102
100.9 11.6359920501709
101.1 17.5079364776611
101.9 150.878799438477
102.1 244.056503295898
103.0 2914.81884765625
103.1 38.9635696411133
104.0 4049.23095703125
105.1 9604.8154296875
105.9 52.2547264099121
106.0 1511.36926269531
106.1 53.0776100158691
106.8 11.7345142364502
107.0 61.4913597106934
107.1 62.6616287231445
107.9 11.0054607391357
108.1 82.2965240478516
108.8 21.0938529968262
109.0 67.3793258666992
109.7 12.5893888473511
109.9 16.7287673950195
110.0 36.2048568725586
110.9 40.9671287536621
111.8 10.4470586776733
111.9 13.005051612854
112.1 11.2659473419189
115.0 253.183349609375
115.1 412.228576660156
115.9 22.1674633026123
116.0 396.500030517578
116.9 93.402473449707
117.0 1521.74255371094
117.2 199.204025268555
118.0 428.671020507813
118.1 2612.36547851563
119.0 733.352172851563
119.1 279.647521972656
120.0 366.167144775391
120.1 52.587085723877
126.7 10.3685274124146
126.9 24.2861499786377
127.8 11.3602304458618
128.0 140.892059326172
128.1 83.7470855712891
128.8 60.9858818054199
129.0 116.09846496582
129.2 49.7297439575195
130.0 314.93798828125
130.1 4158.36572265625
131.0 2382.7607421875
131.2 119.243003845215
132.1 4819.98974609375
132.8 17.8704662322998
133.0 531.522277832031
133.1 250.133285522461
133.8 44.6430778503418
134.0 121.637626647949
134.1 155.717819213867
134.2 156.420547485352
137.0 142.800643920898
137.8 10.0187520980835
138.7 13.1463222503662
138.9 49.6674270629883
139.0 152.427429199219
139.2 15.8457889556885
140.0 13.0639667510986
140.9 24.2212162017822
141.1 35.3099136352539
141.9 26.3622455596924
142.1 27.4286861419678
143.0 167.664016723633
143.2 145.210891723633
143.9 148.422653198242
144.0 939.516784667969
144.9 34.2079429626465
145.1 494.170623779297
145.2 232.527694702148
146.1 16051.654296875
147.1 2001.05432128906
148.0 159.037368774414
148.1 107.399284362793
148.2 35.2835578918457
149.1 11.6419324874878
154.0 12.2821941375732
155.1 11.4379434585571
155.8 72.0105514526367
156.0 69.3209686279297
156.1 40.770809173584
156.2 53.1244888305664
156.8 15.7172269821167
156.9 79.8341522216797
157.2 60.422290802002
158.1 1643.02600097656
158.8 13.1384658813477
159.0 675.506958007813
159.2 71.594367980957
159.8 20.315092086792
160.0 329.917022705078
160.1 789.590209960938
160.2 10.9681825637817
160.9 47.350528717041
161.1 344.493743896484
161.2 194.707626342773
161.8 19.2465381622314
162.0 129.377105712891
162.2 33.3352394104004
170.1 36.2245483398438
170.9 37.6138076782227
172.0 109.467231750488
172.1 135.547256469727
173.0 158.596908569336
173.1 118.446876525879
174.0 20.176399230957
182.1 61.869701385498
183.8 32.580883026123
184.1 600.692993164063
184.2 48.4387092590332
184.9 52.4069366455078
185.1 410.805816650391
185.3 21.5972290039063
186.0 272.246276855469
186.1 984.742126464844
187.0 14.4632596969604
187.1 1221.77722167969
188.0 43.6388092041016
188.1 1183.97033691406
188.2 716.629272460938
189.1 16486.564453125
190.0 99.8203353881836
190.1 2266.28173828125
191.1 129.359313964844
196.9 10.5185327529907
200.0 30.135383605957
200.1 13.1955156326294
206.8 13.7827463150024
210.9 2.96055793762207
211.0 22.9079246520996
212.7 10.9379940032959
214.1 2943.09399414063
214.2 243.12629699707
215.0 685.937622070313
216.1 58.8139419555664
216.2 10.3255949020386
228.1 116.082954406738
229.0 38.8323173522949
229.1 76.4511489868164
232.9 25.8535900115967
233.1 0.876415252685547
236.7 31.8576622009277
237.0 4.4675121307373
254.8 11.6198139190674
255.0 67.6231231689453
255.1 14.978551864624
255.6 11.8734502792358
255.8 17.7602672576904
255.9 59.0381240844727
256.1 19.1840572357178
256.2 198.793426513672
257.2 36879.9140625
258.2 6836.15625
259.1 547.137268066406
259.2 130.490570068359
260.2 11.0227785110474
278.9 11.1712121963501
279.0 63.9100685119629
346.0 27.8071460723877
346.2 34.9113349914551
348.9 11.6375179290771
