#"+EI Scan (rt: 10.887-11.039 min, 27 scans) CM1-5-5.D  Subtract "
#Point,X(Thompsons),Y(Counts)
40.1 31.3688430786133
40.9 60.9565238952637
41.0 556.575561523438
41.2 7.47367191314697
41.9 17.4110717773438
42.0 1841.51379394531
42.9 137.042892456055
43.0 187.836029052734
43.1 31.3777313232422
44.0 626.173583984375
45.1 4446.58544921875
45.9 42.2060089111328
46.1 25.7695350646973
49.9 48.4394569396973
50.0 97.5172500610352
50.9 42.333568572998
51.0 484.484619140625
51.9 49.4302673339844
52.0 128.920532226563
52.9 46.1677665710449
53.0 110.544128417969
53.9 12.5658254623413
54.0 24.8006973266602
54.1 104.028968811035
54.9 49.2582244873047
55.0 221.75798034668
55.1 240.849700927734
55.9 150.804016113281
56.0 200.452743530273
56.9 95.1780090332031
57.0 96.772705078125
58.0 109.028045654297
58.1 222.661727905273
58.2 18.6731910705566
58.9 1.53690338134766
59.0 48.2220993041992
59.1 42.4428863525391
62.0 29.1592559814453
62.1 16.6396636962891
62.8 13.2509536743164
62.9 129.568359375
63.0 145.908477783203
63.2 16.2665863037109
63.8 31.8323822021484
64.0 49.5495567321777
64.1 75.0750427246094
64.9 11.7408103942871
65.0 956.805114746094
65.1 27.99582862854
65.9 37.4089126586914
66.0 77.9263381958008
66.2 13.115647315979
66.7 8.76713562011719
66.9 47.1872711181641
67.0 313.967163085938
68.0 296.901763916016
68.1 174.109405517578
68.8 19.0791397094727
68.9 71.8792343139648
69.0 225.769424438477
69.1 96.9904479980469
69.9 195.221801757813
70.1 659.646789550781
71.0 29.4612407684326
71.1 5.75822830200195
72.8 13.0756969451904
74.0 12.5161266326904
75.0 45.5937919616699
75.9 51.2312316894531
76.0 72.9139862060547
76.2 36.4971580505371
77.0 2609.80200195313
77.9 13.0811729431152
78.0 382.028625488281
78.1 267.751098632813
78.9 5.82742643356323
79.0 824.75927734375
79.2 10.1131601333618
79.7 12.9366292953491
80.0 176.893264770508
80.1 75.0240631103516
80.8 29.6489772796631
81.0 78.7438278198242
81.1 14.0578594207764
81.7 5.70528507232666
81.9 38.2979927062988
82.0 278.548309326172
82.1 95.2487945556641
82.9 7.06736135482788
83.1 59.8765869140625
83.2 9.1289701461792
83.7 6.152174949646
83.9 53.302791595459
84.1 44.4190139770508
88.1 8.40523910522461
88.2 5.91974115371704
88.8 58.8454742431641
89.0 172.923568725586
89.1 29.508415222168
89.8 14.0960760116577
90.0 127.205528259277
90.1 42.4551239013672
90.3 8.08615398406982
91.0 3808.71557617188
91.9 286.433471679688
92.0 454.986358642578
92.8 11.2792110443115
92.9 184.066329956055
93.1 225.42529296875
93.2 5.73430156707764
93.7 8.44811916351318
93.9 169.624450683594
94.0 243.427963256836
94.1 38.703052520752
94.7 12.158429145813
94.9 74.1423645019531
95.1 188.229873657227
95.3 32.3393783569336
96.1 2083.13232421875
97.0 218.789733886719
97.1 137.099685668945
97.8 8.15402126312256
98.0 107.775566101074
98.1 79.6822280883789
99.9 16.9276142120361
100.1 36.8823776245117
100.9 6.22578048706055
101.2 7.09180212020874
101.8 19.2486743927002
101.9 95.2736663818359
102.1 26.6270484924316
103.0 679.460510253906
103.1 256.798400878906
103.9 29.7060451507568
104.0 1022.97509765625
104.1 253.061981201172
104.9 123.982048034668
105.0 2951.65747070313
106.0 575.355041503906
106.1 343.530517578125
106.2 27.7639408111572
106.9 19.0147304534912
107.0 22.5106601715088
107.1 32.3901138305664
108.1 7.16897201538086
114.8 8.08578300476074
114.9 52.158073425293
115.0 61.8406753540039
115.3 7.00101375579834
115.7 6.31473016738892
115.8 18.5496616363525
116.0 38.9430809020996
116.1 43.2293357849121
116.9 32.2973709106445
117.0 155.658706665039
117.0 297.031402587891
117.2 22.2895603179932
117.8 9.25071811676025
117.9 21.5818157196045
118.0 617.101684570313
118.9 122.820671081543
119.0 229.356719970703
119.1 109.085830688477
119.8 15.5391845703125
120.0 79.0379257202148
120.0 111.718811035156
120.1 5.73851919174194
121.0 6.16638898849487
127.8 6.00317478179932
127.9 5.5900764465332
128.0 63.441089630127
128.9 6.03179025650024
129.1 21.3152103424072
129.2 6.29590797424316
129.9 83.6624374389648
130.1 1004.88952636719
130.2 37.2917633056641
130.9 63.5670852661133
131.1 583.236633300781
131.9 47.8446006774902
132.0 1545.85998535156
132.2 25.1103515625
132.9 98.2134094238281
133.1 156.666122436523
133.9 94.8223114013672
134.0 35.7985877990723
134.3 7.85647344589233
134.8 9.42078495025635
135.0 115.809906005859
135.1 82.9890213012695
136.1 6.01003074645996
136.9 34.7861328125
137.0 32.0552215576172
138.1 6.08096551895142
138.9 22.0223770141602
139.0 193.500686645508
140.1 7.90206623077393
141.0 7.2046971321106
142.8 18.400707244873
143.0 33.5173301696777
143.9 7.93786001205444
144.0 184.092651367188
144.1 126.838310241699
144.8 36.4854583740234
144.9 10.8496322631836
145.1 60.2750587463379
145.3 6.05477285385132
145.9 7.92203426361084
146.0 682.016174316406
146.2 19.4539680480957
147.0 9.08957386016846
147.8 7.1861686706543
148.0 44.0393028259277
148.1 37.7584609985352
156.0 41.6416358947754
156.1 22.0773334503174
156.9 31.9350109100342
157.1 21.3697376251221
158.0 240.179565429688
158.1 1905.41174316406
158.8 32.3735046386719
159.0 340.283874511719
159.1 85.9833526611328
159.9 18.7031421661377
160.1 443.470520019531
160.2 63.1655616760254
161.0 26.5727310180664
161.9 8.58457374572754
162.1 7.56301879882813
162.2 5.77204275131226
164.9 22.8814525604248
165.0 60.243408203125
165.1 60.3080253601074
170.1 8.3314733505249
171.8 6.12463092803955
172.0 33.9556541442871
172.1 33.0120697021484
173.0 16.7437591552734
182.0 8.25098133087158
182.2 12.4984750747681
183.2 5.8693060874939
183.8 6.52268028259277
183.9 116.91064453125
184.1 184.227462768555
184.2 31.7163944244385
184.8 34.6555671691895
184.9 35.5329284667969
185.1 85.7633895874023
185.2 29.0703811645508
186.0 210.406021118164
186.1 341.979125976563
187.0 100.432464599609
187.1 276.015716552734
187.2 65.7214736938477
187.9 25.7951526641846
188.1 216.025161743164
188.1 508.552978515625
188.2 6.1936616897583
188.9 16.1648406982422
189.0 102.690010070801
189.1 186.008926391602
189.9 25.8213939666748
190.1 844.89990234375
190.9 8.30741119384766
191.1 60.298282623291
200.9 13.8245487213135
201.0 75.5370712280273
201.1 78.2552337646484
202.0 6.64833116531372
210.8 12.9962682723999
210.9 10.4812612533569
214.8 63.3350982666016
214.9 88.1062164306641
215.9 7.81165504455566
218.1 964.55859375
218.1 1450.75390625
219.0 239.884704589844
219.1 142.484924316406
219.2 29.7023448944092
219.9 15.3391494750977
229.0 33.5387191772461
229.1 113.322982788086
231.0 21.1492938995361
231.1 49.5059547424316
231.3 23.5687656402588
232.9 18.4241771697998
233.0 53.5884132385254
233.9 6.00916957855225
236.8 10.6052331924438
236.9 1.48626708984375
237.0 10.0122337341309
259.0 7.09400844573975
259.4 7.11417579650879
260.2 19.9022121429443
261.2 10794.919921875
262.0 161.883483886719
262.1 1713.55651855469
262.8 29.5235195159912
263.0 21.8987274169922
263.1 102.441963195801
263.2 37.879768371582
350.2 7.80025100708008
350.3 5.71518659591675
