#"+EI Scan (rt: 7.990-8.089 min, 18 scans) Fent-4.D  Subtract "
#Point,X(Thompsons),Y(Counts)
40.1 79.3157730102539
41.1 1724.12731933594
42.1 5982.09619140625
43.0 1005.06414794922
44.0 3192.49731445313
44.9 55.8954010009766
45.0 79.9196243286133
50.0 326.485168457031
50.1 28.8260879516602
50.9 38.2411117553711
51.0 1330.6669921875
51.9 165.890380859375
52.0 254.174179077148
52.9 17.9652290344238
53.0 585.387878417969
53.8 15.9039258956909
54.0 187.208236694336
54.0 496.773864746094
55.0 1643.30163574219
56.0 106.323425292969
56.1 1373.35754394531
57.0 7565.65771484375
57.9 26.3672561645508
57.9 143.525421142578
58.0 240.60661315918
59.0 85.6101226806641
61.8 30.1339721679688
62.0 77.6468658447266
62.9 19.472354888916
63.0 669.710205078125
63.9 54.7697792053223
64.0 362.8154296875
64.2 29.1625156402588
65.0 2905.39575195313
66.0 654.748474121094
67.0 1382.79455566406
67.9 32.3718299865723
68.1 1582.4208984375
69.0 1524.61376953125
70.0 34.6770324707031
70.1 2502.02392578125
70.9 228.843414306641
71.1 128.035354614258
71.9 18.2236251831055
73.0 82.3914642333984
73.1 1.47236919403076
73.9 100.093414306641
74.0 60.2355308532715
74.9 200.010650634766
76.0 298.479705810547
76.1 165.635665893555
77.0 9361.5146484375
78.0 2060.29809570313
79.0 1778.81982421875
79.1 1533.95446777344
80.0 606.337280273438
80.1 199.464248657227
81.0 404.145477294922
81.9 36.7609596252441
82.0 1387.16149902344
83.0 286.355133056641
83.1 146.698593139648
83.9 11.595362663269
84.0 531.651489257813
85.0 140.486129760742
85.9 12.40953540802
86.0 36.3109474182129
86.9 18.265417098999
87.9 10.5633611679077
88.9 19.8591480255127
89.0 548.910949707031
89.9 11.108793258667
90.0 30.9295120239258
90.1 429.663146972656
90.2 34.9933586120605
91.0 9660.8603515625
92.0 1369.3193359375
93.0 2789.90258789063
94.0 478.712341308594
94.1 1411.53393554688
94.9 60.9009170532227
95.0 1062.16137695313
96.1 6791.4580078125
97.0 445.307006835938
97.1 533.884765625
97.9 126.482971191406
98.1 162.594970703125
101.0 31.6454944610596
102.0 180.580017089844
102.1 212.394760131836
103.0 3219.92309570313
104.0 203.634658813477
104.0 4614.716796875
105.0 11786.400390625
105.9 37.8849983215332
106.0 2165.3291015625
106.9 45.7564659118652
107.0 255.638320922852
107.9 44.5928688049316
108.1 85.648567199707
108.2 15.8026466369629
108.9 13.9114665985107
109.0 90.5220718383789
109.8 8.55712890625
109.9 32.4066619873047
111.0 58.4226341247559
111.1 8.71771430969238
112.9 12.9655361175537
114.9 106.923194885254
115.0 546.209106445313
116.0 311.813201904297
116.1 9.76405143737793
117.0 447.045776367188
117.0 1683.6015625
118.1 5119.1142578125
118.9 70.297607421875
119.0 1283.38623046875
119.1 48.5369682312012
120.0 244.812469482422
120.1 453.206207275391
121.0 57.6323051452637
126.8 11.0615329742432
127.0 81.095832824707
127.7 8.85018730163574
128.0 271.558471679688
128.9 55.1439094543457
129.0 209.429473876953
130.1 5345.04736328125
131.0 2102.45874023438
131.1 1189.83959960938
132.1 7409.0068359375
132.9 57.5504570007324
133.0 1178.89453125
134.0 427.412811279297
134.1 119.668159484863
135.1 63.7891998291016
137.0 176.273223876953
138.9 121.203422546387
139.1 378.398223876953
139.9 26.838191986084
140.0 47.9521636962891
141.0 66.3168334960938
141.2 15.6165990829468
141.8 9.1698112487793
142.0 22.7757968902588
142.1 21.8497543334961
142.9 80.1572113037109
143.0 192.698303222656
144.0 743.214904785156
144.1 337.198852539063
144.7 9.91369342803955
144.9 15.569769859314
145.1 846.440063476563
146.1 33692.7109375
147.1 4047.49047851563
147.9 124.932952880859
148.0 454.648559570313
148.9 69.4272994995117
149.1 253.69319152832
149.9 18.7845821380615
150.0 179.284774780273
150.1 65.54345703125
150.9 19.9809436798096
153.0 8.48144912719727
154.8 14.8962268829346
155.0 26.0634841918945
155.1 29.0348930358887
155.8 24.5104503631592
156.0 137.55876159668
156.1 34.8923072814941
156.9 104.149322509766
157.1 85.7536544799805
158.1 2956.1630859375
159.0 486.087707519531
159.0 512.35400390625
160.0 128.165161132813
160.1 1373.62145996094
160.9 11.7970609664917
161.0 219.874725341797
161.1 44.8906707763672
161.2 13.9091892242432
162.0 22.6032333374023
163.1 21.7657470703125
164.9 8.80538368225098
165.0 14.0508823394775
167.0 21.6974315643311
167.9 9.46220970153809
168.9 24.3947715759277
170.0 52.0620498657227
170.1 25.6078395843506
171.1 22.5819664001465
171.8 10.0923166275024
172.0 85.2346496582031
172.0 197.269088745117
172.2 9.3640251159668
172.9 78.4568862915039
173.0 205.93115234375
174.1 55.1265106201172
174.2 10.1147403717041
182.1 17.7926406860352
184.0 64.4572982788086
184.1 260.375946044922
184.2 109.885765075684
184.9 48.4154281616211
185.1 299.570587158203
185.2 23.0153198242188
186.1 768.979064941406
186.1 610.584045410156
187.0 145.094314575195
187.1 1134.048828125
188.1 2125.4072265625
189.1 20999.8203125
190.1 2840.59912109375
191.0 78.3552398681641
191.1 168.55305480957
191.2 12.5951089859009
197.0 8.75621128082275
198.8 12.0288410186768
199.9 13.6200609207153
200.1 11.9322566986084
200.2 23.4794654846191
201.0 56.0789222717285
201.1 10.2933330535889
202.1 7305.9833984375
203.0 538.104919433594
203.1 587.864074707031
204.0 40.4163017272949
204.1 24.9634494781494
210.9 41.8728523254395
211.0 14.6881866455078
211.1 11.6815357208252
214.8 7.44729804992676
214.9 256.077453613281
215.9 78.7388000488281
216.0 129.33332824707
216.1 195.187637329102
216.9 39.7615089416504
218.9 3.22918701171875
219.0 10.1893081665039
228.8 20.8494186401367
229.0 11.8189487457275
230.9 9.49303913116455
232.8 21.06760597229
233.1 85.708610534668
234.1 5.80550861358643
236.9 127.710113525391
243.0 19.4581985473633
243.2 8.82796096801758
244.1 240.82926940918
245.2 55105.7578125
246.2 9605.47265625
247.1 933.420349121094
279.1 96.7847213745117
279.2 13.9428453445435
281.2 9.0519323348999
289.0 5.05552625656128
292.9 29.8189392089844
334.1 33.0718460083008
334.2 28.501766204834
