#"+EI Scan (rt: 2.605-2.680 min, 14 scans) CM1-1-5.D  Subtract "
#Point,X(Thompsons),Y(Counts)
40.0 63.4472274780273
40.9 30.4123916625977
41.0 731.449951171875
41.1 145.451599121094
42.1 4233.1728515625
43.0 12042.6005859375
44.0 987.668395996094
44.8 24.1408824920654
45.0 32.4906234741211
49.9 20.84619140625
50.0 651.430053710938
51.0 2860.2626953125
52.0 553.668762207031
52.1 157.027847290039
53.0 159.808013916016
53.0 943.202209472656
54.1 1671.38208007813
55.1 4745.57666015625
56.0 6947.3896484375
57.0 3955.84155273438
57.9 73.4893798828125
58.1 267.215515136719
59.0 56.196891784668
59.1 27.1411018371582
59.8 13.0638189315796
60.1 12.1338224411011
60.9 11.3886365890503
61.1 11.8435163497925
61.9 39.9140739440918
62.0 183.598556518555
62.1 12.5700368881226
62.9 89.3480758666992
63.0 885.969360351563
64.0 495.88525390625
64.1 292.039611816406
65.0 2212.16918945313
65.9 31.6827735900879
66.0 790.292785644531
66.1 46.7079048156738
66.9 33.9253234863281
67.0 778.843383789063
67.1 114.662902832031
68.0 9530.1845703125
69.0 658.388671875
69.1 24.0121116638184
69.9 109.328887939453
70.1 305.396575927734
70.9 36.0514831542969
71.0 28.5719947814941
71.1 32.5245399475098
72.0 14.6196994781494
72.1 13.4825420379639
72.9 31.1986618041992
73.1 20.4061260223389
74.0 252.774749755859
74.9 19.2288970947266
75.0 272.065216064453
75.1 53.0028190612793
76.0 456.051300048828
76.1 151.627746582031
77.0 9684.9287109375
78.0 1534.88122558594
79.0 579.104248046875
79.9 23.6739139556885
80.0 1387.61547851563
80.1 36.1301193237305
80.8 19.4683799743652
80.9 15.791919708252
81.1 289.589904785156
81.2 283.714935302734
82.1 19446.6953125
83.1 18012.134765625
84.1 7314.9169921875
85.0 323.633544921875
85.1 336.946380615234
86.0 36.5914344787598
86.8 24.4598636627197
87.1 16.4457817077637
88.9 67.2110366821289
89.0 326.712097167969
89.8 146.31428527832
90.0 249.590042114258
90.1 64.9143600463867
90.9 85.6743469238281
91.0 3098.92456054688
91.2 56.7950897216797
92.0 724.841674804688
92.1 764.210754394531
93.0 11769.1787109375
93.9 64.1858520507813
94.0 1804.19055175781
95.0 45.14990234375
95.1 300.427001953125
95.8 46.7859916687012
96.8 23.27756690979
97.0 139.089569091797
97.8 39.8263282775879
98.0 40.5791969299316
101.1 12.3232755661011
102.0 19.3414421081543
102.1 89.7177200317383
102.8 0.71612548828125
103.0 398.182586669922
103.1 112.656089782715
103.9 57.9804229736328
104.0 2167.56494140625
104.8 12.111439704895
105.0 546.553161621094
105.9 25.7856864929199
106.0 1364.6513671875
106.9 34.7983627319336
107.1 207.660598754883
108.9 11.4810647964478
109.1 7.32199621200562
111.1 27.1789150238037
112.1 12.7597274780273
112.9 48.9888648986816
113.0 496.561553955078
113.9 10.839937210083
114.1 51.0842933654785
114.8 41.5885696411133
115.0 344.444549560547
115.9 101.665283203125
116.0 93.5017013549805
116.1 180.091278076172
116.2 39.2040634155273
116.9 40.7932090759277
117.0 2218.94262695313
118.0 7548.92626953125
119.0 2721.34375
120.0 7620.748046875
121.0 451.62158203125
121.1 305.484069824219
121.9 12.9670171737671
125.0 19.0905513763428
126.9 154.776519775391
127.0 123.757469177246
127.2 48.6039505004883
128.0 159.361083984375
128.1 39.0189628601074
128.8 25.3411655426025
129.0 27.0823841094971
129.1 47.6100769042969
130.0 2062.8818359375
131.0 140.575424194336
131.1 704.579528808594
132.1 3341.06787109375
133.0 984.509155273438
133.1 175.734420776367
134.0 554.407653808594
134.2 24.0277576446533
135.0 1451.29614257813
135.9 205.543701171875
136.1 3034.56127929688
137.0 398.393951416016
137.8 20.9910449981689
138.1 11.2817115783691
140.9 33.3659934997559
141.9 22.0244789123535
142.0 239.90007019043
142.2 32.7787170410156
142.9 145.168045043945
143.0 52.3976097106934
143.2 32.4594917297363
143.9 97.6426315307617
144.1 569.312194824219
144.8 53.7944068908691
145.0 96.4665374755859
145.1 157.504608154297
146.1 2638.77221679688
146.9 38.1179733276367
147.0 1161.38134765625
147.9 16.7051849365234
148.1 45.7079811096191
156.0 46.159065246582
156.1 28.3398303985596
156.8 11.6196594238281
156.9 15.0733661651611
157.1 19.8688659667969
157.8 13.2641515731812
158.0 456.245880126953
158.1 599.203430175781
159.1 6880.875
159.9 13.3431148529053
160.0 1069.52209472656
161.0 92.828498840332
161.2 24.2974262237549
161.9 124.671104431152
162.0 50.4264907836914
162.2 120.336318969727
162.9 12.72727394104
163.0 11.4015493392944
169.9 15.6221771240234
170.8 31.2809753417969
171.1 95.0488891601563
171.3 26.5
172.0 44.8160057067871
172.8 52.0527687072754
173.0 27.0644798278809
173.1 52.4833793640137
173.9 111.482963562012
174.1 269.282684326172
175.1 10227.736328125
176.1 1415.68811035156
176.2 61.4090690612793
176.8 12.0154638290405
177.0 26.6852512359619
185.0 32.0814476013184
185.1 28.1031360626221
187.0 147.052307128906
188.0 16.6058502197266
188.1 139.99284362793
188.9 102.496810913086
189.1 460.233032226563
189.8 28.495174407959
190.0 55.9313316345215
198.9 42.2896919250488
199.1 85.3528900146484
199.2 22.7154903411865
199.9 57.0807495117188
200.1 26.2613468170166
200.2 72.4003143310547
200.3 15.6292476654053
201.0 31.6415729522705
201.2 36.802375793457
203.0 11.8003549575806
206.8 10.3600387573242
206.9 17.456127166748
210.9 1.57781314849854
211.1 30.769416809082
213.0 14.6100568771362
214.8 4.64279365539551
214.9 48.6185150146484
215.1 62.4755058288574
215.9 12.8408508300781
216.1 10.9732360839844
216.8 13.8428325653076
217.1 23.108325958252
218.1 260.625885009766
218.2 198.898422241211
218.9 96.045036315918
219.0 40.97998046875
219.2 13.5231657028198
233.0 49.5417633056641
234.6 11.7877912521362
236.8 7.74291038513184
236.9 9.17758941650391
237.0 25.5095825195313
292.9 24.8310241699219
