#"+EI Scan (rt: 2.610-2.680 min, 13 scans) CM1-1-2.D  Subtract "
#Point,X(Thompsons),Y(Counts)
40.1 95.9132232666016
40.9 92.2682189941406
41.0 566.968017578125
41.1 350.564666748047
42.1 4302.70166015625
43.0 11870.189453125
44.0 1151.28002929688
45.0 17.0760707855225
49.8 19.4647483825684
50.0 310.758453369141
50.1 333.490234375
51.0 2777.16943359375
52.0 719.608520507813
53.0 582.328796386719
53.1 643.199645996094
53.9 27.1098537445068
54.0 1046.85803222656
54.1 435.684783935547
55.0 4819.8232421875
56.0 6952.55078125
57.0 3894.70922851563
58.0 222.265991210938
58.1 95.3521270751953
58.2 19.2675971984863
59.0 7.23566436767578
59.1 48.9232749938965
59.9 13.4338493347168
60.1 14.4550848007202
61.2 13.807240486145
61.9 61.0723457336426
62.0 78.704460144043
62.1 73.6231155395508
62.9 200.768402099609
63.0 796.616149902344
63.9 379.234252929688
64.0 477.281829833984
65.0 2252.52685546875
65.9 38.3143501281738
66.0 918.079650878906
67.0 910.523803710938
68.0 9744.404296875
68.9 15.9811763763428
69.0 824.97412109375
69.2 6.67037725448608
69.9 61.8606300354004
70.0 182.373504638672
70.1 178.118270874023
71.0 23.545768737793
71.1 78.988899230957
72.0 18.4811611175537
73.0 95.6260375976563
73.8 50.2138748168945
74.0 185.127502441406
74.7 27.5654296875
75.0 242.272552490234
75.1 47.1711273193359
75.9 181.791885375977
76.1 521.390686035156
77.0 9581.248046875
78.0 1454.09057617188
79.0 407.522064208984
79.1 218.213989257813
80.0 1427.08972167969
80.1 25.1841144561768
80.9 128.607696533203
81.0 369.375061035156
81.2 192.545074462891
82.1 19786.76171875
83.1 17976.66015625
84.1 7850.02294921875
85.0 717.813598632813
86.0 45.577693939209
87.0 38.9069175720215
88.0 26.8098793029785
88.9 133.050918579102
89.1 262.869262695313
89.9 136.542953491211
90.1 275.383148193359
91.0 3479.14892578125
91.9 13.858512878418
92.0 1346.87817382813
92.2 15.4304494857788
93.0 11799.373046875
94.0 1993.41552734375
94.9 84.8953247070313
95.1 212.588455200195
95.9 114.235198974609
96.9 22.5717544555664
97.1 50.394847869873
97.9 26.9989547729492
98.1 31.3759689331055
98.3 16.7879962921143
101.2 30.2409954071045
101.9 99.9374694824219
102.0 16.7541980743408
102.8 25.9795513153076
102.9 143.059860229492
103.0 269.404357910156
103.2 46.7841529846191
104.0 2382.82275390625
104.9 172.664825439453
105.1 396.014404296875
106.0 1507.20886230469
106.1 110.181930541992
106.9 66.9757385253906
107.0 125.801948547363
107.1 108.203926086426
108.9 10.207763671875
110.9 13.1715831756592
112.2 14.973201751709
113.0 239.502899169922
113.1 275.763702392578
113.2 17.4112586975098
113.8 13.9226665496826
114.0 42.582878112793
114.1 43.02001953125
114.9 42.0434951782227
115.0 324.043243408203
116.0 316.780822753906
117.0 1588.986328125
117.1 643.850463867188
118.0 7882.5126953125
118.9 45.9236373901367
119.0 2729.57934570313
120.1 7832.4033203125
120.9 20.7126445770264
121.0 755.728942871094
122.0 16.4264602661133
124.9 22.398551940918
125.1 27.7580871582031
126.9 93.7598724365234
127.0 265.885803222656
127.9 53.1174583435059
128.0 184.524078369141
128.9 59.4953689575195
129.0 116.896644592285
129.1 15.1209669113159
130.0 2065.7900390625
130.9 47.4099273681641
131.0 539.039184570313
131.1 273.440948486328
132.1 3710.42407226563
133.0 132.419525146484
133.1 1094.7705078125
133.9 19.8654689788818
134.0 561.180541992188
134.1 92.9189910888672
135.0 1390.34118652344
135.2 40.95263671875
135.9 115.515747070313
136.0 3288.45141601563
137.0 554.760375976563
137.9 14.2942180633545
139.0 18.631685256958
141.7 12.234543800354
141.9 83.8839874267578
142.0 247.119247436523
142.2 56.4575119018555
142.4 13.2697257995605
142.9 13.4854068756104
143.0 230.133209228516
143.1 51.7878875732422
143.9 135.549530029297
144.0 535.565795898438
144.8 17.9312419891357
145.0 85.65185546875
145.1 176.539169311523
145.2 58.5347671508789
146.0 284.385406494141
146.1 2318.67431640625
147.1 1094.28076171875
147.2 18.6879081726074
148.0 84.9042892456055
148.1 61.2552490234375
154.7 12.263876914978
155.1 23.9121990203857
156.0 31.0377769470215
156.0 111.017906188965
156.2 12.1602773666382
156.7 11.9164371490479
156.9 58.0828590393066
157.0 75.2355575561523
157.8 15.5321445465088
158.0 694.605773925781
158.1 412.145782470703
159.1 7045.10009765625
160.1 1318.51611328125
161.0 140.501861572266
161.0 68.0642242431641
161.8 37.9760246276855
162.0 90.3115386962891
162.1 237.319610595703
162.9 26.1736240386963
163.2 34.2681350708008
169.9 16.9566421508789
170.9 52.1747016906738
171.0 131.771255493164
172.0 33.313793182373
172.9 44.7173500061035
173.0 50.8184623718262
173.2 40.2724533081055
174.1 297.744567871094
174.2 33.0971603393555
175.1 10987.5087890625
176.1 1386.88366699219
177.0 12.1599225997925
177.2 27.3280658721924
185.0 11.7115993499756
185.1 17.794376373291
186.9 4.19072723388672
187.1 66.668815612793
187.9 64.0555953979492
188.1 27.0230712890625
189.0 580.431274414063
189.1 172.904861450195
190.0 47.0908470153809
190.2 25.7474060058594
198.9 46.5544242858887
199.1 108.054290771484
200.0 126.499061584473
200.1 31.0228176116943
200.8 13.4819431304932
201.1 30.7474040985107
207.0 63.0495223999023
211.0 44.9878311157227
214.9 99.8364028930664
215.0 33.8910217285156
215.9 46.1935844421387
217.0 15.2374324798584
217.9 12.217474937439
218.1 500.356292724609
218.9 42.3742866516113
219.1 105.965484619141
232.7 9.89431476593018
232.8 17.2005844116211
233.1 80.3523254394531
236.9 47.8690948486328
237.0 20.8933181762695
275.0 12.3072052001953
281.0 24.2060775756836
