#"+EI Scan (rt: 7.215-7.291 min, 14 scans) CM1-1-5.D  Subtract "
#Point,X(Thompsons),Y(Counts)
40.0 21.0943813323975
41.0 827.115356445313
42.0 4452.84375
42.9 273.625885009766
43.0 507.76708984375
43.2 11.7379016876221
44.0 352.711730957031
44.1 89.5600433349609
44.9 85.0363311767578
45.0 902.09912109375
45.1 28.2250232696533
49.8 32.9932022094727
49.9 161.025756835938
50.1 61.6970558166504
50.9 65.0297088623047
51.0 739.01806640625
51.9 80.6068344116211
52.0 93.1115646362305
52.1 43.6435050964355
52.9 22.2895240783691
53.0 822.43212890625
53.1 199.281646728516
54.0 402.237854003906
54.1 241.008682250977
54.9 60.5233573913574
55.0 1647.51342773438
55.9 44.7088584899902
56.0 2219.06567382813
57.0 9126.5419921875
57.9 81.3049697875977
58.1 322.581817626953
59.0 3542.046875
59.9 46.4316673278809
60.0 59.6053466796875
61.9 16.4354362487793
62.1 14.9206628799438
62.9 75.5784225463867
63.0 96.5843124389648
63.1 26.8266143798828
63.8 54.4401588439941
64.0 157.334518432617
64.1 64.3512725830078
64.9 333.248321533203
65.0 450.652648925781
66.0 275.037506103516
66.1 49.9924049377441
66.8 25.8942394256592
67.0 361.973785400391
67.1 106.021537780762
67.8 11.891637802124
67.9 41.7276878356934
68.0 410.114685058594
68.1 24.6363697052002
68.9 282.966918945313
69.0 154.184280395508
69.8 14.0037384033203
70.0 767.099426269531
70.9 130.337921142578
71.1 80.2534408569336
72.0 208.587356567383
72.1 75.393180847168
72.8 11.9168109893799
72.9 41.4363670349121
73.1 21.6130714416504
73.9 63.0683860778809
74.0 121.611267089844
74.9 80.827392578125
75.0 64.4612197875977
75.1 20.7720127105713
76.0 167.564331054688
76.1 128.285385131836
77.0 5127.4208984375
77.8 7.26434516906738
78.0 776.73193359375
78.1 84.8057098388672
78.9 30.6372661590576
79.0 367.405578613281
79.2 48.9069519042969
79.9 141.399322509766
80.0 1116.46130371094
80.8 33.6077499389648
81.0 1507.18127441406
81.1 20.4640350341797
82.0 876.177917480469
82.1 646.6455078125
83.0 97.4363861083984
83.1 171.337783813477
83.2 29.2136936187744
83.8 23.7810821533203
84.0 912.513244628906
84.1 300.649871826172
84.2 36.8820114135742
84.8 37.3341941833496
85.0 109.371757507324
85.1 240.160598754883
86.1 87.7226943969727
86.8 34.9051742553711
87.0 1093.06884765625
87.7 21.1838130950928
87.9 76.343147277832
88.1 138.60563659668
88.8 12.2509298324585
89.0 80.27001953125
89.9 49.7642478942871
90.0 59.4723434448242
90.1 67.4248580932617
90.9 124.674911499023
91.0 1386.76354980469
91.8 24.3971710205078
92.0 430.002593994141
92.2 51.2081260681152
93.0 2842.42016601563
94.0 1875.61779785156
94.1 159.910400390625
94.8 94.7100448608398
95.1 460.188720703125
96.0 2747.57934570313
97.0 215.583618164063
97.1 168.527923583984
97.9 84.8975219726563
98.1 16.1136054992676
98.8 26.5948944091797
98.9 18.009708404541
99.0 26.2890815734863
100.0 721.751098632813
101.1 47.3194389343262
101.8 14.9184265136719
101.9 31.4541931152344
102.1 21.9914588928223
102.9 210.904083251953
103.0 278.781433105469
103.9 71.8387908935547
104.0 790.316833496094
104.8 36.2505569458008
105.0 576.101684570313
105.9 69.6997451782227
106.0 829.761901855469
106.9 125.139366149902
107.1 13.4293565750122
107.9 159.038177490234
108.1 613.67626953125
108.8 51.0377731323242
109.0 224.978134155273
109.2 72.1503753662109
109.9 300.169250488281
110.0 274.615661621094
110.1 77.6965942382813
110.9 19.2933197021484
111.0 92.6445159912109
111.1 36.141902923584
111.9 13.7649002075195
112.0 125.430686950684
112.1 97.2835540771484
113.0 2685.15576171875
113.8 30.6571979522705
114.0 830.959106445313
114.9 15.0692472457886
115.0 222.406204223633
115.1 33.3780632019043
116.0 945.13671875
116.1 1150.93444824219
117.0 2087.09106445313
117.1 56.7315254211426
118.0 2840.69555664063
118.2 53.2636489868164
118.9 35.6352653503418
119.0 789.290588378906
119.2 24.0132312774658
119.9 279.863433837891
120.0 206.763442993164
121.8 33.1495170593262
122.0 53.5381660461426
122.1 86.910888671875
122.9 15.0724649429321
123.1 13.8834466934204
123.9 80.2774047851563
124.1 134.962829589844
124.8 11.5544710159302
124.9 67.016716003418
125.1 15.1065692901611
126.0 370.776885986328
126.0 166.235565185547
126.2 10.9274349212646
126.8 13.5348377227783
127.0 51.7618217468262
127.1 77.8852767944336
127.7 42.8864402770996
127.9 32.9362678527832
128.0 402.392303466797
128.8 25.2835731506348
129.0 36.817756652832
129.1 191.536422729492
130.0 3694.24243164063
131.0 928.664428710938
131.9 160.252197265625
132.1 1119.11828613281
132.9 60.574649810791
133.0 201.512420654297
133.8 12.9051008224487
134.0 58.1980247497559
135.0 12.0735874176025
136.0 203.101181030273
136.1 24.9625606536865
136.9 46.7509155273438
137.0 130.621078491211
137.8 11.0460443496704
138.0 485.646270751953
138.9 33.1453704833984
139.1 181.07861328125
140.1 6159.8203125
140.8 41.0138473510742
141.0 604.523132324219
141.1 175.022216796875
141.2 20.3820171356201
142.0 67.8684768676758
142.1 4947.18212890625
143.1 2954.46484375
143.9 45.0483093261719
144.0 1617.7939453125
144.9 83.9699020385742
145.1 280.498443603516
145.9 197.305084228516
146.1 1956.81726074219
146.8 32.5980224609375
147.1 249.843048095703
148.0 74.2180786132813
148.2 72.6726608276367
148.8 17.8399314880371
149.0 297.483978271484
149.1 107.796897888184
150.0 144.897811889648
150.1 441.984558105469
150.8 12.4500761032104
151.0 43.7773513793945
151.2 11.8475923538208
151.8 16.8379383087158
151.9 127.948295593262
152.0 667.434448242188
153.0 304.545318603516
153.1 258.794555664063
154.1 3448.4765625
155.0 767.1787109375
156.0 453.57958984375
156.1 174.768203735352
156.2 19.8832874298096
156.9 128.312896728516
157.0 130.743270874023
157.1 64.9740447998047
157.9 34.0143089294434
158.0 1220.02111816406
158.9 176.227340698242
159.0 475.715240478516
159.8 25.4264221191406
160.0 12.9818487167358
160.1 29.1913661956787
162.0 91.815803527832
163.1 23.4731311798096
163.9 80.7271194458008
164.1 17.3687553405762
164.7 11.4144649505615
164.9 32.114330291748
165.0 12.2890319824219
165.8 17.5520973205566
166.0 177.41081237793
166.1 764.786560058594
166.9 31.3020763397217
167.0 270.966644287109
167.2 112.99144744873
168.1 26608.12890625
169.1 3013.51831054688
169.9 70.9995269775391
170.1 286.859802246094
170.9 118.359596252441
171.1 109.825210571289
171.9 53.2054862976074
172.0 64.2200927734375
173.0 142.94743347168
173.1 163.444183349609
173.8 14.1995210647583
174.0 45.4158325195313
174.1 81.5266647338867
174.9 13.7809247970581
175.9 170.580688476563
177.0 190.415435791016
177.1 108.235488891602
177.9 143.116287231445
178.1 517.994323730469
178.2 20.4819393157959
178.8 12.1557683944702
179.0 37.791690826416
179.9 18.8749542236328
180.1 38.8683547973633
183.0 46.8948020935059
183.2 21.7059001922607
184.0 53.1227684020996
184.7 14.1192655563354
184.9 43.6150398254395
185.1 127.545585632324
185.9 67.4852828979492
186.1 292.489196777344
187.1 2868.13061523438
187.8 11.3510990142822
188.0 278.224822998047
188.1 236.970458984375
188.9 94.4187850952148
189.1 133.125534057617
189.8 23.3750801086426
190.0 293.117980957031
190.9 22.0901641845703
191.0 42.0247383117676
191.1 33.1287498474121
192.0 40.5595207214355
193.0 11.5750284194946
193.9 12.366551399231
194.0 59.9410743713379
194.1 19.2180347442627
195.0 213.892120361328
195.1 40.0241966247559
195.9 60.9489135742188
196.1 117.989501953125
196.3 12.2466735839844
196.9 53.6593360900879
197.1 207.548538208008
198.0 68.6262664794922
198.2 36.5244102478027
198.9 14.2233667373657
199.0 101.94002532959
199.9 19.0828227996826
200.0 86.6521759033203
200.8 12.1917371749878
201.0 69.3377914428711
201.2 70.3245468139648
201.8 21.5508575439453
202.0 96.7295532226563
202.1 694.052124023438
203.1 103.351280212402
203.9 62.4589462280273
204.1 12.2020883560181
207.0 30.6979961395264
210.0 110.748176574707
210.1 168.821701049805
210.8 27.0484428405762
211.0 142.022399902344
211.2 12.7162666320801
212.1 13625.1201171875
213.1 1709.06762695313
213.9 45.8318672180176
214.1 183.469573974609
215.0 382.599822998047
215.7 11.2759838104248
216.0 86.828971862793
216.2 11.3246173858643
217.0 66.9884796142578
217.8 24.839542388916
218.0 50.5537796020508
218.8 15.4506607055664
218.9 50.2537040710449
219.1 38.0985298156738
223.9 37.6139945983887
224.1 34.7293891906738
224.8 37.0983352661133
225.0 11.2442417144775
225.2 14.5174026489258
226.1 3454.72485351563
227.1 14088.2685546875
228.1 3096.99487304688
228.9 41.4455223083496
229.1 396.456970214844
230.0 13.1165103912354
231.0 25.1736011505127
231.1 90.812126159668
232.8 7.16120958328247
232.9 71.471321105957
234.0 22.9743175506592
234.2 11.0088968276978
236.9 37.7302894592285
237.0 50.038932800293
239.0 13.5887222290039
243.0 495.145721435547
243.2 266.840606689453
244.0 38.2485961914063
244.1 132.258590698242
244.9 46.6584892272949
245.2 13.1290349960327
245.9 45.1876602172852
246.1 48.2431030273438
246.2 28.8061180114746
247.0 190.296844482422
247.1 226.411529541016
247.3 28.398983001709
247.9 12.9328231811523
248.1 35.2486305236816
248.2 38.4051246643066
257.0 26.4274253845215
259.1 782.142883300781
259.2 17.7662448883057
260.0 46.346923828125
260.1 159.124603271484
261.0 16.3584728240967
261.1 585.393127441406
261.2 26.058931350708
262.1 60.970573425293
269.0 21.9535007476807
269.1 36.2144546508789
271.0 49.6074028015137
271.1 18.9043273925781
272.0 24.6982269287109
272.1 14.0945739746094
272.2 17.4931697845459
272.9 13.9142971038818
274.0 109.391342163086
274.2 73.3596420288086
275.0 27.4192180633545
275.1 157.746734619141
275.2 319.419982910156
276.2 34.1277046203613
284.9 12.5439987182617
285.1 35.5383949279785
289.0 11.5190401077271
290.9 33.5145950317383
291.2 41.4738960266113
293.0 9.09062576293945
303.2 6460.72802734375
304.0 26.9815979003906
304.1 880.327514648438
304.2 358.591033935547
305.0 18.6666507720947
305.1 116.96174621582
317.0 51.6501541137695
317.2 319.554046630859
318.0 30.7748413085938
318.2 15.3174734115601
319.1 248.076141357422
319.2 983.922058105469
320.0 19.4850215911865
320.2 177.0986328125
344.0 11.5846834182739
345.0 18.7783088684082
345.2 49.1901741027832
345.4 24.4344520568848
376.0 11.5788736343384
376.1 30.3803958892822
