#"+EI Scan (rt: 11.895-12.012 min, 21 scans) CM1-1-7.D  Subtract "
#Point,X(Thompsons),Y(Counts)
40.1 45.3174247741699
41.1 3330.59521484375
42.0 1871.13110351563
42.9 119.441055297852
43.1 252.136108398438
44.0 747.679626464844
49.9 59.8488540649414
50.0 99.3986206054688
50.9 278.583038330078
51.0 319.028472900391
51.8 9.74518013000488
51.9 62.1247787475586
52.1 67.1296005249023
53.0 194.528244018555
53.1 148.915603637695
53.9 74.2605743408203
54.0 139.925369262695
54.9 25.7275066375732
55.0 905.866455078125
56.0 369.172058105469
56.1 77.0805587768555
57.0 57.6464157104492
57.1 253.720581054688
57.8 9.00132942199707
58.1 20.0843486785889
58.8 6.1226978302002
58.9 56.7049560546875
59.1 31.3998622894287
59.2 16.036491394043
61.8 7.21953964233398
61.9 19.2476921081543
62.1 9.07607364654541
62.9 244.221649169922
63.1 34.0962295532227
63.9 28.5488567352295
64.0 73.2003479003906
64.2 7.84793519973755
64.9 109.885078430176
65.0 987.444274902344
65.1 73.4617462158203
65.9 53.3326301574707
66.0 178.442108154297
66.1 25.1429786682129
67.0 610.068542480469
67.1 550.34912109375
67.9 11.9112854003906
68.0 685.975830078125
68.1 253.932525634766
68.3 34.5905494689941
69.1 12355.37890625
69.9 48.680793762207
70.1 1499.92797851563
70.9 9.28572368621826
71.0 87.2772827148438
71.1 26.1239891052246
72.9 17.2553749084473
73.0 25.3163433074951
73.9 30.1163787841797
74.8 36.484748840332
75.0 23.0036182403564
75.8 21.4480247497559
76.0 80.703239440918
76.1 66.916748046875
77.0 3066.25048828125
77.9 348.708190917969
78.0 373.365997314453
78.9 107.828300476074
79.0 1096.96411132813
79.2 7.35897970199585
79.9 177.54768371582
80.1 132.393371582031
80.9 2.28684520721436
81.0 124.780258178711
81.1 24.2419891357422
82.0 293.781799316406
82.0 278.110321044922
82.2 7.50049352645874
83.0 95.7799530029297
83.1 68.7912139892578
84.0 100.576126098633
84.1 194.185409545898
85.0 7.81608009338379
88.8 9.34351825714111
89.0 142.349731445313
89.1 58.7676010131836
89.9 42.776237487793
90.1 82.3869781494141
90.2 18.3799381256104
91.0 3299.61083984375
91.9 79.1809768676758
92.0 559.478942871094
93.0 700.840454101563
93.0 950.036926269531
94.0 775.52197265625
94.2 27.6852359771729
94.7 9.43309307098389
94.9 15.2883405685425
95.0 244.917404174805
95.1 195.267837524414
95.2 58.4931297302246
96.0 632.908996582031
96.1 2153.45068359375
96.9 143.390274047852
97.1 1435.8427734375
98.0 82.5884857177734
98.1 216.92985534668
101.0 14.161581993103
101.6 8.77622413635254
101.8 16.1417140960693
101.9 71.7304763793945
102.1 31.4553737640381
102.2 20.6305637359619
102.8 10.3996772766113
102.9 89.7440948486328
103.0 1072.16271972656
103.1 8.88634490966797
103.9 181.69172668457
104.0 1729.67395019531
104.1 27.9273014068604
104.9 147.172119140625
105.1 4586.9306640625
106.0 419.135589599609
106.1 313.728057861328
106.9 43.7365798950195
107.2 15.5319042205811
108.9 18.480073928833
109.1 8.71424198150635
109.9 9.17874336242676
110.9 8.0303258895874
111.1 27.4578285217285
115.0 226.165267944336
115.1 7.54992961883545
116.0 83.6309585571289
116.1 24.8325023651123
116.9 21.6427993774414
117.0 624.74169921875
117.1 216.509841918945
117.9 7.91490173339844
118.0 245.355499267578
118.0 1147.03588867188
118.2 14.9152250289917
118.9 51.1936378479004
119.0 583.326904296875
119.1 9.40447616577148
119.8 9.96920585632324
119.9 123.615463256836
120.1 146.949157714844
122.1 18.6436328887939
127.1 7.9427752494812
127.7 8.0671501159668
127.9 41.5490608215332
128.0 54.1011848449707
128.8 7.62052059173584
129.0 33.4745483398438
129.1 79.1192932128906
130.0 1206.29235839844
130.1 731.036010742188
131.0 214.745040893555
131.0 1205.67175292969
132.0 653.686218261719
132.1 1509.96032714844
132.9 20.364559173584
133.0 244.33219909668
133.1 176.271835327148
133.2 15.7596969604492
133.9 98.358772277832
134.0 81.8817977905273
134.1 87.5728607177734
137.0 225.372055053711
138.9 66.005012512207
139.0 27.754732131958
139.1 158.460586547852
139.2 26.3560562133789
141.1 45.823070526123
142.0 12.1523246765137
142.9 89.8108291625977
143.0 80.8281555175781
143.1 81.3296661376953
144.0 213.19792175293
144.1 205.519165039063
144.7 16.7997379302979
144.9 60.2276496887207
145.1 209.992492675781
145.2 38.2875862121582
146.1 6624.45068359375
146.9 19.5260562896729
147.0 776.697937011719
147.2 64.8049468994141
147.9 45.6005516052246
148.0 176.07958984375
148.1 77.7255783081055
149.1 10.9243421554565
154.9 46.9020156860352
155.8 10.783429145813
155.9 40.907829284668
156.1 42.8467712402344
156.8 10.9284009933472
156.9 50.2694664001465
157.0 10.5543985366821
158.0 177.301681518555
158.1 184.00895690918
158.7 6.27031993865967
158.9 31.3281059265137
159.0 140.2685546875
159.1 194.711730957031
159.8 20.0524387359619
160.0 543.049865722656
160.1 122.692932128906
160.9 19.0789546966553
161.1 74.2753829956055
161.2 12.5775423049927
164.1 9.75536441802979
167.0 6.67784214019775
169.9 26.7021865844727
170.0 99.9761199951172
170.2 40.3122367858887
170.8 12.9638805389404
171.0 29.2810325622559
171.1 23.4321689605713
171.9 60.567268371582
172.1 84.4234771728516
172.8 9.44174480438232
173.0 63.4967231750488
173.1 87.0844879150391
182.0 8.61340045928955
184.0 295.836303710938
184.1 102.705451965332
184.8 13.9353713989258
184.9 35.5888557434082
185.1 107.419662475586
185.2 45.1725845336914
186.1 763.138366699219
186.9 39.6808395385742
187.0 401.920532226563
187.1 325.339202880859
187.3 14.74476146698
188.1 511.915313720703
188.1 908.060852050781
189.0 215.729949951172
189.1 8234.8056640625
190.0 213.132461547852
190.1 936.149475097656
191.0 19.7915821075439
191.2 41.5660209655762
197.0 9.15901279449463
199.9 17.7009544372559
200.0 19.9306869506836
201.1 9.33582401275635
206.9 6.33088302612305
207.1 25.0404205322266
210.8 16.6564865112305
211.1 55.6938095092773
214.7 26.1843032836914
214.9 55.8754501342773
215.0 10.292594909668
215.9 8.93807506561279
216.2 7.43854284286499
217.0 10.7012491226196
218.8 1.92320442199707
218.9 4.27493000030518
219.9 11.1514730453491
228.9 7.44169044494629
231.0 26.7530460357666
232.9 80.8463134765625
233.0 17.9299030303955
233.2 10.819896697998
236.9 94.9300842285156
241.9 53.3252258300781
242.1 198.285522460938
242.3 7.4210786819458
243.0 7.65308713912964
243.1 17.0970439910889
243.2 20.9322757720947
277.0 7.22076511383057
279.2 16.2647495269775
283.0 7.74043416976929
283.9 9.7330493927002
284.2 18.0400791168213
285.2 15089.3984375
286.2 3099.90698242188
287.0 60.9782180786133
287.1 28.3317584991455
287.2 232.95149230957
287.3 61.6781692504883
292.9 4.21375560760498
293.0 4.16191339492798
307.0 8.21862030029297
307.1 18.9568748474121
335.2 9.31750869750977
374.1 7.78238916397095
