#"+EI Scan (rt: 13.597-13.743 min, 26 scans) CM1-1-7.D  Subtract "
#Point,X(Thompsons),Y(Counts)
40.0 29.7303562164307
40.8 11.3072061538696
41.0 317.522583007813
41.1 135.580703735352
42.0 1415.38098144531
43.0 120.515167236328
43.0 91.9683990478516
43.1 22.73508644104
44.0 273.819213867188
49.9 64.0776824951172
50.1 31.954568862915
50.8 9.97956371307373
50.9 190.967742919922
51.0 220.659866333008
51.1 34.3821144104004
51.9 25.2046375274658
52.0 53.2635307312012
52.8 10.6065425872803
52.9 98.412712097168
53.1 80.0544128417969
53.8 14.5320949554443
54.0 91.947265625
54.1 48.2542572021484
54.9 42.0500907897949
55.0 450.251434326172
55.2 28.715633392334
55.8 12.1860570907593
55.9 35.5464782714844
56.0 162.719833374023
56.2 11.7841701507568
56.9 44.7399826049805
57.0 88.5122146606445
57.1 7.30975532531738
58.9 26.6014595031738
59.0 8.29723358154297
59.2 5.89285087585449
61.9 28.6256713867188
62.9 6.22572088241577
63.0 202.393096923828
63.1 21.5531120300293
63.8 42.9897880554199
64.0 39.4503021240234
64.1 26.7140083312988
64.9 209.449340820313
65.0 609.516723632813
65.9 17.6172790527344
66.0 118.639678955078
66.2 11.6475524902344
66.8 8.85312557220459
66.9 506.630065917969
67.0 115.134140014648
67.2 20.0409469604492
67.9 79.5512771606445
68.0 229.258163452148
68.1 52.777400970459
68.9 160.157012939453
69.0 141.361862182617
69.8 14.8041114807129
70.0 173.152252197266
70.0 144.505599975586
70.1 35.5890579223633
71.0 14.9179401397705
72.9 10.0301465988159
73.0 19.2489585876465
73.2 2.91513919830322
73.9 7.60380077362061
74.0 21.7854423522949
75.0 28.8549289703369
75.8 15.5454168319702
76.0 89.704475402832
76.1 15.5117635726929
77.0 2127.5341796875
78.0 384.346343994141
78.1 88.931526184082
79.0 672.323486328125
79.8 8.3218469619751
79.9 86.6890716552734
80.0 104.37336730957
80.8 15.945032119751
80.9 32.3134078979492
81.1 120.906265258789
81.8 23.1897773742676
82.0 144.550842285156
82.1 153.482086181641
82.8 8.53519058227539
83.0 53.2201461791992
83.9 35.6065635681152
84.1 26.9186744689941
84.8 6.34953737258911
85.9 7.86585998535156
88.8 31.4890060424805
89.0 137.693222045898
89.1 48.6526641845703
89.9 18.0995712280273
90.0 37.2616310119629
90.2 44.985710144043
91.0 2746.38647460938
92.0 182.589920043945
92.0 141.811370849609
92.8 23.4910507202148
93.0 197.506988525391
93.9 108.945953369141
94.1 401.054626464844
95.0 2021.76330566406
95.0 11868.4921875
95.9 104.100082397461
96.0 2260.85986328125
96.9 86.8294372558594
97.0 205.636611938477
97.1 16.2198429107666
97.9 21.8470783233643
98.0 125.633674621582
98.2 64.63037109375
101.9 40.357120513916
102.0 32.1686744689941
102.2 7.62156248092651
102.8 18.2530460357666
103.0 350.035308837891
103.1 422.707550048828
104.0 236.337509155273
104.0 676.054626464844
104.2 20.0256938934326
104.9 31.4388256072998
105.0 2036.29028320313
105.8 32.772518157959
106.0 148.623443603516
106.1 124.334274291992
107.1 12.9101915359497
109.1 5.71041584014893
114.8 25.2306632995605
115.0 218.686904907227
116.0 45.1937522888184
116.1 28.1483631134033
116.8 10.1837358474731
116.9 231.032638549805
117.0 181.34196472168
118.0 395.940795898438
118.1 125.501388549805
118.2 6.28266429901123
118.8 8.58117580413818
118.9 64.8877792358398
119.1 83.3649978637695
119.9 22.7217082977295
120.1 17.1077098846436
127.9 8.45448207855225
128.1 20.4890670776367
128.9 26.1772422790527
129.0 25.4290733337402
129.1 31.9142456054688
129.9 23.9145069122314
130.0 637.640991210938
130.1 480.456695556641
130.2 43.7390480041504
130.9 125.360870361328
131.0 278.779083251953
131.2 77.9419250488281
131.9 142.437805175781
132.0 697.559204101563
132.8 17.5551433563232
133.0 97.4954147338867
133.2 19.3631610870361
133.8 6.10014247894287
134.0 7.44133949279785
136.9 43.4350128173828
137.0 86.6435241699219
137.9 10.6957654953003
138.1 12.256875038147
138.9 9.5066385269165
139.0 14.221607208252
140.8 12.923397064209
140.9 13.5920457839966
141.8 27.4325828552246
142.9 15.3336324691772
143.1 21.0502662658691
144.0 91.5998229980469
144.1 68.4053421020508
144.8 13.3228197097778
145.0 66.2274627685547
146.0 103.427978515625
146.1 137.147430419922
147.0 5.9313759803772
154.8 0.830067157745361
155.0 38.0512199401855
155.7 6.9243369102478
155.9 31.325855255127
156.0 7.1533260345459
156.9 12.3061819076538
157.9 16.7081775665283
158.0 764.951171875
158.2 81.841438293457
158.9 83.9744415283203
159.0 200.067855834961
159.1 25.083438873291
159.9 108.417839050293
160.0 55.2198867797852
160.1 23.1719970703125
160.8 8.76581764221191
162.1 6.04537487030029
162.9 12.7368583679199
168.0 6.90963506698608
168.1 6.44054460525513
169.8 6.16379117965698
169.9 191.966156005859
170.0 281.43212890625
170.2 10.6049671173096
170.7 5.94252729415894
171.0 103.577743530273
171.1 68.6428375244141
172.0 6.79093933105469
172.2 5.88409471511841
175.1 6.71137285232544
181.9 6.40841674804688
183.9 15.4275159835815
184.0 207.721328735352
184.1 97.4389724731445
184.2 8.22654819488525
184.9 46.5938529968262
185.0 167.376983642578
185.2 46.1950912475586
186.0 78.1460647583008
186.1 315.011047363281
186.7 8.69773864746094
186.9 102.611396789551
187.1 587.086486816406
187.2 54.5212173461914
188.0 90.5454254150391
188.1 268.962249755859
188.8 19.8447360992432
189.0 103.89168548584
189.1 47.3609428405762
193.0 6.38366603851318
198.9 6.25845432281494
206.7 5.31633615493774
206.9 8.1908540725708
210.6 6.71010160446167
210.8 7.76827621459961
211.0 38.4975395202637
211.1 62.330867767334
212.1 18.9453601837158
213.0 21.4049053192139
214.8 71.3965759277344
215.0 93.9716796875
216.1 8.11500453948975
216.9 5.57608079910278
218.7 6.70319080352783
218.9 8.88278007507324
232.7 10.9111938476563
233.0 20.0903053283691
233.1 36.6336975097656
234.1 5.99183225631714
236.9 43.3564605712891
237.9 5.40413999557495
239.1 6.80195045471191
240.1 4889.11474609375
240.8 25.2901954650879
241.0 321.001159667969
241.1 526.8251953125
242.0 28.4742031097412
242.1 44.1275367736816
253.8 6.82715272903442
279.1 6.03847074508667
282.1 6.96320581436157
283.0 133.22135925293
283.1 9003.69921875
284.1 561.277770996094
284.1 1198.94384765625
285.0 122.500381469727
285.1 118.711715698242
292.9 4.38748741149902
293.1 13.7113552093506
332.0 19.8426284790039
332.2 88.3972473144531
332.3 21.2017250061035
333.0 12.9847040176392
