#"+EI Scan (rt: 13.597-13.743 min, 26 scans) CM1-1-10.D  Subtract "
#Point,X(Thompsons),Y(Counts)
40.1 7.24971771240234
40.9 14.4482707977295
41.0 372.056610107422
41.1 11.6115531921387
42.0 1310.27221679688
42.9 59.2545967102051
43.0 123.60782623291
43.1 20.2664966583252
44.0 446.263610839844
49.9 48.845401763916
50.0 81.7853088378906
50.1 6.83225202560425
51.0 252.226013183594
51.1 161.162673950195
51.9 70.1595764160156
52.1 58.7719802856445
52.9 52.5888938903809
53.0 76.3959197998047
54.0 84.1672515869141
54.1 69.9202270507813
55.0 234.210372924805
55.1 137.464920043945
55.2 6.14198398590088
56.0 205.55403137207
56.8 6.60983943939209
57.0 111.457183837891
57.2 28.0742301940918
58.2 7.25994348526001
58.9 24.8607692718506
59.0 32.6609268188477
62.0 14.253851890564
62.6 6.16895627975464
62.8 7.28895235061646
63.0 178.95344543457
63.1 49.0306739807129
63.8 21.3049640655518
64.0 21.0494155883789
64.1 36.6632270812988
64.9 15.3055305480957
65.0 826.251525878906
65.1 26.991340637207
66.0 120.471588134766
66.1 15.8927755355835
66.9 145.467620849609
67.0 494.213897705078
67.9 187.776336669922
68.1 181.880523681641
68.9 57.5932884216309
69.0 142.534317016602
69.1 110.345245361328
69.9 36.155216217041
70.0 304.881561279297
71.0 7.24622249603271
72.9 29.6305313110352
73.1 3.75711059570313
73.9 15.7717266082764
74.9 7.55870485305786
75.0 31.0518321990967
75.3 6.10912561416626
75.9 42.7308807373047
76.1 63.5150489807129
77.0 2015.98681640625
77.9 192.639495849609
78.1 301.148223876953
78.2 8.43129062652588
78.9 5.03290557861328
79.0 615.934936523438
79.2 17.1310253143311
79.8 29.7794628143311
80.0 139.7919921875
80.1 32.7419738769531
80.7 27.26708984375
80.9 1.44605445861816
81.1 120.813636779785
81.2 7.08748531341553
81.9 80.6294860839844
82.0 193.877136230469
82.2 23.8400382995605
82.9 16.3438549041748
83.1 15.0433912277222
84.1 32.4450950622559
88.8 8.33170223236084
89.0 126.135406494141
89.1 50.4722938537598
89.8 6.76185894012451
89.9 42.4527778625488
90.0 32.1460304260254
90.1 19.6040668487549
90.9 17.1224517822266
91.0 2399.78955078125
91.2 58.8060264587402
91.9 43.6362495422363
92.0 136.792770385742
92.1 129.003143310547
92.9 78.7204666137695
93.0 111.897880554199
93.2 57.0948677062988
93.9 27.5280990600586
94.0 408.390319824219
94.2 106.168495178223
95.0 13669.90625
95.9 22.8753623962402
96.0 2179.7021484375
96.1 82.9545974731445
96.9 56.7713356018066
97.0 83.7267532348633
97.1 113.676445007324
98.0 224.465087890625
98.2 6.95062160491943
101.7 5.98725318908691
101.8 40.0565376281738
102.0 9.08399105072021
102.1 42.9144821166992
102.2 9.7887716293335
103.0 414.860321044922
103.1 291.710418701172
103.2 29.8886890411377
104.0 584.670471191406
104.1 456.699981689453
104.9 26.9954967498779
105.0 877.831787109375
105.1 1049.57336425781
105.9 9.82121849060059
106.0 240.39631652832
106.2 33.7668609619141
107.1 14.7999897003174
107.9 5.80761384963989
108.8 8.2989444732666
114.9 109.38387298584
115.0 52.6134910583496
115.1 65.2551803588867
115.9 30.548282623291
116.0 37.3466529846191
116.7 13.5076665878296
117.0 161.405120849609
117.1 197.668182373047
117.2 43.7766189575195
117.9 58.5522499084473
118.0 187.237487792969
118.1 237.519836425781
118.8 13.3394145965576
118.9 92.5628280639648
119.1 93.459846496582
119.9 26.4398326873779
128.0 58.3796348571777
128.2 5.89083909988403
129.0 46.5259017944336
130.0 614.889282226563
130.1 590.466003417969
130.9 61.0120811462402
131.0 441.796691894531
131.1 108.395622253418
132.0 195.165267944336
132.0 554.451721191406
132.2 28.4683933258057
132.8 6.43382978439331
133.0 100.284164428711
133.1 49.1718368530273
134.0 38.318675994873
137.0 34.8231506347656
137.1 116.527473449707
137.8 5.93513679504395
137.9 5.81513595581055
138.0 10.7614402770996
138.9 12.0150032043457
140.9 6.12039136886597
141.1 13.2560052871704
141.9 22.6970691680908
142.8 6.95475673675537
142.9 24.3553237915039
143.1 19.2993869781494
144.0 74.3239288330078
144.0 112.148628234863
144.2 14.9131259918213
145.0 16.1930656433105
145.1 24.052583694458
145.8 8.31736850738525
146.0 53.6003341674805
146.1 170.450866699219
147.0 7.16047191619873
148.1 10.7252807617188
154.8 5.1290454864502
154.9 37.8706359863281
155.9 15.6104383468628
156.1 32.6855545043945
156.8 12.4153957366943
157.0 15.9878959655762
157.1 18.410961151123
158.0 1044.56127929688
158.9 93.9299774169922
159.1 200.303909301758
159.8 38.8488502502441
159.9 50.9139022827148
160.1 107.502105712891
161.0 6.52902126312256
167.0 7.64870262145996
167.2 6.78919982910156
167.9 13.4150686264038
168.1 7.06005668640137
169.9 93.0983352661133
170.0 344.939727783203
170.1 78.9288864135742
170.9 58.0038681030273
171.0 118.449180603027
172.0 43.1100997924805
180.9 7.09977626800537
181.0 7.98699903488159
181.9 7.79928922653198
182.1 31.8601036071777
183.8 14.7918853759766
184.0 133.26969909668
184.1 212.254470825195
184.9 60.8323745727539
185.1 149.211120605469
185.2 44.7139892578125
185.9 105.352783203125
186.1 273.725769042969
186.9 24.3524570465088
187.1 552.934326171875
187.2 118.842002868652
187.9 56.9677886962891
188.0 157.792388916016
188.2 218.154113769531
188.8 7.61129188537598
189.0 44.5137481689453
189.1 29.1435031890869
196.0 7.80714464187622
197.0 12.1666631698608
197.9 6.15856075286865
206.8 3.30495190620422
210.7 24.0194320678711
210.9 8.68841171264648
211.0 36.8581695556641
211.9 13.1859130859375
214.9 16.5180969238281
215.8 6.23978233337402
218.7 3.93354320526123
218.9 6.1004753112793
219.0 18.7442512512207
232.6 6.88812255859375
232.8 70.3901596069336
234.1 7.65941095352173
235.0 6.56167125701904
236.9 79.9015502929688
237.8 10.0953397750854
238.8 8.14342403411865
239.1 15.497109413147
240.1 5352.61962890625
241.0 217.501281738281
241.1 735.866638183594
241.9 42.8542938232422
242.1 18.3163452148438
279.1 25.5301895141602
280.9 19.5990943908691
282.1 15.3694458007813
283.2 9563.134765625
284.0 14.9080247879028
284.1 1740.53759765625
284.3 14.7817363739014
284.4 10.8382453918457
284.9 35.1041831970215
285.0 96.3421478271484
285.1 96.9151306152344
285.3 21.8822631835938
285.4 7.39361763000488
288.9 10.4515533447266
293.0 19.2471046447754
332.1 73.5112380981445
332.2 74.0316162109375
