#"+EI Scan (rt: 8.107-8.194 min, 16 scans) CM1-2-3.D  Subtract "
#Point,X(Thompsons),Y(Counts)
40.1 277.384429931641
41.1 3544.30883789063
42.1 15463.4541015625
43.1 19488.51171875
44.0 7267.47900390625
44.9 77.6836395263672
45.0 135.566253662109
50.0 250.030426025391
50.1 429.954345703125
50.9 34.3754615783691
51.0 2964.28100585938
51.9 353.483978271484
52.1 385.673248291016
53.0 484.693786621094
53.0 561.063415527344
54.0 888.996398925781
54.1 447.894836425781
55.0 2434.96118164063
56.0 2292.71362304688
56.9 68.0438613891602
57.0 1355.65356445313
58.0 232.282379150391
58.1 12.6988258361816
58.8 34.4516220092773
59.1 61.2625694274902
60.9 33.3794059753418
61.2 12.8969736099243
61.8 19.8527965545654
62.0 211.722381591797
62.1 79.5789413452148
62.8 27.4657325744629
62.9 290.610046386719
63.0 1037.1826171875
63.9 227.568862915039
64.1 641.809143066406
64.2 20.1399402618408
65.0 7012.75390625
65.9 39.9343948364258
66.0 1164.41625976563
66.2 12.0700159072876
67.0 2719.54028320313
68.0 2883.84741210938
68.9 68.804084777832
69.1 2347.54541015625
70.1 3718.85034179688
71.0 406.965484619141
71.9 24.1150093078613
72.0 154.791687011719
73.0 61.0917663574219
73.1 18.0360221862793
73.9 122.235900878906
74.0 238.377182006836
74.9 239.155914306641
75.0 282.408294677734
76.0 746.322692871094
76.2 151.114532470703
77.0 19484.96484375
78.0 3691.51953125
79.0 6073.7548828125
79.8 10.2791538238525
80.0 1531.27319335938
80.9 51.0973930358887
81.0 486.681304931641
81.1 15.7906932830811
81.9 80.3875198364258
82.0 2556.36206054688
82.9 15.8888301849365
83.0 93.2609252929688
83.1 482.348937988281
84.0 164.128616333008
84.1 516.650939941406
84.9 22.5796127319336
85.0 27.5443954467773
85.2 12.7176427841187
86.0 74.224853515625
86.1 129.296081542969
86.8 28.001579284668
87.0 13.6414833068848
88.0 12.3367004394531
88.2 17.3860340118408
88.9 99.8557205200195
89.0 1366.36157226563
90.0 242.333374023438
90.0 798.142211914063
90.1 176.750762939453
91.0 24836.375
92.0 345.351776123047
92.0 2736.42431640625
93.0 2322.29248046875
93.1 2093.51147460938
94.1 3253.89013671875
94.8 19.932487487793
95.0 1732.39660644531
95.2 67.1325378417969
96.1 10890.310546875
97.0 1110.63562011719
97.1 391.609283447266
97.9 36.9128189086914
98.1 547.451354980469
98.9 13.5079278945923
99.0 33.141487121582
99.1 9.73594951629639
99.2 11.8338041305542
101.0 101.898361206055
102.0 506.510498046875
102.1 197.659393310547
103.0 4726.26025390625
103.1 1173.80908203125
104.0 8022.3154296875
105.1 17413.626953125
106.0 3900.23559570313
107.0 292.895172119141
107.1 103.48168182373
107.2 10.4810228347778
108.0 268.794097900391
108.2 56.6736526489258
108.9 9.52492523193359
109.0 153.764633178711
109.1 34.572624206543
109.9 63.3056335449219
110.0 279.786468505859
110.1 119.066093444824
110.9 46.7721405029297
111.0 111.56143951416
112.0 44.6813812255859
112.2 20.880973815918
115.0 732.423767089844
115.1 333.707763671875
115.8 47.1941795349121
116.0 363.082183837891
116.1 182.212310791016
117.0 4368.359375
118.0 11532.0439453125
119.0 2085.49584960938
119.1 308.356414794922
119.8 11.7212734222412
120.0 547.740112304688
120.1 558.743103027344
120.9 20.5512771606445
121.1 9.42485332489014
122.0 76.8799514770508
123.0 11.8317470550537
123.2 11.116286277771
123.9 20.4190635681152
124.1 36.4316711425781
125.8 9.96668338775635
126.0 34.8619384765625
127.0 51.8382949829102
127.1 58.4513320922852
127.8 10.3660297393799
128.0 155.686813354492
128.1 276.012786865234
128.8 13.7064361572266
129.0 179.880157470703
129.1 349.145690917969
130.0 200.124252319336
130.1 8426.984375
130.9 67.3071975708008
131.1 4867.34912109375
132.1 11838.1611328125
132.9 44.5529327392578
133.0 1646.04382324219
134.1 744.470458984375
135.0 227.806411743164
135.1 326.897399902344
135.8 47.5726547241211
136.0 187.523834228516
136.1 349.248718261719
136.2 20.7160568237305
136.8 39.7936019897461
137.0 15.5076293945313
137.0 181.761184692383
137.9 58.364616394043
138.9 31.2187080383301
139.0 159.517425537109
139.1 218.945770263672
140.0 54.7806434631348
140.1 11.8283214569092
140.8 10.2193155288696
140.9 24.4785804748535
141.1 9.69949722290039
141.9 33.9543876647949
142.0 43.4577217102051
142.2 13.8612298965454
142.9 316.614990234375
143.1 144.499389648438
143.3 23.3324737548828
144.1 1955.42614746094
145.0 283.340576171875
145.1 1414.62524414063
146.1 45957.18359375
147.1 5423.31982421875
148.0 526.863708496094
148.1 416.143371582031
148.7 12.6568431854248
149.1 41.9232864379883
150.0 45.576847076416
150.7 11.1355237960815
151.1 88.0388412475586
151.2 48.4680938720703
152.0 46.2011108398438
152.9 16.1771259307861
153.9 17.2894592285156
154.0 30.3238563537598
154.8 36.254322052002
154.9 29.5012245178223
155.1 11.0014343261719
155.2 10.0495090484619
156.0 295.098266601563
156.1 175.705657958984
156.9 56.3780479431152
157.1 345.709350585938
157.2 43.7283973693848
158.1 6345.662109375
159.0 1774.36413574219
160.0 94.9182281494141
160.1 2019.75793457031
160.9 49.4346580505371
161.0 40.401237487793
161.1 175.712417602539
161.2 50.3148803710938
162.0 10.3692722320557
166.9 49.9764556884766
167.9 10.2270879745483
169.0 13.4497423171997
169.2 14.9961042404175
169.9 12.3079166412354
170.0 137.281311035156
170.1 31.4091854095459
171.0 130.465133666992
172.0 376.729156494141
172.2 87.6180725097656
172.9 170.404159545898
173.0 391.874114990234
173.2 94.9072418212891
173.8 9.53856658935547
174.0 41.8017425537109
174.2 24.6813278198242
174.8 159.987686157227
175.0 44.4209098815918
175.1 22.4752807617188
176.0 45.3776397705078
180.0 26.3379745483398
181.1 18.1703319549561
181.2 9.74300384521484
181.8 9.75791549682617
182.1 24.4080123901367
183.0 15.0642719268799
183.1 11.0794658660889
183.8 39.0646057128906
184.0 54.9201202392578
184.1 799.903076171875
184.2 67.1642532348633
185.0 52.4900894165039
185.1 630.572509765625
186.1 1598.30444335938
186.1 560.866027832031
187.1 1968.046875
188.1 30725.75390625
189.1 13764.244140625
190.1 1320.95251464844
190.1 375.691284179688
191.0 73.7688522338867
191.1 55.1886901855469
191.2 16.940149307251
201.1 11.4668397903442
201.9 124.451705932617
202.0 411.26708984375
202.1 165.8310546875
203.1 88.3153076171875
206.9 11.5150308609009
207.1 9.70182991027832
210.8 5.58413410186768
210.9 29.4105243682861
211.1 46.722095489502
213.0 16.4267559051514
213.1 50.3800735473633
214.8 2.33486080169678
214.9 47.157958984375
215.0 135.441497802734
215.9 19.0358276367188
216.9 13.8050737380981
218.7 34.0099983215332
226.9 12.5557584762573
227.4 10.035906791687
228.1 11.4583702087402
229.0 49.2437324523926
229.1 132.538909912109
229.3 37.7040214538574
229.5 29.3665466308594
229.7 56.8465423583984
229.8 35.4122505187988
230.2 472.723876953125
231.1 86114.5546875
232.1 13681.0517578125
233.0 139.759536743164
233.1 1159.96862792969
234.0 55.9499092102051
234.1 11.9192714691162
236.8 93.5381927490234
236.9 3.49444198608398
237.0 17.5727005004883
237.9 9.70843887329102
254.0 15.3424596786499
279.0 14.3510589599609
279.2 21.3001098632813
279.3 43.1181716918945
320.0 93.7709426879883
320.2 107.405044555664
321.0 19.6970405578613
321.2 20.4252510070801
