#"+EI Scan (rt: 8.107-8.194 min, 16 scans) CM1-2-10.D  Subtract "
#Point,X(Thompsons),Y(Counts)
40.1 112.825622558594
40.9 58.3294219970703
41.0 3374.82177734375
42.1 14471.548828125
43.0 19687.50390625
44.0 6589.87158203125
45.0 107.314758300781
45.1 86.4596939086914
48.9 10.7719564437866
50.0 661.566772460938
50.9 63.1558723449707
51.0 2464.1220703125
51.2 40.216136932373
51.9 46.964282989502
52.0 686.63232421875
52.1 85.237663269043
53.0 438.713836669922
53.0 548.506774902344
54.0 1272.52819824219
54.2 32.308422088623
55.0 2221.55932617188
55.9 42.5138664245605
56.0 2043.07275390625
56.9 99.7453918457031
57.0 958.074340820313
57.1 77.54638671875
58.0 172.239486694336
58.9 5.65105438232422
59.0 108.57551574707
60.9 23.8875961303711
61.8 25.4397926330566
62.0 193.007461547852
62.1 76.1192016601563
62.9 343.214294433594
63.0 1048.28991699219
64.0 331.909301757813
64.1 440.196319580078
64.2 19.0839824676514
65.0 6143.88330078125
66.0 490.040222167969
66.0 715.196960449219
67.0 2446.6474609375
68.0 181.076812744141
68.1 2347.751953125
68.9 170.363220214844
69.1 2001.18518066406
70.0 26.751501083374
70.1 3189.10595703125
70.9 121.210037231445
71.0 217.455276489258
71.2 40.6186294555664
71.8 51.0017547607422
72.0 51.419002532959
73.0 63.5129432678223
73.3 12.2959613800049
73.8 49.0384979248047
74.0 249.043884277344
74.1 49.8315620422363
74.9 10.0846910476685
75.0 300.769104003906
75.1 109.029983520508
76.0 397.792755126953
76.1 313.033325195313
76.2 90.048942565918
77.0 15841.2861328125
78.0 3474.86962890625
79.0 4995.02001953125
79.9 123.720329284668
80.0 1052.65356445313
80.9 57.4463119506836
81.0 477.659149169922
82.0 2053.31762695313
82.9 108.516220092773
83.1 265.424560546875
83.2 60.7444534301758
83.7 10.7601623535156
84.0 359.902893066406
84.1 332.328796386719
84.9 15.9525394439697
85.0 11.845495223999
85.8 29.3673992156982
85.9 59.8927040100098
86.1 62.9557914733887
86.1 52.3646354675293
86.3 9.5377254486084
86.9 10.4351024627686
88.1 49.1459884643555
88.2 13.4938974380493
88.9 35.3299598693848
89.0 1228.7568359375
89.1 73.9192428588867
89.8 14.7939386367798
89.9 184.733673095703
90.1 899.224609375
90.3 15.6234521865845
91.0 23409.08203125
92.0 2849.79541015625
92.9 90.8142547607422
93.0 4066.12329101563
93.9 121.328178405762
94.1 2727.17456054688
95.0 1390.94555664063
95.2 103.134918212891
96.1 9017.7763671875
97.0 697.026794433594
97.1 584.5244140625
98.0 445.912719726563
98.1 103.170036315918
99.0 10.7478542327881
100.8 22.207836151123
101.1 16.3829002380371
101.9 16.5861721038818
102.0 314.488555908203
102.1 302.062042236328
102.3 22.8024387359619
103.0 260.919830322266
103.0 4850.32373046875
104.0 6445.9072265625
105.0 13973.6044921875
106.0 3183.77026367188
107.0 201.060333251953
107.1 185.212692260742
108.0 149.543960571289
108.1 76.0673980712891
108.9 165.619354248047
109.9 105.859939575195
110.1 195.824645996094
110.9 36.4822616577148
111.1 39.0311622619629
112.0 15.6747455596924
112.2 17.4146614074707
114.9 263.123321533203
115.0 585.06982421875
115.9 248.777313232422
116.1 230.172866821289
116.3 45.1193161010742
117.0 3518.263671875
117.1 69.1211547851563
118.0 9313.2314453125
119.0 2059.89306640625
119.9 55.5799369812012
120.1 697.380615234375
120.2 37.2277603149414
120.9 17.7074813842773
121.0 13.7105665206909
121.1 60.2836418151855
124.1 9.69240379333496
125.9 10.750470161438
126.9 14.1074085235596
127.0 31.9044704437256
127.1 36.8390426635742
127.9 110.340911865234
128.0 86.2554397583008
128.1 102.09553527832
128.8 53.753173828125
129.0 257.606781005859
129.2 74.5547180175781
130.0 6836.0380859375
131.1 3635.05810546875
132.1 8944.9443359375
132.9 64.7213821411133
133.1 1284.47412109375
133.9 47.8962631225586
134.0 342.819854736328
134.1 168.136123657227
134.7 28.0477809906006
134.9 95.5035705566406
135.0 402.061645507813
135.9 115.933151245117
136.0 375.125457763672
136.2 68.8775177001953
136.8 35.7169494628906
136.9 121.608833312988
137.9 12.6106300354004
138.8 31.5395660400391
139.0 93.6689834594727
139.1 194.233673095703
140.2 21.9545860290527
140.7 11.6348371505737
140.9 35.2466201782227
141.0 43.5843734741211
141.2 12.0073499679565
142.0 24.8330345153809
142.1 39.1137199401855
142.2 10.1277847290039
142.9 130.361236572266
143.0 176.21662902832
143.2 46.1368560791016
143.9 10.3485307693481
144.1 1569.44189453125
145.0 285.837738037109
145.1 1146.39868164063
146.1 34412.3828125
147.1 4240.798828125
147.8 11.0901145935059
147.9 106.19108581543
148.1 506.828308105469
148.9 57.4712905883789
149.0 15.3428516387939
149.9 9.67100429534912
151.0 21.7379913330078
151.2 25.5479202270508
152.0 24.1042156219482
152.8 15.1705093383789
154.8 13.9528169631958
155.9 26.2471523284912
156.0 215.697738647461
156.1 103.713409423828
156.9 154.738815307617
157.1 103.318374633789
157.2 48.4635467529297
158.1 4604.3271484375
158.9 113.28524017334
159.1 1269.72814941406
160.0 953.95361328125
160.1 659.072509765625
160.9 39.4082565307617
161.1 254.08512878418
165.0 11.2275218963623
166.9 41.2348327636719
167.1 12.8665857315063
168.1 35.0398330688477
168.8 16.2635536193848
169.1 29.9146881103516
169.8 12.6358623504639
170.0 115.642265319824
170.7 9.60261726379395
170.8 10.7151174545288
170.9 23.9103088378906
171.1 37.672191619873
171.2 13.6977005004883
171.8 12.248631477356
171.9 210.127777099609
172.1 132.939331054688
172.9 249.709442138672
173.0 170.191864013672
174.1 51.008056640625
174.9 26.6506195068359
175.0 92.6647644042969
177.0 15.0303182601929
181.8 14.6407642364502
182.1 83.0097885131836
183.0 12.0471391677856
183.2 14.3745031356812
184.1 878.302551269531
184.2 29.2897281646729
184.9 20.9853706359863
185.0 202.428771972656
185.1 277.461822509766
186.1 1731.61804199219
186.9 24.6677436828613
187.0 685.461059570313
187.1 1128.1025390625
188.1 22918.6328125
189.1 10495.3857421875
190.1 1297.2578125
191.0 52.6651229858398
191.1 71.5841674804688
191.2 11.0731353759766
196.0 10.1123456954956
201.0 13.2347135543823
201.9 28.1500930786133
202.1 518.366760253906
202.2 14.2111759185791
202.9 13.4043283462524
203.0 65.7853469848633
210.8 50.6279716491699
211.1 10.3916120529175
213.0 34.2382202148438
213.1 15.6961793899536
214.0 14.0596294403076
214.9 57.0528373718262
215.0 179.747817993164
215.1 38.6356315612793
215.8 10.0677738189697
215.9 9.79846858978271
216.9 12.2428226470947
219.0 10.4440727233887
225.9 9.42659378051758
227.0 19.6683959960938
228.2 39.9750595092773
228.3 10.8911647796631
229.1 84.4120025634766
229.2 104.970649719238
229.4 10.4890842437744
229.5 51.4424629211426
229.7 17.5881805419922
230.1 189.086242675781
230.2 331.532806396484
231.1 66004.828125
232.1 10783.087890625
233.0 41.5496215820313
233.1 1057.24255371094
234.1 16.0845489501953
236.8 23.2842559814453
237.0 73.9416351318359
251.1 12.5017690658569
279.0 49.3388977050781
279.1 35.1388702392578
320.0 15.4672565460205
320.2 116.962753295898
320.3 10.216607093811
321.2 23.4928798675537
323.3 15.8394193649292
