#"+EI Scan (rt: 9.214-9.313 min, 18 scans) CM1-2-3.D  Subtract "
#Point,X(Thompsons),Y(Counts)
40.1 255.375900268555
41.0 2637.84716796875
42.1 10420.697265625
43.1 12266.701171875
44.0 5013.6142578125
44.8 14.7633562088013
45.0 109.542579650879
45.2 42.1198997497559
50.0 445.442443847656
50.1 19.8104991912842
50.9 30.2584438323975
51.0 1638.16589355469
52.0 537.09912109375
53.0 336.905700683594
53.0 547.509887695313
53.8 10.947437286377
53.9 194.081314086914
54.0 688.903259277344
55.0 465.197204589844
55.1 1138.47424316406
56.0 1361.20092773438
56.2 74.4731140136719
56.9 21.9830474853516
57.0 902.546325683594
57.9 20.7308387756348
58.0 92.6294631958008
58.1 11.6079521179199
58.7 10.5346250534058
58.9 83.2605209350586
59.0 127.990249633789
61.1 8.96028423309326
61.9 31.3705005645752
62.0 118.983589172363
62.1 19.3994541168213
62.8 20.5853099822998
63.0 694.239379882813
63.1 104.377510070801
63.9 25.7315769195557
64.0 457.141815185547
65.0 2706.88598632813
65.9 16.9037246704102
66.0 402.453155517578
66.1 468.434631347656
66.9 21.4334449768066
67.0 1814.12036132813
67.1 27.5487689971924
67.9 70.9207077026367
68.0 1920.20202636719
69.0 1644.98291015625
70.0 2365.98413085938
70.9 23.2811031341553
71.0 108.708297729492
71.1 85.3460998535156
71.9 36.581241607666
72.1 38.5948448181152
72.9 24.605655670166
73.0 62.0410308837891
73.8 27.8363418579102
74.0 142.468048095703
74.1 46.1202201843262
74.8 27.0856838226318
74.9 77.5419616699219
75.1 132.42253112793
75.7 9.84375381469727
75.9 206.243438720703
76.1 368.942565917969
77.0 12640.609375
77.9 53.0670967102051
78.0 2710.00927734375
79.0 4089.4072265625
79.9 362.653961181641
80.0 626.077453613281
81.0 462.245880126953
81.1 22.4249591827393
82.1 1793.1328125
83.0 345.489349365234
84.0 162.40495300293
84.0 293.372894287109
84.8 12.7997236251831
85.0 11.8998832702637
85.1 8.62802791595459
86.0 51.2929153442383
86.2 30.0668258666992
86.8 10.5432929992676
87.1 19.7457542419434
88.9 451.998474121094
89.1 294.906616210938
89.9 213.904144287109
90.1 315.084533691406
91.0 7808.08056640625
91.9 87.6473236083984
92.0 1186.14770507813
92.2 47.3318061828613
93.0 4284.22314453125
94.0 2571.02099609375
94.2 84.6882171630859
95.0 608.595031738281
95.1 868.635986328125
96.1 7403.9912109375
97.0 640.209350585938
97.1 480.845825195313
98.1 682.798522949219
100.8 32.6770172119141
100.9 49.407829284668
101.1 16.3431720733643
101.3 10.5631885528564
101.9 163.849960327148
102.0 325.578002929688
102.1 116.972816467285
103.0 4618.951171875
104.0 6404.46337890625
105.1 17056.8203125
106.0 3433.31811523438
106.9 303.396118164063
107.0 60.2869720458984
107.9 32.4590263366699
108.0 72.7198638916016
108.1 33.907154083252
108.8 20.666374206543
109.0 9.2948112487793
110.0 27.3019371032715
110.2 11.2933721542358
110.9 10.9309587478638
111.2 10.6584882736206
113.8 12.1636276245117
114.1 15.8881797790527
114.9 30.4622364044189
115.0 2235.91235351563
115.9 269.169403076172
116.0 593.154968261719
116.2 77.2989501953125
117.1 6325.02392578125
118.1 8798.4521484375
119.1 8555.11328125
119.9 85.5526504516602
120.0 1338.96716308594
120.9 30.7797775268555
121.1 19.8818588256836
127.0 75.2662582397461
127.9 142.459259033203
128.0 182.022964477539
128.7 8.62594509124756
128.9 31.4325046539307
129.0 190.541000366211
129.1 53.7862281799316
130.0 5035.35791015625
131.1 3332.95971679688
131.9 71.7558746337891
132.1 7386.65625
133.0 196.850662231445
133.1 930.486450195313
134.0 75.5715560913086
134.1 76.7587051391602
134.9 39.3934898376465
135.0 174.729782104492
135.1 141.54931640625
135.8 8.69789695739746
135.9 110.059234619141
136.0 273.056060791016
137.0 238.020538330078
137.0 126.770660400391
138.0 10.4939012527466
138.7 11.8374662399292
139.0 194.824295043945
139.1 136.605758666992
140.7 10.6498441696167
140.8 9.78245830535889
141.0 18.7318820953369
141.9 59.4149360656738
142.1 58.9516792297363
142.2 10.9671592712402
143.0 212.084259033203
143.1 222.071426391602
143.3 14.8192596435547
143.9 66.1549453735352
144.1 1811.83654785156
144.9 173.348220825195
145.1 1026.57153320313
146.1 30216.2109375
147.0 183.015441894531
147.1 3295.1669921875
147.9 46.3709526062012
148.1 592.532470703125
149.1 8.77330684661865
154.0 51.9675750732422
154.8 8.79265785217285
155.0 22.0039138793945
155.1 57.9688301086426
155.9 9.70255279541016
156.0 238.64826965332
156.2 40.8808860778809
156.9 46.2629241943359
157.0 199.499694824219
157.2 20.2415332794189
158.1 4606.63916015625
159.0 936.913391113281
159.1 429.613433837891
160.0 230.366592407227
160.1 373.162200927734
160.9 22.5543041229248
161.0 21.0413856506348
161.1 47.8223190307617
161.8 10.4824590682983
162.0 12.3045864105225
162.1 25.5148811340332
167.0 9.15735912322998
167.1 20.6002674102783
167.9 10.2653188705444
170.0 105.02897644043
170.1 71.2329635620117
171.0 47.7962379455566
171.2 8.91649055480957
172.0 137.819152832031
172.1 212.408020019531
172.8 22.3515815734863
173.0 82.8603897094727
173.0 128.629058837891
173.2 23.0796852111816
173.9 22.4937763214111
174.0 229.004638671875
174.1 376.524963378906
174.9 19.6382217407227
175.1 42.8084411621094
175.3 11.3126430511475
182.8 11.2460451126099
184.0 36.7301177978516
184.2 24.9102306365967
184.9 68.3908157348633
185.1 11.2346420288086
185.7 8.82538509368896
185.9 54.436149597168
186.2 88.9691314697266
186.9 121.906669616699
187.1 890.877014160156
188.1 19789.2578125
189.1 9904.5283203125
190.1 1154.76245117188
190.9 8.73261642456055
191.1 49.5445098876953
191.3 13.1810026168823
195.9 9.27896404266357
196.0 8.8114538192749
197.0 8.658935546875
198.0 152.536193847656
198.1 492.813262939453
198.8 12.6787929534912
199.0 94.0025939941406
199.1 251.824325561523
199.3 11.5941667556763
200.0 78.323371887207
200.1 969.478942871094
200.9 81.1289215087891
201.1 362.342071533203
201.9 8.62264537811279
202.1 844.412170410156
203.0 63.5147705078125
203.1 62.4851264953613
206.9 21.2562866210938
210.7 9.71736145019531
210.9 55.480583190918
211.1 28.0661315917969
213.0 45.2954406738281
214.8 63.8869209289551
215.0 175.881362915039
215.9 8.78242492675781
216.8 12.7829170227051
219.0 30.9204406738281
228.5 8.42136669158936
229.0 108.956550598145
229.1 25.5125503540039
229.3 21.5711688995361
229.6 8.43887233734131
229.9 80.5990753173828
230.1 387.291290283203
231.1 60142.58984375
232.2 9691.623046875
233.1 651.885803222656
233.2 214.40153503418
233.8 12.0026454925537
236.7 9.92328643798828
236.9 119.348426818848
237.0 50.7810401916504
244.9 8.51497840881348
265.2 8.64992713928223
270.8 10.2091207504272
271.0 81.4294509887695
271.3 20.7626323699951
292.8 16.1633529663086
293.1 57.4664764404297
293.2 25.8132171630859
334.2 81.8632278442383
334.3 21.7255878448486
335.0 9.18809986114502
335.2 22.1707992553711
337.3 10.4965038299561
