#"+EI Scan (rt: 9.214-9.308 min, 17 scans) CM1-2-4.D  Subtract "
#Point,X(Thompsons),Y(Counts)
40.1 107.055618286133
41.1 2904.89794921875
42.1 11321.544921875
43.1 12599.771484375
44.1 5365.99609375
45.0 129.65185546875
45.1 37.3911437988281
49.9 45.7084808349609
50.0 419.97216796875
51.0 1591.51684570313
51.2 67.2987823486328
52.0 594.679931640625
53.0 538.411743164063
53.1 417.171020507813
54.0 958.106140136719
54.8 21.4745292663574
55.0 1666.10961914063
55.2 25.5413875579834
55.9 54.3049621582031
56.0 1380.81799316406
56.9 14.8487691879272
57.0 1018.42303466797
57.9 58.9881935119629
58.1 101.021606445313
58.9 46.1187019348145
61.1 19.3182010650635
61.9 59.840145111084
62.1 131.127639770508
63.0 618.021484375
63.0 369.449432373047
63.9 82.3929443359375
64.0 415.318084716797
65.0 2758.2705078125
65.9 468.600006103516
66.0 431.686981201172
66.8 24.354585647583
67.0 1587.40454101563
67.1 415.227508544922
68.0 1627.19067382813
68.1 620.79443359375
68.9 62.4683418273926
69.1 1861.91540527344
70.1 2760.81372070313
70.9 49.3045806884766
71.1 224.31916809082
71.8 23.583065032959
72.0 59.1063957214355
72.1 41.6317100524902
72.8 9.83305931091309
73.0 47.7206687927246
73.1 9.36466789245605
73.9 101.527534484863
74.0 143.429458618164
74.9 79.0185775756836
75.0 243.865371704102
75.7 13.1020431518555
75.9 41.577751159668
76.1 541.164367675781
76.2 31.0216884613037
77.0 13858.9775390625
78.0 3178.59936523438
79.0 4596.279296875
79.8 49.2568435668945
79.9 75.3566970825195
80.0 959.692260742188
80.9 186.840560913086
81.0 349.080688476563
81.9 38.9366455078125
82.0 1988.80883789063
83.0 426.860534667969
83.9 56.5130767822266
84.0 233.186676025391
84.1 139.518005371094
84.2 46.8236503601074
85.0 20.3418045043945
85.1 55.9231376647949
85.8 10.6438522338867
86.0 96.2903060913086
86.9 18.9869499206543
89.0 891.731018066406
89.9 27.6763477325439
90.0 325.62255859375
90.1 216.039840698242
91.0 8618.6826171875
92.0 1534.10168457031
93.0 4418.01220703125
93.9 30.6267414093018
94.1 2739.72729492188
94.7 24.103816986084
95.0 1496.7958984375
95.1 93.6598281860352
96.1 8379.869140625
96.9 48.9295349121094
97.0 753.356262207031
97.1 394.275390625
97.9 295.791809082031
98.1 355.283935546875
98.8 13.4723930358887
99.0 9.28324890136719
100.8 53.1307640075684
101.0 65.7314529418945
101.9 45.6207618713379
102.0 497.419647216797
102.1 122.434112548828
102.9 126.455307006836
103.0 5030.25830078125
104.0 7331.1328125
105.1 18533.22265625
106.1 3930.63598632813
106.8 18.6936302185059
107.0 298.173095703125
107.1 63.803581237793
107.9 28.9726715087891
108.0 11.1549882888794
108.1 123.063575744629
108.8 31.6606884002686
109.0 78.8848114013672
109.2 43.3199577331543
110.0 21.4174499511719
111.1 18.944019317627
114.0 15.2313594818115
114.1 11.6858901977539
114.9 38.155647277832
115.0 2813.51928710938
115.8 14.7405138015747
116.0 930.239440917969
117.1 6927.51220703125
118.1 10192.7080078125
119.1 9427.5546875
119.9 58.5555191040039
120.1 1550.81494140625
121.1 96.9446258544922
125.9 20.9282722473145
126.0 26.2678680419922
126.2 11.0501718521118
126.8 32.5833740234375
126.9 32.762565612793
127.1 18.0013961791992
127.7 20.8326740264893
127.9 49.7112617492676
128.0 133.886184692383
128.1 154.253219604492
129.0 174.593597412109
129.1 194.142807006836
130.1 5626.95849609375
131.0 344.455322265625
131.0 3192.55151367188
132.1 8501.5546875
132.9 59.220157623291
133.1 1120.20202636719
133.2 118.971405029297
133.9 86.9943923950195
134.1 71.1971969604492
134.2 10.7149419784546
135.0 268.360931396484
135.1 298.021636962891
135.2 19.0305881500244
135.9 27.7336349487305
136.0 434.5888671875
136.1 13.8676729202271
136.9 214.104202270508
138.9 20.7194881439209
139.0 169.380615234375
139.1 198.199935913086
140.9 41.0433464050293
141.1 11.2699537277222
141.8 10.1817684173584
141.9 33.1098747253418
142.1 76.1864471435547
142.5 9.59154796600342
142.9 32.631763458252
143.0 341.903564453125
143.1 118.028327941895
144.1 2164.13037109375
145.0 17.9695987701416
145.1 1360.84252929688
146.1 35003.62890625
147.0 991.341918945313
147.1 3111.19970703125
148.0 496.995849609375
148.1 155.066467285156
149.2 33.7994041442871
153.8 21.5845832824707
154.0 34.0404968261719
154.9 61.9806900024414
156.0 116.523094177246
156.1 198.743957519531
156.2 37.3985862731934
156.8 34.6326560974121
156.9 175.491226196289
157.1 49.4473190307617
158.1 5138.1171875
158.9 29.7035217285156
159.0 1301.34020996094
160.0 233.614593505859
160.1 506.660552978516
160.2 15.7175579071045
161.0 82.844482421875
161.1 56.0812072753906
161.2 14.6019697189331
162.2 18.4883880615234
167.8 11.0438508987427
168.2 13.6711664199829
169.1 9.04057312011719
170.0 86.0769729614258
170.1 93.247688293457
170.9 25.3919105529785
171.1 90.8236694335938
171.9 42.8036308288574
172.0 43.7213439941406
172.1 369.839080810547
172.8 13.6807928085327
173.0 190.556838989258
173.1 103.937103271484
174.0 152.508377075195
174.1 536.00146484375
174.2 11.5268831253052
174.9 39.9647560119629
175.0 9.47565364837646
175.2 38.2814331054688
182.2 9.5341329574585
183.9 55.6225776672363
184.0 92.4112167358398
184.2 23.6530704498291
184.8 21.3036251068115
185.0 58.0187187194824
185.2 9.6654224395752
186.1 152.469741821289
187.1 974.423950195313
187.2 181.580505371094
188.1 23714.7109375
189.1 11207.8515625
190.0 38.9479064941406
190.1 1370.74084472656
190.2 35.2196655273438
191.0 27.9865760803223
191.2 17.1511993408203
195.9 12.9466028213501
196.1 11.0750541687012
197.8 10.8477487564087
198.0 26.7745227813721
198.1 569.459594726563
198.9 38.6282005310059
199.0 220.536911010742
199.1 162.286193847656
200.0 66.015380859375
200.1 1039.68103027344
200.2 19.7728271484375
201.0 119.471755981445
201.1 289.517150878906
201.9 39.6235275268555
202.1 653.778747558594
202.2 211.359771728516
203.0 88.9108734130859
203.1 21.5825328826904
206.9 9.31440544128418
210.8 11.107798576355
211.1 10.8092107772827
212.9 41.5604133605957
213.0 24.584493637085
214.9 124.858955383301
215.0 154.195373535156
216.9 9.91498565673828
218.8 8.9959192276001
218.9 38.3510246276855
219.0 10.8298864364624
227.9 9.89537334442139
228.9 95.0985946655273
229.1 86.784797668457
229.2 55.2251052856445
230.0 54.7567367553711
230.1 371.664764404297
230.3 17.5336723327637
231.1 69827.4296875
232.1 10644.4658203125
233.1 903.081604003906
233.2 174.283660888672
234.0 26.8188095092773
236.7 9.07747459411621
236.8 64.9088897705078
237.0 69.6822052001953
239.0 9.17226600646973
270.9 32.3292388916016
271.1 76.76318359375
271.2 70.9845962524414
288.9 10.2784366607666
292.8 19.2636680603027
293.0 74.9981079101563
293.2 24.468355178833
334.1 83.685661315918
334.2 79.5955047607422
336.5 9.88910675048828
337.1 10.0582685470581
