#"+EI Scan (rt: 9.896-10.007 min, 20 scans) CM1-2-5.D  Subtract "
#Point,X(Thompsons),Y(Counts)
40.1 65.6526794433594
40.9 23.2455501556396
41.0 1575.06372070313
42.1 13782.888671875
42.9 15.6758375167847
43.0 1136.3779296875
43.2 36.860221862793
44.0 265.161437988281
44.1 232.906051635742
44.9 128.865631103516
45.0 467.608337402344
45.1 35.9667854309082
48.9 8.49028968811035
49.9 31.0716876983643
50.0 308.552185058594
50.1 128.821136474609
51.0 1752.80065917969
52.0 261.279724121094
52.1 241.195922851563
52.9 15.0746974945068
53.0 1369.25793457031
53.1 34.434268951416
54.0 235.789184570313
54.1 541.091064453125
55.0 1367.39990234375
55.9 25.124490737915
56.1 1756.27111816406
57.0 17462.95703125
58.0 330.850799560547
58.1 260.080474853516
59.0 2435.4541015625
60.0 7.63048076629639
60.9 10.4566802978516
61.0 28.8179531097412
61.9 68.4232635498047
62.0 150.098876953125
62.7 14.8956069946289
63.0 756.279602050781
63.1 61.3312606811523
63.9 233.018524169922
64.0 369.175384521484
65.0 3881.470703125
66.0 767.932556152344
66.9 116.019004821777
67.0 1315.64587402344
67.2 20.1208610534668
67.9 19.2749443054199
68.0 1079.83837890625
69.0 1139.47680664063
69.1 229.099578857422
70.0 687.288208007813
70.1 442.940612792969
70.9 84.4118576049805
71.0 227.614456176758
71.8 8.33089733123779
72.0 56.5883293151855
72.3 9.20902919769287
72.9 39.9352378845215
73.0 54.0746421813965
73.9 182.447601318359
74.1 83.262809753418
74.9 213.319091796875
75.1 31.5081691741943
75.9 12.6633520126343
76.0 534.653015136719
76.2 63.55224609375
77.0 12793.6962890625
78.0 2683.80249023438
78.9 121.323661804199
79.0 4690.97705078125
79.9 154.145095825195
80.0 1194.93029785156
81.0 1596.71398925781
82.0 209.832321166992
82.0 1465.83850097656
82.9 16.985803604126
83.0 273.009155273438
83.1 121.419799804688
83.2 12.3624782562256
83.9 105.132690429688
84.0 181.247634887695
84.2 9.84325981140137
84.8 12.0483283996582
85.0 184.970397949219
85.1 153.942779541016
85.8 11.6631784439087
85.9 101.178817749023
86.1 91.8973083496094
87.0 20.7870483398438
88.8 21.6124801635742
89.0 649.147338867188
89.1 199.763610839844
89.9 43.5382919311523
90.0 399.602783203125
90.2 221.153442382813
91.0 15415.4404296875
92.0 2120.77197265625
93.0 3860.89965820313
93.9 40.0986289978027
94.0 3176.07299804688
94.8 18.6422939300537
95.0 87.5066070556641
95.1 1268.23681640625
95.3 9.3319730758667
96.1 11434.87109375
96.9 35.5986633300781
97.0 1137.05065917969
97.1 262.786560058594
97.9 63.3107414245605
98.0 145.934600830078
98.2 16.8537502288818
99.0 175.797775268555
99.1 16.3425331115723
99.8 44.146369934082
99.9 54.075309753418
100.0 49.3358612060547
100.1 53.7450141906738
100.8 7.58951091766357
100.9 41.5886993408203
101.1 31.4714241027832
101.9 8.1758861541748
102.0 223.2353515625
102.1 217.116989135742
103.0 4643.4169921875
103.9 105.898666381836
104.0 3691.20166015625
105.1 16831.30859375
106.0 3878.306640625
106.9 99.157844543457
107.0 214.463821411133
107.2 40.9144973754883
107.9 93.4443054199219
108.0 252.475631713867
108.2 28.2976684570313
108.8 22.1112308502197
109.0 134.367828369141
109.1 45.6160888671875
110.0 269.899353027344
110.1 277.623901367188
110.9 159.879211425781
111.2 18.8661289215088
111.8 12.5844602584839
112.0 490.144226074219
112.1 46.9725723266602
112.9 28.0744361877441
113.0 2494.60327148438
113.9 76.3248748779297
114.1 2551.23876953125
115.0 402.964630126953
115.0 428.573547363281
115.2 12.3925762176514
116.0 284.833740234375
116.1 142.428497314453
116.9 109.281127929688
117.0 2641.75732421875
117.1 16.6530380249023
118.0 453.426605224609
118.1 3867.88159179688
119.0 1102.16528320313
119.0 372.373779296875
119.9 141.016098022461
120.0 454.330718994141
120.8 14.0793809890747
121.0 27.1851997375488
121.1 24.6042098999023
121.8 38.7725067138672
121.9 177.992172241211
122.1 304.794952392578
122.9 9.09416007995605
123.0 39.7713356018066
123.1 31.3426609039307
124.0 328.723052978516
124.1 202.251953125
124.2 10.6026659011841
124.9 93.8081283569336
125.0 243.051788330078
125.1 55.4862670898438
125.8 35.753791809082
125.9 114.327598571777
126.0 1660.76916503906
126.8 8.26950168609619
126.9 260.994232177734
127.1 216.017242431641
127.8 21.2374229431152
128.0 335.892578125
128.0 139.941635131836
128.7 8.06618499755859
128.8 47.9441604614258
129.0 147.680267333984
129.1 283.572937011719
129.3 15.7822723388672
130.0 9857.689453125
130.2 66.2309951782227
131.0 2230.38110351563
132.1 4362.48095703125
132.8 21.0143013000488
133.0 235.17236328125
133.1 341.032165527344
133.2 8.00621223449707
133.9 24.5010166168213
134.1 1630.05993652344
134.9 39.467658996582
135.0 93.6337585449219
135.1 104.935287475586
135.9 55.6731147766113
136.0 133.740768432617
136.1 143.954559326172
136.8 6.66831207275391
137.0 209.778106689453
137.8 9.72052383422852
137.9 260.754302978516
138.0 184.609375
138.7 24.9443397521973
138.8 57.1975593566895
139.0 124.581359863281
139.1 43.7704544067383
140.0 1155.47827148438
140.1 842.528930664063
140.9 180.868865966797
141.0 227.168609619141
141.1 86.4666900634766
141.3 8.1876277923584
141.9 53.3744010925293
142.0 509.38427734375
142.2 98.6883316040039
142.9 73.3669204711914
143.0 565.122680664063
143.1 131.743591308594
144.0 1395.37329101563
144.1 831.740234375
144.9 60.2484512329102
145.0 487.505187988281
145.2 61.8507499694824
146.1 3915.74682617188
146.9 39.0373039245605
147.0 479.643371582031
147.6 8.26832008361816
148.0 116.516647338867
148.1 107.994651794434
148.3 17.226131439209
148.9 64.2057418823242
149.0 289.12158203125
149.1 99.9222869873047
149.9 138.783721923828
150.1 318.443603515625
150.8 12.8278913497925
150.9 46.165111541748
151.1 74.0904159545898
151.8 21.1711311340332
151.9 197.645660400391
152.1 120.407943725586
152.8 11.8675098419189
153.0 55.6498908996582
153.1 1139.896484375
153.2 116.751754760742
154.1 10907.4697265625
155.0 50.6622924804688
155.1 2234.13012695313
155.9 20.8300323486328
156.0 1155.32067871094
156.1 157.676483154297
157.0 508.161437988281
157.2 95.7587356567383
158.1 6127.3349609375
159.0 2677.87451171875
159.1 275.255126953125
160.1 2414.98754882813
160.9 18.7556190490723
161.0 207.343719482422
161.2 106.35417175293
161.8 20.4461975097656
161.9 89.1161346435547
162.1 103.791847229004
165.0 34.2179069519043
165.1 24.8004951477051
166.0 27.0696868896484
166.9 9.69567489624023
167.1 51.830078125
167.8 28.0594329833984
168.0 81.3014755249023
168.1 34.4797058105469
168.9 28.7349510192871
169.1 60.4799423217773
169.1 42.2444267272949
170.0 250.283615112305
170.1 335.282440185547
170.8 76.8849105834961
171.0 195.447128295898
171.1 110.805885314941
172.0 196.572830200195
172.1 150.421813964844
173.0 124.627578735352
173.1 171.964248657227
173.9 63.9670906066895
174.1 60.3080673217773
175.0 8.02414131164551
176.0 25.5520973205566
176.1 43.530876159668
177.1 30.6504402160645
177.8 32.411979675293
178.0 14.3512878417969
178.1 101.00065612793
179.9 11.2580308914185
180.1 8.99641990661621
181.0 19.8522911071777
181.7 10.0702133178711
181.8 19.4907493591309
182.0 104.257789611816
182.2 29.3411254882813
183.0 40.1584548950195
183.2 22.5240898132324
184.0 436.965026855469
184.1 395.064636230469
184.8 32.6209182739258
185.0 449.694519042969
185.1 153.163482666016
186.1 3737.22973632813
186.1 541.634216308594
187.1 17659.39453125
188.1 1501.59387207031
188.1 1228.16235351563
188.9 29.8096656799316
189.1 791.984497070313
189.8 15.1660003662109
190.0 1095.39526367188
190.9 8.61353206634521
191.0 193.856887817383
191.9 25.458948135376
192.1 24.5545959472656
192.2 9.04818916320801
194.2 9.1291332244873
195.9 9.00354385375977
196.1 9.05508708953857
197.0 134.235824584961
197.1 245.270172119141
197.2 36.8413887023926
197.8 9.11671829223633
198.1 55.5410652160645
198.2 45.920955657959
198.8 26.0310974121094
199.0 8.6289234161377
199.9 13.727409362793
200.1 34.2313041687012
201.1 30.8285579681396
201.9 33.8053283691406
202.0 506.795227050781
202.1 666.825500488281
202.9 46.535270690918
203.0 63.2745780944824
203.1 96.2776107788086
203.3 9.20009613037109
203.9 17.3728637695313
203.9 23.2369022369385
204.0 212.671234130859
210.8 14.4436950683594
211.0 100.279022216797
212.2 19.587532043457
212.9 16.617015838623
213.1 33.8001899719238
213.2 8.31949901580811
213.8 13.2865524291992
214.0 70.3363723754883
214.1 63.4427795410156
214.2 15.1581439971924
215.0 410.528015136719
215.1 144.964630126953
215.9 11.9935035705566
216.0 241.578125
216.2 11.8010654449463
216.9 5.51968383789063
217.0 98.9594879150391
217.9 9.99983406066895
218.0 14.0681667327881
219.0 116.316192626953
219.1 405.110534667969
220.0 55.0782089233398
220.1 69.4929275512695
224.9 9.84934425354004
227.1 18.3599700927734
228.0 88.1833953857422
228.2 25.5020351409912
228.9 19.2280864715576
229.2 33.109733581543
230.0 426.852722167969
230.1 445.280670166016
230.9 15.0170392990112
231.0 188.728851318359
231.1 124.202919006348
232.0 17.2359981536865
232.1 7.66896963119507
232.9 43.7803192138672
233.0 7.96367359161377
236.8 30.4147338867188
236.9 14.4760437011719
237.1 4.43104648590088
240.2 9.31362438201904
240.9 13.9812450408936
241.0 21.8193264007568
241.8 40.2129135131836
242.0 224.174514770508
242.2 69.6143569946289
243.1 7484.6474609375
244.1 1399.708984375
244.1 986.477722167969
244.9 24.9933490753174
245.0 324.500396728516
245.2 298.559722900391
246.0 139.394454956055
246.1 578.167541503906
246.2 414.369201660156
247.0 35.585563659668
247.1 3896.7890625
247.2 444.439147949219
247.3 43.4152221679688
248.1 812.447692871094
248.7 8.15139961242676
248.9 16.1360206604004
249.1 25.5880012512207
255.0 8.30756378173828
270.9 28.9354133605957
271.0 171.494110107422
271.1 309.562316894531
271.2 85.8823699951172
271.9 11.0512943267822
272.1 36.7674369812012
272.2 55.1335945129395
272.8 18.5661220550537
273.1 29.2010383605957
274.1 620.387145996094
274.2 454.97021484375
275.2 5246.44677734375
275.3 36.246166229248
276.0 34.1754837036133
276.1 1030.85620117188
276.2 84.8373794555664
277.0 77.0182342529297
277.2 204.180328369141
277.4 14.2372035980225
279.0 9.31542778015137
279.1 257.550201416016
279.2 313.010772705078
280.0 21.2728481292725
280.2 43.1566696166992
288.9 10.6243019104004
289.1 7.82993984222412
293.0 6.06199741363525
300.9 31.0839023590088
301.1 8.84173965454102
301.3 26.8537254333496
301.5 25.8235130310059
301.7 9.54525470733643
301.9 49.806224822998
302.1 137.625854492188
302.2 112.86491394043
303.2 73317.046875
304.2 14860.3544921875
305.2 1547.30773925781
305.3 257.878692626953
305.9 11.9623785018921
306.1 76.389274597168
306.3 49.1644096374512
309.0 9.23597621917725
335.0 32.1360549926758
335.2 1604.244140625
335.9 32.1900672912598
336.0 66.1686859130859
336.1 156.39372253418
336.2 183.036712646484
336.9 8.07904243469238
337.3 23.5932941436768
363.1 87.141975402832
363.3 49.0174751281738
363.3 46.3651962280273
364.1 9.45982456207275
392.0 22.5158348083496
392.2 112.168479919434
392.3 8.41179084777832
393.3 10.8876514434814
