#"+EI Scan (rt: 12.321-12.437 min, 21 scans) CM1-2-8.D  Subtract "
#Point,X(Thompsons),Y(Counts)
40.1 24.7486991882324
40.8 15.0019674301147
41.0 244.50700378418
41.1 216.18229675293
41.9 82.0747756958008
42.0 1196.84924316406
42.1 139.57568359375
42.8 9.95882701873779
43.0 135.073944091797
43.1 65.7655563354492
44.0 603.800659179688
44.1 72.5618133544922
45.1 7.9204158782959
49.8 10.3239459991455
49.9 74.644775390625
50.1 12.2172927856445
50.9 121.392204284668
51.0 89.0428619384766
51.1 141.648208618164
51.8 51.7484016418457
52.0 150.378890991211
52.2 23.5320053100586
52.9 74.3760681152344
53.1 139.766494750977
53.9 30.7791748046875
54.0 105.493827819824
54.1 29.6914768218994
54.9 48.8389358520508
55.0 407.872131347656
55.3 10.8081254959106
55.9 94.0445709228516
56.1 106.602981567383
56.2 49.9854507446289
56.9 110.476470947266
57.0 1801.16577148438
57.1 62.6328125
58.0 43.3748817443848
58.1 47.2487373352051
58.8 20.8114185333252
59.0 2.26980209350586
62.0 12.0818500518799
62.9 121.327590942383
63.0 195.817947387695
63.2 12.0115251541138
63.8 12.4352025985718
63.9 118.363502502441
64.0 87.4204330444336
64.9 371.921569824219
65.0 374.815155029297
65.9 64.6926879882813
66.1 42.0967254638672
66.9 78.6058197021484
67.0 173.222290039063
67.1 17.2136688232422
67.9 28.867654800415
68.0 300.509613037109
68.1 27.973611831665
69.0 241.148574829102
69.1 102.248092651367
70.0 379.696319580078
70.1 283.557159423828
71.0 23.2895107269287
72.8 10.0959758758545
72.9 8.81664657592773
73.1 1.06542015075684
74.0 15.872971534729
74.1 8.2084846496582
75.0 51.7595901489258
75.1 7.99733209609985
75.9 59.0466995239258
76.0 92.148796081543
76.1 9.28470325469971
76.9 278.109558105469
77.0 935.165466308594
77.9 130.504440307617
78.0 354.248992919922
78.1 50.7003364562988
79.0 380.698944091797
79.1 385.728637695313
79.7 10.693733215332
79.8 23.5607471466064
80.0 202.338745117188
80.1 115.040298461914
80.9 94.8875274658203
81.0 105.370185852051
81.2 9.38283061981201
81.8 39.8542976379395
82.0 190.734252929688
82.1 97.6091918945313
83.0 36.0041770935059
83.1 13.1651201248169
83.9 16.2348480224609
84.1 35.5600280761719
88.9 97.6790466308594
89.0 97.5984802246094
89.7 40.7708320617676
90.0 36.5249099731445
90.1 100.790679931641
90.2 17.7159633636475
90.9 79.6141738891602
91.0 2400.3525390625
91.8 16.3324871063232
92.0 475.575439453125
92.1 180.585037231445
92.8 46.3849868774414
92.9 131.45166015625
93.1 13.7046613693237
93.8 10.8674383163452
93.9 115.42236328125
94.0 204.86946105957
94.7 15.4223461151123
94.9 166.746322631836
95.1 120.72420501709
96.0 118.270729064941
96.1 1526.79602050781
96.8 10.8242568969727
97.0 202.988647460938
97.1 139.199142456055
97.8 8.73888397216797
97.9 137.319580078125
98.1 64.2229461669922
98.2 8.42752838134766
99.1 16.7798137664795
101.7 24.3344745635986
101.9 60.7719535827637
102.1 57.665828704834
103.0 226.742370605469
103.0 489.121246337891
103.9 107.637496948242
104.1 452.0693359375
105.0 641.879028320313
105.1 1541.55883789063
105.8 21.5398292541504
105.9 92.8116302490234
106.0 231.760925292969
106.7 8.21178531646729
106.9 177.638671875
107.0 92.9418792724609
107.2 24.8987140655518
107.9 29.2376670837402
108.0 807.215515136719
108.8 34.0225410461426
109.0 96.1313247680664
109.1 23.647985458374
114.0 7.53165102005005
115.0 31.3208904266357
115.9 19.6095581054688
116.1 18.3893260955811
116.8 35.5252571105957
116.9 26.5616893768311
117.0 230.261962890625
117.1 12.4476671218872
117.9 62.4617385864258
118.0 12.5489692687988
118.1 59.3589210510254
118.9 12.9140682220459
119.1 21.6279945373535
119.8 28.9532241821289
120.0 7.54542255401611
120.1 82.98095703125
120.9 79.6205444335938
121.0 184.336456298828
121.1 17.233980178833
121.8 18.6793651580811
121.9 102.965507507324
122.1 107.737281799316
122.9 24.9963932037354
123.0 567.354125976563
123.1 13.2348442077637
123.9 23.6388072967529
124.0 27.284969329834
124.2 40.4735107421875
128.8 18.4513854980469
129.1 8.81948661804199
129.9 122.913581848145
130.0 210.204727172852
130.1 35.4691505432129
130.9 13.048131942749
131.0 141.151336669922
131.4 7.8025484085083
131.9 98.4482192993164
132.0 179.537963867188
132.1 18.3867244720459
132.9 68.7447357177734
133.0 174.011093139648
133.7 36.460262298584
133.9 318.754638671875
134.0 402.192626953125
134.2 38.8117294311523
134.7 9.50038909912109
135.0 164.608856201172
135.2 30.2153263092041
135.9 62.9100532531738
136.1 104.766181945801
136.8 30.1316566467285
136.9 26.0371398925781
137.0 9.00490951538086
137.1 37.5537872314453
138.8 18.790735244751
139.1 18.3535385131836
139.2 20.234432220459
141.0 7.70063495635986
142.8 7.59847593307495
143.0 20.8253574371338
143.9 20.6223392486572
144.0 147.615966796875
144.9 54.0790100097656
145.0 54.321346282959
145.2 43.9044342041016
145.9 84.9408264160156
146.1 253.450378417969
146.2 47.0210304260254
146.8 12.408618927002
146.9 47.420280456543
147.0 86.7649688720703
147.9 108.456657409668
148.0 316.543853759766
148.1 90.7197952270508
148.7 7.28818035125732
148.9 219.93359375
149.1 79.0375595092773
149.9 16.7576236724854
150.1 67.9518127441406
155.0 3.833416223526
156.2 7.28357458114624
157.8 7.25803852081299
157.9 37.7312545776367
158.1 9.5583667755127
158.8 39.0680046081543
159.0 100.254989624023
159.9 25.147123336792
160.0 537.5029296875
160.1 116.563873291016
161.0 99.3915786743164
161.1 413.983734130859
161.9 46.6901168823242
162.1 703.140991210938
162.9 77.0484924316406
163.0 110.239410400391
173.0 9.08623313903809
173.9 34.4578857421875
174.1 46.529167175293
174.6 8.22662544250488
174.8 10.394419670105
174.9 38.5339584350586
175.1 51.5691719055176
175.2 16.1009407043457
176.1 4878.39208984375
176.9 89.3665390014648
177.1 633.642456054688
177.2 26.8736228942871
178.1 29.3058853149414
178.2 20.1518821716309
179.0 109.475540161133
179.1 91.6257171630859
179.9 54.5405349731445
180.1 7.79395961761475
182.0 8.13796520233154
183.9 80.3323593139648
184.0 31.2725658416748
184.1 164.9501953125
185.0 107.912147521973
185.1 50.8108673095703
185.9 23.7053489685059
186.0 242.89094543457
186.2 142.938262939453
186.9 38.8343811035156
187.1 73.2943496704102
187.8 21.9157447814941
188.0 376.482116699219
188.1 265.374694824219
188.9 26.4937419891357
189.0 54.2144088745117
189.2 28.9901523590088
200.1 8.05876445770264
201.9 15.3437385559082
202.0 8.12802314758301
202.2 30.4905738830566
202.9 26.0354442596436
203.1 9.73110485076904
203.2 15.8031663894653
210.8 7.46281957626343
210.9 5.58035564422607
211.0 52.9760093688965
211.1 14.779767036438
214.0 8.02236843109131
214.9 152.973693847656
215.1 10.0892782211304
216.9 77.1028823852539
217.0 49.7342185974121
217.1 43.2218437194824
217.9 21.5947380065918
218.0 84.6457595825195
218.1 154.979248046875
219.1 1873.72412109375
219.9 7.72304344177246
220.0 229.223770141602
220.2 103.378211975098
221.0 20.7877540588379
231.9 8.72442722320557
232.1 980.006774902344
232.1 336.687622070313
232.9 107.287521362305
233.1 169.157730102539
236.8 11.4118146896362
236.9 14.9460983276367
245.9 7.85871505737305
272.9 7.5233359336853
275.2 6972.44189453125
275.9 31.5251731872559
276.1 26.6995124816895
276.2 1372.21496582031
276.9 7.48417282104492
277.0 62.5739517211914
277.2 30.4826622009277
277.3 7.38097047805786
