#"+EI Scan (rt: 12.321-12.449 min, 23 scans) CM1-2-3.D  Subtract "
#Point,X(Thompsons),Y(Counts)
41.0 437.242858886719
41.2 13.7836027145386
42.0 1582.66931152344
43.0 99.8577194213867
43.1 68.7522735595703
44.0 498.140563964844
44.1 159.725280761719
44.9 14.6487979888916
49.8 30.4433708190918
50.0 126.31893157959
50.9 37.2129974365234
51.0 192.096588134766
51.1 107.225311279297
51.2 14.1766223907471
51.9 149.594619750977
52.1 53.3437881469727
52.3 11.2247009277344
52.8 12.5489120483398
53.0 134.781616210938
53.1 57.3949661254883
53.9 31.3344478607178
54.0 169.635620117188
55.0 480.542572021484
55.9 18.8456745147705
56.0 277.228881835938
57.0 2199.78955078125
57.9 37.6931114196777
58.0 32.2562408447266
58.9 27.343189239502
59.0 47.6392364501953
60.9 8.09752464294434
61.8 18.2056427001953
62.0 25.6033248901367
62.1 7.23176860809326
62.8 8.70857334136963
62.9 97.5367050170898
63.0 248.407165527344
63.9 263.021514892578
64.0 79.7481536865234
64.8 11.3973598480225
65.0 731.834167480469
65.9 69.4738006591797
66.1 48.3433151245117
66.8 7.70592355728149
67.0 196.72021484375
67.1 145.347244262695
67.9 42.0533561706543
68.0 166.490341186523
68.1 214.94938659668
69.0 141.625152587891
69.0 320.826416015625
69.9 123.836563110352
70.0 865.500366210938
70.1 25.7520542144775
71.1 10.8145570755005
72.8 8.32656288146973
72.9 18.0080890655518
73.0 1.31878423690796
73.8 27.3250045776367
74.0 15.4358987808228
74.9 52.2290191650391
75.1 32.219554901123
75.2 11.6790742874146
75.9 9.63378047943115
76.0 94.7678756713867
76.2 10.3220663070679
77.0 340.856567382813
77.0 1147.88146972656
77.9 215.33821105957
78.0 216.988586425781
78.1 191.556427001953
78.9 44.9077568054199
79.0 792.633605957031
79.8 14.0351266860962
80.0 271.877838134766
80.1 136.40055847168
80.8 13.043436050415
80.9 78.6555938720703
81.1 96.3378982543945
81.9 37.5344009399414
82.0 361.204833984375
82.9 7.26274633407593
83.0 55.6029357910156
83.1 8.16679573059082
83.9 8.66696071624756
84.0 50.3092308044434
84.2 8.06801605224609
88.8 14.5409688949585
88.9 93.8781814575195
89.1 109.911994934082
90.0 127.878547668457
90.1 106.047264099121
90.8 63.9167442321777
91.0 1361.25463867188
91.1 1273.83837890625
91.9 32.3587684631348
92.0 308.859710693359
92.1 425.561096191406
92.9 77.5047149658203
93.0 115.40576171875
93.1 26.4791011810303
93.8 8.49516487121582
93.9 25.8935394287109
94.0 315.690032958984
94.9 79.6549682617188
95.0 293.795806884766
95.2 9.41182327270508
96.0 338.817047119141
96.1 1847.28112792969
96.9 15.9313192367554
97.0 318.060485839844
97.1 82.6669845581055
97.9 51.9157867431641
98.0 33.7401237487793
98.1 89.2700805664063
100.9 7.57938480377197
101.8 36.0390434265137
102.0 57.9771041870117
102.0 22.8216438293457
102.9 29.7564105987549
103.0 847.433532714844
103.1 113.851676940918
103.9 89.0492630004883
104.0 243.225189208984
104.1 261.089263916016
104.9 29.0658416748047
105.0 539.798278808594
105.1 2218.67504882813
105.8 6.58886241912842
105.9 90.3896789550781
106.1 297.97412109375
106.2 35.2440986633301
106.7 7.45813608169556
106.8 9.38131523132324
106.9 55.7952461242676
107.0 313.117126464844
107.2 16.0530128479004
107.8 7.38093376159668
107.9 532.145935058594
108.1 482.578308105469
108.8 14.8957691192627
108.9 68.8501129150391
109.0 32.6705894470215
109.1 35.6174812316895
109.8 21.9232921600342
110.1 7.69004011154175
114.8 14.7145414352417
114.9 77.7951736450195
116.0 59.7956962585449
116.2 21.1511840820313
116.7 13.2578134536743
116.9 174.178482055664
117.0 232.934509277344
117.1 7.8466911315918
117.9 62.2008361816406
118.1 169.224655151367
118.8 42.6784744262695
119.0 57.5546035766602
119.9 20.6835269927979
120.0 153.807373046875
120.9 17.1203327178955
121.0 326.801788330078
121.1 53.9787178039551
121.8 10.2093276977539
122.0 231.439025878906
122.0 134.778869628906
122.1 73.0648727416992
122.8 17.3460845947266
122.9 104.289360046387
123.1 635.596984863281
124.0 127.90299987793
124.1 28.4852085113525
127.9 20.8940906524658
129.0 15.2669277191162
129.9 154.425628662109
130.1 295.715026855469
131.0 123.313018798828
131.1 49.1162414550781
131.9 296.034698486328
132.1 126.48974609375
132.7 7.40713977813721
132.9 80.1134719848633
133.0 191.567337036133
133.1 42.2679214477539
133.9 64.2633361816406
134.0 1121.24060058594
134.8 19.5442047119141
134.9 52.8175735473633
135.0 253.079467773438
135.1 29.8022136688232
135.8 44.1701736450195
136.0 131.495727539063
136.1 20.5174694061279
136.9 36.9220123291016
137.1 57.6810607910156
137.8 7.31109809875488
137.9 5.71969079971313
138.1 8.67808628082275
139.0 45.635082244873
139.1 51.4311103820801
143.7 7.77924299240112
143.8 11.8639860153198
143.9 82.9956970214844
144.0 74.9281692504883
144.2 29.3383522033691
145.0 117.775466918945
145.1 133.49153137207
145.9 29.345235824585
146.0 307.687652587891
146.1 202.078018188477
146.2 20.5792598724365
146.9 121.852027893066
147.1 84.9421310424805
147.8 18.9817962646484
148.0 338.513244628906
148.1 322.285614013672
148.9 129.727844238281
149.1 270.916931152344
149.2 32.3229942321777
149.9 26.2577667236328
150.0 35.1821937561035
150.1 56.799373626709
155.0 11.3348503112793
155.1 6.74658584594727
156.1 7.54074716567993
157.9 62.0457916259766
158.1 48.7838821411133
158.2 7.20675992965698
158.9 119.531997680664
159.0 56.031551361084
159.9 116.399055480957
160.1 683.257995605469
160.2 37.5855598449707
160.9 16.7582817077637
161.0 369.820190429688
161.1 336.127288818359
161.9 37.5689125061035
162.1 1099.79431152344
162.8 13.2708559036255
162.9 84.2201690673828
163.1 170.272033691406
172.0 7.5154013633728
174.0 72.9270477294922
174.1 81.1337585449219
174.3 7.14284133911133
174.9 22.8216743469238
175.0 39.8212203979492
175.1 67.1953125
175.2 13.7746076583862
176.0 65.7996978759766
176.1 7853.80419921875
177.1 1118.93334960938
177.9 23.9525470733643
178.0 66.9772338867188
178.1 32.4046630859375
178.9 85.0305709838867
179.1 164.755157470703
179.8 11.0029392242432
180.0 30.3750820159912
180.1 46.5632476806641
181.9 10.3720712661743
183.9 63.7207870483398
184.1 271.086120605469
184.9 8.23205757141113
185.0 114.744956970215
185.1 52.3279609680176
185.9 22.5842342376709
186.1 357.996215820313
186.2 159.697357177734
187.0 97.4157485961914
187.1 91.7702407836914
187.9 32.8650169372559
188.1 1013.09442138672
188.2 68.1438446044922
189.0 136.49836730957
189.1 116.589492797852
190.0 37.6056289672852
190.2 17.7780303955078
199.1 15.534779548645
200.0 11.7988557815552
200.8 23.1893196105957
200.9 14.6278657913208
202.0 18.5768623352051
202.1 27.8685989379883
202.9 54.288818359375
203.1 31.738452911377
207.0 7.6814432144165
207.1 6.69860410690308
210.8 8.65193176269531
211.7 7.28401327133179
214.9 107.714889526367
215.0 46.923412322998
215.8 7.20604419708252
215.9 18.562385559082
216.0 5.49056816101074
216.2 6.66113090515137
216.9 20.3486633300781
217.0 145.593276977539
217.1 85.0309753417969
217.2 9.20350551605225
218.1 281.635009765625
218.2 137.220108032227
219.1 3133.08569335938
220.0 116.087837219238
220.1 313.560791015625
220.2 33.5985145568848
221.2 10.8561916351318
229.0 7.01813125610352
231.8 11.8982906341553
232.1 2040.49438476563
233.0 379.647521972656
233.1 9.21525001525879
234.0 18.163257598877
234.1 8.56825065612793
236.9 12.8169631958008
237.0 70.1991271972656
237.9 8.39843559265137
246.0 21.6909599304199
246.1 9.69039916992188
258.8 6.82542753219604
275.2 11009.8828125
276.0 64.1152496337891
276.1 299.022003173828
276.2 1486.90661621094
277.0 40.0710830688477
277.1 190.312271118164
