#"+EI Scan (rt: 12.321-12.438 min, 21 scans) CM1-2-2.D  Subtract "
#Point,X(Thompsons),Y(Counts)
40.0 10.1058874130249
41.0 149.329177856445
41.1 289.846466064453
42.0 1548.84619140625
42.9 17.8411731719971
43.0 137.954559326172
43.2 23.3705596923828
44.0 551.980834960938
49.9 41.4535675048828
50.0 76.785041809082
50.9 146.300552368164
51.0 198.591796875
51.9 54.8085060119629
52.0 175.37516784668
53.0 208.649780273438
53.1 51.7575912475586
53.9 15.0008602142334
54.0 137.858779907227
54.2 13.7158145904541
54.9 223.300323486328
55.1 229.916687011719
55.8 17.2272834777832
56.0 148.604751586914
56.1 159.410430908203
57.0 2066.79858398438
57.9 15.6898727416992
58.0 94.2750625610352
58.8 27.5817279815674
58.9 9.85450744628906
59.1 52.1424903869629
62.0 32.6618766784668
62.9 282.441741943359
63.1 30.9012279510498
63.8 8.45632171630859
63.9 232.902389526367
64.1 69.6794357299805
64.8 57.6648712158203
65.0 592.642456054688
65.1 63.87255859375
66.0 65.5047760009766
66.1 17.2022228240967
66.8 44.2793159484863
66.9 116.752082824707
67.1 88.7610244750977
67.9 59.3381538391113
68.0 331.150390625
69.0 317.929382324219
69.1 28.408203125
69.9 49.7173080444336
70.0 795.643127441406
70.9 20.0385589599609
71.1 30.8968448638916
72.9 2.49957323074341
73.1 17.3061294555664
73.9 8.43259716033936
74.2 7.89449405670166
74.8 7.28704166412354
75.0 12.1881084442139
75.2 16.4882507324219
75.9 86.5305557250977
76.0 30.4108982086182
76.3 9.01832103729248
76.9 184.730392456055
77.0 1190.83801269531
78.0 340.471313476563
78.1 264.337219238281
79.0 584.500061035156
79.1 250.686676025391
79.8 51.1802520751953
80.0 184.036651611328
80.1 113.421142578125
80.2 30.1068878173828
80.8 36.2051124572754
80.9 133.787445068359
81.1 26.3900871276855
81.2 10.6502723693848
82.0 354.695648193359
82.9 26.5861587524414
83.0 32.5299034118652
83.2 20.574254989624
84.0 63.0359306335449
84.1 8.17001914978027
88.8 24.8989925384521
88.9 64.5782012939453
89.0 69.0289688110352
89.1 30.0596351623535
90.0 83.1358108520508
90.1 108.268814086914
90.2 9.1669864654541
90.9 101.227874755859
91.0 2630.56372070313
91.8 22.1052894592285
92.0 610.716186523438
92.1 39.0536422729492
92.8 8.4292049407959
93.0 148.65412902832
93.1 70.4212112426758
93.9 41.0353240966797
94.0 152.932266235352
94.1 127.334205627441
94.2 26.2898178100586
94.9 64.1977081298828
95.0 103.521278381348
95.1 137.788970947266
96.1 1807.05151367188
96.9 110.191787719727
97.1 220.720611572266
97.9 101.719497680664
98.1 101.824668884277
100.7 7.7667031288147
101.9 76.4258651733398
102.0 9.89748477935791
102.2 13.1372146606445
102.8 33.9564514160156
103.0 764.153747558594
103.8 17.8642292022705
104.0 558.327209472656
104.1 35.8245506286621
104.9 34.573356628418
105.0 2017.51770019531
105.1 356.441192626953
105.9 97.2629013061523
106.0 258.520477294922
106.2 8.58759880065918
106.8 100.397155761719
107.0 169.921600341797
107.1 21.2333278656006
107.2 40.1485939025879
107.8 15.6882047653198
108.0 814.52001953125
108.1 22.7256736755371
108.9 42.8099708557129
109.1 35.6975402832031
109.2 24.3788604736328
115.0 58.6973876953125
115.1 12.0717363357544
115.8 15.9276962280273
115.9 29.3196697235107
116.9 114.4189453125
117.0 218.609924316406
117.2 24.353666305542
118.0 126.689323425293
118.1 54.2818603515625
118.9 43.7236099243164
119.0 9.48757362365723
119.2 19.2623519897461
120.0 80.3224945068359
120.2 24.3043441772461
120.7 13.7993249893188
120.9 75.4552612304688
121.0 86.7004165649414
121.1 166.324645996094
121.9 86.4453735351563
122.1 172.46614074707
122.2 32.3332901000977
122.9 36.396728515625
123.0 632.477783203125
123.8 22.8944911956787
124.0 72.9431915283203
124.1 23.6601295471191
127.0 7.28314876556396
128.0 15.9094762802124
129.1 10.2273979187012
129.7 8.27447128295898
129.9 133.686874389648
130.0 197.33935546875
130.2 33.445369720459
131.0 104.875755310059
131.1 54.7153663635254
131.2 29.5061645507813
131.8 24.365535736084
132.0 182.47477722168
132.1 181.028747558594
132.9 95.6408004760742
133.1 132.668212890625
133.3 8.06820487976074
134.0 972.676452636719
134.1 74.1290817260742
134.8 22.7346744537354
135.0 193.651718139648
135.1 40.8450584411621
135.8 19.784215927124
136.0 156.563034057617
136.7 8.30456256866455
136.9 107.297103881836
137.0 6.90390014648438
137.2 11.990424156189
138.8 8.84215545654297
138.9 9.91818618774414
139.0 62.2117042541504
139.3 9.39074516296387
140.9 15.1767692565918
141.1 7.55278301239014
143.8 8.50403308868408
143.9 31.0418739318848
144.0 114.240943908691
144.2 25.8085231781006
144.9 81.6379013061523
145.1 82.0979614257813
145.2 60.2690734863281
145.8 27.1042633056641
146.0 364.215972900391
146.1 23.2343521118164
146.8 14.3116807937622
146.9 77.4931030273438
147.1 23.3955535888672
147.2 15.8436422348022
147.9 9.66223335266113
148.0 514.054870605469
148.1 87.3624496459961
148.9 149.476150512695
149.1 244.190658569336
149.8 33.2979202270508
150.0 21.3665466308594
150.2 31.5259189605713
150.2 19.2508220672607
154.9 8.06753540039063
155.0 7.28783893585205
156.9 7.45728254318237
158.0 17.5824432373047
158.0 42.349967956543
158.8 45.0657043457031
158.9 37.5278015136719
159.0 20.6891098022461
159.9 72.1700820922852
160.1 621.656311035156
160.2 24.4802684783936
160.9 110.765319824219
161.0 428.446533203125
161.1 64.4672698974609
161.9 152.97705078125
162.1 706.043090820313
162.2 22.3897972106934
163.0 65.6433639526367
163.1 41.6084785461426
164.0 10.1145801544189
174.0 62.356330871582
174.1 79.359016418457
174.9 32.8034477233887
175.0 94.7210159301758
175.2 12.3429183959961
176.1 5939.87255859375
176.9 99.523811340332
177.0 656.989868164063
177.2 104.781997680664
178.0 19.7809181213379
178.1 68.8192291259766
179.0 114.882438659668
179.1 154.383346557617
179.2 22.444356918335
179.9 16.2840175628662
180.1 58.4416046142578
184.0 99.3247222900391
184.1 189.299789428711
184.8 10.6604089736938
184.9 65.2679824829102
185.1 73.5029525756836
185.9 21.2996273040771
186.0 214.997650146484
186.2 164.127792358398
186.8 7.62697839736938
187.0 13.2876863479614
187.1 118.092842102051
188.0 559.490661621094
188.1 341.158020019531
188.9 34.4310302734375
189.1 117.914566040039
189.2 44.2784538269043
189.8 10.6989860534668
190.0 20.9351043701172
200.2 10.5358095169067
201.9 30.7406578063965
203.0 60.4128303527832
206.9 9.21458339691162
210.8 13.6691951751709
210.9 14.3479137420654
211.0 14.8323822021484
213.1 7.83851099014282
215.0 88.4492492675781
215.1 5.37801074981689
215.9 25.9486618041992
217.0 43.9296798706055
217.1 129.872451782227
217.2 11.7182598114014
217.9 85.6562957763672
218.0 96.51611328125
218.2 207.294998168945
219.0 43.3276748657227
219.1 2327.55322265625
219.9 18.9412822723389
220.0 219.766998291016
220.2 142.328735351563
232.0 13.7506294250488
232.1 1474.03039550781
232.9 88.6849822998047
233.0 166.170623779297
233.2 79.0240631103516
234.1 7.03983354568481
237.0 57.8584480285645
237.6 7.99586915969849
246.1 23.1313915252686
246.2 8.18241119384766
273.1 16.0717124938965
273.3 7.73977136611938
275.2 8160.15625
276.0 87.1554489135742
276.1 522.591430664063
276.2 980.696594238281
277.0 36.7094421386719
277.2 89.5047149658203
364.1 13.771897315979
364.3 7.89658260345459
