#"+EI Scan (rt: 13.236-13.382 min, 26 scans) CM1-3-4.D  Subtract "
#Point,X(Thompsons),Y(Counts)
40.1 137.959335327148
41.1 4155.23046875
42.1 4435.26416015625
43.1 7159.94287109375
44.0 1641.5966796875
45.0 8.3272066116333
45.2 5.83480596542358
49.9 131.802795410156
50.0 109.639617919922
50.9 122.391227722168
51.0 731.113952636719
51.9 54.7190361022949
52.1 208.06965637207
52.9 43.3433799743652
53.0 297.382690429688
53.2 48.9605178833008
54.0 221.85546875
54.0 212.925720214844
54.9 20.4925861358643
55.0 1663.60168457031
55.9 18.7975578308105
56.0 265.862487792969
56.1 589.626831054688
56.9 95.5954208374023
57.0 548.910034179688
57.8 7.35164594650269
57.9 40.7728118896484
58.1 22.0025901794434
58.2 12.6103515625
58.9 14.5736541748047
59.0 137.508712768555
61.1 6.16675519943237
61.9 58.0655288696289
62.1 28.8597450256348
62.7 13.4044818878174
62.8 8.73158550262451
63.0 221.979141235352
63.1 212.019607543945
63.8 34.3698043823242
64.0 156.404113769531
64.1 93.2333831787109
64.9 100.454956054688
65.0 1696.76013183594
65.9 89.6009368896484
66.0 252.100021362305
66.2 12.24866771698
66.8 21.5784168243408
67.0 166.881759643555
67.0 617.605712890625
68.0 299.805633544922
68.1 1096.11584472656
69.0 380.098205566406
69.1 1369.60437011719
69.9 46.4607086181641
70.1 1845.88720703125
70.2 35.1321868896484
71.1 20781.2734375
72.0 132.463928222656
72.0 880.726257324219
72.2 8.72995662689209
73.0 142.373397827148
73.1 7.03506088256836
73.8 32.1201019287109
74.0 7.71866893768311
74.1 31.7735481262207
74.8 8.85937976837158
74.9 94.6907653808594
75.1 21.98171043396
75.8 47.3225860595703
76.0 259.338897705078
76.2 14.1167402267456
77.0 5922.84423828125
78.0 1359.07055664063
79.0 1487.60083007813
79.1 926.513793945313
79.9 60.1532974243164
80.0 523.177734375
80.2 32.8982009887695
80.9 24.8381996154785
81.0 150.909637451172
81.1 113.893951416016
81.2 11.0010414123535
82.0 325.857391357422
82.0 859.192016601563
82.2 17.2105731964111
82.9 118.56982421875
83.0 170.150573730469
83.2 7.93271636962891
83.8 9.44703388214111
84.0 376.153839111328
84.1 154.421920776367
84.9 7.08003330230713
85.0 13.9435358047485
88.7 11.2401695251465
88.9 17.8940391540527
89.0 236.950256347656
89.1 154.509628295898
89.8 31.2752723693848
90.0 109.942695617676
90.1 160.404632568359
91.0 5945.5380859375
91.9 34.8735885620117
92.0 988.261901855469
92.2 12.9374141693115
92.9 30.1809959411621
93.0 1197.97595214844
93.2 23.2854232788086
93.8 24.4141540527344
94.0 448.840881347656
94.1 584.44140625
94.9 110.594505310059
95.0 710.259033203125
95.1 167.026107788086
96.1 5754.68701171875
96.9 26.6878471374512
97.1 1299.80334472656
97.2 25.0229015350342
98.0 181.715927124023
98.1 234.151641845703
98.2 6.79653263092041
98.9 13.5531063079834
99.0 6.37950897216797
99.2 6.52510118484497
101.0 5.89586305618286
101.9 104.60228729248
102.1 98.9399719238281
102.9 15.3241109848022
103.0 2355.41845703125
103.9 28.836296081543
104.0 3047.43505859375
105.0 11145.78515625
105.9 27.4085159301758
106.0 1487.30419921875
106.2 17.4651565551758
106.8 9.68187141418457
107.0 85.6509323120117
107.1 45.6539840698242
107.7 7.4484395980835
107.9 42.7617149353027
108.0 12.7323560714722
108.9 15.4502563476563
109.8 6.5740008354187
110.1 15.475905418396
110.9 9.61636447906494
111.0 19.5479469299316
114.0 17.3227672576904
114.8 6.39610767364502
114.9 79.9612274169922
115.0 325.64208984375
115.2 12.1359014511108
115.8 7.90538215637207
116.0 166.791030883789
116.1 41.008243560791
116.8 31.5314273834229
117.0 1339.04077148438
117.9 85.8593902587891
118.0 2217.47338867188
118.2 43.2719306945801
118.8 20.8642692565918
119.0 405.501068115234
119.1 867.107116699219
119.3 24.8537731170654
119.9 91.57373046875
120.0 166.85514831543
120.1 188.653045654297
120.2 8.86434459686279
120.9 44.2209663391113
121.0 6.96968507766724
122.0 8.35461044311523
122.2 6.59834051132202
126.2 6.66570281982422
127.2 12.7918281555176
127.9 93.4514465332031
128.1 79.6864166259766
128.9 26.8923854827881
129.0 165.513641357422
129.1 8.55282115936279
129.9 81.2984924316406
130.1 3250.4716796875
130.1 183.12727355957
130.9 73.8635940551758
131.0 2160.36596679688
132.0 3444.1376953125
132.8 12.8674278259277
133.0 420.666687011719
133.1 287.461608886719
133.2 13.8319797515869
133.9 167.867752075195
134.0 179.337432861328
134.1 73.6115417480469
135.0 30.7594127655029
135.1 40.4109573364258
137.0 284.952209472656
137.1 56.7197952270508
137.9 16.050853729248
138.8 17.7059707641602
139.0 248.680648803711
139.1 438.261016845703
139.9 8.15939331054688
140.2 8.65873527526855
140.9 35.2219467163086
141.0 7.85649824142456
141.2 6.46986865997314
141.8 6.03524208068848
142.1 7.5638861656189
142.8 16.5441951751709
142.9 11.1473245620728
143.0 147.806594848633
143.1 30.6902599334717
143.9 127.353073120117
144.1 547.103515625
144.2 130.348495483398
145.0 353.694458007813
145.1 226.284973144531
146.1 14230.595703125
146.9 64.6480407714844
147.1 1632.45324707031
148.0 171.42822265625
148.1 163.917861938477
153.1 8.84288597106934
153.9 6.53372716903687
154.1 7.67186784744263
154.8 15.6326656341553
154.9 9.74063873291016
155.0 8.51827812194824
156.0 130.018081665039
156.1 95.9579315185547
156.9 16.5541038513184
157.0 50.8852920532227
157.2 33.7871589660645
157.9 87.9233016967773
158.1 893.308898925781
158.2 9.01383018493652
159.0 599.265075683594
159.9 12.750786781311
160.1 1035.51879882813
160.2 7.52800559997559
160.9 68.5119247436523
161.0 97.6792144775391
162.8 20.2618980407715
162.9 6.42947959899902
163.1 21.6001014709473
166.8 6.59349918365479
168.1 7.66033506393433
169.0 7.05343103408813
169.9 48.1963272094727
170.0 15.5459966659546
170.2 8.67392158508301
170.8 6.44550609588623
171.1 14.751033782959
171.2 9.91523551940918
171.9 39.3975372314453
172.1 114.575439453125
172.2 9.33998775482178
172.9 32.6871337890625
173.1 181.623077392578
174.0 198.446929931641
174.1 86.7766952514648
175.0 6.34558868408203
175.1 56.3197364807129
176.1 6.05909156799316
181.8 8.87382316589355
181.9 6.60378313064575
182.0 51.5846290588379
182.2 6.5586462020874
182.8 5.87686061859131
183.7 7.73137903213501
184.0 145.188125610352
184.1 423.014434814453
184.2 62.3661308288574
184.9 12.1890096664429
185.0 370.527160644531
185.1 157.892150878906
186.0 443.976043701172
186.1 1383.59875488281
187.0 61.7751922607422
187.1 1215.38818359375
187.2 10.6974191665649
188.1 4205.3134765625
189.1 11108.9560546875
190.1 1446.73229980469
190.2 121.228851318359
190.9 18.632230758667
191.0 257.731231689453
191.1 52.182975769043
192.0 5.98718976974487
194.8 5.94717836380005
198.0 6.99001789093018
198.1 25.5760326385498
198.9 12.4611864089966
200.0 12.2321739196777
200.2 30.8709182739258
202.0 73.6736068725586
202.1 10.5238599777222
206.7 4.64834785461426
210.7 7.17303228378296
210.8 39.0756187438965
211.0 10.864990234375
212.7 3.76990342140198
213.9 24.582145690918
214.0 25.1012992858887
214.2 15.2990465164185
214.8 8.24412536621094
215.0 170.592041015625
215.1 40.5987014770508
215.7 4.44631290435791
215.9 90.2953872680664
216.1 99.6533966064453
216.8 6.50956010818481
216.9 51.7131576538086
217.1 36.4576606750488
217.2 16.4587631225586
218.7 8.52542018890381
218.9 21.5791759490967
219.1 11.1374197006226
228.9 7.79222393035889
229.0 35.1140785217285
229.1 24.5946731567383
229.9 6.1573052406311
231.0 99.8208847045898
231.2 92.4021301269531
232.8 16.549991607666
232.9 71.5700912475586
234.0 17.3453044891357
236.8 74.8528442382813
236.9 45.8328475952148
238.0 8.43048667907715
241.3 6.63745784759521
244.0 180.077224731445
244.1 382.875152587891
244.2 42.6469459533691
245.0 110.892288208008
245.1 84.4095153808594
245.3 20.4073448181152
257.0 15.2268886566162
259.0 6.60474920272827
259.1 48.0646133422852
276.8 6.0601601600647
279.0 39.7198944091797
279.1 76.429084777832
279.3 22.3737182617188
279.9 22.094820022583
280.1 8.30213356018066
285.0 47.7557716369629
285.2 51.8803901672363
285.3 21.9542751312256
285.4 6.05006408691406
285.9 9.44177150726318
286.1 96.4500427246094
287.2 34221.91015625
288.2 6749.24658203125
289.0 8.10039329528809
289.1 706.747985839844
289.3 87.6940383911133
290.1 15.527735710144
290.2 28.4201889038086
292.7 6.80006504058838
292.9 6.6015248298645
293.0 11.738883972168
307.0 5.89311027526855
307.2 11.0458993911743
376.0 14.2832250595093
376.1 49.8667831420898
376.3 6.06861066818237
