#"+EI Scan (rt: 7.914-7.996 min, 15 scans) CM1-4-9.D  Subtract "
#Point,X(Thompsons),Y(Counts)
40.0 25.046028137207
40.1 36.7100791931152
41.0 3025.70288085938
42.0 8763.306640625
43.0 996.399047851563
43.1 149.441513061523
44.0 2110.7666015625
49.9 179.791595458984
50.1 205.179122924805
50.9 50.2525024414063
51.0 1319.40222167969
52.0 236.866546630859
52.1 131.087753295898
52.9 339.388366699219
53.0 266.447235107422
53.9 159.821029663086
54.0 343.747283935547
54.1 17.1580429077148
55.0 2077.99096679688
56.0 1426.02648925781
57.0 11315.78125
58.0 470.312225341797
58.0 449.152374267578
59.0 191.768188476563
59.1 45.5472640991211
61.9 58.6562843322754
62.0 109.89234161377
62.8 22.1787357330322
63.0 719.082092285156
63.1 45.9583206176758
63.9 76.7539901733398
64.0 322.742004394531
64.1 76.9012298583984
65.0 3058.4326171875
65.9 31.9870223999023
66.0 416.712219238281
66.1 261.061706542969
67.0 423.300079345703
67.1 619.653442382813
67.9 164.131759643555
68.0 1481.59350585938
69.0 149.585906982422
69.1 1605.54663085938
69.2 29.3836441040039
69.9 20.3473472595215
70.0 1359.65246582031
71.0 245.668411254883
71.1 128.819534301758
73.0 20.4007091522217
73.1 21.1042537689209
73.9 70.2245025634766
74.1 60.1938896179199
74.7 23.9088478088379
74.9 103.575439453125
75.1 33.9307479858398
75.8 71.4739227294922
76.0 205.96565246582
76.2 280.253875732422
77.0 9078.080078125
78.0 1981.41943359375
79.0 3493.646484375
79.9 44.1053276062012
80.0 450.512023925781
80.1 205.62663269043
80.9 29.5467376708984
81.0 1524.18676757813
81.9 51.5647773742676
82.0 1302.763671875
82.9 140.876495361328
83.0 104.128311157227
83.1 228.0966796875
84.0 1279.31640625
84.1 143.549453735352
84.9 33.696647644043
85.1 44.435474395752
86.0 59.1016845703125
86.1 34.7457313537598
86.8 12.2775363922119
88.8 45.8374824523926
89.0 125.952995300293
89.1 519.064086914063
89.9 66.4205551147461
90.0 233.45539855957
90.2 235.677886962891
91.0 13225.46484375
92.0 1738.12609863281
93.0 3396.48193359375
94.0 1905.24133300781
94.9 110.173271179199
95.0 259.677764892578
95.8 11.3387432098389
95.9 130.475921630859
96.1 1615.55871582031
97.0 131.760848999023
97.1 85.4757995605469
97.9 65.3234786987305
98.0 230.368453979492
98.1 300.369720458984
99.1 32.7151870727539
101.0 43.8271713256836
101.2 38.6095314025879
101.8 46.6951789855957
102.0 364.022613525391
102.2 34.5440864562988
102.8 25.2832164764404
103.0 3038.45483398438
104.0 4564.18505859375
105.1 10592.4189453125
106.0 2474.88671875
106.9 18.6869945526123
107.0 151.04557800293
107.1 115.108070373535
107.9 102.845863342285
108.0 453.264038085938
108.1 288.211242675781
108.8 10.1701955795288
108.9 73.1392822265625
109.0 534.972778320313
109.2 163.78678894043
110.1 6547.10400390625
111.0 236.499160766602
111.0 381.075469970703
111.2 163.145034790039
111.9 89.9217987060547
112.0 255.027389526367
112.2 233.200393676758
112.8 13.5411672592163
113.0 13.2133617401123
114.2 10.8949146270752
114.8 30.6760139465332
115.0 487.543670654297
115.8 24.696683883667
116.0 259.909790039063
116.1 18.6904411315918
117.0 488.598480224609
117.1 1479.07250976563
118.0 3050.07104492188
118.2 44.6291236877441
119.0 433.592834472656
119.1 863.722778320313
119.8 51.9094314575195
119.9 215.485443115234
120.0 329.088562011719
120.1 13.4847927093506
120.9 26.0589237213135
121.0 96.8366470336914
122.0 27.1718864440918
122.1 11.7399110794067
123.1 14.2133483886719
125.0 13.2391214370728
126.0 10.5421152114868
127.0 10.3019170761108
127.2 12.5923948287964
127.9 46.4038162231445
128.0 206.864883422852
128.8 12.627366065979
129.0 137.404571533203
129.2 91.4070358276367
129.9 242.575729370117
130.1 3529.74291992188
130.9 104.397811889648
131.0 2289.8212890625
132.1 6644.14794921875
133.0 484.332244873047
133.1 835.529602050781
133.9 20.5127811431885
134.0 232.240707397461
134.1 383.832183837891
134.9 12.9608125686646
135.1 10.8931369781494
136.8 13.6977195739746
136.9 150.438201904297
137.1 15.2223472595215
141.0 21.7659130096436
143.0 214.442932128906
143.2 24.4483375549316
144.0 46.8709106445313
144.1 1617.09301757813
144.9 19.0820407867432
145.1 1064.89099121094
146.0 37.4856567382813
146.1 1949.43994140625
147.1 207.958984375
147.2 23.1521625518799
148.0 109.426376342773
148.1 228.112564086914
148.2 40.1410751342773
148.9 277.516387939453
149.1 136.744659423828
149.9 29.5723476409912
150.0 398.330627441406
152.8 11.2426767349243
153.0 175.623794555664
153.1 81.2528305053711
154.0 31.0446834564209
154.1 39.0725708007813
154.9 54.6540946960449
155.1 12.6049251556396
155.3 11.0490674972534
155.9 10.8836584091187
156.0 177.552719116211
156.2 37.3917617797852
156.9 27.242883682251
157.0 100.626808166504
157.2 19.033224105835
157.8 16.7362632751465
157.9 124.94775390625
158.1 485.069946289063
158.2 27.1967258453369
158.8 11.648998260498
159.0 58.5262222290039
159.1 1116.138671875
159.3 16.3354320526123
160.1 11591.650390625
160.9 10.4027986526489
161.1 1480.91577148438
161.8 18.1111698150635
162.0 41.729362487793
162.0 132.340240478516
162.2 57.6364860534668
167.0 11.5992698669434
169.2 11.4000720977783
169.7 11.7099390029907
169.9 28.9518013000488
170.1 92.5872573852539
171.1 83.349250793457
172.0 258.163543701172
172.1 618.085510253906
173.0 232.249069213867
173.2 31.0998363494873
174.0 18.6566200256348
174.1 1002.27307128906
174.3 11.7135620117188
175.0 97.6842956542969
175.2 15.6676368713379
182.0 18.1169052124023
183.0 11.7974805831909
183.9 53.2741775512695
184.1 136.553924560547
184.3 19.850471496582
185.0 65.5939331054688
185.9 32.83447265625
186.0 294.169799804688
187.0 136.509323120117
187.1 55.8288421630859
187.2 22.5744190216064
187.9 11.4858093261719
188.0 38.0382423400879
195.9 11.159893989563
197.2 10.0835056304932
198.0 71.7002182006836
198.1 625.204772949219
198.8 33.960620880127
199.0 125.970184326172
199.1 106.528663635254
199.2 120.107467651367
200.1 765.873779296875
200.2 447.802947998047
201.0 102.793182373047
201.0 552.000732421875
201.1 351.526184082031
201.3 14.7553863525391
201.9 15.890887260437
202.1 1778.56164550781
203.1 3248.70678710938
203.9 25.1730690002441
204.1 345.766662597656
204.2 134.174697875977
210.9 21.8251972198486
214.2 12.9098253250122
214.9 42.8352203369141
215.0 130.050247192383
215.1 18.6877517700195
216.1 4137.14453125
216.9 20.4364280700684
217.1 778.872741699219
218.0 65.1057815551758
219.0 11.4259119033813
219.1 8.87215614318848
229.9 61.1027450561523
230.0 54.5139503479004
230.2 59.5059089660645
231.1 10.9838380813599
232.8 26.4913215637207
236.9 0.168843269348145
237.1 23.6897373199463
239.0 11.1312131881714
241.0 13.9986591339111
243.2 10.5965356826782
245.0 22.6353988647461
256.2 11.0877876281738
256.5 19.8198223114014
256.9 98.5539093017578
257.1 56.8682060241699
257.3 16.6918907165527
257.4 94.1557235717773
257.6 18.3862743377686
257.9 62.7460784912109
258.0 67.1081237792969
258.2 259.624816894531
259.2 52204.40625
260.2 9688.888671875
260.9 12.2092781066895
261.1 478.920318603516
261.2 474.003540039063
262.2 38.0329055786133
293.0 60.3961753845215
293.1 50.9836845397949
293.2 11.9983587265015
348.0 66.116325378418
348.2 16.240701675415
349.0 12.4826421737671
