#"+EI Scan (rt: 7.914-7.996 min, 15 scans) CM1-4-8.D  Subtract "
#Point,X(Thompsons),Y(Counts)
40.0 33.6381454467773
40.1 40.8748741149902
41.0 3279.37719726563
42.0 8544.2763671875
43.0 103.201942443848
43.1 1177.97094726563
44.0 2140.55786132813
44.9 11.7271375656128
45.1 39.3720970153809
49.9 17.9836730957031
50.0 357.839599609375
50.1 33.5273666381836
50.9 10.1863613128662
51.0 1415.89501953125
51.9 133.966079711914
52.0 346.841949462891
53.0 347.15234375
53.1 318.445343017578
53.8 35.1700096130371
54.0 409.518341064453
54.2 53.706371307373
55.0 2119.94213867188
56.0 1273.34924316406
56.2 16.2838268280029
57.0 11295.4248046875
58.0 608.857482910156
58.1 467.786682128906
58.8 1.90095043182373
59.0 40.7089996337891
59.1 81.7961578369141
61.1 10.8345746994019
61.9 109.452354431152
62.0 47.2302207946777
62.9 58.4771156311035
63.0 574.226806640625
63.1 62.1255874633789
63.9 11.7028017044067
64.0 431.3798828125
64.2 28.3902854919434
64.9 40.5046005249023
65.0 2920.23657226563
65.8 62.3171653747559
65.9 52.7796783447266
66.0 419.366149902344
66.1 58.0414962768555
67.0 677.638671875
67.1 439.934112548828
68.0 1628.28112792969
69.0 413.812713623047
69.1 1270.87243652344
69.9 30.6841526031494
70.0 1394.326171875
71.0 211.611679077148
71.1 121.247169494629
71.9 12.3403415679932
72.9 24.2739601135254
73.8 26.8799991607666
74.0 113.537178039551
74.0 12.7313070297241
74.9 154.271499633789
75.1 10.3852710723877
75.9 16.0904445648193
76.0 186.823959350586
76.1 229.514999389648
76.2 30.4437808990479
77.0 2547.91552734375
77.1 6672.85205078125
77.9 240.007827758789
78.0 1728.35974121094
78.2 28.6163139343262
79.0 3365.00073242188
79.9 228.445709228516
80.0 456.225769042969
81.0 1114.72631835938
81.1 378.5830078125
82.0 619.024169921875
82.1 704.057373046875
82.9 17.4624366760254
83.0 419.100433349609
83.2 48.1671142578125
84.0 813.846923828125
84.1 478.169372558594
84.9 53.7991790771484
85.0 82.7413482666016
85.9 44.3325805664063
86.0 37.0060234069824
86.2 19.136116027832
88.1 10.6715278625488
88.8 34.3187255859375
89.0 707.322998046875
90.1 604.857055664063
91.0 13432.7998046875
92.0 106.204315185547
92.0 1649.72717285156
93.0 3266.47436523438
94.0 1895.83032226563
94.9 111.394866943359
95.1 235.490371704102
95.2 37.8099327087402
96.1 1615.55786132813
96.9 145.983856201172
97.1 132.242004394531
97.9 31.4122695922852
98.0 501.937713623047
98.1 55.7910079956055
101.0 24.8007488250732
102.0 148.4052734375
102.1 174.60693359375
103.0 1044.41247558594
103.1 2107.94165039063
104.0 4634.6796875
105.0 10503.4560546875
106.0 792.057739257813
106.1 1496.33703613281
107.0 136.611282348633
107.1 202.288055419922
107.9 132.503021240234
108.1 645.455261230469
108.1 80.3252716064453
108.9 306.754791259766
109.1 488.576751708984
109.2 18.6519298553467
110.1 6517.1640625
111.0 62.5808601379395
111.1 603.109558105469
112.0 156.678604125977
112.1 477.637817382813
114.8 52.2328872680664
114.9 199.259429931641
115.0 302.551696777344
115.9 139.769607543945
116.0 115.354232788086
116.2 34.9926376342773
116.3 11.461049079895
117.0 1843.11572265625
118.0 3052.88891601563
118.9 240.043670654297
119.0 952.087646484375
119.3 16.4184341430664
120.0 288.041656494141
120.1 361.100646972656
120.9 21.1505813598633
121.0 18.413423538208
122.1 16.278112411499
122.9 32.4517097473145
126.0 10.8252859115601
126.8 10.1861581802368
126.9 11.5477867126465
127.1 10.9642648696899
127.2 13.0361280441284
127.8 12.7212238311768
128.0 237.059158325195
128.1 35.9675559997559
128.8 13.7637882232666
128.9 51.4604415893555
129.1 38.2513580322266
129.2 95.3833160400391
130.1 3754.93505859375
130.8 24.0719947814941
131.0 2641.181640625
132.1 6704.0302734375
132.9 19.0465297698975
133.0 639.292419433594
133.1 726.273498535156
134.1 682.010131835938
135.1 67.1162414550781
136.7 16.1820640563965
136.8 46.9453582763672
137.0 40.334602355957
137.9 13.139232635498
138.0 12.5741300582886
140.9 10.7943239212036
141.1 14.2021141052246
142.0 34.9149169921875
142.1 15.9844312667847
142.9 33.0314292907715
143.1 171.449356079102
144.0 1581.09606933594
145.0 973.444641113281
145.2 121.252914428711
146.0 110.814529418945
146.1 1837.44934082031
146.9 54.2599754333496
147.1 266.861938476563
147.9 30.440258026123
148.1 316.809692382813
148.2 120.046287536621
148.9 89.4262466430664
149.0 201.801040649414
149.1 107.05908203125
149.9 210.718414306641
150.1 205.997024536133
150.2 33.6363754272461
150.9 10.6173162460327
153.0 163.457962036133
153.2 60.8610687255859
154.0 31.1356735229492
154.0 24.4660511016846
154.9 22.3793907165527
155.1 11.1355571746826
155.3 15.6759910583496
155.7 17.9230155944824
155.9 47.0099067687988
156.1 180.248138427734
156.9 35.5667839050293
157.1 156.092315673828
157.8 16.2446994781494
158.0 266.842559814453
158.1 306.660217285156
159.0 423.572814941406
159.1 670.194946289063
160.1 11510.7158203125
161.0 27.3945007324219
161.1 1531.41821289063
161.2 14.606219291687
162.0 45.2711715698242
162.1 180.29020690918
169.0 12.8769569396973
169.9 103.107513427734
170.1 55.5422019958496
171.0 25.2232227325439
171.3 14.0582799911499
171.9 11.058313369751
172.1 851.70947265625
173.1 192.905670166016
173.1 118.971786499023
174.0 91.0772705078125
174.1 883.795349121094
175.0 68.9836120605469
175.2 51.6289405822754
175.3 13.4569997787476
183.2 11.8839550018311
184.0 259.372863769531
184.1 29.2742023468018
185.0 11.7751321792603
185.2 43.1912040710449
185.9 16.6982460021973
186.1 159.468444824219
186.2 73.8915328979492
186.9 11.4316749572754
187.0 115.977584838867
187.2 63.9836006164551
195.7 12.6991004943848
196.1 13.5568971633911
196.2 39.4079132080078
197.0 12.5364828109741
198.1 433.354461669922
198.2 165.958953857422
199.0 146.356506347656
199.1 221.136123657227
199.2 32.1138343811035
200.0 47.7713813781738
200.1 1217.12329101563
200.3 14.0676336288452
201.0 263.794586181641
201.1 651.43359375
202.1 643.244079589844
202.2 1231.85388183594
202.8 17.3249969482422
203.1 3252.05517578125
203.3 10.3664350509644
204.0 185.355987548828
204.1 329.405609130859
205.0 12.3372459411621
210.8 10.072226524353
210.9 4.8235502243042
211.0 13.5467185974121
213.1 11.1974153518677
214.0 12.5506944656372
215.0 49.2531509399414
215.2 19.9499778747559
216.1 4148.1796875
216.9 10.7651109695435
217.1 653.470581054688
217.2 83.0341033935547
218.0 56.802433013916
219.0 24.473165512085
230.0 67.4687423706055
230.2 180.352615356445
231.0 10.5173082351685
232.9 39.9542007446289
236.7 3.6261739730835
236.9 56.1953353881836
237.1 13.1140642166138
241.0 29.0344047546387
243.1 12.9925403594971
256.1 10.1030292510986
257.0 24.4757099151611
257.1 100.936408996582
257.4 14.3710651397705
257.6 16.51247215271
258.2 391.340698242188
259.2 53278.04296875
260.2 9481.337890625
261.1 202.843078613281
261.2 898.076965332031
262.2 12.2769784927368
293.0 11.6502571105957
348.2 11.0959281921387
348.4 33.188419342041
