#"+EI Scan (rt: 13.621-14.000 min, 66 scans) CM1-4-2.D  Subtract "
#Point,X(Thompsons),Y(Counts)
41.0 58.205192565918
41.1 9.89284229278564
41.7 2.68391990661621
41.9 13.4873495101929
42.0 14.3396425247192
42.1 7.97391557693481
42.2 2.94707107543945
44.0 170.572067260742
44.8 3.53583121299744
45.0 10.1881828308105
45.1 14.2537488937378
50.0 7.14144992828369
50.8 13.599627494812
50.9 109.801162719727
51.1 45.6787033081055
51.9 6.25799560546875
52.1 7.50902223587036
52.1 4.66715145111084
52.9 27.9105567932129
53.0 8.07893371582031
53.1 5.13910388946533
53.8 2.90410566329956
54.0 2.51043772697449
54.9 15.7030916213989
54.9 70.1980667114258
55.1 43.0331840515137
55.2 10.1548700332642
55.9 11.1512432098389
56.1 20.6662349700928
56.9 97.0729217529297
57.0 366.946319580078
57.1 46.8638954162598
57.9 3.23857736587524
58.1 5.49095678329468
59.1 57.438102722168
62.9 22.6222724914551
63.0 17.6331691741943
64.0 10.2785129547119
64.9 50.9575576782227
64.9 103.196517944336
65.0 81.4915924072266
65.8 3.63874053955078
66.0 31.2819900512695
66.1 32.1421318054199
66.8 4.62973928451538
67.0 15.6896772384644
67.1 2.68932127952576
67.9 8.60334491729736
68.0 2.35645866394043
68.1 3.4100923538208
68.8 8.02367973327637
69.0 36.8579750061035
69.1 3.78182649612427
70.8 12.6651830673218
70.9 15.4145784378052
71.1 2.42361187934875
72.9 8.53117942810059
73.8 2.96053028106689
75.0 2.72754287719727
75.2 2.39009284973145
75.8 2.42670559883118
76.0 14.6055021286011
76.1 2.45679306983948
76.2 2.40619850158691
77.0 527.049499511719
77.1 71.2156143188477
78.0 157.790557861328
78.9 34.0795364379883
79.0 26.8423595428467
79.1 10.2148313522339
79.8 13.6958560943604
79.9 25.3089275360107
80.1 38.7575073242188
80.2 10.6211547851563
81.0 47.2553215026855
81.1 15.3982181549072
81.8 3.11348056793213
81.9 44.7614212036133
82.0 80.0410995483398
82.2 20.7535247802734
83.0 22.2248306274414
83.1 4.42695713043213
83.9 16.6355266571045
84.0 6.09310626983643
88.9 2.52259612083435
90.7 4.42258834838867
90.8 43.1047172546387
90.9 91.7925186157227
91.1 64.4615859985352
91.2 8.01060485839844
91.8 10.6140165328979
91.9 34.2762794494629
92.1 31.8158950805664
92.2 3.24863719940186
92.8 7.99326372146606
92.9 196.780975341797
93.1 281.993072509766
93.8 2.41831851005554
94.0 63.5077819824219
94.2 24.613582611084
95.1 8.178466796875
96.0 9.60669994354248
96.1 14.9698638916016
96.8 59.6265983581543
96.9 162.937240600586
97.0 165.600982666016
97.9 3.28063321113586
102.9 26.232006072998
103.1 25.117525100708
103.8 30.2351474761963
104.0 138.052444458008
104.1 95.9717025756836
104.8 2.56895732879639
105.0 27.0154056549072
105.1 22.999137878418
105.9 21.8302745819092
106.0 15.6474332809448
106.2 2.97002935409546
107.1 4.84051322937012
107.7 2.50613164901733
107.9 9.21514225006104
108.0 22.3826103210449
108.8 8.22250652313232
108.8 71.8640975952148
109.0 132.103118896484
109.0 84.3435745239258
109.8 29.8778114318848
109.9 207.19075012207
110.0 314.350006103516
110.7 2.39959621429443
110.9 71.9677810668945
111.0 55.502758026123
111.2 9.29621982574463
111.9 2.84902572631836
112.0 15.4752330780029
114.9 2.53310775756836
116.8 2.89682960510254
116.9 42.6688690185547
116.9 38.0007095336914
117.1 39.3315124511719
117.2 2.49044442176819
117.8 7.36598968505859
117.9 58.8140563964844
118.0 125.301490783691
118.1 61.9742813110352
118.8 24.1480846405029
119.0 91.6928176879883
119.1 55.3960227966309
119.9 20.1390132904053
120.0 15.7544059753418
120.1 16.7958946228027
120.9 2.42151665687561
121.8 2.82282447814941
121.9 13.532977104187
122.1 6.50844955444336
122.8 27.1328983306885
122.9 47.4258575439453
123.0 37.8367118835449
123.1 13.6135530471802
127.9 4.77859497070313
128.9 2.71741795539856
129.7 3.68092775344849
130.0 187.935821533203
130.1 86.2909698486328
130.8 8.00519180297852
130.9 23.9560966491699
131.0 40.1957740783691
131.1 14.4221658706665
131.3 2.34715986251831
131.7 7.36668157577515
131.8 14.5098934173584
132.0 97.6415176391602
132.1 108.293830871582
132.2 6.90101957321167
133.0 10.9321975708008
133.1 15.3250827789307
135.0 28.4026527404785
135.1 7.14561891555786
135.9 67.3567504882813
136.0 309.129638671875
136.0 69.3161773681641
136.9 39.3873062133789
137.0 44.2312469482422
137.0 126.379341125488
137.9 40.6321411132813
138.0 47.7333297729492
138.1 2.77675080299377
138.9 9.90766048431396
140.9 2.67241287231445
142.7 2.59097766876221
143.8 7.18907880783081
144.0 11.9255800247192
145.3 2.64164328575134
145.9 18.88108253479
146.1 28.7909717559814
146.9 2.44853711128235
148.9 68.7950592041016
149.1 36.6931343078613
149.9 34.2771072387695
152.0 2.3884072303772
152.8 2.68857645988464
154.9 4.59525871276855
155.8 9.33927917480469
156.1 19.6612854003906
156.2 2.71464419364929
156.9 4.10250663757324
157.0 9.95185279846191
157.2 7.90039873123169
157.8 5.46993970870972
158.0 77.8957290649414
158.1 84.6870651245117
158.7 5.96682262420654
158.8 34.0058746337891
159.0 13.4493503570557
159.1 23.4488487243652
159.9 3.06860446929932
160.8 2.30079364776611
162.0 27.8526554107666
162.1 23.2564239501953
162.2 2.42293834686279
162.8 21.8511085510254
162.9 2.43107056617737
163.1 8.62355327606201
163.8 17.8090152740479
164.0 100.058700561523
164.1 94.6025009155273
164.2 16.0849361419678
165.0 8.4256534576416
170.0 2.65940237045288
170.1 8.98212432861328
173.1 2.86708879470825
173.9 2.61066865921021
188.0 26.2925624847412
188.2 2.56998252868652
188.8 2.91069054603577
188.9 2.75922536849976
189.1 20.5518398284912
189.8 6.87813472747803
190.0 227.852523803711
190.1 218.183837890625
190.8 10.1141958236694
190.9 83.3865051269531
191.0 101.791923522949
191.1 157.241165161133
191.2 17.8192577362061
191.8 16.398099899292
192.0 31.9206142425537
192.0 39.5100517272949
192.2 4.70725250244141
192.9 5.65099573135376
193.0 11.922887802124
194.1 3.7406222820282
195.1 5.20278120040894
202.0 4.7511568069458
206.8 2.88346409797668
207.0 1.71097159385681
210.8 15.3054008483887
211.1 4.21308994293213
214.8 27.0037612915039
215.1 58.6865081787109
215.8 3.33524489402771
215.9 0.389562606811523
216.1 2.80770492553711
218.8 3.1225528717041
232.9 54.880443572998
235.0 2.70796418190002
236.8 2.28683757781982
236.9 35.7502326965332
283.0 2.84008550643921
289.0 4.194251537323
292.7 2.59863471984863
293.0 4.82179307937622
340.0 14.3366203308105
340.1 595.793273925781
340.2 785.306823730469
340.3 13.2045211791992
341.0 22.0523719787598
341.0 95.1156005859375
341.2 178.128494262695
341.3 22.6891269683838
342.1 26.5696868896484
342.2 47.4166641235352
342.4 2.49234795570374
348.0 3.16554355621338
