#"+EI Scan (rt: 6.521-6.609 min, 16 scans) CM1-5-2.D  Subtract "
#Point,X(Thompsons),Y(Counts)
40.1 487.266021728516
41.1 8029.87744140625
42.1 22161.599609375
43.0 2747.60034179688
44.0 3015.4208984375
45.0 79.6958847045898
45.2 73.8108596801758
45.5 34.3828201293945
47.7 9.39960098266602
48.9 41.2695770263672
49.0 102.56275177002
49.9 56.5085830688477
50.0 2565.37280273438
51.0 11405.041015625
52.0 3000.44311523438
53.0 3807.97900390625
54.1 4900.6826171875
55.1 18209.140625
56.1 15237.4091796875
57.1 78072.421875
58.0 347.658721923828
58.1 2546.96166992188
58.9 63.3048667907715
59.0 329.921325683594
59.2 12.0044164657593
60.1 10.0773448944092
60.8 43.4520874023438
60.9 80.6229705810547
61.0 158.872116088867
61.9 305.022399902344
62.0 834.532958984375
62.1 49.2168426513672
63.0 6974.54638671875
63.1 78.4597091674805
64.0 160.954986572266
64.0 4870.083984375
65.0 49935.99609375
66.0 5624.73779296875
66.8 48.5673217773438
67.0 3922.9482421875
68.0 4138.80859375
69.1 8964.0986328125
70.0 1443.74450683594
70.1 961.452880859375
71.0 258.705871582031
71.1 198.198379516602
71.8 11.8018741607666
71.9 44.5718002319336
72.1 117.973480224609
72.8 29.6112842559814
73.0 133.152420043945
73.1 25.6580009460449
73.9 49.866153717041
73.9 182.795440673828
74.0 1169.21545410156
74.2 72.6935272216797
74.9 35.0964660644531
75.0 1151.79724121094
76.0 741.4365234375
76.1 2222.18139648438
77.0 53880.91015625
78.0 9000.3173828125
79.0 3945.03466796875
80.1 7054.26953125
81.3 5500.54931640625
82.1 440287.5
83.1 27235.09375
84.1 1430.29833984375
84.9 53.1476249694824
85.0 119.889518737793
85.1 22.2090721130371
85.3 13.6110181808472
85.6 15.4207077026367
85.8 44.5973587036133
86.0 105.777557373047
86.1 93.7171783447266
87.0 288.128631591797
87.1 49.2050628662109
87.5 17.508638381958
87.8 31.2284717559814
88.0 118.811447143555
88.1 64.6124420166016
88.2 180.731826782227
89.0 12981.7724609375
90.1 10246.01171875
90.2 4638.3798828125
91.0 595080.8125
92.1 58180.265625
93.0 21113.1640625
94.1 5761.904296875
95.0 442.471008300781
95.1 1232.68103027344
96.1 17619.04296875
97.0 906.614868164063
97.1 865.169799804688
97.9 138.739761352539
98.0 173.381469726563
98.3 10.6538190841675
98.8 34.3345985412598
99.0 111.974243164063
99.1 72.8372344970703
99.3 17.2117500305176
100.0 153.535354614258
100.1 432.960021972656
101.0 184.327041625977
101.2 16.2683525085449
101.9 204.290969848633
102.0 491.930236816406
102.2 107.616333007813
103.0 4947.9404296875
104.0 25974.95703125
105.1 9937.6279296875
106.1 15450.609375
107.0 1362.36645507813
107.1 75.0685577392578
107.8 13.3633432388306
107.9 85.2962112426758
108.1 75.7466659545898
108.9 71.8845977783203
109.0 50.7565307617188
109.9 66.0866317749023
111.0 25.7837753295898
111.1 40.1209297180176
112.0 55.5762939453125
112.1 255.942199707031
113.0 264.697387695313
113.1 83.0326538085938
114.0 72.5115432739258
114.1 364.535766601563
114.2 44.555290222168
115.1 3987.98950195313
115.9 96.7346649169922
116.0 2623.74389648438
116.3 64.310173034668
117.1 20672.193359375
118.1 59039.1328125
119.1 30657.841796875
120.1 23774.5859375
121.1 2241.07373046875
121.9 16.5939846038818
122.1 84.8775634765625
122.1 27.5859832763672
123.2 11.9844350814819
125.0 194.235137939453
125.9 55.4407730102539
126.0 143.205307006836
126.8 38.6210098266602
127.0 396.734771728516
127.1 320.145141601563
127.2 16.46266746521
128.0 913.413452148438
128.0 556.2119140625
128.2 30.2290229797363
129.1 1562.62365722656
129.1 81.3450927734375
130.1 16493.501953125
131.1 8373.111328125
132.1 55280.77734375
133.1 10109.40625
134.1 18515.056640625
135.0 594.834899902344
135.1 1360.85388183594
136.0 46.8803863525391
136.1 54.1495056152344
137.0 306.736511230469
137.1 42.3847846984863
138.1 12.2649717330933
138.9 175.769180297852
139.1 250.367538452148
139.9 97.329475402832
140.1 23.8209419250488
140.8 11.9369859695435
140.9 233.1806640625
141.1 152.293090820313
142.0 251.50048828125
142.1 270.179168701172
142.2 122.293197631836
143.0 531.100158691406
143.1 1899.80285644531
144.1 24293.091796875
145.1 22423.77734375
146.1 72709.515625
147.1 10100.94140625
147.8 20.4382266998291
148.0 50.3697891235352
148.1 2264.40966796875
149.1 3534.6005859375
150.1 13161.453125
151.0 426.0458984375
151.1 930.276184082031
151.9 71.5948791503906
152.0 219.027633666992
152.2 49.555419921875
152.9 58.7461128234863
153.1 101.185577392578
153.2 15.3109483718872
154.0 38.9185104370117
154.1 247.282623291016
154.9 70.5114593505859
155.0 174.108673095703
155.1 70.0021209716797
155.9 13.9493217468262
156.1 1081.75231933594
156.2 21.6697673797607
157.0 184.207656860352
157.1 617.963745117188
157.2 169.3671875
158.1 29068.1484375
159.1 4939.54541015625
159.9 31.6415920257568
160.1 2264.97729492188
160.8 12.2326068878174
161.1 792.942993164063
162.0 147.760604858398
162.1 46.7466812133789
163.0 62.4887084960938
164.0 11.4569673538208
164.8 34.3787841796875
165.0 66.3001098632813
165.1 211.474212646484
165.8 11.1902770996094
166.0 120.87809753418
166.7 16.4818668365479
166.9 41.1377067565918
167.0 371.188659667969
167.8 45.1579513549805
168.0 237.651550292969
168.1 134.315185546875
168.7 16.5944652557373
169.0 189.651931762695
169.1 121.270072937012
169.2 83.1382904052734
169.3 48.8291702270508
170.1 3975.65283203125
171.0 581.971374511719
171.1 2915.68334960938
172.1 112699.5078125
173.1 107086.4453125
174.1 43529.2265625
175.0 128.527084350586
175.1 8084.8427734375
175.9 69.4570465087891
176.1 1440.34887695313
176.2 24.0750370025635
177.0 50.8976058959961
177.1 106.405921936035
177.9 21.8325710296631
178.1 35.5933151245117
179.1 9.54584121704102
179.8 34.9553871154785
180.0 124.25163269043
180.1 154.511383056641
181.0 65.2126007080078
181.9 10.2121658325195
182.0 171.357940673828
182.1 59.0485496520996
182.9 45.2262115478516
183.1 27.9645366668701
183.9 109.899368286133
184.1 77.7342681884766
184.2 29.7207794189453
184.9 13.601734161377
185.0 62.7665977478027
185.1 163.929107666016
185.2 13.5662651062012
185.9 89.1838684082031
186.1 100.463806152344
186.2 16.4478130340576
187.1 270.885650634766
187.1 144.329833984375
187.3 10.0165729522705
188.1 1315.74462890625
189.1 552.183471679688
189.1 1071.85327148438
190.1 6752.74609375
190.8 16.8358097076416
191.1 1207.90881347656
191.3 13.3333539962769
191.9 10.5943374633789
192.0 79.0845184326172
192.1 14.334005355835
192.9 35.8357620239258
193.1 92.9692840576172
193.4 11.1607971191406
193.9 207.376953125
194.0 48.4132690429688
194.8 21.2994556427002
195.0 149.99658203125
195.1 14.4820051193237
196.0 65.4944763183594
196.1 15.7944612503052
196.2 21.272159576416
198.1 12.4331073760986
199.1 14.2726135253906
200.1 11.6669759750366
200.3 15.1733846664429
200.9 12.5072460174561
201.0 85.7556304931641
201.1 105.882278442383
201.2 19.3776893615723
201.9 33.3430709838867
202.1 565.208618164063
202.1 953.797607421875
202.8 12.39710521698
203.1 1354.29895019531
203.2 33.6250457763672
203.9 121.503684997559
204.1 395.074981689453
204.2 93.9990844726563
205.0 14.705192565918
205.1 34.4782180786133
206.0 132.457824707031
206.2 10.5784864425659
206.8 21.14306640625
206.9 71.3361053466797
207.1 138.501220703125
207.9 52.1057434082031
208.1 863.726135253906
208.2 21.9858264923096
208.8 17.2796878814697
208.9 30.8877067565918
209.1 124.999458312988
209.3 31.4813385009766
209.9 10.4112024307251
210.0 49.0758895874023
210.2 23.2776622772217
210.8 80.0996856689453
211.1 69.3284530639648
212.9 9.89181995391846
213.0 10.1278610229492
213.2 46.1855239868164
214.0 23.6760101318359
214.1 84.9390411376953
215.0 178.575775146484
215.1 1760.72204589844
215.9 25.0670471191406
216.1 668.117858886719
216.2 179.383773803711
217.1 2279.38916015625
218.0 266.875732421875
218.1 453.295654296875
218.2 33.7248420715332
218.9 55.3244476318359
219.0 159.050598144531
219.1 162.692108154297
219.9 40.4972496032715
220.0 46.7568817138672
220.1 105.372627258301
221.0 240.57780456543
221.1 517.864135742188
221.2 12.1788530349731
221.9 17.4331550598145
222.1 533.857421875
222.9 25.223705291748
223.1 27.6602039337158
223.8 12.3611240386963
224.0 64.3555297851563
224.1 109.431945800781
224.3 50.7290344238281
224.9 23.9930648803711
229.0 22.6345729827881
229.1 71.8747940063477
230.0 48.1624336242676
230.2 9.64133071899414
231.1 5182.3486328125
232.1 571.001892089844
232.2 226.425186157227
232.9 33.8209953308105
233.0 119.436393737793
233.1 17.3844051361084
233.8 11.170581817627
234.0 66.5622406005859
234.1 71.9555740356445
235.0 60.265625
235.1 47.1837272644043
235.2 25.6211032867432
236.1 546.659606933594
236.1 1130.67138671875
237.0 306.258422851563
237.1 1523.55969238281
237.9 40.1858329772949
238.0 31.6623611450195
238.1 295.374420166016
238.3 9.86535739898682
245.1 786.568359375
245.3 69.2176513671875
245.9 14.8494691848755
246.0 59.0755958557129
246.2 47.3035202026367
246.3 13.9128360748291
248.0 172.633392333984
248.1 1236.22631835938
249.1 6901.91015625
250.0 136.401840209961
250.1 2301.98217773438
250.3 36.9776802062988
251.0 73.8864593505859
251.1 230.505752563477
251.2 104.629760742188
252.0 9.59964561462402
252.1 12.9112091064453
262.4 10.1701440811157
263.0 240.026657104492
263.1 350.908752441406
263.3 26.8519821166992
264.0 91.7054901123047
264.2 139.499130249023
264.2 44.7972793579102
265.2 37148.49609375
266.2 7545.9052734375
267.0 21.8683528900146
267.1 582.824645996094
267.2 167.601043701172
268.2 23.7541542053223
276.1 44.6495819091797
293.1 2449.88671875
293.2 67.5247573852539
293.9 9.64374732971191
294.1 329.984741210938
294.2 190.075424194336
295.0 10.0413503646851
295.3 33.2882232666016
304.0 17.3497200012207
305.0 42.2468032836914
305.3 21.2474479675293
321.1 293.581726074219
321.2 1075.66638183594
321.3 247.854553222656
322.2 9155.845703125
323.2 764.524353027344
323.2 1620.01599121094
324.1 72.7900695800781
324.2 181.34716796875
