#"+EI Scan (rt: 6.521-6.609 min, 16 scans) CM1-5-8.D  Subtract "
#Point,X(Thompsons),Y(Counts)
40.1 774.4482421875
41.1 8078.1806640625
42.1 22227.365234375
43.0 2815.03833007813
44.0 3095.67602539063
44.9 10.1995334625244
45.1 49.0598602294922
45.3 23.6999168395996
48.8 10.2423639297485
48.9 101.520935058594
49.1 68.4974060058594
50.0 2570.92626953125
51.0 11403.55859375
51.9 168.178726196289
52.0 2812.85620117188
53.0 3217.689453125
53.1 402.392639160156
54.0 4928.08056640625
55.1 18827.35546875
56.1 15114.0771484375
57.0 77489.828125
58.0 2844.7041015625
59.0 312.543060302734
59.1 124.687385559082
60.9 148.985366821289
61.0 131.411056518555
61.9 22.6592864990234
62.0 1205.36108398438
63.0 7071.04638671875
64.1 4946.75048828125
65.0 49903.671875
66.0 5728.06689453125
67.0 4320.95166015625
68.0 93.2898864746094
68.0 4033.56274414063
69.1 8668.12890625
69.9 28.3149394989014
70.0 2532.2880859375
71.0 213.010025024414
71.1 223.721832275391
72.0 133.397125244141
72.8 16.9107704162598
72.9 10.2693824768066
73.0 173.237548828125
73.2 17.0117149353027
73.9 340.021179199219
74.0 1183.75231933594
74.9 410.646514892578
75.0 718.125244140625
75.2 138.141540527344
76.1 2951.82934570313
77.0 53256.953125
78.0 9200.8642578125
79.0 3824.27001953125
80.0 7037.89892578125
81.2 3500.16064453125
81.3 770.330688476563
82.1 441521.34375
83.1 26860.40234375
83.9 46.667049407959
84.1 1484.16735839844
84.8 23.693416595459
85.0 40.2093925476074
85.1 58.0152206420898
85.3 15.7454404830933
85.8 31.4784755706787
85.9 81.96435546875
86.0 105.840942382813
86.1 63.7622528076172
86.7 13.9375715255737
86.8 80.063835144043
87.0 233.423233032227
87.3 40.802806854248
87.6 11.0379247665405
87.9 11.3497543334961
88.0 211.890747070313
88.1 176.15559387207
89.0 12767.2412109375
90.1 14515.9169921875
91.0 598049.5625
92.1 58189.03125
93.1 21504.416015625
94.1 5585.638671875
95.0 491.0224609375
95.1 912.084228515625
95.3 80.9652862548828
96.1 18171.921875
97.1 1655.01940917969
97.8 35.117847442627
97.9 158.403671264648
98.1 216.436248779297
98.9 46.0474014282227
99.0 47.9193496704102
99.1 136.739028930664
99.8 70.4556198120117
100.0 507.329528808594
100.2 15.3382654190063
100.8 60.6277618408203
101.0 130.967895507813
101.2 65.3910751342773
102.0 794.471801757813
102.2 107.539672851563
103.0 4991.75244140625
104.0 26299.208984375
105.1 9492.60546875
106.1 15225.1162109375
106.9 76.4550933837891
107.0 1347.00244140625
107.8 14.0949239730835
108.1 133.224319458008
108.2 16.8050556182861
108.9 65.1671524047852
109.0 59.0574150085449
109.2 10.4019069671631
110.0 63.7078170776367
110.1 23.052677154541
111.0 102.309494018555
111.9 177.522933959961
112.0 129.647323608398
112.2 14.9676580429077
112.8 9.61258506774902
112.9 46.4109802246094
113.1 259.753387451172
113.8 11.5000295639038
114.0 142.010330200195
114.1 255.885650634766
114.2 125.79695892334
115.1 4066.11840820313
116.0 940.127075195313
116.1 1775.14733886719
117.1 20137.537109375
118.1 59758.55859375
119.1 30899.291015625
120.1 23906.859375
120.9 28.2795848846436
121.0 1841.11682128906
121.1 365.670501708984
121.9 70.7422409057617
122.1 89.2390975952148
124.8 36.6468696594238
125.0 121.950759887695
125.2 11.5945892333984
126.0 39.1550407409668
126.0 70.4049835205078
127.0 692.8896484375
127.1 58.7317581176758
128.0 392.725036621094
128.0 1201.11303710938
128.1 99.8985061645508
128.9 109.085983276367
129.1 1518.13220214844
130.1 16234.8720703125
131.1 3442.22290039063
131.1 4653.21923828125
132.1 55263.22265625
133.1 10474.86328125
134.1 18734.3203125
135.1 2089.15307617188
135.9 21.248706817627
136.0 40.8297958374023
136.3 20.6859474182129
136.8 82.4287948608398
136.9 109.378326416016
137.1 186.461761474609
138.1 9.6352481842041
138.8 27.195951461792
139.0 265.495239257813
139.1 123.489028930664
140.0 84.7480773925781
140.1 89.3239898681641
140.9 219.454483032227
141.0 169.248977661133
141.2 34.7534294128418
141.9 233.168853759766
142.1 397.746887207031
143.1 2448.3408203125
144.1 23937.146484375
145.1 22587.396484375
146.1 71644.6875
147.1 10309.3935546875
147.9 29.6171455383301
148.0 326.880798339844
148.1 1777.5517578125
149.1 3915.14868164063
150.1 12796.5498046875
150.9 20.8100166320801
151.1 1475.08557128906
152.0 196.425979614258
152.2 79.3636932373047
153.0 137.708297729492
153.2 26.1724262237549
153.8 39.6187362670898
153.9 128.893585205078
154.1 107.840278625488
154.9 113.252334594727
155.0 228.526214599609
155.2 46.7824745178223
156.0 285.373413085938
156.1 798.038940429688
157.0 262.665069580078
157.1 905.538208007813
158.1 28966.693359375
159.1 5013.974609375
159.2 78.2209930419922
160.1 2212.908203125
161.0 711.436584472656
161.9 64.2873306274414
162.1 149.529296875
163.0 27.8436756134033
164.1 15.8823070526123
164.9 38.8156089782715
165.0 150.801620483398
165.1 119.47575378418
166.0 109.863265991211
166.1 43.7274513244629
166.8 51.2962417602539
166.9 199.447082519531
167.1 56.6145095825195
167.2 100.595886230469
167.9 99.1689453125
168.1 270.967193603516
168.3 33.5070877075195
168.9 23.0084609985352
169.0 211.515121459961
169.2 112.899139404297
170.1 4185.50244140625
171.1 2003.58154296875
171.2 1546.22839355469
172.1 112494.90625
173.1 106660.4296875
174.1 43246.30859375
175.1 7921.46240234375
175.8 25.1781921386719
176.1 1533.00842285156
177.0 165.419799804688
178.0 11.7828683853149
178.2 13.3457946777344
179.0 9.97194671630859
179.8 22.0576400756836
179.9 131.501937866211
180.0 168.995162963867
180.9 21.0176219940186
181.0 73.3887557983398
182.0 56.0045509338379
182.0 151.779846191406
183.0 84.6587524414063
183.9 76.02197265625
184.0 64.5021133422852
184.2 25.3603076934814
185.0 70.8649597167969
185.1 170.282531738281
185.9 146.383483886719
186.1 52.0385208129883
186.9 13.7864694595337
187.0 345.109191894531
187.1 96.7988891601563
188.0 595.437927246094
188.1 701.787414550781
188.9 22.9566326141357
189.1 1659.24365234375
190.1 6632.693359375
191.1 1209.34094238281
192.0 96.8468322753906
192.1 37.4940032958984
192.9 48.5529479980469
193.1 82.0911178588867
194.0 224.1376953125
194.1 17.0344867706299
194.9 72.7663497924805
195.0 76.7771224975586
196.0 53.1266670227051
196.1 37.8456115722656
196.2 9.72317981719971
196.9 21.844123840332
200.0 35.3416595458984
200.8 35.0520668029785
201.0 144.038665771484
201.1 90.1008911132813
202.1 1479.7275390625
202.2 76.9984130859375
203.1 1460.81433105469
204.1 524.400817871094
204.2 13.4339056015015
205.0 68.310676574707
205.1 36.5221633911133
205.2 10.3406600952148
205.9 15.5375108718872
206.0 42.9614486694336
206.1 41.470043182373
206.3 35.3697319030762
206.9 29.3662376403809
207.0 65.5214462280273
207.2 49.8877410888672
207.9 16.9105091094971
208.0 544.917297363281
208.1 269.206420898438
208.9 26.0295028686523
209.1 109.643447875977
209.2 63.7822380065918
209.9 42.2793426513672
210.0 89.922233581543
211.0 98.6632690429688
211.1 37.1457672119141
212.9 38.3629150390625
213.9 16.275505065918
214.0 40.1973037719727
215.1 1955.06958007813
215.9 44.7409515380859
216.1 940.505126953125
217.1 2065.47436523438
217.9 55.8989944458008
218.1 365.674224853516
218.1 301.032287597656
218.3 30.9527683258057
218.8 8.88331127166748
219.1 425.679443359375
220.0 57.5414390563965
220.2 121.695846557617
221.0 268.204315185547
221.1 376.165008544922
221.2 135.188903808594
222.0 132.054168701172
222.1 387.878662109375
222.3 18.8407592773438
222.9 88.4014282226563
223.9 63.4636306762695
224.1 188.713256835938
224.3 9.47088146209717
226.1 9.93390941619873
228.9 9.64560031890869
229.1 10.5380687713623
230.2 11.2636213302612
231.1 5289.271484375
232.0 129.4150390625
232.1 653.846740722656
232.3 45.7018966674805
233.0 267.111907958984
233.2 44.6885108947754
233.9 39.186695098877
234.1 60.8213577270508
235.0 50.8779602050781
235.2 38.2397613525391
236.0 288.087341308594
236.1 1451.03344726563
237.1 1871.07214355469
237.9 13.2691640853882
238.1 257.934539794922
243.2 28.4977722167969
243.4 11.1104202270508
244.8 10.0296487808228
244.9 17.2213325500488
245.0 82.2095184326172
245.1 829.992858886719
245.3 37.375617980957
246.0 61.3756942749023
246.1 98.2190704345703
246.2 17.4451961517334
247.9 14.6585235595703
248.1 452.470520019531
248.1 1029.54138183594
249.1 7286.474609375
250.1 1319.16418457031
250.2 1073.24035644531
251.0 169.417358398438
251.1 282.4814453125
251.9 11.1099004745483
252.1 14.5489559173584
252.2 22.5068206787109
261.1 10.5846014022827
261.3 10.4785041809082
263.1 340.152160644531
263.2 307.647644042969
264.0 19.2706756591797
264.1 278.673645019531
264.3 51.782398223877
265.2 38069.1015625
266.2 7634.2822265625
267.1 256.161987304688
267.2 481.790924072266
267.3 13.234676361084
267.9 12.1789894104004
276.1 45.6540908813477
293.0 175.039428710938
293.1 2323.58032226563
294.1 344.374176025391
294.2 262.771423339844
295.1 96.7998962402344
304.1 22.7427806854248
305.1 65.0499038696289
306.3 10.9277467727661
320.1 12.3358116149902
321.1 241.674560546875
321.2 1367.7109375
322.2 9075.9052734375
323.1 164.993301391602
323.2 2204.89135742188
323.4 38.3956069946289
324.0 34.3323135375977
324.1 98.7963790893555
324.3 100.383003234863
