#"+EI Scan (rt: 8.305-8.387 min, 15 scans) CM1-5-3.D  Subtract "
#Point,X(Thompsons),Y(Counts)
40.1 82.2200393676758
41.1 2552.38354492188
42.0 6403.50048828125
43.0 1035.39245605469
44.0 2599.84228515625
45.0 29.0670776367188
45.1 40.1210174560547
49.9 189.834442138672
50.0 156.813034057617
50.9 39.4995918273926
51.0 1172.99243164063
52.0 269.768188476563
52.1 75.528923034668
52.2 51.5622444152832
52.9 39.9931869506836
53.0 498.056732177734
53.8 11.0399913787842
54.0 253.99267578125
54.1 171.292282104492
54.9 61.6865921020508
55.0 785.586303710938
55.1 629.901306152344
56.0 540.102783203125
56.1 614.313781738281
57.0 9818.80859375
57.9 93.9207992553711
58.0 1026.36633300781
58.8 16.904483795166
58.9 26.9658279418945
59.1 92.8115768432617
61.0 10.3986492156982
61.9 16.0307559967041
62.0 83.6191711425781
62.1 22.1602516174316
62.9 611.216918945313
63.9 98.060173034668
64.0 262.006408691406
64.1 27.8628807067871
65.0 537.892944335938
65.1 2132.58471679688
65.9 118.8408203125
66.0 480.641571044922
66.8 34.1849517822266
67.0 885.095153808594
67.1 24.2065029144287
67.9 19.1774520874023
68.0 1270.21264648438
68.1 127.539993286133
69.0 1414.36840820313
70.0 138.095703125
70.1 1293.45141601563
71.0 189.795806884766
71.1 32.7859268188477
71.2 34.9455528259277
71.8 25.7391395568848
71.9 28.1944808959961
73.8 29.4846973419189
74.0 93.9865875244141
74.8 12.4565124511719
74.9 175.905059814453
75.0 23.2401428222656
75.1 35.476993560791
76.0 291.089447021484
76.1 160.814102172852
77.0 8276.447265625
78.0 1745.28369140625
78.2 46.3907661437988
79.0 3057.22631835938
79.9 59.0192070007324
80.0 563.762451171875
80.9 25.1627330780029
81.0 711.9111328125
82.0 399.17041015625
82.1 611.342102050781
83.0 368.490081787109
84.0 556.335266113281
84.1 1002.71368408203
85.0 58.5956878662109
85.9 11.1596994400024
88.8 28.4716968536377
89.0 347.514770507813
89.1 225.69987487793
89.8 83.7392120361328
90.1 214.916290283203
90.2 207.253448486328
91.0 11449.640625
91.9 50.6950149536133
92.0 1610.01794433594
93.0 3434.86328125
93.9 409.121887207031
94.0 1141.61486816406
95.0 258.213195800781
95.2 54.8211669921875
95.7 11.5873413085938
95.9 18.5116481781006
96.0 1029.763671875
96.2 93.5335159301758
97.0 27.2443771362305
97.1 104.334922790527
97.2 12.9528436660767
98.0 333.358825683594
98.1 51.4549903869629
101.2 17.1849575042725
102.0 121.695327758789
102.1 281.042327880859
102.9 98.0610580444336
103.0 2647.9033203125
103.9 96.5668258666992
104.0 4112.19677734375
105.1 9511.8779296875
106.0 657.323364257813
106.0 1208.36499023438
106.9 125.066444396973
107.0 122.640060424805
107.1 77.9098968505859
107.9 21.9552364349365
108.0 206.262832641602
108.1 499.272247314453
109.0 114.965522766113
109.1 513.300109863281
110.1 4347.89404296875
111.0 428.674835205078
111.2 113.307403564453
111.9 65.4243392944336
112.1 301.738677978516
112.9 11.2812557220459
115.0 312.925262451172
115.1 196.74235534668
115.8 82.220085144043
116.0 127.184280395508
116.1 60.0480117797852
116.3 14.4222450256348
116.9 106.565338134766
117.1 1670.45910644531
118.0 3251.95336914063
118.9 29.1670017242432
119.0 1194.48620605469
120.0 261.558227539063
120.1 393.826812744141
121.0 26.783763885498
121.1 65.3222732543945
122.0 10.9028596878052
122.2 13.8247137069702
124.0 25.6277904510498
126.8 11.5877227783203
128.1 213.83122253418
128.9 178.676971435547
129.2 11.5857820510864
129.3 19.7155017852783
130.0 3263.26342773438
131.1 2166.58081054688
132.1 5942.5830078125
133.0 350.918640136719
133.1 837.431762695313
134.1 707.848510742188
135.1 24.0466823577881
136.9 2.41069793701172
137.0 132.323486328125
141.0 25.220552444458
142.0 10.6055059432983
143.0 202.042541503906
143.9 24.3374996185303
144.0 1553.40466308594
144.9 141.976119995117
145.1 760.728454589844
145.2 79.802001953125
146.1 1319.49914550781
147.0 92.6726531982422
147.1 126.480316162109
147.2 14.0619249343872
148.0 99.3260345458984
148.1 239.01335144043
148.2 16.2591190338135
148.9 62.2663078308105
149.0 292.434356689453
149.1 94.7120895385742
150.0 121.828224182129
150.1 63.0324859619141
151.0 12.1747999191284
153.0 211.872116088867
153.1 60.7221755981445
153.8 19.260383605957
154.1 45.8718795776367
154.9 12.6546020507813
155.8 16.8598880767822
156.0 120.016532897949
156.1 62.0663070678711
156.9 77.2991943359375
157.1 77.7141799926758
158.0 239.037445068359
158.1 288.275573730469
158.2 81.013298034668
158.9 224.679565429688
159.1 719.616394042969
159.2 29.6348075866699
160.1 15498.845703125
161.0 221.820068359375
161.1 1818.78161621094
161.8 13.4234762191772
162.0 93.6452255249023
162.1 103.67684173584
166.9 15.1965484619141
167.1 11.2523584365845
169.8 16.883581161499
169.9 31.0400199890137
170.0 58.6293487548828
170.1 103.499397277832
170.9 12.8816776275635
171.0 71.6038055419922
171.2 18.0136489868164
172.1 1469.30590820313
173.0 294.132507324219
173.1 162.304138183594
173.9 41.9764366149902
174.1 861.931640625
174.9 43.761531829834
175.1 97.0978775024414
181.1 10.1374092102051
182.1 41.5946846008301
183.9 127.906547546387
184.0 130.20768737793
184.1 39.5955581665039
185.0 11.4055194854736
185.1 40.1964530944824
185.8 13.882472038269
186.1 275.380554199219
187.0 46.8943824768066
187.1 115.303886413574
187.2 70.2979965209961
187.9 35.7070808410645
196.0 52.0509757995605
196.2 14.48024559021
197.0 26.9246578216553
197.8 30.5068454742432
198.0 171.503631591797
198.1 588.916564941406
198.9 24.0766010284424
199.1 403.857116699219
199.8 16.4946994781494
200.1 942.064758300781
200.2 14.1600141525269
201.0 243.031707763672
201.1 686.429382324219
201.9 32.4682655334473
202.0 351.945770263672
202.1 1010.78833007813
203.1 9250.1806640625
204.1 278.813018798828
204.2 1090.56945800781
205.0 28.7532558441162
205.1 40.3661422729492
211.0 18.8305778503418
214.1 10.4396638870239
214.2 32.5773239135742
214.9 106.786743164063
215.1 78.1961364746094
215.2 32.0838737487793
216.1 7373.38330078125
216.9 13.9991779327393
217.1 401.926452636719
217.1 804.081787109375
218.1 43.2240409851074
218.2 30.2890796661377
230.0 12.622142791748
230.1 39.9052658081055
232.8 11.836464881897
233.0 12.6888904571533
237.0 32.715690612793
237.1 13.1789846420288
241.1 50.1281967163086
243.1 49.4112701416016
257.1 75.4069442749023
257.2 24.9704761505127
257.5 28.9141502380371
257.7 15.359320640564
258.1 52.647575378418
258.2 94.9277801513672
259.2 28947.025390625
260.2 5265.8515625
261.1 357.881896972656
261.3 124.621681213379
293.1 49.2849273681641
293.2 11.0678215026855
348.1 10.4735240936279
348.2 87.7046279907227
351.2 14.6392087936401
