#"+EI Scan (rt: 10.887-11.039 min, 27 scans) CM1-5-8.D  Subtract "
#Point,X(Thompsons),Y(Counts)
40.1 28.7155151367188
41.0 154.369400024414
41.1 339.697021484375
41.2 8.45320987701416
42.0 1836.72631835938
42.1 53.2968215942383
42.9 108.442268371582
43.0 240.85888671875
43.2 12.6956357955933
43.9 158.236297607422
44.0 426.807220458984
44.9 63.0831069946289
45.0 4209.42724609375
46.0 92.3352432250977
49.8 19.7736701965332
49.9 77.0278244018555
50.0 94.6790542602539
50.1 13.3942785263062
51.0 377.197235107422
51.1 168.35676574707
51.8 13.8274517059326
51.9 135.615173339844
52.0 13.5601091384888
52.8 21.4076919555664
52.9 52.9316558837891
53.1 99.2129440307617
53.9 78.0573577880859
54.0 110.595512390137
54.1 21.3205432891846
54.9 42.5967826843262
55.0 310.213409423828
55.1 158.295227050781
55.9 104.734855651855
56.1 200.399490356445
56.9 69.8765029907227
57.0 128.509170532227
57.2 18.2198352813721
57.8 7.57049369812012
57.9 46.2143745422363
58.0 257.709625244141
58.2 13.2595806121826
58.9 35.7394752502441
59.0 61.2262344360352
61.9 8.83015823364258
62.0 12.6175546646118
62.2 13.7666234970093
62.8 9.63438892364502
62.9 118.651321411133
63.0 170.385559082031
63.9 70.509162902832
64.0 96.4145126342773
64.9 96.235710144043
65.0 934.859680175781
65.8 28.3959865570068
65.9 71.0881652832031
66.1 67.1840209960938
67.0 206.838562011719
67.1 94.9489898681641
67.2 47.5563049316406
68.0 422.661071777344
68.1 14.3484964370728
69.0 138.475372314453
69.1 192.626831054688
69.2 14.449182510376
69.9 27.5187206268311
70.0 393.583770751953
70.1 427.478881835938
70.9 26.4562301635742
71.1 8.58375263214111
73.0 10.9596366882324
73.8 5.59592485427856
74.0 32.2577247619629
74.9 27.098669052124
75.0 17.4061298370361
75.2 8.78819370269775
75.9 31.4860076904297
76.0 67.6132888793945
76.1 34.4749069213867
77.0 2553.77734375
77.9 144.164154052734
78.0 509.247894287109
78.9 64.974479675293
79.0 844.224975585938
79.9 64.6462478637695
80.0 182.570205688477
80.9 39.5119438171387
81.0 58.1319236755371
81.1 15.656304359436
81.9 34.1165351867676
82.0 286.859252929688
82.1 84.8510894775391
82.8 5.61026859283447
82.9 76.4011611938477
83.1 14.347728729248
83.9 11.4177665710449
84.1 129.665054321289
88.1 6.14324522018433
88.9 31.9349765777588
89.0 195.867599487305
89.1 7.16857624053955
89.8 37.0365791320801
90.0 81.6437530517578
90.1 52.8563575744629
90.2 40.902587890625
91.0 3749.55908203125
91.9 78.8201065063477
92.0 529.680847167969
92.2 17.4731063842773
92.9 128.443832397461
93.0 272.449951171875
93.2 13.5061950683594
93.9 163.373031616211
94.0 312.022827148438
94.2 7.87982130050659
94.8 26.1140308380127
94.9 117.385627746582
95.1 148.625518798828
95.2 19.2137489318848
96.0 1849.15319824219
96.9 64.4831924438477
97.0 303.144165039063
97.8 12.4023504257202
98.0 110.275108337402
98.1 28.829891204834
99.9 38.5815887451172
100.1 21.2349529266357
101.7 6.17579412460327
101.9 61.6331214904785
102.1 30.0331916809082
102.8 13.3034658432007
103.0 661.980407714844
103.1 132.419403076172
104.0 1265.45288085938
104.8 10.8868169784546
104.9 144.507339477539
105.1 2641.552734375
105.9 36.270133972168
106.0 325.939666748047
106.1 532.937133789063
106.8 15.9510297775269
107.0 62.0737838745117
108.9 13.2307987213135
114.8 27.1351108551025
114.9 22.5384063720703
115.1 36.3645057678223
115.3 23.5500659942627
115.6 6.2962589263916
115.8 19.7504768371582
116.0 47.4578056335449
116.1 48.206184387207
116.8 7.79523038864136
116.9 94.8473587036133
117.0 333.889892578125
117.2 50.444995880127
117.9 86.0584106445313
118.0 446.657073974609
118.1 192.313400268555
118.3 7.34000587463379
118.8 9.20903396606445
119.0 271.465667724609
119.1 145.802719116211
119.8 55.5604667663574
119.9 49.4469146728516
120.1 96.8078002929688
127.2 8.24069023132324
127.9 17.0124473571777
128.1 71.304557800293
129.1 14.5411052703857
129.2 6.4570140838623
130.0 736.483581542969
130.1 366.225036621094
130.9 57.9385070800781
131.0 175.292892456055
131.1 286.331024169922
131.9 39.6684379577637
132.0 1481.55017089844
132.8 14.043231010437
132.9 44.932788848877
133.0 128.597183227539
133.9 8.15897083282471
134.0 75.592155456543
134.2 22.9609489440918
134.9 41.5245018005371
135.0 103.931900024414
135.1 32.8722114562988
136.1 6.66243886947632
136.9 133.061950683594
137.0 0.899517059326172
138.1 6.94596910476685
139.0 27.2867202758789
139.0 191.926986694336
139.2 28.2821044921875
141.8 5.73980331420898
142.9 6.89277029037476
143.0 23.1517658233643
143.8 6.18915605545044
144.0 189.400283813477
144.1 102.393203735352
144.8 5.82939672470093
145.0 68.8925704956055
145.1 23.5723915100098
145.9 59.2391815185547
146.0 310.687438964844
146.1 266.100158691406
146.9 7.63865375518799
147.0 27.4872436523438
147.1 13.5184803009033
147.9 8.2668628692627
148.0 64.0776824951172
155.0 6.81927061080933
155.1 6.72424030303955
156.0 22.2056121826172
156.1 25.4169788360596
156.9 14.7653036117554
157.1 16.8444232940674
157.2 28.170352935791
157.9 28.857852935791
158.1 1923.10314941406
158.9 78.6104736328125
159.0 273.37939453125
159.1 96.4235229492188
159.9 61.1418304443359
160.0 167.577758789063
160.1 269.967559814453
160.2 7.62639570236206
161.1 33.3620452880859
161.2 8.25317764282227
162.1 6.10280561447144
164.9 59.7801551818848
165.1 108.974479675293
165.7 5.76554679870605
166.0 6.72184562683105
170.0 8.8375997543335
171.9 82.9563293457031
172.1 9.02606105804443
173.0 7.17927598953247
173.1 22.9891815185547
174.1 19.3666400909424
175.3 6.7924108505249
183.9 32.1224212646484
184.0 129.564437866211
184.1 105.309539794922
184.9 30.0508499145508
185.0 51.9146461486816
185.1 116.918563842773
186.0 223.153518676758
186.1 236.37971496582
186.9 62.0299072265625
187.0 292.419525146484
187.2 60.217456817627
187.3 23.7790775299072
188.0 355.2216796875
188.1 298.070251464844
188.2 15.8462438583374
188.6 6.80466508865356
188.8 11.6458177566528
189.0 91.0129089355469
189.1 194.328414916992
189.9 45.8787994384766
190.1 597.119201660156
190.1 218.911437988281
190.9 30.1944847106934
191.0 29.2627429962158
191.2 6.14900016784668
192.1 5.71257638931274
201.0 75.328498840332
201.1 82.9487686157227
202.0 18.5645008087158
210.8 15.0385646820068
211.0 33.347412109375
214.7 3.80415511131287
214.8 30.8280754089355
214.9 70.4820404052734
215.0 16.2586307525635
215.3 6.29833745956421
215.8 9.4805965423584
216.8 6.81612062454224
218.1 2207.9052734375
218.8 17.56077003479
219.0 151.827529907227
219.1 218.339096069336
219.2 36.7514381408691
228.9 37.721118927002
229.1 84.6651840209961
231.0 8.38182163238525
231.1 85.2320251464844
232.8 5.29963064193726
232.9 15.9867115020752
233.1 5.81733369827271
237.0 9.30655670166016
237.2 16.9845714569092
259.8 11.5404348373413
260.1 9.16637229919434
260.2 24.3038959503174
261.2 10488.8359375
261.9 15.6563501358032
262.1 1785.12573242188
262.9 6.35404396057129
263.0 78.8086013793945
263.1 81.5326080322266
