#"+EI Scan (rt: 10.887-11.039 min, 27 scans) CM1-5-3.D  Subtract "
#Point,X(Thompsons),Y(Counts)
40.1 7.93239068984985
40.9 7.24577045440674
41.0 434.542510986328
41.1 94.7616806030273
41.9 21.57057762146
42.0 1870.53845214844
42.8 6.55153560638428
42.9 35.5733604431152
43.0 143.32421875
43.1 166.73664855957
44.0 424.996704101563
44.1 285.703582763672
45.0 4237.068359375
46.0 57.6317901611328
46.2 5.62271213531494
49.8 22.3149948120117
50.0 113.660636901855
50.1 74.5318069458008
50.7 11.1125440597534
50.9 305.242889404297
51.1 212.147064208984
52.0 79.7946166992188
52.1 75.8495407104492
52.9 53.9925689697266
53.0 138.560806274414
53.1 7.53558731079102
53.9 26.1358737945557
53.9 45.9421081542969
54.1 108.437202453613
54.9 13.4237756729126
55.0 373.900115966797
55.1 148.938873291016
55.9 58.1862258911133
56.0 200.753723144531
56.1 56.765380859375
56.9 47.7336463928223
57.0 83.8637313842773
57.1 66.1101226806641
58.0 210.39192199707
58.1 144.221725463867
58.8 7.47809457778931
58.9 88.4045791625977
59.0 47.4181442260742
59.2 2.65048980712891
61.2 5.62966012954712
61.8 12.4714441299438
62.0 25.7416648864746
62.2 7.66885805130005
62.8 15.8737020492554
62.9 195.958847045898
63.1 72.7714157104492
63.9 24.608570098877
64.0 93.9055023193359
64.1 24.8904895782471
64.9 35.458080291748
65.0 368.434509277344
65.0 674.859802246094
65.7 11.3599243164063
65.9 38.4337005615234
66.0 73.027214050293
66.1 61.2927589416504
66.3 7.47144985198975
66.9 263.725067138672
67.1 128.482360839844
67.8 16.2923202514648
67.9 137.90608215332
68.0 297.644927978516
68.9 52.3539810180664
69.0 241.13134765625
69.1 74.1675415039063
69.9 45.3146018981934
70.1 856.428833007813
70.2 27.8068885803223
70.9 54.8854942321777
71.1 28.9275665283203
72.9 9.61710166931152
73.8 13.6874885559082
73.9 25.9693069458008
74.2 6.45587062835693
75.0 38.9782028198242
75.1 7.37225914001465
75.9 49.5596122741699
76.1 72.3827514648438
76.2 32.9306602478027
77.0 2703.90869140625
77.9 97.4255065917969
78.0 381.094177246094
78.1 176.268051147461
78.9 36.9748954772949
79.0 852.817687988281
79.9 18.0453987121582
80.0 164.10725402832
80.1 54.5419006347656
80.8 4.18285846710205
80.9 64.5281066894531
81.1 34.2540740966797
81.9 47.4533195495605
82.0 233.151626586914
82.1 143.103256225586
82.8 7.87946796417236
83.0 66.6382675170898
83.1 18.5486602783203
83.9 42.8743934631348
84.1 55.6192626953125
85.0 6.30630397796631
88.2 8.56655216217041
88.9 40.5420455932617
89.0 122.659423828125
89.1 116.120895385742
90.0 101.788887023926
90.2 58.1227149963379
90.9 74.8616256713867
91.0 3740.76611328125
91.8 16.2337131500244
92.0 335.670166015625
92.1 290.076629638672
92.9 143.171691894531
93.1 320.012878417969
94.0 103.679740905762
94.0 291.065460205078
94.1 71.2182922363281
94.8 26.4515972137451
95.0 170.986343383789
95.1 127.275375366211
95.2 27.9180126190186
95.9 69.8730926513672
96.1 1848.71691894531
96.1 101.044563293457
96.8 6.38840389251709
97.0 54.8108139038086
97.1 258.859832763672
97.2 35.329647064209
97.9 57.6857872009277
98.0 81.0213012695313
98.2 48.032958984375
99.8 5.72051286697388
99.9 7.97691917419434
100.0 58.4398727416992
101.8 35.0155868530273
101.9 62.252197265625
102.1 19.8559036254883
102.9 65.2069396972656
103.0 811.560180664063
103.1 17.2978992462158
103.9 159.813201904297
104.0 1171.24975585938
104.9 27.5569362640381
105.0 2990.0283203125
105.9 6.09313917160034
106.0 848.723205566406
106.2 49.2121124267578
107.0 39.9703674316406
107.1 14.9405641555786
108.1 5.78045082092285
108.8 15.2798624038696
109.1 5.66946601867676
114.7 7.84156179428101
114.9 47.0782508850098
115.1 78.3200836181641
115.2 43.1176948547363
115.6 11.3005390167236
115.8 6.33024406433105
116.0 46.2669258117676
116.1 13.3790578842163
117.0 124.693885803223
117.0 391.544219970703
117.9 139.744918823242
118.0 479.767730712891
118.1 151.365280151367
118.8 53.0691223144531
118.9 140.504989624023
119.0 192.457138061523
119.1 34.2558212280273
119.9 55.842658996582
120.0 193.654159545898
127.0 8.64302158355713
127.9 29.2286338806152
128.0 57.4832191467285
128.2 18.6897506713867
128.7 7.25126314163208
128.9 5.60402584075928
129.0 13.1365537643433
129.2 12.3043193817139
130.0 277.648101806641
130.1 896.600524902344
130.9 25.1855373382568
131.0 325.424621582031
131.1 172.667449951172
131.2 50.0031929016113
131.9 42.8444175720215
132.0 1232.93664550781
132.1 315.251342773438
132.9 118.561897277832
133.1 126.56177520752
133.8 5.68040657043457
134.0 84.3634872436523
134.1 49.7691917419434
135.0 101.185989379883
135.1 75.4961318969727
136.9 40.9514770507813
137.0 53.2561874389648
137.1 38.8653984069824
137.9 9.34006118774414
138.9 76.2273101806641
139.0 136.071136474609
139.1 78.8067092895508
139.9 5.7840838432312
142.9 33.306640625
143.0 22.9794673919678
143.1 15.0550050735474
143.9 73.5702514648438
144.1 238.015640258789
144.9 19.1966705322266
145.1 109.98494720459
146.0 71.8789978027344
146.1 629.237915039063
146.2 9.56021785736084
146.9 11.8423051834106
147.0 39.7321243286133
147.2 13.9748420715332
148.0 27.0798625946045
148.1 28.3869094848633
148.2 6.26060247421265
155.1 6.89129304885864
155.9 9.54303550720215
156.1 67.3205795288086
156.2 11.7250556945801
156.9 20.5394725799561
157.1 44.8425788879395
157.9 18.9505786895752
158.0 233.976577758789
158.1 1891.1005859375
158.9 13.6930408477783
159.0 379.260925292969
159.1 69.1725997924805
159.8 5.86345767974854
159.9 29.0172119140625
160.0 188.123245239258
160.1 285.796020507813
160.2 57.3285942077637
160.9 5.94145917892456
161.0 14.3159608840942
162.0 28.310920715332
162.2 9.38726425170898
162.9 10.8679828643799
164.9 48.6721992492676
165.1 135.285675048828
166.0 22.6179237365723
172.0 34.1830444335938
172.1 44.5219917297363
173.0 36.3997230529785
173.2 15.1378297805786
181.9 6.68279981613159
184.0 128.636596679688
184.1 143.331924438477
184.2 10.6299419403076
184.9 10.079686164856
185.0 146.964736938477
185.2 37.5383491516113
185.9 20.582202911377
186.0 74.0390396118164
186.1 436.968505859375
186.9 50.8488845825195
187.0 333.528717041016
187.9 82.4319458007813
188.1 379.795166015625
188.2 284.749969482422
188.8 6.82145166397095
188.9 95.3820724487305
189.1 141.642929077148
189.2 58.057918548584
189.9 37.3818893432617
190.0 300.186950683594
190.1 568.202880859375
190.9 6.54564905166626
191.0 46.1011199951172
191.1 8.12379741668701
191.2 8.66863536834717
192.0 6.63640975952148
199.9 5.94076538085938
200.9 61.8835601806641
201.1 82.4537506103516
202.0 14.4851684570313
210.9 36.7978210449219
214.9 74.8896179199219
215.0 72.8246002197266
215.9 7.82196950912476
216.0 12.6402177810669
216.2 6.21094942092896
217.0 19.0560436248779
217.9 28.0025653839111
218.1 2344.00756835938
218.2 38.1508293151855
218.9 103.335098266602
219.0 182.777709960938
219.2 103.946350097656
220.0 17.245735168457
228.9 38.2449607849121
229.1 91.4340286254883
229.2 8.25682258605957
230.9 8.00600814819336
231.0 46.6361045837402
231.1 47.2025947570801
232.8 22.0699825286865
233.0 21.3806915283203
236.8 10.3962335586548
236.9 52.6259841918945
237.1 5.18598461151123
259.3 11.7308769226074
260.1 45.3689880371094
261.2 10823.1533203125
262.2 1839.04846191406
262.3 11.6165170669556
263.0 50.9202346801758
263.1 86.2234573364258
263.2 43.0222129821777
