#"+EI Scan (rt: 7.985-8.089 min, 19 scans) Fent-2.D  Subtract "
#Point,X(Thompsons),Y(Counts)
40.1 82.8686981201172
41.0 153.974517822266
41.1 1502.53466796875
42.0 6350.19482421875
43.0 1060.00988769531
44.0 3240.72314453125
45.0 103.689491271973
45.1 13.1554851531982
49.8 10.0915994644165
49.9 119.252029418945
50.0 249.046081542969
50.1 23.0878067016602
50.9 14.2317543029785
51.0 1361.98132324219
51.8 7.63856983184814
52.0 463.809478759766
52.1 8.76635551452637
53.0 552.797546386719
54.0 232.740249633789
54.1 527.911926269531
55.0 1670.17016601563
55.9 38.8300514221191
56.1 1463.23657226563
57.0 7789.5712890625
58.0 178.048919677734
58.0 252.387313842773
58.9 99.530158996582
59.9 6.039794921875
61.1 11.2950887680054
61.9 73.0328750610352
62.0 38.5720138549805
62.9 22.5485572814941
63.0 733.542846679688
64.0 237.152420043945
64.1 216.719955444336
65.0 2851.08862304688
65.8 13.7556924819946
66.0 328.533416748047
66.1 275.442138671875
67.0 1461.34826660156
68.0 1765.07421875
69.0 1562.61206054688
70.0 1103.49523925781
70.1 1500.62878417969
71.0 282.844451904297
71.1 23.6232566833496
72.0 18.1664581298828
72.1 9.02559661865234
72.9 32.6898002624512
73.0 38.6452789306641
73.0 0.402117252349854
73.8 24.3658218383789
74.0 85.4717712402344
74.1 36.6345329284668
74.9 104.572975158691
75.0 132.672927856445
75.9 90.284538269043
76.1 396.061889648438
77.0 9543.25390625
78.0 2000.71130371094
79.0 3393.48974609375
80.0 159.732650756836
80.0 671.605773925781
81.0 357.785369873047
82.1 1419.34948730469
82.8 9.67115783691406
82.9 28.4114780426025
83.0 391.424499511719
84.0 269.676208496094
84.1 302.538909912109
85.0 36.5567016601563
85.1 70.9825439453125
86.0 46.6335601806641
89.0 305.727355957031
89.1 301.793029785156
89.9 15.8999395370483
90.0 119.744445800781
90.1 405.590972900391
91.0 9547.6279296875
92.0 353.147979736328
92.0 1135.44995117188
93.0 2733.63598632813
93.9 115.417190551758
94.0 1758.45495605469
95.0 476.850402832031
95.1 675.158264160156
96.1 6865.8525390625
97.0 620.416442871094
97.1 418.536285400391
97.9 121.385635375977
98.1 180.589965820313
98.9 16.4179515838623
100.0 17.9774169921875
101.0 21.4295463562012
102.0 278.002105712891
102.0 107.305404663086
103.0 3212.732421875
104.0 4922.5087890625
105.0 11884.6298828125
106.0 2237.1611328125
107.0 284.78076171875
107.8 17.7907676696777
108.0 105.591941833496
108.2 13.4802646636963
108.9 69.9843292236328
109.0 30.0022888183594
109.2 12.8022489547729
109.9 9.11188316345215
110.0 29.7069721221924
110.9 16.7274646759033
111.1 41.8425788879395
112.0 8.66244220733643
112.8 8.81313991546631
114.8 17.9185009002686
114.9 157.602035522461
115.0 469.279144287109
115.9 58.0624237060547
116.0 308.342590332031
117.0 2370.9775390625
118.0 5152.05859375
119.0 1023.54119873047
119.1 463.594177246094
119.9 8.49360179901123
120.0 635.349731445313
120.9 31.9571208953857
121.0 29.3922367095947
122.0 8.34292125701904
127.0 31.2413139343262
127.1 25.2615509033203
127.9 44.5294876098633
128.0 276.152770996094
128.3 9.8451566696167
129.0 159.3369140625
129.1 151.467498779297
130.0 5391.60888671875
131.0 3434.54345703125
131.9 79.3535614013672
132.1 7406.90234375
133.1 1203.56323242188
134.0 131.902633666992
134.1 476.004302978516
134.9 39.5243225097656
135.1 37.9381484985352
136.9 56.2193298339844
137.9 12.8693027496338
138.0 41.2251510620117
138.9 46.8320541381836
139.0 523.835266113281
139.9 32.0778579711914
140.0 26.9965572357178
141.0 68.4361114501953
141.9 14.0615262985229
142.8 14.1103210449219
143.0 197.175003051758
143.1 89.2149047851563
143.8 12.588041305542
144.0 1082.60852050781
145.0 497.324737548828
145.1 377.873504638672
146.1 34294.71875
147.1 4069.8974609375
148.0 230.360015869141
148.1 331.068572998047
149.0 146.409286499023
149.1 121.140510559082
149.2 26.3968353271484
149.9 33.9756278991699
150.1 259.733642578125
150.9 25.1781578063965
151.0 24.3632068634033
151.8 7.69648838043213
152.0 19.8829498291016
153.1 8.84149551391602
153.9 7.98223543167114
154.9 30.1297836303711
155.0 48.8158645629883
155.1 12.5047225952148
155.9 62.7347221374512
156.1 156.548141479492
156.9 49.685733795166
157.1 163.097045898438
158.1 2959.66088867188
159.0 1096.37194824219
160.0 23.1861457824707
160.1 1410.90197753906
161.0 244.938507080078
161.2 9.78339385986328
165.0 24.3613548278809
165.1 11.9411888122559
167.0 30.8876113891602
168.0 10.7244596481323
168.9 9.10437202453613
169.8 9.65030193328857
170.0 45.3858871459961
171.0 50.1035385131836
172.0 311.445892333984
172.9 60.3285484313965
173.1 199.394439697266
173.3 8.02709484100342
174.0 19.5871734619141
174.1 33.511360168457
178.1 7.39727020263672
182.1 20.0421886444092
184.0 153.839004516602
184.1 311.411163330078
185.0 296.961578369141
185.1 79.1872482299805
186.0 323.081817626953
186.1 1002.36041259766
187.1 1455.27099609375
188.0 23.3824844360352
188.1 2185.98901367188
189.1 21264.466796875
190.1 2971.91674804688
190.9 7.01477146148682
191.0 231.298645019531
194.1 10.275071144104
198.9 17.3847503662109
200.1 28.7924003601074
201.0 47.9547843933105
201.1 8.91718864440918
202.1 7091.38232421875
203.0 338.168609619141
203.1 704.544128417969
204.1 104.209014892578
206.9 22.8229827880859
207.9 7.79732084274292
210.9 68.7830505371094
211.1 13.1383152008057
213.0 9.01167869567871
215.0 166.611434936523
216.0 345.139282226563
216.1 142.531646728516
216.9 27.7124767303467
217.1 69.8910598754883
218.7 17.8878955841064
218.8 2.04581832885742
229.0 30.8582954406738
232.9 99.1846771240234
236.9 89.7852783203125
243.1 43.313304901123
243.2 18.0023860931396
244.1 230.654937744141
245.2 56809.17578125
246.2 9773.9169921875
247.0 73.840202331543
247.2 837.381042480469
248.0 25.410135269165
248.2 10.2985773086548
251.1 10.2557144165039
274.7 10.1095247268677
279.1 121.784523010254
279.3 17.0823764801025
280.1 8.50443744659424
288.9 6.64405679702759
292.6 10.2873258590698
292.8 10.8313121795654
292.9 3.01059794425964
334.0 15.0173768997192
334.2 60.5568084716797
334.3 19.3167629241943
335.1 10.1227216720581
