#"+EI Scan (rt: 1.877-1.923 min, 9 scans) MIX1-2.D  Subtract "
#Point,X(Thompsons),Y(Counts)
41.0 1509.07824707031
42.0 5910.55810546875
43.0 3550.27880859375
44.0 349.840698242188
44.9 71.1035003662109
50.0 1583.86157226563
51.0 3370.83935546875
52.0 894.905822753906
53.0 1131.75744628906
54.0 723.495361328125
55.0 1299.55847167969
56.0 23916.09765625
57.1 4209.396484375
58.1 233921.609375
59.1 8818.611328125
60.0 97.9418411254883
60.9 47.5689086914063
62.0 603.879455566406
63.0 2401.89770507813
64.0 808.210693359375
65.0 1626.97802734375
65.9 199.098815917969
66.1 51.5140342712402
67.0 21.9828395843506
71.0 36.3982086181641
72.9 124.377166748047
73.1 17.7881240844727
74.0 621.863098144531
75.0 751.09423828125
76.0 1162.79357910156
77.0 9029.361328125
78.0 2536.4833984375
79.0 6057.0517578125
80.1 247.472869873047
80.2 210.254440307617
85.1 17.9146671295166
86.1 95.8291473388672
86.2 18.4633655548096
87.0 197.889694213867
87.8 68.1804351806641
88.0 19.3365001678467
89.0 3674.66064453125
90.0 2662.29052734375
91.0 2786.16088867188
92.0 286.002777099609
96.0 17.7549743652344
97.9 17.0001487731934
101.0 129.895034790039
102.0 1065.74560546875
103.0 5141.7705078125
104.0 1692.4521484375
105.0 4521.35595703125
106.0 666.486083984375
115.0 933.629211425781
116.0 323.085754394531
116.9 62.3064231872559
117.0 621.344482421875
118.0 342.653503417969
119.0 1203.80700683594
120.0 88.7405700683594
127.0 126.673309326172
128.0 306.639068603516
129.0 189.256484985352
129.9 126.96053314209
130.0 167.540298461914
131.0 508.884704589844
132.0 544.447937011719
133.0 5960.06494140625
134.0 806.56396484375
135.0 43.391357421875
143.0 74.2234954833984
144.0 303.867309570313
145.0 107.793785095215
146.0 156.645309448242
146.0 332.713958740234
147.0 714.256469726563
148.1 1168.15954589844
158.1 128.252990722656
160.0 742.927734375
161.0 382.003784179688
162.1 257.099029541016
173.0 53.2520599365234
174.0 118.726196289063
175.0 192.457046508789
176.1 435.228393554688
177.0 37.3432464599609
188.0 19.9032421112061
189.1 17.6295146942139
190.0 17.5281295776367
190.1 38.4277191162109
191.0 135.501281738281
191.1 20.4159297943115
207.0 2.69549560546875
