#"+EI Scan (rt: 3.981-4.028 min, 9 scans) MIX2-8.D  Subtract "
#Point,X(Thompsons),Y(Counts)
41.0 789.140747070313
42.0 3815.5068359375
43.0 1079.77416992188
44.0 1186.13916015625
45.0 156.367004394531
45.1 17.2699508666992
46.0 213.180480957031
50.0 210.40608215332
51.0 481.201385498047
52.0 46.1148910522461
53.0 563.71435546875
54.0 180.033477783203
55.0 1487.92138671875
56.0 2752.63012695313
57.0 854.283203125
58.0 6649.990234375
59.0 218.44758605957
59.1 28.8490943908691
60.9 57.7137031555176
62.0 693.400634765625
63.0 2297.3447265625
64.0 317.368103027344
65.0 3281.05517578125
66.0 263.801544189453
67.0 72.9599456787109
68.0 388.156677246094
69.0 152.071105957031
70.0 1764.07763671875
71.1 5497.08544921875
72.1 1919.52990722656
72.9 40.8707733154297
73.0 85.2281188964844
73.9 100.832565307617
74.9 23.0297775268555
75.0 40.9442291259766
76.0 92.5971298217773
77.0 471.045227050781
78.0 151.110168457031
79.0 284.219879150391
80.9 38.3059616088867
82.0 234.375274658203
83.0 130.288681030273
83.1 32.6388244628906
84.0 1466.89892578125
85.0 292.944793701172
86.0 135.572769165039
86.1 18.5155868530273
88.9 150.830718994141
89.9 59.8880462646484
91.0 1292.61193847656
92.0 226.268463134766
95.8 16.8037796020508
96.0 57.241096496582
98.1 804.600769042969
99.1 405.060272216797
100.1 90981.015625
101.1 6365.541015625
102.1 191.796081542969
102.2 87.2895736694336
102.9 39.4465026855469
103.0 88.8567733764648
104.0 127.802398681641
105.0 267.987213134766
115.0 119.051338195801
117.0 66.9316558837891
117.9 47.3355178833008
119.0 435.391265869141
119.9 254.665954589844
120.0 63.2574882507324
121.0 2959.04150390625
121.9 36.2854690551758
122.0 335.059051513672
130.8 17.8427276611328
130.9 92.4757461547852
131.9 76.7438354492188
132.1 16.6740493774414
133.0 134.197021484375
134.0 17.1053237915039
135.0 977.388427734375
136.0 19.8891830444336
145.0 62.8644256591797
145.9 81.1164627075195
147.0 421.641143798828
147.9 107.19149017334
148.1 52.1189727783203
149.0 3969.27954101563
150.0 418.886260986328
159.9 18.2561836242676
161.9 36.5401420593262
164.0 249.580322265625
175.0 181.100463867188
176.0 71.5422668457031
176.1 20.0363063812256
177.0 174.678924560547
178.0 484.141387939453
187.9 17.6317386627197
188.1 41.9053192138672
189.9 38.2618446350098
190.0 44.0066375732422
190.9 21.1441345214844
204.0 237.986709594727
206.0 297.219024658203
207.0 68.0280151367188
