#"+EI Scan (rt: 3.427-3.474 min, 9 scans) MIX3-4.D  Subtract "
#Point,X(Thompsons),Y(Counts)
41.0 6249.90625
42.0 4938.7841796875
43.0 1217.28295898438
44.1 91620.4921875
45.0 2455.58251953125
50.0 398.641479492188
51.0 684.490539550781
52.0 143.871276855469
53.0 845.857666015625
54.0 177.088989257813
55.0 1348.04553222656
56.0 1028.22692871094
57.1 9551.4404296875
58.0 1494.36193847656
59.0 17.2047557830811
60.9 187.119842529297
62.0 1285.26806640625
63.0 4474.5751953125
64.0 705.794982910156
65.0 6575.5078125
66.0 503.37548828125
67.0 121.722061157227
68.0 260.087524414063
69.0 237.216552734375
70.0 1027.70190429688
71.0 108.042182922363
72.0 53.3656463623047
73.9 55.5260467529297
74.0 183.651794433594
74.9 48.6710357666016
75.0 49.8762168884277
76.0 145.295959472656
77.0 456.30322265625
77.9 77.3086090087891
79.0 313.454315185547
81.0 38.369945526123
82.0 104.347198486328
83.0 18.2854595184326
84.1 3491.4599609375
85.0 729.227172851563
86.0 49.2573699951172
89.0 249.034851074219
90.0 132.309692382813
91.0 3362.376953125
92.0 547.890441894531
93.0 323.202972412109
93.0 139.696044921875
95.0 155.159759521484
95.9 42.5247459411621
96.1 17.8332901000977
98.1 380.837921142578
99.1 270.854095458984
100.1 55115.171875
101.1 3991.87719726563
102.0 157.435333251953
103.0 108.301536560059
104.0 20.6352996826172
105.0 127.997764587402
115.0 17.2468433380127
117.0 185.148620605469
117.0 230.4296875
118.0 294.770843505859
119.0 1299.96313476563
120.0 674.709350585938
121.0 5798.5400390625
122.0 791.295166015625
122.8 17.7096405029297
122.9 178.908874511719
132.9 80.056396484375
133.0 18.6287040710449
134.0 92.2967834472656
135.0 340.30517578125
144.9 92.8088455200195
146.0 1642.64086914063
147.0 968.032043457031
148.0 647.845947265625
149.0 11122.55859375
150.0 2944.36083984375
151.0 311.989624023438
160.9 18.6867084503174
161.9 114.829010009766
163.0 739.329406738281
164.0 93.1960067749023
174.0 188.252258300781
175.0 101.510673522949
176.0 217.087875366211
177.0 388.397735595703
178.0 356.372131347656
192.0 19.9907894134521
206.1 499.330291748047
207.0 28.6128540039063
207.8 17.3933296203613
216.0 43.2489891052246
216.0 54.3881187438965
234.1 1565.31188964844
235.0 194.034744262695
