#"+EI Scan (rt: 4.127-4.173 min, 9 scans) MIX3-4.D  Subtract "
#Point,X(Thompsons),Y(Counts)
41.0 234.486541748047
42.0 239.735977172852
43.0 359.257781982422
44.0 299.533264160156
51.0 113.559242248535
53.0 106.614624023438
55.0 485.751708984375
56.0 868.927612304688
57.0 167.256378173828
58.0 1450.58056640625
62.0 109.651000976563
63.0 550.850830078125
63.9 42.9593658447266
65.0 829.355773925781
70.0 400.2138671875
70.9 21.3164405822754
71.0 207.09553527832
72.0 134.462753295898
76.9 71.2849655151367
79.0 16.8417625427246
84.0 106.110534667969
91.0 380.175567626953
91.9 18.0263404846191
95.9 9.20539855957031
98.0 696.060974121094
99.1 66.6152038574219
100.1 15805.37109375
101.1 1159.06677246094
102.9 17.1911106109619
119.0 83.9221496582031
121.0 822.571105957031
121.9 61.2029228210449
134.9 30.6342239379883
135.0 150.878570556641
146.9 18.544584274292
147.9 40.1739044189453
149.0 1354.27209472656
149.9 131.066558837891
175.9 21.6693172454834
178.0 184.474090576172
206.0 85.4955139160156
207.0 46.514404296875
208.0 12.9981422424316
