#"+EI Scan (rt: 2.115-2.180 min, 12 scans) MIX4-8.D  Subtract "
#Point,X(Thompsons),Y(Counts)
41.0 500.445556640625
42.0 547.966918945313
43.0 393.729248046875
44.9 41.7950706481934
47.0 83.46142578125
50.0 212.215835571289
51.0 510.998321533203
52.0 106.135986328125
53.0 183.253967285156
54.0 14.1558275222778
55.0 332.937774658203
56.0 2430.07666015625
57.0 606.4150390625
58.0 15462.486328125
59.0 614.760131835938
61.9 13.3907060623169
63.0 305.389129638672
64.0 32.1338729858398
64.9 17.1440830230713
65.0 710.854736328125
69.0 14.1523675918579
70.0 4.58797645568848
71.0 283.642425537109
73.0 13.0822057723999
73.9 26.8798446655273
75.0 1139.51904296875
76.0 94.7063293457031
77.0 1217.86877441406
78.0 366.320831298828
79.0 597.932678222656
85.0 292.077301025391
86.0 206.487030029297
86.9 13.0542364120483
89.0 656.939758300781
90.0 120.25562286377
91.0 2011.60717773438
91.9 112.904754638672
92.0 48.1591911315918
95.9 25.390625
102.0 62.9910163879395
103.0 549.943969726563
103.9 12.6525840759277
104.0 133.981552124023
105.0 1390.18200683594
106.0 173.504776000977
115.0 184.157485961914
117.0 48.9340934753418
118.1 13.8089609146118
119.0 6324.57373046875
120.0 620.147888183594
121.0 26.5868225097656
127.9 13.611743927002
129.0 71.8933639526367
130.9 90.41162109375
131.0 143.68049621582
133.0 878.329833984375
133.9 89.3255233764648
134.0 93.2412490844727
147.0 41.2122344970703
148.0 66.8501281738281
159.0 14.4030847549438
174.0 13.1934041976929
191.0 194.524154663086
207.0 8.696044921875
208.0 24.3887786865234
