#"+EI Scan (rt: 3.421-3.468 min, 9 scans) MIX4-2.D  Subtract "
#Point,X(Thompsons),Y(Counts)
41.0 3681.19799804688
42.0 14962.759765625
43.0 3275.27807617188
44.0 3908.36206054688
45.0 93.7821807861328
50.0 847.224182128906
51.0 1468.412109375
52.0 441.601440429688
53.0 1865.33312988281
54.0 850.001220703125
55.0 21690.77734375
56.0 4516.3134765625
57.0 882.457885742188
58.0 815.95703125
60.0 19.2921924591064
61.0 440.791900634766
62.0 2504.28149414063
63.0 8329.08203125
64.0 1411.25842285156
65.0 11280.6513671875
66.0 965.691711425781
66.9 69.6024017333984
67.0 260.825225830078
68.0 693.796081542969
69.0 640.274658203125
70.1 8500.30078125
71.1 14139.8193359375
72.0 835.436584472656
73.0 80.7546539306641
73.1 16.9511890411377
74.0 498.0556640625
74.9 64.002815246582
75.0 243.863876342773
75.9 101.13516998291
76.0 302.065582275391
77.0 1295.98291015625
78.0 392.955780029297
79.0 686.613464355469
79.9 20.8598327636719
80.0 130.085189819336
81.1 28.8836460113525
81.2 53.9868316650391
81.4 29.4212512969971
81.8 65.3815765380859
82.0 198.323165893555
82.9 18.6035766601563
83.0 180.658020019531
84.1 2856.32348632813
85.0 29.5155258178711
85.1 1225.09155273438
86.1 219862.171875
87.1 13180.0625
88.1 469.496215820313
88.9 28.8932399749756
89.0 327.410217285156
90.0 253.143280029297
91.0 4148.14599609375
92.0 864.11669921875
93.0 620.350341796875
94.0 109.672500610352
94.3 35.8576736450195
95.3 20.6361541748047
95.5 407.247009277344
95.6 100.30101776123
95.8 28.755558013916
96.0 38.481029510498
102.0 159.424209594727
102.9 19.6891708374023
103.0 328.427215576172
104.0 287.846771240234
105.0 455.320465087891
106.0 239.284881591797
107.0 107.813514709473
114.9 361.427062988281
115.9 130.965255737305
116.0 97.6637878417969
117.0 271.562622070313
118.0 180.750671386719
119.0 1207.68310546875
120.0 903.489929199219
121.0 11170.21484375
122.0 1537.37109375
123.0 258.993103027344
126.9 173.503555297852
128.0 62.8420219421387
129.9 21.7074012756348
131.0 214.725341796875
132.0 160.300445556641
132.9 368.675872802734
134.0 1226.38305664063
135.0 1592.14221191406
135.9 116.676025390625
136.0 69.2793121337891
143.9 43.6746215820313
144.0 106.226943969727
145.0 283.523956298828
146.0 305.798248291016
147.0 422.836944580078
148.0 395.162445068359
149.0 15433.62890625
150.0 1684.21984863281
151.0 180.068893432617
155.0 36.8992729187012
159.0 35.1554336547852
159.9 112.82844543457
161.0 188.433776855469
162.0 4650.00537109375
163.0 644.921875
164.0 3051.46801757813
165.0 332.387329101563
172.0 172.836578369141
172.9 38.2984199523926
174.0 416.114776611328
175.0 182.358657836914
176.0 233.501815795898
177.0 181.116485595703
178.0 18.3554935455322
187.9 17.1852741241455
189.0 142.503677368164
190.0 272.221374511719
191.0 427.044189453125
192.1 5500.81689453125
193.0 737.184326171875
194.0 38.0658912658691
202.0 135.835998535156
203.0 63.3296165466309
204.0 49.1403198242188
204.0 122.889350891113
206.0 89.3720321655273
207.0 45.4376831054688
208.9 25.5310478210449
217.1 17.6028442382813
218.0 35.6464157104492
220.0 85.703857421875
