#"+EI Scan (rt: 3.422-3.468 min, 9 scans) MIX4-1.D  Subtract "
#Point,X(Thompsons),Y(Counts)
41.0 3776.74462890625
42.0 14815.06640625
43.0 3309.95825195313
44.0 3882.37573242188
45.0 140.142959594727
49.0 18.0035133361816
50.0 833.719665527344
51.0 1453.5078125
52.0 426.106628417969
53.0 1940.22094726563
54.0 859.276000976563
55.0 21496.560546875
56.0 4438.810546875
57.0 904.350891113281
58.0 819.566467285156
61.0 418.89208984375
62.0 2513.40966796875
63.0 8406.125
64.0 1406.37145996094
65.0 11182.8857421875
66.0 964.628479003906
66.9 80.7588195800781
67.0 199.282836914063
68.0 734.469665527344
69.0 646.187866210938
70.1 8174.66015625
71.1 14385.978515625
72.0 816.364501953125
73.0 76.1487731933594
74.0 511.281188964844
74.9 352.160766601563
76.0 438.892242431641
77.0 1266.1494140625
78.0 433.825378417969
79.0 700.880187988281
80.0 130.702178955078
80.1 21.487377166748
81.0 20.0703105926514
81.2 93.2178649902344
82.0 270.593627929688
83.0 163.061050415039
84.1 2793.69799804688
85.1 1155.61962890625
86.1 216872.765625
87.1 13145.57421875
88.1 460.163299560547
88.9 382.407348632813
90.0 257.976715087891
91.0 4147.3525390625
92.0 838.663452148438
93.0 255.87858581543
93.0 354.926452636719
94.0 50.1516532897949
94.2 80.6918869018555
95.5 180.735275268555
95.6 321.082366943359
95.7 56.4538307189941
98.0 19.1660499572754
102.0 166.940734863281
103.0 327.739318847656
104.0 308.379241943359
105.0 444.305694580078
106.0 175.710266113281
106.0 46.2118759155273
107.0 79.9569854736328
115.0 372.949340820313
116.0 242.89958190918
117.0 281.901397705078
118.0 209.283325195313
119.0 1288.80810546875
120.0 893.237854003906
121.0 11138.6962890625
122.0 1511.52270507813
123.0 261.647613525391
126.9 136.075561523438
127.0 37.398681640625
128.0 57.2450103759766
130.9 224.003967285156
132.0 168.553558349609
132.9 364.138519287109
134.0 1141.76086425781
135.0 1490.16528320313
136.0 156.877014160156
143.9 32.5613059997559
144.0 115.928115844727
145.0 298.852813720703
145.9 26.8374938964844
146.0 301.682098388672
147.0 445.703765869141
148.0 358.590301513672
149.0 15504.03125
150.0 1719.31921386719
151.0 186.29768371582
155.0 79.0675811767578
159.0 16.7707405090332
159.9 91.5978088378906
161.0 186.758117675781
162.0 4627.8916015625
163.0 615.42724609375
164.0 3085.51953125
164.9 19.9391670227051
165.0 307.102966308594
172.0 190.135726928711
172.9 17.1796283721924
174.0 389.522094726563
175.0 156.887313842773
176.0 223.452667236328
177.0 219.329940795898
178.0 42.0879440307617
189.0 140.054946899414
190.0 222.616271972656
190.9 96.7946166992188
191.0 320.802093505859
192.0 5480.9345703125
193.0 763.140380859375
194.0 40.8058891296387
202.0 113.192756652832
203.0 34.9366264343262
204.0 151.821914672852
204.1 20.6908264160156
206.0 80.8492813110352
207.0 45.429931640625
209.0 28.5950603485107
218.0 19.2569179534912
220.0 82.7236785888672
