#"+EI Scan (rt: 3.421-3.468 min, 9 scans) MIX4-10.D  Subtract "
#Point,X(Thompsons),Y(Counts)
41.0 3921.07739257813
42.0 14783.900390625
43.0 3288.11474609375
44.0 3831.2724609375
45.0 120.334159851074
50.0 827.890380859375
51.0 1518.65222167969
51.9 284.799438476563
52.0 168.049102783203
53.0 1902.87048339844
54.0 874.310974121094
55.0 21611.107421875
56.0 4565.3740234375
57.0 863.357788085938
58.0 851.90869140625
60.0 18.6011123657227
61.0 400.960571289063
62.0 2494.58374023438
63.0 8370.37890625
64.0 1426.14892578125
65.0 11307.1728515625
65.9 23.321907043457
66.0 903.027587890625
67.0 309.470581054688
68.0 724.515441894531
69.0 652.876403808594
70.0 8393.6875
71.1 14308.970703125
72.0 864.223327636719
73.0 79.8992385864258
74.0 463.439331054688
74.9 346.493774414063
76.0 434.2705078125
77.0 1305.70861816406
78.0 408.709381103516
79.0 668.356323242188
80.0 160.301391601563
81.0 76.254280090332
81.2 35.9644317626953
81.9 307.971801757813
82.9 79.7069396972656
83.0 137.236755371094
84.1 2831.66552734375
85.1 1217.33984375
86.1 219536.171875
87.1 13299.8603515625
88.0 258.111938476563
88.2 190.369171142578
88.9 217.206405639648
89.0 180.669982910156
90.0 285.5478515625
91.0 4137.95166015625
92.0 853.769226074219
93.0 623.893371582031
93.9 18.4415626525879
94.1 65.1402282714844
94.2 31.8437767028809
94.7 19.9543571472168
95.5 362.526489257813
95.6 140.37907409668
95.9 2.22768020629883
98.0 37.4964294433594
102.0 149.733856201172
103.0 320.987457275391
104.0 300.317291259766
105.0 475.240203857422
106.0 194.281433105469
107.0 94.0348739624023
115.0 366.133911132813
116.0 239.259841918945
116.9 27.2835369110107
117.0 285.57666015625
118.0 161.890441894531
118.1 22.0180130004883
119.0 1277.6689453125
120.0 884.838134765625
121.0 11233.32421875
122.0 1563.9599609375
123.0 259.662841796875
127.0 20.2767963409424
128.0 19.3712329864502
130.0 35.7818183898926
131.0 97.4882659912109
131.0 125.35994720459
132.0 171.095367431641
133.0 308.247131347656
134.0 1143.93591308594
135.0 1506.42639160156
136.0 158.114654541016
144.0 121.306045532227
145.0 332.697387695313
146.0 321.359222412109
146.9 417.440155029297
147.9 74.8621139526367
148.0 288.249694824219
149.0 15669.74609375
150.0 1708.72900390625
151.0 217.51237487793
159.0 23.7538890838623
160.0 117.979858398438
161.0 201.420211791992
162.0 4714.95166015625
163.0 606.80615234375
164.0 3198.16748046875
164.9 142.375350952148
165.0 207.628936767578
174.0 415.701446533203
175.0 183.390533447266
175.8 16.9910888671875
176.0 219.53044128418
177.0 250.032363891602
178.0 20.4069290161133
189.0 101.354721069336
190.0 276.323852539063
191.0 427.034454345703
192.0 5491.07275390625
193.0 771.041198730469
194.0 22.5522766113281
202.0 136.695709228516
203.0 58.7678756713867
204.0 148.409286499023
206.0 107.395195007324
207.0 38.8615112304688
208.9 8.78026008605957
217.1 17.8884601593018
217.9 18.1043891906738
220.1 76.7924118041992
