#"+EI Scan (rt: 1.510-1.556 min, 9 scans) MIX6-6.D  Subtract "
#Point,X(Thompsons),Y(Counts)
40.0 110.67504119873
41.0 2671.36962890625
42.0 8106.990234375
43.0 3444.70825195313
44.1 287729.375
45.1 8069.10498046875
46.1 18.645378112793
46.3 20.2958393096924
46.5 103.788497924805
49.0 71.7300186157227
50.0 2947.40673828125
51.0 7616.748046875
52.0 6390.25634765625
53.0 3142.03466796875
54.0 785.389831542969
55.0 1134.85363769531
56.0 1607.0771484375
57.0 728.027893066406
58.3 45.1827774047852
58.5 701.641296386719
59.4 271.272857666016
59.6 309.340209960938
59.7 17.3046169281006
61.0 236.964324951172
62.0 1317.97680664063
63.0 4477.23828125
64.0 1892.94226074219
65.0 5509.94140625
66.0 777.825927734375
67.1 371.396392822266
67.2 303.708587646484
67.6 55.2949752807617
69.0 68.9793090820313
69.9 19.4165706634521
70.0 20.9960041046143
73.0 125.899848937988
73.2 20.3960952758789
73.9 47.2922554016113
74.1 171.027236938477
74.3 216.250061035156
74.9 60.2045745849609
75.0 2627.5322265625
76.0 1107.806640625
77.0 15951.3994140625
78.0 18676.34765625
79.0 5555.1416015625
80.0 1639.35302734375
80.9 24.5142707824707
81.0 379.394958496094
81.8 68.2840728759766
81.9 30.350227355957
82.0 35.1518707275391
85.0 18.7187728881836
85.9 185.560165405273
86.1 20.5654754638672
86.9 253.70556640625
88.0 59.4188575744629
89.0 4755.99755859375
90.0 2227.01782226563
91.0 11847.8701171875
92.0 2859.04760742188
92.9 31.5147800445557
93.0 976.824768066406
94.0 557.232971191406
95.0 121.68546295166
96.0 110.493873596191
101.0 47.265266418457
101.9 22.1217060089111
102.0 469.004333496094
103.0 1446.02587890625
104.0 1210.0341796875
105.0 1301.42736816406
106.0 4046.06982421875
107.0 8104.4052734375
108.0 1694.71728515625
109.0 255.716766357422
115.0 1421.85754394531
116.0 594.102844238281
117.0 1493.15466308594
118.0 2374.23852539063
119.0 2427.43017578125
120.0 873.913269042969
121.0 38489.1875
122.0 85322.453125
123.0 7677.13037109375
124.0 469.604827880859
128.0 19.8543434143066
130.0 232.924209594727
131.0 578.084228515625
132.0 829.605773925781
133.0 886.844177246094
134.0 3561.529296875
135.0 1542.15380859375
135.9 39.9947700500488
136.0 210.926422119141
145.0 23.2402610778809
146.0 188.550476074219
147.0 867.347351074219
148.0 1491.44641113281
149.0 1001.3779296875
150.1 2284.7646484375
151.0 244.607635498047
162.0 241.08464050293
163.0 588.878173828125
164.0 177.448440551758
164.1 606.288391113281
165.1 1515.61572265625
166.1 166.808898925781
177.0 38.3446044921875
190.9 22.9676170349121
207.9 25.7307415008545
209.0 0.978958129882813
