#"+EI Scan (rt: 1.935-1.976 min, 8 scans) MIX6-4.D  Subtract "
#Point,X(Thompsons),Y(Counts)
40.0 33.7052459716797
41.0 826.642639160156
42.0 2715.38720703125
43.0 1415.08129882813
44.0 388.581970214844
50.0 1104.92724609375
51.0 4500.00732421875
52.0 805.036376953125
53.0 708.7919921875
54.0 249.25617980957
55.0 434.761169433594
56.0 5033.0576171875
57.0 1479.86828613281
58.1 105551.46875
59.1 4007.46020507813
59.9 31.1567153930664
60.1 41.4066696166992
60.9 45.246150970459
62.0 435.855377197266
63.0 1134.43774414063
64.0 291.214324951172
65.0 882.181518554688
66.0 199.17333984375
67.0 284.571746826172
68.0 82.1408386230469
70.0 283.162628173828
71.0 58.3008270263672
72.0 305.749267578125
72.9 69.2690811157227
74.0 298.844696044922
75.0 355.845153808594
76.0 610.709228515625
77.0 5623.8564453125
78.0 1575.29907226563
79.0 1132.5283203125
80.1 202.659820556641
80.8 102.744735717773
81.0 62.4037666320801
87.1 21.8422260284424
87.6 26.1302337646484
88.5 1227.70190429688
88.6 360.058807373047
88.8 37.9520797729492
89.9 173.762847900391
91.0 744.132446289063
92.0 183.800964355469
93.0 128.797393798828
94.0 87.7164154052734
95.4 86.7795257568359
95.5 95.5495071411133
95.7 54.7198257446289
95.8 61.9242630004883
102.0 227.735229492188
103.0 856.618408203125
103.9 26.705961227417
104.0 531.453979492188
105.0 1773.72192382813
106.0 542.9921875
107.0 267.075744628906
114.9 67.612678527832
117.0 123.057235717773
117.1 26.7996826171875
118.0 320.408477783203
118.9 167.471130371094
119.0 125.505661010742
120.0 385.322814941406
121.0 609.019409179688
122.0 195.031646728516
130.0 22.1212768554688
131.0 395.198944091797
132.0 206.944030761719
133.0 387.762329101563
134.0 391.387664794922
135.0 6778.73779296875
136.0 3669.92309570313
137.0 366.508087158203
146.0 43.6450119018555
147.0 426.143646240234
147.9 23.7969665527344
148.0 390.148590087891
149.0 683.512145996094
149.9 20.0725955963135
159.9 19.1236152648926
160.0 25.7981929779053
161.0 183.685180664063
162.0 320.916412353516
162.9 170.491409301758
163.0 156.397476196289
176.0 197.952239990234
177.0 240.29948425293
178.0 493.404815673828
191.0 341.638977050781
192.0 272.361755371094
192.9 20.8767471313477
193.0 189.7705078125
207.0 20.15380859375
207.9 126.052062988281
209.0 44.2748184204102
