#"+EI Scan (rt: 3.060-3.107 min, 9 scans) MIX6-6.D  Subtract "
#Point,X(Thompsons),Y(Counts)
41.0 1346.88391113281
42.0 14408.138671875
43.0 1932.82922363281
44.1 44258.12890625
45.0 1252.19226074219
50.0 888.771423339844
51.0 1500.55114746094
52.0 391.021179199219
53.0 1683.45556640625
54.0 485.099060058594
55.0 1184.24780273438
56.0 5054.36767578125
57.0 860.613464355469
58.0 163.830505371094
59.9 54.8935012817383
60.0 18.8178558349609
61.0 655.2626953125
62.0 3343.90185546875
63.0 9936.5009765625
64.0 1506.92529296875
65.0 11648.8017578125
66.0 950.283935546875
67.0 127.383598327637
68.0 420.011505126953
69.0 294.643890380859
70.1 12450.1123046875
71.1 1611.38208007813
72.1 179790.703125
73.1 8887.876953125
74.0 764.819702148438
74.1 53.0817260742188
75.0 320.711273193359
76.0 313.249237060547
77.0 924.058471679688
78.0 269.70166015625
79.0 585.575317382813
80.0 27.792423248291
88.0 18.6306476593018
89.0 532.94580078125
90.0 316.110870361328
91.0 5443.18701171875
91.9 84.8568496704102
92.0 870.443725585938
93.0 503.47412109375
94.0 41.6921539306641
94.2 22.9957103729248
94.3 42.5639495849609
94.5 19.2560424804688
94.8 47.1361465454102
94.9 20.5065803527832
95.0 24.0026092529297
96.0 11.9651765823364
101.8 36.5045852661133
101.9 110.903648376465
103.0 332.385192871094
104.0 169.110092163086
105.0 242.302871704102
105.9 22.6718368530273
117.0 123.307777404785
118.0 258.642456054688
119.0 1629.88781738281
120.0 1052.32958984375
121.0 9978.783203125
122.0 1493.14697265625
123.0 172.914093017578
129.9 35.2661018371582
131.0 104.184600830078
131.9 61.2284545898438
132.8 38.2721557617188
133.0 128.301620483398
133.9 133.389755249023
135.0 2236.98681640625
135.9 171.493911743164
136.0 74.9735412597656
145.0 39.1989402770996
146.0 369.060913085938
147.0 573.223815917969
148.0 715.778137207031
149.0 13188.287109375
150.0 1548.27526855469
151.0 197.694488525391
159.0 17.2158584594727
160.0 81.5401763916016
161.0 103.794609069824
162.0 167.41731262207
163.0 107.193824768066
174.0 40.4388236999512
174.9 38.6319236755371
176.0 665.431213378906
177.0 445.961822509766
178.0 1472.41955566406
179.0 130.143295288086
188.0 93.7133102416992
190.0 296.915405273438
190.9 79.7335815429688
192.0 72.9988555908203
202.0 17.3634567260742
203.0 144.776382446289
204.0 55.072826385498
205.0 60.7637748718262
206.0 108.649612426758
207.0 38.4733276367188
207.9 12.7571716308594
217.1 18.374059677124
219.0 19.2628231048584
219.1 246.25114440918
220.0 42.3035430908203
