#"+EI Scan (rt: 1.958-2.017 min, 11 scans) MIX7-1.D  Subtract "
#Point,X(Thompsons),Y(Counts)
41.0 919.097839355469
42.0 7673.478515625
43.0 918.231689453125
44.0 6683.8115234375
45.0 407.849884033203
48.9 78.1602172851563
50.0 2376.81079101563
51.0 1507.94384765625
52.0 248.276504516602
53.0 258.039794921875
54.0 738.516845703125
55.0 1669.87780761719
56.0 8424.23046875
57.0 3016.81884765625
58.0 503.275451660156
59.0 15.3011178970337
60.9 193.591262817383
62.0 189.730941772461
63.0 474.537994384766
64.0 29.6406021118164
65.0 133.498962402344
68.0 52.280574798584
68.1 15.3204507827759
69.2 14.5289525985718
70.1 5043.98828125
71.1 1761.95593261719
72.1 123394.109375
73.1 6286.31005859375
74.0 1482.13684082031
75.0 5941.53125
76.0 1406.79870605469
77.0 1274.2568359375
78.0 304.612609863281
79.0 207.170471191406
83.9 72.902458190918
84.0 81.3449630737305
85.0 708.738952636719
86.0 146.26496887207
86.1 18.2858791351318
86.9 318.975067138672
89.0 367.806091308594
89.9 38.4614601135254
91.0 253.964813232422
95.9 35.7346153259277
96.0 45.3005523681641
98.9 69.6022796630859
101.0 187.420455932617
102.0 256.544830322266
103.0 814.274475097656
103.9 19.1560516357422
104.0 256.517608642578
105.0 529.053527832031
106.0 31.2991943359375
106.1 20.1311473846436
109.9 63.7337532043457
110.0 77.0466384887695
111.0 7276.56591796875
112.0 761.420104980469
113.0 2430.94702148438
113.9 46.3910255432129
113.9 236.642135620117
115.0 400.639770507813
115.9 89.2414703369141
117.0 123.385406494141
119.0 142.625335693359
120.0 53.2545204162598
125.0 666.121337890625
125.9 50.4515419006348
126.9 220.541076660156
127.9 56.297119140625
130.0 57.4658546447754
131.0 240.97265625
131.9 57.4140243530273
132.0 82.6114044189453
133.0 592.316162109375
134.0 19.1955261230469
135.9 13.8131628036499
136.9 51.2325096130371
137.0 16.1459178924561
138.0 33.3525619506836
139.0 3744.4072265625
139.9 313.42333984375
141.0 1252.02465820313
141.0 27.8381118774414
141.9 93.4705276489258
144.0 60.8164825439453
145.0 319.829803466797
146.0 182.952011108398
146.1 37.474739074707
147.0 15.5020666122437
148.8 15.9159240722656
149.0 14.2250757217407
150.0 13.7534017562866
152.0 105.401000976563
159.0 17.0869579315186
160.0 528.963317871094
161.0 156.941497802734
164.9 14.8749513626099
166.0 163.664215087891
167.0 138.218399047852
168.0 402.331756591797
168.9 50.6233787536621
170.0 92.3563995361328
174.0 693.185485839844
175.0 143.504257202148
175.1 16.1087913513184
180.0 150.463912963867
181.9 87.3915252685547
189.0 51.2261848449707
194.0 149.594909667969
194.1 22.3408393859863
196.0 182.836730957031
207.0 26.7425537109375
207.9 39.740608215332
208.0 13.9500732421875
209.0 116.102195739746
210.0 14.5858726501465
