#"+EI Scan (rt: 2.285-2.326 min, 8 scans) MIX7-9.D  Subtract "
#Point,X(Thompsons),Y(Counts)
41.0 2115.31420898438
42.0 804.687133789063
43.0 1251.58154296875
44.0 2176.5048828125
45.0 47.562126159668
46.0 130.515151977539
50.0 474.501617431641
51.0 1686.23107910156
52.0 170.147369384766
53.0 164.780563354492
54.0 268.015167236328
55.0 589.823059082031
56.0 2653.451171875
57.0 619.912048339844
58.1 6612.40869140625
59.0 247.848693847656
63.0 46.1693878173828
65.0 144.934341430664
67.0 223.984375
68.0 164.707366943359
69.1 1159.31530761719
70.0 855.453552246094
71.0 808.181274414063
72.0 836.826110839844
73.0 62.9433631896973
73.9 70.2120971679688
75.0 113.749359130859
76.0 225.016784667969
77.0 5086.04345703125
78.0 586.061157226563
79.0 453.264617919922
82.0 80.5279769897461
82.1 21.6100559234619
84.0 1002.80517578125
85.0 163.060089111328
86.0 106.220687866211
89.0 76.9779434204102
91.0 610.060852050781
91.9 18.9074020385742
95.8 21.3816509246826
98.0 98.444206237793
103.0 204.91943359375
103.9 23.0330238342285
104.0 161.023239135742
105.0 3124.11645507813
106.0 478.293792724609
107.0 23.2848682403564
112.1 1392.40930175781
113.1 269.999938964844
114.1 53321.19140625
115.1 4604.66357421875
116.0 266.675262451172
117.0 186.615295410156
118.0 156.995895385742
120.0 85.2887496948242
128.0 40.9251403808594
131.0 44.307502746582
132.0 123.767532348633
133.0 331.434173583984
134.0 1247.28430175781
135.0 141.503936767578
144.0 22.6154193878174
146.0 133.145492553711
147.9 23.1822834014893
148.1 20.9404125213623
162.0 636.058959960938
163.0 113.565963745117
190.9 52.7389907836914
207.0 36.5889892578125
208.0 8.42057800292969
208.9 22.8525447845459
209.0 34.9887771606445
