#"+EI Scan (rt: 5.211-5.240 min, 6 scans) MIX7-3.D  Subtract "
#Point,X(Thompsons),Y(Counts)
41.0 10106.2021484375
42.0 3587.94262695313
43.0 3162.2548828125
44.0 1653.69384765625
50.0 419.004913330078
51.0 957.403869628906
52.0 275.620269775391
53.0 1328.8359375
54.0 768.605041503906
55.0 5743.82373046875
56.0 5771.17333984375
57.1 14716.48046875
58.0 928.358703613281
60.9 63.5812644958496
61.0 96.811279296875
62.0 1226.44140625
63.0 5094.12158203125
64.0 878.176574707031
65.0 9044.6533203125
66.0 713.632019042969
67.0 383.337646484375
68.0 933.368103027344
69.0 446.274261474609
70.1 4772.34423828125
71.1 499.091156005859
72.1 36806.10546875
73.0 1854.60302734375
74.0 273.561126708984
75.0 170.291885375977
76.0 258.836151123047
77.0 1150.63793945313
78.0 361.717742919922
78.9 35.8712463378906
79.0 529.245544433594
80.0 192.182998657227
81.0 256.0625
82.0 540.362243652344
83.0 329.987060546875
84.1 3193.71264648438
85.0 458.144073486328
86.0 596.100708007813
87.0 29.7631435394287
89.0 373.544403076172
90.0 182.5673828125
91.0 3150.59741210938
92.0 661.765808105469
93.0 820.760070800781
94.1 90.3648910522461
94.2 106.880615234375
95.2 60.9455871582031
95.9 1013.90264892578
96.9 31.1933498382568
98.0 466.337890625
99.1 584.308654785156
100.0 56.7107696533203
101.9 37.7615242004395
102.0 112.953758239746
103.0 304.921478271484
104.0 313.780151367188
105.0 541.90087890625
106.0 108.431976318359
107.0 43.4028015136719
109.9 28.3355865478516
112.1 1014.5810546875
113.0 120.847816467285
115.0 335.817230224609
116.0 173.222854614258
117.0 675.046447753906
118.0 217.446212768555
119.0 1058.30895996094
120.0 870.801208496094
121.0 9974.1484375
122.0 1343.24694824219
123.0 307.569885253906
124.0 162.559753417969
126.1 4275.84326171875
127.1 1128.65124511719
128.1 212890.515625
129.1 19919.09375
130.1 920.799865722656
131.0 321.86279296875
131.9 268.881500244141
133.0 316.091430664063
133.9 151.978927612305
134.1 43.6676979064941
135.0 9322.798828125
136.0 993.271484375
137.0 27.2452068328857
144.0 25.1872158050537
145.0 275.20166015625
146.0 324.385437011719
147.0 850.827575683594
148.0 1459.2470703125
149.0 17108.279296875
150.0 2800.47338867188
151.0 316.571929931641
159.0 92.1453247070313
160.0 158.548538208008
161.0 283.976043701172
162.0 454.726654052734
163.0 724.035583496094
164.0 558.165832519531
174.0 622.851928710938
175.0 435.749359130859
176.0 158.310073852539
177.0 737.349609375
178.0 488.539642333984
188.0 25.93141746521
189.0 26.1956157684326
190.0 254.864791870117
190.9 172.210464477539
191.9 142.582473754883
192.1 64.7432250976563
193.0 26.6735458374023
204.0 256.712982177734
205.0 185.539978027344
206.1 2795.6318359375
207.0 344.267211914063
208.1 42.8270874023438
230.1 31.8637676239014
232.1 27.2462463378906
234.1 876.950988769531
235.1 153.722183227539
259.0 29.2826766967773
259.2 26.1359176635742
262.1 59.2074394226074
