#"+EI Scan (rt: 1.854-1.912 min, 11 scans) MIX8-9.D  Subtract "
#Point,X(Thompsons),Y(Counts)
41.0 179.727416992188
42.0 853.677185058594
43.0 653.652893066406
44.0 18.3118286132813
50.0 628.656311035156
51.0 434.823211669922
52.0 13.8796529769897
52.9 14.5480070114136
54.0 145.367919921875
55.0 319.604431152344
56.0 4099.921875
57.0 485.97998046875
58.1 18809.091796875
59.0 784.613708496094
60.9 14.5813694000244
63.0 71.3390502929688
72.9 142.987777709961
74.0 384.681518554688
75.0 1398.05737304688
76.0 303.738159179688
77.0 200.333862304688
84.0 87.5514755249023
84.9 189.142715454102
85.9 65.0586700439453
86.0 30.7192916870117
87.0 66.2834548950195
88.9 19.2159194946289
89.0 15.7710561752319
102.9 111.787750244141
105.0 17.1083374023438
111.0 1634.70654296875
112.0 130.705383300781
112.9 583.85888671875
114.9 14.7766962051392
115.0 49.7357749938965
124.9 18.3821449279785
125.0 55.5091705322266
131.0 15.3151397705078
133.0 133.375991821289
138.9 999.6298828125
139.9 53.822078704834
140.9 302.971954345703
147.0 168.775238037109
154.0 13.8888521194458
208.0 3.783447265625
209.0 137.199813842773
