#"+EI Scan (rt: 1.987-2.046 min, 11 scans) MIX8-1.D  Subtract "
#Point,X(Thompsons),Y(Counts)
41.0 573.646728515625
42.0 1911.82275390625
43.0 1206.1005859375
44.0 144.408081054688
50.0 561.89794921875
51.0 1119.9638671875
52.0 293.448913574219
53.0 350.992126464844
54.0 222.322708129883
55.0 540.134399414063
56.0 7297.97900390625
57.0 1449.37121582031
58.1 69649.125
59.1 2676.85717773438
62.0 180.097839355469
63.0 833.732849121094
64.0 201.116409301758
65.0 636.0712890625
65.9 33.4195404052734
73.0 31.5947818756104
73.9 188.698745727539
74.9 5.31739902496338
75.0 260.367767333984
75.9 15.270791053772
76.0 277.753143310547
77.0 2822.7080078125
77.9 98.476676940918
78.0 700.125183105469
79.0 2035.43005371094
80.0 118.256767272949
84.0 49.0521965026855
86.0 48.3927764892578
86.9 31.6698169708252
89.0 1268.95593261719
90.0 1025.76953125
91.0 956.856811523438
92.0 29.7719497680664
96.0 59.8057708740234
101.0 14.2764158248901
102.0 309.908477783203
103.0 1704.97216796875
104.0 509.740631103516
105.0 1364.93664550781
106.0 160.001953125
115.0 345.128875732422
115.9 70.3852233886719
117.0 253.346939086914
118.0 128.089660644531
118.9 66.4003601074219
119.0 366.868743896484
121.0 197.236053466797
128.0 92.864875793457
129.0 29.8594036102295
130.0 49.8526496887207
130.0 15.7391204833984
131.0 145.009826660156
132.0 114.129051208496
133.0 2785.271484375
134.0 363.987854003906
138.9 15.6411800384521
144.0 42.9996376037598
146.0 58.7957916259766
147.0 201.852478027344
148.0 386.615753173828
149.0 748.937194824219
149.9 49.7075462341309
160.0 271.558502197266
160.9 59.7240982055664
161.0 16.7350540161133
162.0 47.9772605895996
172.0 27.9014282226563
174.0 14.4758567810059
175.0 18.6215133666992
176.0 117.227165222168
190.9 113.99552154541
208.9 15.8253946304321
