#"+EI Scan (rt: 2.055-2.066 min, 3 scans) GC-CONFIRM-3.D  Subtract "
#Point,X(Thompsons),Y(Counts)
40.0 1627.20812988281
41.1 31620.361328125
42.1 22859.78515625
43.1 10547.810546875
44.0 1385.93566894531
45.0 31.5543823242188
49.0 177.827880859375
50.0 5098.14599609375
51.0 20753.2109375
52.0 2317.412109375
53.0 3563.01977539063
54.0 12207.89453125
55.1 33566.62890625
56.1 8749.9814453125
57.0 939.9267578125
58.1 7652.59130859375
59.0 310.464752197266
62.0 349.10888671875
63.0 1103.82507324219
64.0 275.175201416016
65.0 1459.21350097656
66.0 459.396392822266
67.0 1731.91015625
68.0 7886.19970703125
69.1 8911.015625
70.1 36467.84765625
71.1 2592.06616210938
72.0 220.54850769043
73.0 149.171340942383
74.0 1135.59484863281
75.0 1227.54211425781
76.0 2899.1103515625
77.0 56196.4375
78.0 5774.23193359375
79.0 1211.13916015625
80.0 1866.11560058594
81.0 898.821105957031
82.1 4030.70922851563
83.0 1775.42858886719
84.1 3247.16333007813
85.0 121.122711181641
85.2 91.8930587768555
86.3 67.2328338623047
86.8 158.644882202148
89.0 1025.70031738281
89.9 71.737907409668
90.0 519.939270019531
91.0 5963.21923828125
92.0 636.763854980469
93.0 629.441772460938
94.0 2137.89282226563
95.0 1128.30249023438
96.1 16276.5791015625
97.1 10645.9384765625
98.0 814.242004394531
101.0 58.1885108947754
102.0 882.98193359375
103.0 1293.75109863281
104.0 1496.79357910156
105.0 28767.71484375
106.0 2659.36962890625
107.0 197.288314819336
108.1 2434.60986328125
109.1 391.568817138672
110.1 27127.423828125
111.1 5621.126953125
112.1 722893.25
113.1 58988.90234375
114.1 2059.82397460938
115.0 2087.04345703125
116.0 733.155822753906
117.0 1204.791015625
118.0 598.489440917969
119.0 118.392051696777
120.0 465.248504638672
127.0 456.582855224609
128.0 1000.35504150391
129.0 749.379577636719
130.0 1000.84954833984
131.0 1300.4072265625
131.9 494.897705078125
133.0 728.884582519531
134.0 115.266624450684
141.0 60.2491760253906
141.9 81.160758972168
143.0 202.854049682617
144.0 323.397766113281
145.0 474.649139404297
146.0 657.099914550781
147.0 648.244384765625
148.0 827.562438964844
153.0 68.1454162597656
155.0 70.0529327392578
156.0 122.270545959473
158.0 402.828247070313
158.1 100.849189758301
159.0 445.881683349609
160.0 1229.54309082031
161.0 148.00032043457
166.9 91.8145523071289
167.1 51.8019752502441
168.1 100.66136932373
170.0 263.447052001953
172.0 262.845397949219
173.0 190.83203125
174.1 59.314697265625
184.0 134.186965942383
186.1 1091.20642089844
187.0 273.77099609375
188.1 3184.93920898438
189.1 433.138824462891
199.0 67.7264175415039
200.0 230.303848266602
201.1 74.3449783325195
202.1 96.3602676391602
206.9 90.1216278076172
213.1 206.765914916992
214.0 235.841812133789
215.1 774.775390625
216.1 533.238220214844
217.1 273.364349365234
