#"+EI Scan (rt: 1.696-1.743 min, 9 scans) MIX8-10.D  Subtract "
#Point,X(Thompsons),Y(Counts)
41.0 6591.337890625
42.0 1382.67761230469
43.0 1034.21069335938
44.0 1465.95300292969
45.0 43.9156074523926
50.0 1081.4306640625
51.0 4208.5673828125
52.0 487.215209960938
53.0 163.796081542969
54.0 482.15576171875
55.0 485.843780517578
56.0 3992.94311523438
57.0 488.05615234375
58.1 10807.0947265625
59.0 433.446472167969
61.9 43.7583656311035
63.0 215.08283996582
64.0 19.596435546875
65.0 144.00993347168
67.0 115.493072509766
68.0 211.319396972656
68.1 34.0554580688477
69.0 216.333923339844
70.1 1578.6689453125
71.0 495.644744873047
73.0 50.685863494873
73.1 16.7463417053223
73.9 93.5010299682617
74.0 218.713073730469
75.0 285.431976318359
76.0 537.582397460938
77.0 9513.5283203125
78.0 1103.56689453125
79.0 515.712341308594
84.1 2154.72534179688
85.1 538.142333984375
86.1 84266.671875
87.1 5288.99951171875
88.0 111.821113586426
89.0 178.928100585938
90.0 39.921745300293
91.0 519.883605957031
92.0 84.6746520996094
95.9 22.0653991699219
96.0 22.942798614502
102.0 40.7204666137695
103.0 262.439727783203
104.0 227.891876220703
105.0 4428.18115234375
105.9 19.685037612915
106.0 742.755554199219
107.0 36.2660331726074
114.9 268.879516601563
115.0 113.751182556152
116.0 161.420028686523
116.9 17.5871353149414
117.0 329.960205078125
117.9 107.264518737793
118.0 202.073135375977
128.0 77.2214736938477
129.0 38.7246742248535
130.0 61.0525360107422
130.9 114.046806335449
132.0 124.4501953125
132.1 24.2641925811768
133.0 297.661956787109
134.0 1445.18774414063
135.0 78.5100173950195
144.0 52.1830024719238
145.0 20.0100193023682
146.0 379.292419433594
147.0 161.874542236328
148.0 170.644836425781
149.0 109.71794128418
160.0 37.2256011962891
162.0 1155.21691894531
163.0 131.513473510742
209.0 76.3181457519531
