#"+EI Scan (rt: 1.871-1.923 min, 10 scans) MIX1-9.D  Subtract "
#Point,X(Thompsons),Y(Counts)
41.0 1417.49438476563
42.0 5374.30322265625
43.0 3273.74267578125
44.0 277.865661621094
44.9 73.7179412841797
50.0 1504.76489257813
51.0 3102.11474609375
52.0 860.073120117188
53.0 1070.61840820313
54.0 704.5439453125
55.0 1301.05029296875
56.0 22484.59765625
57.1 3915.25805664063
58.1 214116.6875
59.1 8203.431640625
60.0 99.4413070678711
61.0 54.468822479248
62.0 583.696411132813
63.0 2246.89965820313
64.0 689.455993652344
65.0 1522.94079589844
66.0 250.03791809082
66.9 35.9812774658203
67.0 17.3557186126709
72.9 81.2388076782227
74.0 546.373168945313
75.0 677.341857910156
75.9 27.6878318786621
76.0 973.52783203125
77.0 8478.1328125
78.0 2362.4990234375
79.0 5669.72802734375
80.0 421.031494140625
80.7 41.7369270324707
85.1 15.4156360626221
86.0 119.14289855957
86.9 84.5941162109375
87.1 85.172737121582
87.7 51.5018920898438
87.9 39.4066886901855
89.0 3429.294921875
90.0 2483.28393554688
91.0 2568.015625
92.0 288.384460449219
92.9 15.5443668365479
96.0 18.0733070373535
101.0 117.824745178223
102.0 979.461608886719
103.0 4721.078125
104.0 1526.52673339844
105.0 4213.9794921875
106.0 184.71696472168
106.0 434.251068115234
115.0 854.393188476563
116.0 289.901702880859
117.0 692.462036132813
117.9 20.6308403015137
118.0 283.816223144531
119.0 1212.46081542969
120.0 102.844284057617
127.0 101.75114440918
128.0 300.375396728516
129.0 190.51676940918
130.0 273.36865234375
131.0 483.795593261719
132.0 467.055755615234
133.0 5526.4345703125
134.0 730.012329101563
135.0 58.2616691589355
143.0 22.889476776123
144.0 307.454711914063
145.0 105.97770690918
146.0 461.528381347656
147.0 651.106323242188
148.0 1080.07446289063
157.9 15.8970737457275
158.0 139.158508300781
160.0 717.600769042969
161.0 353.017272949219
162.0 212.418869018555
172.0 15.1620693206787
174.0 111.703285217285
175.0 203.595825195313
176.0 378.229583740234
177.0 17.6559257507324
188.0 31.6349945068359
189.0 33.4865989685059
190.0 23.2801532745361
190.9 17.7289237976074
191.0 87.6312103271484
