#"+EI Scan (rt: 1.393-1.434 min, 8 scans) MIX2-6.D  Subtract "
#Point,X(Thompsons),Y(Counts)
41.0 954.238037109375
42.0 4100.8837890625
43.0 3691.1435546875
44.0 322.630004882813
45.0 111.736877441406
47.5 40.4564933776855
49.0 96.3194580078125
50.0 1708.673828125
51.0 1692.26220703125
52.0 328.556396484375
53.0 293.475219726563
54.0 621.600158691406
55.0 935.494873046875
56.1 14572.4814453125
57.1 2211.29052734375
58.1 85532.09375
59.1 3068.482421875
60.0 54.5276794433594
61.0 192.130767822266
62.0 319.071166992188
63.0 715.034423828125
64.0 112.716979980469
65.0 210.846313476563
66.0 16.8655395507813
66.9 77.2229766845703
68.0 613.073547363281
69.0 906.556396484375
70.0 342.579345703125
71.0 39.9678802490234
73.0 221.710784912109
74.0 1127.90380859375
75.0 6347.0966796875
76.0 859.754272460938
77.0 2151.3955078125
78.0 488.30029296875
79.0 1829.615234375
80.0 226.740783691406
81.0 210.156860351563
82.0 90.9337310791016
82.9 44.1517715454102
83.0 147.760589599609
83.9 100.425407409668
85.0 176.996124267578
86.0 112.037414550781
87.0 139.88916015625
88.0 52.9900436401367
89.0 567.556396484375
90.0 337.544311523438
91.0 507.336669921875
92.0 198.854095458984
93.0 257.271209716797
94.0 911.357177734375
95.0 10618.3896484375
96.0 1302.93395996094
97.0 319.762908935547
98.0 42.6532745361328
98.9 78.9397811889648
99.0 19.3700790405273
100.0 23.1050262451172
101.0 261.789428710938
102.0 243.563842773438
103.0 1909.818359375
104.0 411.57568359375
105.0 2292.763671875
106.0 235.665405273438
107.0 395.724945068359
108.0 157.281478881836
109.0 707.652160644531
110.0 115.919082641602
111.0 1653.55590820313
111.9 154.485137939453
112.9 507.781555175781
114.0 56.4831924438477
115.0 835.98388671875
116.0 124.871215820313
117.0 43.2017669677734
118.0 26.3984375
118.9 11.119140625
119.0 70.0018844604492
120.0 98.6969451904297
121.0 219.59033203125
122.0 316.799560546875
123.0 4564.96142578125
124.0 482.607421875
124.9 80.2346649169922
127.0 43.3496017456055
128.0 139.186050415039
129.0 39.8961029052734
130.0 84.9727172851563
131.0 173.915649414063
132.0 185.537719726563
133.0 10866.84765625
134.0 1160.525390625
135.0 332.175659179688
136.0 194.868316650391
137.0 80.5333099365234
138.0 406.899383544922
139.0 3179.57275390625
139.9 301.658416748047
140.9 995.899536132813
141.9 96.0404205322266
145.0 18.887731552124
147.0 100.750625610352
148.0 202.917663574219
149.0 203.007720947266
150.0 463.925659179688
151.0 587.736755371094
152.0 226.781005859375
155.9 14.7838897705078
161.0 47.3293914794922
161.9 23.5708045959473
162.0 121.716087341309
162.9 20.5020866394043
164.0 99.5235290527344
165.0 292.543884277344
166.0 688.040344238281
167.0 123.368064880371
176.0 26.2002029418945
178.0 98.1151428222656
179.0 40.6385040283203
180.0 110.500183105469
181.0 39.4123344421387
181.8 21.8014888763428
182.0 68.8107833862305
207.9 56.8498001098633
209.0 6.22393798828125
