#"+EI Scan (rt: 1.719-1.766 min, 9 scans) MIX2-4.D  Subtract "
#Point,X(Thompsons),Y(Counts)
41.0 2089.58447265625
42.0 7913.46435546875
43.0 5436.1845703125
44.0 816.33349609375
45.0 235.924560546875
49.0 18.3557357788086
50.0 2301.3740234375
51.0 5893.076171875
52.0 1480.74462890625
53.0 1619.27697753906
54.0 1067.51037597656
55.0 1902.74047851563
56.0 39737.078125
57.1 6345.43896484375
58.1 349617.3125
59.1 13167.80078125
60.0 192.971252441406
61.0 102.221778869629
62.0 954.4619140625
63.0 3576.92602539063
64.0 1088.77233886719
65.0 2360.37866210938
65.9 121.614395141602
66.0 249.75862121582
66.8 41.45458984375
67.0 103.269584655762
68.0 21.8564224243164
68.9 18.0642471313477
70.0 117.640640258789
71.0 93.3843154907227
71.1 131.064407348633
71.7 29.5673694610596
71.8 28.1444091796875
72.1 35.6034126281738
72.2 28.3828277587891
72.3 26.7038803100586
72.8 158.743576049805
73.0 51.5902214050293
74.0 998.379455566406
75.0 1145.23986816406
76.0 1535.17687988281
77.0 15650.5380859375
78.0 5168.95361328125
79.0 8834.873046875
80.0 721.427978515625
81.0 19.2248973846436
83.0 17.5238742828369
83.9 59.0786323547363
84.9 62.3469390869141
86.0 202.690673828125
87.0 300.129058837891
87.1 52.4378089904785
87.8 24.9158496856689
87.9 136.510925292969
89.0 4647.47216796875
90.0 2467.53247070313
91.0 4650.103515625
92.0 504.989044189453
92.9 17.4500713348389
95.9 82.7491760253906
98.0 77.0414352416992
98.9 37.7021751403809
101.0 337.178680419922
102.0 1949.998046875
103.0 8669.2646484375
104.0 4391.55126953125
105.0 5794.595703125
106.0 771.102905273438
107.0 187.568572998047
107.1 16.8952350616455
112.9 18.620397567749
113.0 59.5653877258301
114.0 88.5966033935547
115.0 4440.9765625
116.0 1180.84020996094
117.0 1991.08422851563
118.0 716.786071777344
119.0 1270.14709472656
120.0 211.154724121094
121.0 17.1069984436035
125.9 71.371826171875
126.1 20.7692337036133
127.0 802.903381347656
128.0 1459.3662109375
129.0 837.6142578125
129.9 23.8429870605469
130.0 673.772705078125
131.0 1487.77600097656
132.0 940.030700683594
133.0 7653.1787109375
134.0 1203.86889648438
135.0 201.514404296875
139.0 44.6771659851074
140.0 17.951042175293
141.0 250.914581298828
141.1 28.5084056854248
142.0 95.6665802001953
142.9 21.5855503082275
143.0 424.429901123047
144.0 800.711669921875
145.0 1756.63330078125
146.0 1024.43701171875
147.0 497.895660400391
148.0 150.431396484375
148.1 231.926818847656
149.0 154.182922363281
150.0 57.9937744140625
156.0 68.9234619140625
156.1 31.5006237030029
157.0 185.6328125
158.0 688.92333984375
159.0 364.806457519531
160.0 1112.28894042969
161.0 367.005554199219
162.0 181.414505004883
163.1 22.5134658813477
172.0 70.3294525146484
173.0 100.843589782715
174.0 150.339218139648
175.0 173.504333496094
175.1 24.8832206726074
176.0 396.335479736328
180.0 17.3562240600586
189.1 107.627418518066
190.0 17.5169448852539
191.0 204.599258422852
207.0 103.07666015625
208.0 72.9012832641602
208.9 37.1613578796387
