#"+EI Scan (rt: 3.328-3.386 min, 11 scans) MIX2-1.D  Subtract "
#Point,X(Thompsons),Y(Counts)
41.0 637.972534179688
42.0 2503.02099609375
43.0 762.812805175781
44.0 6115.88525390625
45.0 190.593490600586
50.0 173.999404907227
50.9 40.7846641540527
51.0 347.219940185547
51.9 53.1863059997559
52.0 29.2117691040039
53.0 406.40478515625
54.0 148.389541625977
55.0 981.318420410156
56.0 1289.06335449219
57.0 1567.62561035156
58.0 2671.53637695313
59.0 29.152759552002
61.0 60.1382598876953
62.0 320.390106201172
63.0 1298.47729492188
64.0 314.438018798828
65.0 2692.81909179688
66.0 188.700790405273
67.0 51.2230987548828
68.0 137.471649169922
69.0 33.381031036377
69.0 18.1427268981934
70.0 726.945556640625
70.9 36.7831077575684
71.1 140.754730224609
72.0 5.1342134475708
73.9 42.4870262145996
74.9 53.247314453125
76.0 55.730785369873
77.0 523.269348144531
78.0 166.349502563477
79.0 252.710693359375
80.0 14.4326162338257
82.0 15.9954891204834
83.0 14.3217124938965
84.0 1448.50708007813
85.0 80.4109420776367
85.1 183.180419921875
86.1 35555.59375
87.1 2112.11865234375
88.0 16.3929290771484
89.0 99.3258972167969
89.9 30.9609489440918
91.0 823.752624511719
91.9 274.385864257813
93.0 162.676239013672
95.4 51.1509895324707
95.6 113.464958190918
95.9 40.1078338623047
99.9 35.23095703125
100.0 1271.66918945313
101.0 71.4120254516602
103.0 154.584838867188
104.0 104.596893310547
105.0 198.264709472656
106.0 29.9648685455322
107.0 62.7183837890625
114.9 133.852600097656
117.0 56.3927955627441
118.9 254.085876464844
119.9 87.4587097167969
120.0 30.419189453125
121.0 805.650146484375
121.8 13.9055080413818
122.0 200.235504150391
122.9 28.9827251434326
131.9 45.1436767578125
132.9 74.5528411865234
133.0 184.441055297852
134.0 103.772674560547
134.9 16.7244338989258
135.0 305.135528564453
136.1 15.265064239502
146.9 88.7626495361328
147.9 14.347225189209
149.0 2016.05212402344
150.0 299.207458496094
151.0 15.251690864563
162.0 242.193069458008
162.1 20.6469287872314
164.0 1034.57336425781
165.0 120.852607727051
177.0 29.8013362884521
190.9 14.769793510437
192.0 315.750366210938
193.0 57.5945892333984
207.0 27.2701416015625
208.0 19.8222751617432
208.9 14.2719125747681
