#"+EI Scan (rt: 3.328-3.381 min, 10 scans) MIX2-6.D  Subtract "
#Point,X(Thompsons),Y(Counts)
41.0 708.4267578125
42.0 2995.20703125
43.0 864.352478027344
44.0 6862.9453125
45.0 201.964721679688
50.0 210.001907348633
51.0 440.987060546875
52.0 109.214645385742
53.0 393.781890869141
54.0 187.055770874023
55.0 1150.23071289063
56.0 1506.98083496094
57.0 1766.6240234375
58.0 2706.69384765625
59.0 74.8085479736328
61.0 37.0290107727051
62.0 374.598571777344
63.0 1417.81811523438
64.0 360.022735595703
65.0 3071.14501953125
66.0 247.524612426758
66.9 38.538703918457
68.0 137.612991333008
69.0 97.8284759521484
70.0 875.64794921875
71.0 198.178115844727
72.0 70.7062606811523
73.9 75.6670761108398
74.9 71.5190277099609
75.1 16.3711280822754
76.0 61.8437728881836
77.0 544.79443359375
78.0 180.411956787109
79.0 305.922637939453
81.1 17.8751544952393
81.8 17.1793975830078
84.0 1411.26159667969
85.1 258.864074707031
86.1 40737.671875
87.1 2460.17724609375
88.1 16.2011470794678
89.0 112.276306152344
89.9 33.331657409668
91.0 895.066833496094
92.0 329.106323242188
93.0 187.356811523438
94.8 15.3984098434448
95.3 65.2056045532227
95.5 32.2170486450195
95.7 119.478797912598
95.8 16.9575595855713
95.9 11.7540245056152
96.1 19.8150901794434
100.0 1236.58215332031
101.0 31.9553833007813
103.0 167.380737304688
104.0 149.58903503418
105.0 277.117828369141
105.9 15.9461946487427
106.9 85.7674179077148
114.9 120.075149536133
115.9 34.111026763916
116.9 43.4830665588379
118.0 31.6411685943604
118.9 295.303863525391
119.9 131.967864990234
121.0 861.82568359375
122.0 255.646438598633
130.9 48.1957168579102
131.9 34.9726943969727
132.0 50.6419143676758
133.0 259.313568115234
134.0 80.4315948486328
135.0 382.770050048828
136.0 37.7110290527344
147.0 123.750427246094
149.0 2452.9453125
149.9 249.645553588867
150.0 106.49471282959
162.0 278.848571777344
163.0 20.3968334197998
164.0 1054.12963867188
165.0 103.826034545898
177.0 23.9449615478516
190.9 35.0667304992676
192.0 375.466827392578
193.1 16.6242847442627
207.0 33.8275756835938
208.0 40.6776580810547
