#"+EI Scan (rt: 4.127-4.173 min, 9 scans) MIX3-8.D  Subtract "
#Point,X(Thompsons),Y(Counts)
41.0 251.471130371094
42.0 260.098846435547
43.0 338.168273925781
44.0 380.934753417969
51.0 79.6695175170898
52.9 107.220649719238
54.0 44.7539939880371
55.0 490.981567382813
56.0 837.078674316406
57.0 124.408157348633
58.0 1525.75244140625
62.0 115.891319274902
63.0 573.8251953125
65.0 858.469970703125
66.0 16.7748031616211
68.0 17.014310836792
69.0 17.471715927124
70.0 336.083099365234
71.0 243.557800292969
72.0 97.287483215332
72.1 25.2354755401611
76.9 117.669555664063
84.0 128.605041503906
91.0 378.128875732422
95.9 45.0521659851074
98.0 648.976318359375
99.0 26.257884979248
99.2 22.1641654968262
100.1 16215.5234375
101.1 1162.48120117188
118.9 100.195350646973
121.0 817.163696289063
121.9 46.0919990539551
134.9 186.134918212891
147.0 40.8784713745117
147.9 57.2353057861328
149.0 1325.34313964844
149.9 18.9428539276123
150.0 124.006317138672
172.0 49.3904762268066
178.0 182.526321411133
206.0 108.778549194336
