#"+EI Scan (rt: 5.691-5.729 min, 7 scans) Cathinone_8.D  Subtract "
#Point,X(Thompsons),Y(Counts)
40.1 594.829772949219
41.1 1542.01733398438
42.1 8116.62841796875
43.1 3583.61254882813
44.1 155849.015625
45.1 4176.5908203125
46.9 36.9316673278809
47.0 4.8891487121582
47.9 41.2451400756836
49.0 245.063507080078
50.0 5218.2900390625
51.0 15986.0322265625
52.0 1885.92736816406
53.0 560.519470214844
54.0 46.6600875854492
54.1 29.2721900939941
55.0 411.933074951172
56.0 112.844612121582
56.1 54.7287940979004
57.0 168.715698242188
58.0 21.6287403106689
59.0 22.8660888671875
61.0 113.395027160645
62.0 528.580383300781
62.9 55.5180282592773
63.0 900.209289550781
63.9 169.178970336914
65.0 270.224487304688
65.1 281.637542724609
65.8 71.4922485351563
66.0 46.2785758972168
66.9 51.6764755249023
67.0 64.4274063110352
67.1 35.5197792053223
68.9 33.8830070495605
69.9 24.1080493927002
73.0 325.464965820313
74.0 1871.376953125
75.0 1407.92895507813
76.0 2172.85668945313
77.0 30443.314453125
78.0 5560.35205078125
79.1 1928.42797851563
80.0 197.039566040039
81.0 43.6146240234375
84.9 141.553039550781
85.9 111.122177124023
86.9 29.6249485015869
89.0 705.664184570313
90.0 418.39404296875
91.0 1076.72351074219
91.9 51.5575218200684
92.0 513.249206542969
93.0 55.7153244018555
93.2 23.8284702301025
96.0 16.9550819396973
97.0 21.8765773773193
102.0 296.384460449219
103.0 181.897430419922
103.1 427.944488525391
104.0 694.580078125
105.0 14815.62109375
106.0 3270.62524414063
107.0 354.128356933594
109.0 65.7651214599609
109.2 33.7298049926758
115.0 678.097412109375
116.0 615.411071777344
117.0 833.624755859375
117.9 94.7478637695313
118.0 351.230651855469
119.0 117.650215148926
120.0 102.707862854004
120.2 24.6599159240723
127.9 112.929611206055
128.9 46.0762023925781
130.0 800.321228027344
131.0 558.737487792969
132.0 709.34130859375
133.0 1500.50073242188
134.0 1704.92419433594
134.9 30.216365814209
135.0 241.488922119141
137.8 26.1594581604004
139.1 12.5064134597778
140.9 19.6018085479736
146.1 26.0866184234619
146.9 21.7892570495605
148.0 102.012329101563
148.1 32.3934555053711
149.0 102.429405212402
154.9 132.139404296875
159.0 66.8353271484375
163.0 74.2319946289063
170.7 25.8822116851807
170.9 99.4506149291992
171.9 22.9806423187256
210.9 120.788597106934
212.0 23.9152793884277
215.0 182.5830078125
216.0 21.7756423950195
217.1 48.3375930786133
218.8 79.2470932006836
233.0 59.0198059082031
237.0 41.1990280151367
238.0 68.6688766479492
238.9 9.88539505004883
240.9 16.1408004760742
273.0 22.7855129241943
276.9 24.0469608306885
288.8 42.1665840148926
292.9 16.9861946105957
293.9 5.23218727111816
