#"+EI Scan (rt: 1.784-1.830 min, 9 scans) MIX4-9.D  Subtract "
#Point,X(Thompsons),Y(Counts)
41.0 2306.06787109375
42.0 8916.8544921875
43.0 2404.83154296875
44.1 27971.603515625
45.0 800.394714355469
49.0 18.7173271179199
50.0 1777.30017089844
51.0 6514.7900390625
52.0 724.171630859375
53.0 525.113098144531
54.0 666.099853515625
55.0 3684.826171875
56.0 4560.0869140625
57.0 5761.1103515625
58.0 4194.35791015625
59.0 149.039352416992
61.8 18.395471572876
61.9 103.440910339355
63.0 358.960601806641
63.9 61.2509498596191
65.0 365.658264160156
66.0 38.1633491516113
67.0 60.8215141296387
68.0 547.472229003906
69.0 279.688110351563
70.0 3022.6220703125
71.0 652.509338378906
72.0 95.9718933105469
72.9 85.7184143066406
74.0 505.966156005859
75.0 539.281005859375
76.0 837.955871582031
77.0 14870.9921875
78.0 1670.39880371094
79.0 410.354461669922
80.0 37.3932647705078
82.0 114.21671295166
83.0 67.6302261352539
83.2 18.6255702972412
84.1 6023.32421875
85.1 712.220153808594
86.1 113474.0234375
87.1 6884.9482421875
88.0 191.222137451172
89.0 376.514801025391
90.0 118.052490234375
91.0 1084.54370117188
92.0 97.5327224731445
95.9 18.8477344512939
101.9 54.6017265319824
102.0 80.1789703369141
103.0 482.617462158203
104.0 295.467498779297
105.0 6732.73876953125
106.0 700.041320800781
107.1 21.46018409729
110.9 136.000854492188
115.0 482.034393310547
116.0 158.835906982422
117.0 265.507568359375
118.0 357.203582763672
119.0 104.885284423828
120.0 1078.72241210938
121.0 103.045501708984
121.9 17.8202610015869
127.0 90.6331939697266
127.9 43.4368591308594
128.0 185.247131347656
129.0 119.938179016113
130.0 330.472930908203
130.9 24.0682125091553
131.0 262.400299072266
132.0 232.978164672852
133.0 782.289733886719
133.9 21.4396953582764
134.0 218.77571105957
138.8 46.8948554992676
139.0 50.648754119873
141.0 13.0263729095459
143.0 17.9047718048096
144.0 130.651382446289
144.9 48.6288032531738
145.0 17.5112705230713
146.0 383.146759033203
147.0 215.385971069336
148.0 2523.0263671875
149.0 286.194976806641
149.9 18.751335144043
158.0 35.5090560913086
160.0 66.5158996582031
161.0 18.7442092895508
162.0 67.0512847900391
170.0 62.6144866943359
171.0 42.8036041259766
174.0 17.7236862182617
190.9 17.007303237915
207.0 7.95281982421875
208.0 28.1899719238281
208.9 21.7541465759277
