#"+EI Scan (rt: 2.285-2.337 min, 10 scans) MIX6-10.D  Subtract "
#Point,X(Thompsons),Y(Counts)
41.0 156.398742675781
42.0 386.7373046875
43.0 263.755828857422
44.0 28.5614624023438
49.9 133.697204589844
51.0 107.272277832031
55.0 169.410202026367
56.0 1114.6328125
57.0 336.058929443359
58.1 10045.998046875
59.0 354.090057373047
63.0 261.985290527344
64.0 329.958435058594
65.0 84.0909881591797
71.1 17.5594787597656
76.0 40.3698120117188
77.0 688.830749511719
78.0 66.6500473022461
79.0 36.3429794311523
91.0 140.150756835938
92.0 532.331115722656
92.9 15.78928565979
105.0 15.4486131668091
107.0 181.248870849609
118.9 17.5179138183594
121.0 87.0013885498047
132.9 54.7785453796387
135.0 972.039916992188
135.9 43.598560333252
136.0 66.3097457885742
150.0 16.1886787414551
207.0 62.2571411132813
208.0 3.83864212036133
208.9 4.46301651000977
