#"+EI Scan (rt: 3.707-3.754 min, 9 scans) MIX6-2.D  Subtract "
#Point,X(Thompsons),Y(Counts)
41.0 886.854187011719
42.0 1808.5068359375
43.0 155.531005859375
44.0 231.717224121094
50.0 251.612091064453
51.0 849.954284667969
52.0 222.065856933594
52.9 17.9441051483154
54.0 85.0651473999023
55.0 215.719863891602
56.0 2076.33520507813
57.0 324.826141357422
57.1 40.501049041748
58.0 242.314666748047
61.9 18.5971946716309
62.0 67.9032363891602
62.9 24.3557147979736
63.0 662.068664550781
64.0 216.584655761719
65.0 4819.60595703125
65.9 36.4533538818359
66.0 257.369964599609
70.0 96.1069641113281
74.0 35.8340797424316
74.9 20.0877799987793
76.0 59.3022613525391
77.0 908.790710449219
78.0 347.645721435547
79.0 249.268859863281
85.9 17.0665664672852
86.1 121.67488861084
89.0 981.255432128906
90.0 711.293273925781
91.0 55022.7109375
92.0 4382.283203125
92.9 48.4679794311523
93.0 108.143211364746
95.9 11.1301383972168
102.0 62.6647682189941
102.9 115.068008422852
103.0 281.848846435547
103.9 39.2004127502441
104.0 221.506652832031
105.0 512.892395019531
115.0 531.139709472656
116.0 178.886199951172
117.0 761.840393066406
118.0 437.771301269531
119.0 187.631484985352
120.0 136.970520019531
129.9 121.289321899414
130.1 39.003231048584
131.0 226.280990600586
132.0 674.304931640625
133.0 133.849182128906
134.0 20.1256198883057
144.0 40.452522277832
146.0 598.785278320313
146.9 21.9612770080566
147.1 374.48046875
148.1 45372.26953125
149.1 5267.83349609375
150.0 244.464050292969
207.0 5.9844970703125
208.0 47.3453140258789
224.1 60.626091003418
