#"+EI Scan (rt: 5.205-5.240 min, 7 scans) MIX7-4.D  Subtract "
#Point,X(Thompsons),Y(Counts)
41.0 8937.67578125
42.0 3218.59448242188
43.0 2793.56103515625
44.0 1447.31628417969
50.0 358.776428222656
51.0 824.353088378906
52.0 214.074142456055
53.0 1206.65954589844
54.0 724.775695800781
55.0 5219.02734375
56.0 5186.89990234375
57.1 13287.92578125
58.0 825.03662109375
60.9 150.655349731445
62.0 1078.27893066406
63.0 4581.06396484375
64.0 803.54248046875
65.0 8032.5224609375
66.0 580.82763671875
67.0 347.372589111328
68.0 860.428833007813
69.0 428.983642578125
70.1 4241.81298828125
71.0 485.579895019531
72.1 32674.53515625
73.1 1617.86254882813
73.9 182.982025146484
74.1 21.873851776123
75.0 141.704727172852
76.0 261.331695556641
77.0 1051.41284179688
78.0 278.685760498047
79.0 524.566345214844
80.0 120.526863098145
80.1 33.6514053344727
81.0 144.474761962891
81.1 49.2962837219238
82.0 447.853424072266
83.0 325.464050292969
84.1 2845.33056640625
85.0 356.840637207031
85.1 30.7509098052979
86.0 568.889526367188
87.9 23.9070014953613
88.1 26.2611904144287
89.0 287.341461181641
90.0 142.644424438477
91.0 2801.564453125
92.0 575.998413085938
93.0 672.516967773438
94.1 25.5532264709473
94.2 132.513442993164
95.0 30.8141174316406
95.3 69.5291366577148
95.9 874.622253417969
96.1 93.2031707763672
96.9 81.9733734130859
98.0 411.313659667969
99.0 569.940490722656
101.9 72.5968780517578
103.0 295.077545166016
104.0 275.248718261719
105.0 483.807189941406
106.0 78.0156631469727
106.9 50.7839088439941
112.1 866.705627441406
113.0 78.9416122436523
115.0 276.464172363281
116.0 96.9282608032227
117.0 614.939880371094
117.9 175.417709350586
119.0 933.355773925781
120.0 732.686584472656
121.0 8678.224609375
122.0 1163.92944335938
123.0 314.539337158203
124.0 90.5537948608398
124.1 30.7905311584473
126.1 3857.98120117188
127.1 980.508850097656
128.1 188318.234375
129.1 17613.986328125
130.1 790.510620117188
131.0 301.299530029297
132.0 198.09228515625
132.9 288.990997314453
134.0 162.681747436523
135.0 8336.322265625
136.0 826.241027832031
137.0 52.6293830871582
145.0 208.331405639648
146.0 279.383636474609
147.0 783.018188476563
148.0 1192.54504394531
149.0 15126.8642578125
150.0 2376.458984375
151.0 296.8974609375
158.9 106.560928344727
160.0 138.493850708008
161.0 202.222930908203
162.0 343.686004638672
163.0 612.865356445313
164.0 505.851470947266
165.0 22.004322052002
174.0 539.549743652344
175.0 394.906341552734
176.0 122.933349609375
177.0 641.147766113281
178.0 398.699981689453
190.0 245.361618041992
190.9 137.280700683594
192.0 147.844802856445
204.0 244.762893676758
205.0 176.036666870117
206.1 2404.06884765625
207.0 282.019592285156
208.0 33.5816040039063
216.0 23.9184169769287
230.0 22.3831768035889
234.1 806.770874023438
235.1 111.707069396973
259.1 47.9640884399414
262.0 27.9581928253174
262.1 54.2253379821777
281.0 7.00568389892578
