#"+EI Scan (rt: 3.159-3.206 min, 9 scans) MIX8-1.D  Subtract "
#Point,X(Thompsons),Y(Counts)
41.0 329.685699462891
42.0 439.630279541016
42.9 168.777236938477
44.0 183.705383300781
50.0 17.40380859375
51.0 36.9275703430176
55.0 59.2482147216797
56.0 236.521179199219
57.0 590.853576660156
62.0 42.2706985473633
63.0 352.259796142578
65.0 404.595458984375
70.0 506.300079345703
71.0 65.2634887695313
72.1 6323.20654296875
73.0 295.721160888672
73.1 67.6903533935547
77.0 41.9191131591797
91.0 205.636138916016
95.9 116.99193572998
96.0 22.2466659545898
120.9 393.993927001953
121.9 19.3408126831055
135.0 55.097583770752
148.9 48.9068717956543
149.0 536.2490234375
149.9 60.2380104064941
164.0 17.5155391693115
190.9 15.669620513916
192.0 262.672912597656
