#"+EI Scan (rt: 5.514-5.549 min, 7 scans) MIX8-5.D  Subtract "
#Point,X(Thompsons),Y(Counts)
40.0 128.033248901367
41.0 12174.73046875
42.0 3239.36840820313
43.1 12841.369140625
44.0 5679.7841796875
45.0 167.270965576172
50.0 439.816986083984
51.0 1041.12365722656
52.0 289.023651123047
53.0 1186.09741210938
54.0 1036.00451660156
55.0 2057.54125976563
56.0 7243.4052734375
57.0 2130.36840820313
58.0 1054.95910644531
58.9 51.985237121582
59.1 59.0284729003906
60.0 96.3066864013672
61.0 201.226211547852
62.0 1356.47290039063
63.0 5785.0224609375
64.0 955.953430175781
65.0 10725.546875
66.0 836.919067382813
67.0 1057.70422363281
68.0 964.341918945313
69.1 5715.13330078125
70.1 4781.51025390625
71.0 399.473236083984
72.1 4647.41162109375
73.0 227.720764160156
74.0 186.806610107422
75.0 202.014251708984
76.0 283.278503417969
77.0 1191.087890625
78.0 301.713317871094
78.9 22.0902538299561
79.0 538.921081542969
80.0 238.055145263672
81.0 205.03337097168
82.0 448.570983886719
83.0 248.398712158203
84.1 4747.58154296875
85.1 1172.80432128906
86.1 10094.4658203125
87.0 692.528991699219
89.0 347.394805908203
90.0 187.538162231445
91.0 3469.68090820313
92.0 730.98095703125
93.0 1030.89770507813
94.2 40.5848274230957
94.3 165.194580078125
95.1 280.559387207031
95.3 138.738739013672
95.9 563.013977050781
96.9 41.1250381469727
97.0 78.5761947631836
98.1 2529.88037109375
99.0 248.070556640625
100.0 32.2857131958008
100.1 210.295623779297
101.2 24.395544052124
102.0 201.266738891602
103.0 470.815368652344
104.0 282.739013671875
105.0 525.610900878906
106.0 131.812423706055
106.9 61.9421463012695
107.0 28.9484710693359
110.0 25.8814868927002
112.1 199.068359375
112.1 66.4918518066406
114.9 307.523345947266
115.9 158.734588623047
117.0 277.3388671875
118.0 219.215698242188
119.0 1174.41638183594
120.0 1047.5859375
121.0 11258.5771484375
122.0 1577.30749511719
123.0 372.111114501953
124.0 85.0192413330078
124.1 105.810440063477
125.0 22.6553745269775
125.2 23.5543518066406
126.1 5686.7353515625
127.2 1382.62463378906
128.1 295697
129.1 27327.169921875
130.1 1309.86193847656
131.0 373.743713378906
131.9 32.9004745483398
132.0 222.629425048828
133.0 263.323486328125
133.9 33.2122421264648
134.0 193.112014770508
135.0 4718.0751953125
136.0 562.823547363281
137.0 27.901180267334
141.0 22.9422168731689
144.0 95.3295364379883
145.0 218.034927368164
146.0 272.87158203125
147.0 834.411987304688
148.0 1434.56164550781
149.0 17877.43359375
150.0 2400.66284179688
150.9 66.3896331787109
151.0 208.973434448242
158.9 92.5662155151367
160.0 209.29280090332
161.0 325.739959716797
162.0 378.670623779297
163.0 420.076751708984
164.0 796.968811035156
165.0 53.3389663696289
172.0 26.1515216827393
172.9 54.2738914489746
174.0 245.716278076172
175.0 242.463241577148
176.0 201.114990234375
177.0 636.418823242188
178.0 245.458206176758
187.0 25.6723117828369
188.0 243.769897460938
189.0 116.594863891602
190.0 690.704650878906
191.0 242.273284912109
192.1 3345.34350585938
193.0 517.171691894531
203.1 63.8018417358398
208.0 4.07290649414063
209.0 12.2487640380859
216.1 98.0536117553711
218.1 238.575119018555
219.0 76.2904586791992
220.1 1704.13293457031
221.1 264.201995849609
230.0 26.3364009857178
231.0 25.012264251709
248.1 28.3505764007568
259.1 51.9310264587402
