#"+EI Scan (rt: 2.640-2.687 min, 9 scans) GC-CM2-5.D  Subtract "
#Point,X(Thompsons),Y(Counts)
40.1 1489.05883789063
41.0 42141.40625
42.0 31182.953125
43.1 13304.8984375
44.0 1843.09387207031
49.0 203.126037597656
50.0 6721.2529296875
51.0 27648.794921875
52.0 3044.205078125
53.0 4743.88427734375
54.0 16682.814453125
55.0 47465.546875
56.0 11871.9677734375
57.0 1372.20397949219
58.1 11168.251953125
59.0 489.42431640625
61.0 34.9680099487305
62.0 497.567321777344
63.0 1406.51171875
64.0 391.161193847656
65.0 1943.19470214844
66.0 530.118896484375
67.0 2095.09326171875
68.1 10018.091796875
69.1 11775.2744140625
70.1 50599.25390625
71.1 3118.77001953125
72.0 225.581878662109
73.0 201.689102172852
74.0 1578.60510253906
75.0 1630.68310546875
76.0 3554.66455078125
77.0 72766.1015625
78.0 7582.9326171875
79.0 1643.51257324219
80.0 1976.85852050781
81.0 1034.36474609375
82.1 5075.1220703125
83.1 2544.61938476563
84.1 4542.365234375
85.1 359.358581542969
86.2 107.17716217041
86.8 148.390594482422
87.0 27.6621780395508
87.9 94.2264938354492
89.0 1482.19567871094
90.0 817.040161132813
91.0 8350.6240234375
92.0 827.584228515625
93.0 628.048767089844
94.0 2569.85131835938
95.1 1389.91357421875
96.1 22928.79296875
97.1 16237.314453125
98.1 1256.74865722656
101.0 162.460250854492
102.0 1195.59460449219
103.0 1859.77905273438
104.0 1580.6064453125
105.0 38148.63671875
106.0 3444.1904296875
107.0 362.725219726563
108.1 1494.37658691406
109.1 465.432464599609
110.1 36275.6015625
111.1 7628.76806640625
112.1 1061451
113.1 89588.5703125
114.1 3282.42309570313
115.0 2840.03564453125
116.0 1106.33422851563
117.0 1750.80297851563
118.0 886.056884765625
119.0 300.753753662109
120.0 410.29150390625
122.0 36.1762161254883
126.0 47.6873168945313
127.0 682.887817382813
128.0 1452.65856933594
129.0 991.648681640625
130.0 1390.51831054688
131.0 1905.67626953125
132.0 685.112365722656
133.0 1205.39172363281
134.0 227.375381469727
141.0 143.693481445313
142.0 144.312606811523
143.0 373.281372070313
144.0 432.356079101563
145.0 654.908264160156
146.0 1091.4931640625
147.0 913.572509765625
148.0 571.205383300781
153.0 139.552658081055
154.0 154.151306152344
155.0 123.236297607422
156.0 170.279495239258
157.0 85.1815338134766
158.0 597.946044921875
159.0 675.353759765625
160.1 2761.16967773438
161.0 371.944213867188
161.1 40.4627227783203
167.0 159.555892944336
167.1 39.1732749938965
168.0 245.780975341797
169.0 57.5559425354004
170.0 534.26171875
171.0 91.4429321289063
172.0 191.165679931641
172.1 191.823806762695
173.0 303.447845458984
173.9 17.6468410491943
174.0 119.474769592285
178.0 140.162307739258
180.0 51.9243774414063
184.0 187.38720703125
185.0 16.8298778533936
186.1 1404.00720214844
187.1 332.078887939453
188.1 5802.5546875
189.0 35.0215835571289
189.1 774.011413574219
198.1 108.047225952148
199.1 228.135070800781
200.1 241.935607910156
201.1 120.628768920898
202.1 206.906860351563
202.2 21.755163192749
214.1 207.443542480469
215.1 529.55126953125
216.1 725.785278320313
217.1 298.588256835938
218.1 22.8311042785645
