#"+EI Scan (rt: 2.629-2.698 min, 13 scans) GC-CM2-2.D  Subtract "
#Point,X(Thompsons),Y(Counts)
40.0 1434.25
41.1 31766.689453125
42.0 23350.63671875
43.1 10162.89453125
44.0 1344.72680664063
49.0 142.748229980469
50.0 4979.71630859375
51.0 20602.193359375
52.0 2325.18627929688
53.0 3555.38525390625
54.0 12352.478515625
55.0 35294.05859375
55.9 40.3439254760742
56.1 9056.9150390625
57.0 1060.34741210938
58.1 8274.255859375
59.0 360.383666992188
60.9 13.5736751556396
61.0 15.7585706710815
62.0 379.879852294922
63.0 1049.20703125
64.0 321.463195800781
64.9 27.7761459350586
65.0 1457.11315917969
66.0 388.721313476563
67.0 1654.82141113281
68.1 7539.22998046875
69.1 8728.3720703125
70.1 36771.71484375
71.1 2375.5361328125
72.0 170.557113647461
73.0 133.905639648438
74.0 1176.80151367188
75.0 1241.21899414063
76.0 2695.88037109375
77.0 53774.59375
78.0 5684.88330078125
79.0 1243.99755859375
80.0 1524.451171875
81.0 819.357727050781
82.1 3832.79663085938
83.1 1796.47412109375
84.0 14.8087158203125
84.1 3332.7685546875
85.0 236.521224975586
86.0 18.8258094787598
86.2 75.8098983764648
86.4 12.8171911239624
86.8 48.9591751098633
86.9 89.3516387939453
88.0 48.3684883117676
89.0 1146.59985351563
90.0 570.958984375
91.0 6505.12353515625
91.9 12.7962942123413
92.0 682.901977539063
93.0 530.092407226563
94.0 1913.15100097656
95.0 998.553649902344
96.1 16729.001953125
97.1 11637.2236328125
97.9 12.833815574646
98.1 943.605407714844
99.0 12.6067361831665
100.9 29.2321548461914
101.0 99.8388137817383
102.0 914.678588867188
103.0 1397.92370605469
104.0 1244.58288574219
105.0 28630.89453125
106.0 2676.9765625
107.0 202.430633544922
107.1 44.0339889526367
108.1 1387.74279785156
109.0 93.0978469848633
109.1 255.304763793945
110.1 27032.7109375
111.1 5553.75341796875
112.1 754700.375
113.1 64082.21484375
114.0 21.0965309143066
114.1 2316.09521484375
115.0 2273.70776367188
116.0 829.573303222656
117.0 1402.92944335938
117.9 36.0357627868652
118.0 710.633850097656
119.0 232.714462280273
120.0 380.80712890625
125.9 13.5125112533569
126.0 40.2545204162598
127.0 534.482666015625
128.0 1160.45239257813
129.0 807.523376464844
130.0 1146.12927246094
131.0 1545.40808105469
132.0 503.200012207031
132.9 15.8421764373779
133.0 892.241882324219
134.0 117.564872741699
140.0 12.5624752044678
141.0 84.6310272216797
142.0 112.187294006348
143.0 268.271057128906
144.0 292.636596679688
145.0 482.495178222656
145.9 11.8252105712891
146.0 837.426879882813
147.0 654.752075195313
148.0 534.626525878906
152.0 12.8452920913696
152.9 103.602081298828
154.0 126.283081054688
155.0 94.6957244873047
156.0 132.944198608398
157.0 28.7244777679443
157.1 27.6498317718506
158.1 439.674774169922
159.0 476.122375488281
160.1 3204.4189453125
161.1 437.104339599609
167.0 155.588302612305
168.0 168.716384887695
169.0 62.8414649963379
170.0 395.819152832031
171.0 53.3716659545898
172.1 278.484741210938
173.0 208.740951538086
174.0 91.003776550293
178.0 74.5723419189453
180.0 72.0150909423828
182.0 13.3521528244019
184.1 159.212860107422
186.1 1019.27734375
187.0 130.894836425781
188.1 4108.20263671875
189.1 551.141479492188
190.9 12.8229970932007
196.0 67.2602157592773
198.1 102.352813720703
199.0 30.1663608551025
199.1 242.2861328125
200.0 58.0951309204102
200.1 139.448501586914
201.1 98.2239685058594
202.1 154.368240356445
207.0 22.6441040039063
208.0 36.0404281616211
213.0 25.9620628356934
214.1 143.399444580078
215.0 35.0130233764648
215.1 429.828460693359
216.1 518.681518554688
217.1 197.578201293945
218.1 15.0457201004028
