#"+EI Scan (rt: 2.640-2.687 min, 9 scans) GC-CM2-4.D  Subtract "
#Point,X(Thompsons),Y(Counts)
40.0 1979.28820800781
41.1 42656.578125
42.0 31880.4140625
43.1 13394.6455078125
44.0 1799.505859375
49.0 209.860260009766
50.0 6752.85791015625
51.0 27928.892578125
52.0 3128.3271484375
53.0 4838.326171875
54.0 17049.58984375
55.1 48188.41015625
56.1 12305.83203125
57.0 1392.11865234375
58.1 11385.0126953125
59.0 484.669769287109
60.9 38.5516777038574
62.0 511.959197998047
63.0 1465.37182617188
64.0 406.630950927734
65.0 1931.654296875
65.9 39.4349174499512
66.0 487.451385498047
67.0 2113.12744140625
68.1 9999.802734375
69.1 11814.8046875
70.1 50735.01953125
71.1 3137.46533203125
72.1 225.386383056641
73.0 190.930114746094
74.0 1609.56396484375
75.0 1649.03759765625
76.0 3717.66918945313
77.0 73294.5703125
78.0 7678.9853515625
79.0 1664.72033691406
80.0 1911.39453125
81.0 1093.81311035156
82.1 5117.5869140625
83.1 2536.42944335938
84.1 4614.123046875
85.0 328.442932128906
85.8 25.5000839233398
86.0 28.1747608184814
86.1 49.4702949523926
86.4 29.3983726501465
86.7 36.5619010925293
86.9 118.402069091797
88.0 73.6627502441406
88.9 46.2041778564453
89.0 1504.97973632813
90.0 805.154113769531
91.0 8551.017578125
91.9 39.6459197998047
92.0 844.946533203125
93.0 670.15576171875
94.0 2612.13208007813
95.0 1332.04797363281
96.1 23052.044921875
97.1 16240.90234375
98.1 1220.21850585938
100.9 160.795944213867
102.0 1197.44616699219
103.0 1926.65563964844
104.0 1636.97131347656
105.0 38317.484375
106.0 3408.2802734375
107.0 328.319976806641
108.1 1555.85607910156
109.1 299.889282226563
109.2 103.791839599609
110.1 36106.4296875
111.1 7650.7255859375
112.1 1055540
113.1 89620.1796875
114.1 3291.39306640625
115.0 2865.31591796875
116.0 1101.15563964844
117.0 1775.93627929688
118.0 926.170776367188
119.0 67.2575454711914
119.0 231.647384643555
120.0 423.841064453125
122.0 63.6502799987793
126.0 66.38720703125
127.0 767.555969238281
128.0 1499.12976074219
128.9 52.2083778381348
129.0 956.727844238281
130.0 1449.70483398438
131.0 1942.93359375
132.0 735.183166503906
133.0 1235.91088867188
134.0 214.086059570313
140.0 16.8451328277588
141.0 138.230087280273
142.0 92.1314010620117
142.1 75.3985900878906
142.9 57.8263893127441
143.0 299.662658691406
144.0 420.584533691406
145.0 696.206726074219
146.0 1088.33386230469
147.0 912.009033203125
148.0 588.050598144531
148.9 17.9003524780273
149.0 22.9571704864502
152.0 17.192985534668
153.0 149.347961425781
154.0 173.604476928711
155.0 161.675369262695
156.0 17.5016021728516
156.1 166.911956787109
157.0 96.8049468994141
158.0 391.930541992188
158.1 222.586166381836
159.0 55.6566925048828
159.1 566.78857421875
160.1 2922.43627929688
161.1 420.312713623047
167.0 221.714050292969
168.0 207.398086547852
168.1 26.4747371673584
169.1 50.5880012512207
170.1 617.365661621094
171.1 75.8839111328125
172.1 408.542510986328
173.0 335.672088623047
173.9 18.8240528106689
174.1 87.1958694458008
178.0 119.127494812012
180.0 89.7215805053711
184.1 191.342239379883
186.1 1331.28869628906
187.1 317.061279296875
188.1 5942.7197265625
189.0 287.501892089844
189.1 526.515258789063
190.1 17.6098403930664
196.1 18.7509078979492
198.1 125.157592773438
199.1 251.130432128906
199.9 17.9921245574951
200.1 215.641067504883
201.0 34.4627723693848
201.1 120.986045837402
202.1 234.383850097656
207.0 15.3150024414063
213.1 19.314302444458
214.1 184.842376708984
215.0 27.7665596008301
215.1 514.694274902344
216.1 744.092956542969
217.1 296.377227783203
218.0 46.2421417236328
