#"+EI Scan (rt: 2.649-2.713 min, 12 scans) R9M1.D  Subtract "
#Point,X(Thompsons),Y(Counts)
40.1 3655.08203125
41.1 97323.8828125
42.1 12923.8212890625
43.1 72109.953125
44.1 7859.3857421875
45.1 3814.24829101563
45.9 239.681030273438
46.1 783.328857421875
47.1 17229.9921875
47.8 46.7107963562012
48.0 454.31005859375
48.7 25.3194751739502
48.9 124.598701477051
49.0 197.093063354492
49.9 56.4313201904297
50.0 2572.41088867188
51.0 9170.7568359375
51.9 98.2360305786133
52.0 3015.12451171875
53.0 8641.818359375
54.1 5636.82958984375
55.1 48557.03125
56.0 16420.4140625
57.1 3663.03295898438
58.0 411.400970458984
58.1 1410.2099609375
59.0 59136.515625
60.0 4071.06640625
61.1 4981.916015625
62.0 7916.23388671875
63.0 10650.0458984375
64.0 5301.99365234375
64.9 160.987747192383
65.0 4954.4326171875
66.0 1628.66296386719
67.1 9499.4306640625
68.0 249.781539916992
68.1 4535.57080078125
69.1 66762.40625
70.1 18282.76953125
71.1 31425.595703125
72.1 12410.171875
73.1 11849.515625
73.9 100.323936462402
74.0 2138.9921875
75.0 10775.97265625
76.0 24908.4296875
77.0 45713.6328125
78.0 10259.5927734375
79.0 2482.24072265625
79.9 282.150054931641
80.1 340.091094970703
81.0 4493.66357421875
82.0 1953.88293457031
83.0 5927.92919921875
84.0 642.831176757813
84.1 1371.32482910156
84.9 118.399070739746
85.0 2186.29833984375
86.0 115.751770019531
86.0 2779.35986328125
87.1 9212.3759765625
88.0 64225.75390625
89.0 51652.71875
90.0 115228.8828125
91.0 16569.302734375
92.0 4095.91723632813
93.0 701.920959472656
93.1 302.086242675781
93.3 115.877655029297
93.6 195.69921875
93.7 57.2839965820313
93.8 164.000930786133
94.0 44.8389434814453
94.9 327.347778320313
95.0 180.948608398438
96.0 436.040283203125
96.1 474.924438476563
96.9 89.10009765625
97.1 1128.10754394531
98.0 15814.9375
99.0 2130.1396484375
99.9 145.934188842773
100.1 1874.21032714844
101.0 5647.6533203125
102.0 62717.578125
103.0 174824.25
104.0 55588.6328125
105.0 6302.47900390625
106.1 660.638366699219
106.2 292.416473388672
106.5 1127.90759277344
106.7 423.226196289063
107.1 593.029235839844
107.5 868.183776855469
107.6 338.811950683594
107.7 33.2068901062012
107.9 149.691040039063
108.0 124.519096374512
108.2 100.928131103516
109.0 2467.47998046875
109.9 360.347869873047
110.0 112.818634033203
111.0 726.365173339844
111.9 88.9282913208008
112.1 207.29963684082
113.3 171.820053100586
113.7 2693.18725585938
113.8 1475.22644042969
113.9 98.6730728149414
114.0 169.629196166992
114.1 350.195404052734
115.1 9000.9345703125
116.0 14351.462890625
117.0 58910.546875
118.0 20371.021484375
118.9 491.48974609375
119.0 5372.27197265625
120.0 637.358215332031
120.1 487.756591796875
121.0 1888.67858886719
121.0 1826.54284667969
121.8 53.2746162414551
121.9 345.052459716797
122.0 198.424957275391
122.8 110.838287353516
123.0 607.8916015625
123.9 104.076171875
124.3 13.504340171814
124.7 43.1972961425781
124.9 472.701477050781
125.1 142.248550415039
125.7 18.6722640991211
125.8 102.376625061035
126.1 585.515319824219
126.2 3.26337432861328
127.0 3128.33227539063
128.0 9155.9619140625
129.0 78554.015625
130.1 102391.9296875
131.0 230193.78125
132.1 31147.359375
133.0 3849.42846679688
134.0 392.686553955078
134.1 293.250457763672
134.2 151.087875366211
134.9 380.149444580078
135.1 1389.72814941406
136.0 419.825836181641
136.1 622.962524414063
137.0 18004.875
138.0 3038.63134765625
139.0 2021.84240722656
140.0 470.780731201172
140.1 587.164306640625
141.0 1913.619140625
142.1 6658.109375
143.1 17730.01953125
144.1 39237.765625
145.0 657938.4375
146.0 65672.7890625
147.0 5880.78564453125
148.0 425.229949951172
148.1 575.806823730469
149.0 2507.56567382813
149.2 70.9846115112305
150.0 133.538330078125
150.1 131.759841918945
150.3 31.9476547241211
150.8 161.207977294922
151.0 587.502319335938
151.9 206.379806518555
152.0 329.820678710938
152.2 723.993957519531
152.4 17.8893032073975
152.8 130.846237182617
153.0 988.742004394531
153.9 181.328430175781
154.1 1712.95300292969
155.0 7202.62451171875
156.0 9542.177734375
157.1 20032.474609375
158.1 32230.431640625
159.0 15874.7099609375
160.0 4432.56298828125
161.0 10891.53125
161.8 120.561225891113
162.0 1483.75939941406
162.9 262.789001464844
163.0 903.527648925781
163.8 67.5483322143555
163.9 358.268829345703
165.0 1096.46130371094
165.8 27.2023162841797
165.9 169.117874145508
166.0 206.142517089844
167.0 1673.70861816406
168.0 2858.48291015625
169.1 4942.2783203125
170.1 4567.07763671875
171.1 30851.916015625
172.1 10505.951171875
173.0 4834.07763671875
174.1 98610.8046875
175.1 60551.359375
175.9 90.5456619262695
176.1 8015.23876953125
177.0 71831.9140625
178.0 8075.638671875
179.0 501.325897216797
179.1 357.204132080078
179.8 32.461742401123
179.9 382.978881835938
181.0 1397.41296386719
182.0 283.323547363281
182.1 709.999816894531
183.1 3356.08422851563
184.1 5302.28076171875
185.1 25476.1484375
185.9 153.275894165039
186.1 9600.7177734375
187.1 3793.8037109375
187.8 81.9621200561523
188.0 65.891471862793
188.1 1235.31994628906
188.2 79.5200042724609
188.8 111.959022521973
189.0 335.543273925781
189.1 607.994750976563
190.0 202.774291992188
190.1 190.622695922852
191.0 1238.13098144531
191.8 88.4711990356445
191.9 110.335029602051
192.0 263.810028076172
192.8 180.872802734375
193.0 629.719116210938
193.7 16.2799663543701
193.9 135.17512512207
194.0 396.930755615234
194.2 35.5050315856934
195.0 2415.94653320313
195.8 69.0632095336914
196.0 671.018920898438
196.9 196.781372070313
197.0 1199.99645996094
198.0 1285.26306152344
199.1 8634.2236328125
200.0 316.226318359375
200.1 4749.892578125
201.0 4503.83642578125
202.0 532.345336914063
202.1 1056.71850585938
203.0 1263.50891113281
203.1 5506.8984375
203.8 34.5751037597656
204.1 1646.33666992188
205.1 4287.623046875
206.0 515.385498046875
206.1 1226.43603515625
207.0 1461.4150390625
208.0 547.639343261719
208.9 310.200714111328
209.1 424.826965332031
210.1 1503.0009765625
211.0 4936.642578125
212.1 3564.654296875
213.1 99641.9921875
214.1 17551.3828125
215.0 14409.42578125
216.0 5670.88671875
217.0 1998.01489257813
217.9 519.870666503906
218.1 227.969192504883
219.0 3114.31298828125
220.0 601.910766601563
220.1 1273.50427246094
220.9 718.935241699219
221.0 439.776031494141
221.8 42.0356025695801
221.9 79.4793701171875
222.1 236.120315551758
222.8 86.7862854003906
222.9 157.510192871094
223.0 298.495880126953
223.6 78.8297348022461
223.9 42.6706085205078
224.0 142.879104614258
224.2 95.6749038696289
224.8 145.823379516602
225.0 364.832366943359
225.8 162.274520874023
226.0 345.418304443359
226.2 164.346389770508
226.8 270.912719726563
227.0 44.9472465515137
227.1 431.114685058594
228.1 10280.3935546875
229.1 4328.00048828125
229.9 84.4944458007813
230.1 2045.78369140625
231.1 17075.7109375
232.1 8514.298828125
233.1 1346212.875
234.1 206158.625
235.1 18127.23046875
235.9 59.208194732666
236.1 1046.33020019531
236.1 348.196380615234
237.0 7218.6357421875
238.0 1009.25769042969
239.0 1202.31665039063
239.7 23.7576293945313
240.0 296.652618408203
240.2 139.346282958984
241.0 730.271728515625
241.1 187.023391723633
241.9 165.646087646484
242.0 753.841125488281
243.0 378.117767333984
243.1 184.371292114258
243.9 133.799667358398
244.1 881.154113769531
244.9 81.5800476074219
245.1 803.490905761719
246.0 84.4931564331055
246.1 6051.73291015625
247.1 2849.88549804688
247.2 5728.18994140625
248.1 4257.71826171875
249.1 146933.875
250.1 22692.369140625
250.9 115.14281463623
251.1 1482.2548828125
251.2 563.474060058594
252.0 37.8285942077637
252.1 210.88459777832
252.2 89.0554122924805
252.8 139.0517578125
253.0 168.630035400391
253.6 21.5094146728516
253.8 31.34059715271
254.1 123.967590332031
254.2 32.2834243774414
254.7 23.3908138275146
254.8 20.934944152832
255.0 92.5098876953125
255.1 138.667221069336
256.0 233.097595214844
256.1 777.351745605469
256.2 20.4524307250977
256.8 26.7349834442139
257.0 277.059844970703
257.1 290.836761474609
258.0 181.062484741211
258.2 82.0277633666992
258.9 180.793533325195
259.1 397.506256103516
259.9 22.7087993621826
260.1 443.178070068359
260.1 776.626953125
261.0 133.777954101563
261.2 11369.3974609375
262.2 2275.17846679688
262.8 17.6567516326904
263.0 130.305465698242
263.1 80.5139694213867
263.2 321.558776855469
264.0 33.8250923156738
264.8 38.7850608825684
264.9 16.6208400726318
265.0 158.339462280273
265.2 80.9397048950195
266.0 111.071998596191
266.1 18.2467823028564
266.8 31.1601257324219
266.9 108.095176696777
267.1 12.3930053710938
267.7 15.8851079940796
268.0 113.489402770996
268.1 130.049438476563
268.3 26.7360172271729
268.8 28.2353267669678
268.9 4.88890075683594
269.0 45.1697082519531
269.1 44.2983551025391
269.9 94.1786499023438
270.1 421.018249511719
270.2 377.14697265625
271.0 773.383972167969
271.1 88.9001007080078
272.0 345.870025634766
272.1 1050.18981933594
273.0 1140.38391113281
273.1 235.344589233398
274.1 2681.05932617188
275.1 1531.95556640625
275.2 242.911026000977
276.0 379.750213623047
276.1 257.353515625
276.9 2.82745361328125
277.0 288.927703857422
277.9 33.1018524169922
278.1 279.546905517578
278.2 68.1468124389648
278.9 166.52278137207
279.0 109.141448974609
279.7 31.0687942504883
280.0 103.340148925781
280.1 53.3510551452637
280.4 15.5209007263184
280.8 23.9801540374756
281.0 93.6664428710938
281.1 71.8632202148438
282.1 268.992156982422
282.2 149.086181640625
282.9 28.7550811767578
283.0 286.200103759766
283.1 61.5705223083496
283.8 31.7370548248291
284.2 2927.95532226563
285.0 955.138000488281
285.2 183.312759399414
286.1 528.854125976563
286.2 1492.548828125
286.8 38.0028266906738
287.1 1139.41906738281
287.2 38.4096641540527
288.1 10991.98828125
289.1 17352.61328125
290.1 3620.75512695313
290.8 28.3751964569092
291.0 618.196105957031
291.2 177.781051635742
291.9 156.483032226563
292.0 57.2995491027832
292.2 16.5519542694092
293.0 1731.5458984375
294.0 546.025085449219
294.7 19.1362438201904
294.8 54.9312171936035
294.9 226.776245117188
295.1 124.275733947754
295.6 57.2936248779297
295.9 162.510192871094
296.1 53.9948081970215
296.2 102.693969726563
296.4 33.2228355407715
296.9 59.0575561523438
297.0 445.913909912109
297.7 42.4186019897461
297.9 121.090126037598
298.0 191.778060913086
298.9 195.354263305664
299.0 139.311233520508
299.2 93.9896926879883
299.6 45.4163932800293
299.9 60.6133079528809
300.1 184.912063598633
300.2 115.457946777344
300.7 39.9355926513672
300.9 264.511108398438
301.0 93.7507019042969
301.2 42.1170082092285
301.4 29.9110717773438
302.1 527.236083984375
302.2 2416.35864257813
303.1 3881.70727539063
304.2 608839.6875
305.2 120813.1171875
306.2 12822.1171875
307.1 388.762084960938
307.2 835.249816894531
307.8 43.0916137695313
308.0 34.297779083252
308.7 15.6048612594604
308.9 27.841796875
309.1 157.327774047852
310.1 17.3710384368896
310.9 102.785102844238
311.0 84.7730865478516
311.4 23.3685607910156
311.9 52.3064422607422
312.3 43.2363433837891
313.0 37.83349609375
314.1 65.0600662231445
314.8 46.8069648742676
315.0 213.00114440918
315.1 126.937492370605
316.0 252.09880065918
316.1 5183.15283203125
316.9 19.0448207855225
317.1 1006.89434814453
317.2 359.761260986328
318.0 93.4970092773438
318.2 154.79133605957
318.8 22.1737537384033
319.0 20.1360130310059
319.1 169.676712036133
320.2 13289.9794921875
321.2 12316.7998046875
322.0 37.9941482543945
322.2 2523.20068359375
322.9 39.7290992736816
323.1 280.128997802734
323.2 58.8732604980469
324.1 39.5405616760254
326.3 13.5510606765747
326.5 13.8148851394653
326.8 30.2862091064453
327.0 41.5661354064941
327.1 46.9533195495605
328.0 31.6276111602783
328.1 58.4787483215332
328.7 13.7135057449341
328.9 19.7051944732666
329.0 131.717758178711
330.1 70.9026947021484
330.2 856.266357421875
330.3 226.322326660156
331.1 468.4248046875
331.2 6226.25341796875
332.0 140.56022644043
332.2 3246.265625
333.0 36.776912689209
333.1 620.691528320313
333.2 123.384094238281
334.0 39.607982635498
334.1 405.591796875
334.2 278.411102294922
334.6 17.4554882049561
334.8 17.0109825134277
334.9 54.5952453613281
335.1 34.6959533691406
335.2 99.6522903442383
335.7 18.5212345123291
336.0 18.3629150390625
336.9 27.9372482299805
337.0 17.8969230651855
337.3 17.9604797363281
339.2 12.808762550354
340.1 15.471417427063
341.1 13.6385488510132
342.1 360.665679931641
343.0 184.833755493164
343.2 494.084075927734
344.2 183.041320800781
344.3 16.3282947540283
344.9 74.5244369506836
345.1 540.05517578125
345.8 18.1226787567139
346.0 31.9331035614014
346.1 324.878448486328
346.3 212.483642578125
346.9 22.3566665649414
347.0 147.104354858398
347.2 96.4436569213867
348.0 43.4698486328125
348.2 1851.68103027344
348.4 29.3912792205811
349.1 657.534301757813
349.7 12.9794569015503
350.1 62.2124214172363
350.4 26.9379253387451
351.1 13.2783088684082
352.0 18.2785530090332
352.8 103.842018127441
352.9 107.959228515625
353.1 22.0195178985596
354.1 19.6965160369873
354.6 18.2682838439941
354.9 14.5660886764526
355.1 39.2789573669434
356.8 55.7316589355469
356.9 69.4927673339844
357.3 14.1300287246704
358.9 29.2338809967041
359.8 15.6399488449097
360.8 27.7529144287109
360.9 18.1991004943848
361.1 49.1175537109375
361.3 42.7230224609375
362.2 1268.97473144531
363.2 68309.2890625
364.2 16192.3095703125
365.1 78.2291946411133
365.2 517.281799316406
365.3 1645.40783691406
366.0 104.207946777344
366.2 159.941131591797
366.4 12.9423551559448
366.7 13.8710622787476
367.0 110.793327331543
367.2 39.617919921875
368.0 13.1664171218872
369.0 17.5917797088623
370.5 12.8164339065552
370.7 22.7550067901611
370.8 26.4801406860352
370.9 28.9453105926514
371.1 27.6603145599365
372.2 14.5450830459595
375.3 17.7974414825439
377.0 43.2602424621582
377.2 51.4471321105957
383.1 13.4323310852051
385.0 18.4006786346436
386.8 13.3981256484985
387.0 39.6364097595215
400.8 14.8081321716309
401.0 50.2392463684082
401.1 44.2696533203125
405.0 13.345703125
406.9 12.9401693344116
407.2 12.7089052200317
408.9 15.7121019363403
410.0 31.5266933441162
422.9 13.0982246398926
425.0 13.4541025161743
427.0 21.4611949920654
444.8 13.2667770385742
449.0 29.9769496917725
460.9 15.0419626235962
461.0 12.7536764144897
479.3 12.9322118759155
487.3 12.9792146682739
