#"+EI Scan (rt: 4.520-4.596 min, 14 scans) R4M1.D  Subtract "
#Point,X(Thompsons),Y(Counts)
40.1062 83.848876953125
41.0651 2538.88403320313
41.8700 23.5330619812012
41.9800 74.5538330078125
42.0658 42.6961517333984
42.1800 35.8599586486816
42.8800 27.3688564300537
42.9946 27.2802124023438
43.0800 227.376663208008
43.9857 151.865417480469
45.0200 123.26293182373
46.9038 75.9551239013672
48.7100 14.857307434082
48.9300 49.5657958984375
49.9622 192.340728759766
50.1058 60.7172164916992
50.9836 563.657043457031
51.8600 25.4336204528809
51.9661 77.9030914306641
52.0600 83.0224990844727
52.9500 298.575134277344
54.0517 62.2883377075195
54.9500 344.523895263672
55.8400 37.1170692443848
55.9370 31.1688537597656
57.0400 1549.96606445313
58.0487 171.094879150391
59.0253 822.927734375
59.9867 151.338302612305
60.8200 12.0859804153442
61.8618 59.9198417663574
62.0250 171.977249145508
63.0114 569.423706054688
63.8224 115.038269042969
63.9674 129.414367675781
64.1408 31.6022701263428
64.8112 18.3430957794189
64.9912 203.354888916016
65.9500 97.2518844604492
66.0940 29.194278717041
67.0614 194.756805419922
67.9600 27.7300662994385
68.9812 275.005889892578
69.9900 25.797061920166
70.1018 4.22307586669922
70.8100 59.8210868835449
71.0000 139.886016845703
71.1556 28.6737174987793
71.8300 37.7005348205566
73.0300 309.01416015625
73.9375 176.080688476563
74.0609 177.771697998047
74.9303 11.2442016601563
75.0228 909.578430175781
76.0275 771.410705566406
77.0243 2913.2099609375
78.0246 946.158203125
78.9745 72.620849609375
79.8000 21.6540355682373
79.9542 101.656723022461
80.0973 41.9978294372559
80.9797 246.577331542969
81.8757 9.55556488037109
82.0286 34.0217895507813
82.9500 149.037155151367
83.0574 15.7040748596191
84.4900 12.0622262954712
84.6600 14.8526401519775
84.8099 86.3925933837891
84.9661 136.639465332031
85.8300 66.1335144042969
85.9823 27.7804756164551
86.2100 17.0739803314209
86.8763 135.645416259766
87.0351 309.514373779297
87.8600 21.5480823516846
87.9900 584.611755371094
89.0173 2101.38940429688
90.0600 370.761932373047
90.9411 58.1672821044922
91.0420 78.8140258789063
91.9700 59.7957534790039
93.0325 90.4989624023438
93.1900 34.3751411437988
93.4800 17.3851985931396
93.7431 18.5700645446777
93.9449 78.6921310424805
94.1600 59.3610305786133
94.5800 54.8981285095215
94.8616 53.9671783447266
94.9867 109.233215332031
96.2000 14.8196115493774
96.9350 0.77874755859375
97.0831 103.134803771973
97.9692 87.6227798461914
98.7813 30.3082160949707
98.9800 127.224571228027
99.0700 79.4369888305664
99.1700 42.8572196960449
99.7200 43.5256996154785
100.0100 260.396850585938
100.1300 71.1873092651367
100.3700 22.2553672790527
100.8900 71.6225509643555
101.0100 1807.83288574219
101.1100 332.24755859375
101.8300 107.380851745605
102.0005 1973.86120605469
102.1945 4.00462341308594
102.9789 687.522094726563
103.0886 36.4675254821777
103.7700 27.5179004669189
103.9500 77.307373046875
104.1471 29.6224174499512
104.9072 32.9925231933594
105.0993 31.2511672973633
105.4900 52.5181198120117
105.7700 37.0885429382324
106.0700 71.7563705444336
106.2700 43.7673873901367
106.5721 89.6217727661133
106.8008 74.6814193725586
106.9841 88.0906829833984
107.1146 10.1058349609375
107.2400 27.7742557525635
107.8600 78.2140045166016
108.1200 31.4956455230713
108.2200 14.8666820526123
108.8700 176.506225585938
109.0066 287.382965087891
109.8604 102.290824890137
109.9800 1.00260925292969
110.9406 177.816314697266
111.0700 2.30977153778076
111.9400 74.7133331298828
112.1100 80.9030075073242
112.3200 20.2748928070068
112.5900 10.7481622695923
112.9700 463.486358642578
113.1100 150.102767944336
113.8300 78.7654876708984
113.9500 194.383453369141
114.0489 506.734588623047
114.1800 122.264053344727
114.3800 19.605978012085
115.0074 1996.65515136719
115.8957 38.1323738098145
116.0201 3833.46826171875
116.9992 970.382934570313
117.8400 41.2054138183594
117.9802 144.121719360352
118.8670 151.319213867188
119.3000 74.8357086181641
119.5000 31.9898357391357
119.6100 50.7768669128418
119.7500 11.9460897445679
120.2700 92.0673599243164
120.4500 227.049575805664
120.6000 151.2978515625
120.7287 211.507034301758
120.8419 29.109748840332
120.9984 138.739013671875
121.2700 11.8518753051758
121.5300 13.3985414505005
121.8209 94.3312225341797
122.0175 50.3022308349609
122.9601 77.7186279296875
123.0500 69.254020690918
123.8500 12.6869564056396
123.9527 8.63896560668945
124.1800 11.624228477478
124.7872 55.9519119262695
124.9290 121.404754638672
125.0800 148.441909790039
126.0303 3773.7265625
127.0394 16683.51953125
127.9000 83.8879547119141
127.9988 4382.00439453125
129.0090 2086.08203125
130.0031 1827.57775878906
130.9220 71.6446685791016
131.0206 176.690902709961
131.9500 91.1358108520508
132.1215 31.314962387085
132.6100 21.2445945739746
132.7200 66.4430084228516
133.0900 99.5687408447266
133.3400 24.3125057220459
133.7769 29.7713241577148
133.9362 27.117259979248
134.1700 74.1210784912109
134.4900 18.5036735534668
134.9669 253.358169555664
135.7773 14.3348274230957
135.9000 87.51611328125
136.1551 102.158164978027
137.0053 1777.8125
138.0046 30.5107116699219
138.9800 1015.52416992188
139.7300 15.2811555862427
139.8466 172.528030395508
140.0176 108.666206359863
140.2000 21.9820098876953
140.9800 988.506713867188
141.0900 463.424072265625
141.5800 619.744750976563
141.7800 196.506378173828
142.0067 249.873687744141
142.1400 89.1808319091797
142.3100 13.4222927093506
142.6122 10.2172260284424
142.7636 25.5873317718506
143.0227 898.755126953125
144.0200 9205.693359375
145.0223 1077.53112792969
145.8784 67.0880661010742
146.0400 156.70231628418
146.6500 19.8021602630615
146.7865 23.1752128601074
147.1000 75.838623046875
147.9600 39.5756950378418
148.1400 69.0419998168945
148.2500 34.4752731323242
148.7654 25.1169128417969
148.8497 73.3981857299805
149.0015 69.6962890625
149.1900 11.7380590438843
149.7100 15.0834875106812
149.8700 59.2734031677246
150.0100 134.024261474609
150.1100 50.421501159668
150.8390 20.4995765686035
150.9781 331.113952636719
151.8580 38.45068359375
151.9700 263.229278564453
152.0823 85.2135467529297
152.8069 29.041576385498
153.0712 45.2571105957031
153.1600 44.0878295898438
153.7200 19.3364734649658
153.8545 2.68456268310547
153.9763 37.1197738647461
154.0500 375.425933837891
154.1700 18.8231773376465
155.0127 4757.8359375
155.8377 16.8860282897949
155.9747 286.939208984375
156.0511 744.762145996094
156.8600 131.608779907227
156.9709 259.953430175781
157.9792 325.292694091797
158.0760 175.682312011719
158.9700 726.8203125
159.7200 38.9226493835449
159.8582 135.011108398438
160.8200 140.629425048828
161.0400 226.313446044922
161.9512 37.2028045654297
162.1100 58.442497253418
162.8333 252.642395019531
162.9564 123.916870117188
163.6300 95.2665557861328
163.7900 34.5814361572266
163.9020 55.2783889770508
164.0200 16.2204647064209
164.1300 107.726577758789
164.8108 91.7321701049805
164.9000 32.9673347473145
165.0005 5.53904724121094
165.9500 95.1933441162109
166.0600 65.3365936279297
166.9065 287.901611328125
167.0247 2622.755859375
167.9417 428.033081054688
168.0400 185.806777954102
168.7821 21.8972549438477
168.9056 45.5589599609375
169.0089 52.1405029296875
169.8822 82.4445190429688
170.0000 429.328369140625
170.9370 109.415100097656
171.0600 111.171836853027
171.9800 191.315658569336
172.0700 162.017074584961
172.2200 39.5775527954102
172.7400 38.5472145080566
173.0700 79.1949310302734
173.8700 46.6370849609375
174.0600 64.1355133056641
174.7900 20.1448173522949
174.9100 23.2197360992432
175.0400 98.4187850952148
175.7800 23.2533206939697
175.9500 67.2078704833984
176.0900 114.863632202148
176.2300 12.2908620834351
176.6900 42.2916870117188
177.0349 96.8455123901367
177.9000 35.1568031311035
178.0300 102.938041687012
178.7438 20.6284217834473
178.9831 84.1552581787109
179.7800 27.0726318359375
179.9612 55.9882545471191
180.0800 19.113037109375
181.0508 142.505630493164
181.9733 66.2437896728516
182.1300 35.4966468811035
182.9326 112.468719482422
183.1500 19.5252246856689
183.8700 90.7787475585938
184.0226 51.8540954589844
184.2000 19.0970859527588
184.8186 91.5346069335938
184.9553 40.7298278808594
185.8403 96.9202194213867
185.9922 61.3437538146973
186.1300 31.9806308746338
186.6800 30.8405151367188
186.8300 65.031623840332
186.9249 216.077392578125
187.0508 150.842254638672
188.0294 206.902862548828
188.1000 76.5353622436523
188.7800 21.1823062896729
188.9176 116.200424194336
189.0193 168.249237060547
189.1300 61.0522880554199
190.0500 91.338737487793
190.2300 12.8095045089722
191.0200 284.554779052734
191.9000 64.3379669189453
192.0242 17.7627296447754
192.8200 37.044506072998
192.9295 37.374755859375
193.8400 49.8586921691895
193.9500 17.5811710357666
194.1569 16.0623512268066
194.8289 85.0769653320313
195.7737 49.902099609375
195.8771 19.1121444702148
196.9769 251.876251220703
197.8800 19.190071105957
198.0000 205.587005615234
198.3100 22.0689449310303
198.7100 39.8949089050293
198.8715 398.485473632813
200.1000 13514.685546875
200.9427 192.915344238281
201.0900 1728.91772460938
201.8300 35.4410743713379
201.9700 239.79248046875
202.1000 160.411895751953
202.9451 235.802337646484
203.0300 49.1476631164551
203.7900 39.8631591796875
203.9452 75.3335266113281
204.1000 63.8973083496094
204.9039 134.135345458984
205.1200 20.2630138397217
206.0300 27.7632656097412
206.8800 76.3271865844727
207.9463 94.1564483642578
208.7100 47.6966323852539
208.9900 195.80973815918
209.7667 65.5495986938477
209.9544 10.236988067627
210.1000 85.0398178100586
210.9953 566.123046875
212.0200 418.907043457031
212.1000 2121.52783203125
213.0348 2047.17858886719
213.9600 248.140274047852
214.0567 1161.80383300781
214.9800 2036.3984375
215.9649 80.1378173828125
216.0800 141.783996582031
216.9454 170.798095703125
217.0500 292.33056640625
217.8531 36.9963569641113
217.9732 132.969024658203
218.9482 336.715576171875
219.8407 122.023666381836
220.0600 68.4951934814453
220.7600 120.068054199219
220.9784 57.22802734375
221.9600 57.3151664733887
222.0900 19.8908824920654
222.9398 199.66828918457
223.7000 18.2864475250244
223.8400 81.6770553588867
223.9500 178.008819580078
224.1700 19.9386425018311
225.0205 358.566223144531
225.7600 29.3799343109131
225.8900 66.5032501220703
226.0198 657.571960449219
226.7800 12.4604969024658
226.9339 267.729919433594
227.0324 208.989990234375
227.1600 27.6949977874756
227.9984 399.065612792969
228.1300 29.2489585876465
228.9648 12.1190795898438
229.0600 308.133941650391
229.5900 11.1764678955078
229.8442 66.3869934082031
229.9707 93.9705276489258
230.6300 20.433162689209
230.8741 103.69792175293
231.9200 107.906715393066
233.0047 718.123046875
233.8300 73.5169143676758
234.0600 374.570159912109
234.5300 11.8838214874268
234.8200 47.620361328125
235.1400 27.3157634735107
235.7923 8.57863998413086
235.9587 39.005615234375
236.2100 12.8507671356201
236.9706 754.00830078125
237.9250 263.626037597656
238.0075 168.750152587891
239.0431 655.822204589844
240.0100 832.574829101563
240.0900 1062.94396972656
241.0700 3824.59252929688
241.9660 44.185848236084
242.0600 1824.98400878906
242.1700 228.49690246582
242.9516 269.565612792969
243.0718 371.039001464844
243.8000 21.8757762908936
243.9700 83.5262908935547
244.1400 17.5700759887695
244.4300 10.8596200942993
244.8370 14.665901184082
244.9900 98.6735687255859
246.0800 16.4171180725098
246.2100 12.3989505767822
247.0400 10.9438610076904
247.1500 13.2948398590088
248.1300 15.7406225204468
248.9784 109.4423828125
250.7900 14.3357744216919
250.9000 84.4084625244141
251.0100 167.227035522461
251.1600 36.1089248657227
251.9600 122.610404968262
252.0400 128.210891723633
252.9270 214.214752197266
253.0500 448.947448730469
253.1600 199.57893371582
253.8117 29.3614711761475
254.0401 2170.66674804688
254.1500 463.006042480469
254.9896 326.906494140625
255.0900 1129.33911132813
255.9500 211.499862670898
256.0900 1281.83129882813
257.0103 357.619781494141
257.1400 196.798538208008
257.8900 35.7486686706543
257.9800 15.7504119873047
258.0900 24.1563930511475
259.1300 21.1749324798584
261.9600 11.9645299911499
262.7800 31.5380115509033
262.9540 34.6573066711426
264.0100 45.7763328552246
264.8100 27.8697109222412
264.9800 152.403045654297
265.8500 56.3846092224121
266.0688 644.429931640625
267.0086 654.608581542969
267.1009 316.120178222656
267.8900 35.279426574707
268.0400 429.720245361328
268.1100 504.850677490234
269.0192 868.968505859375
269.1000 684.388122558594
270.0698 5692.72802734375
270.2113 208.163970947266
271.0300 1631.89953613281
271.7500 24.8183097839355
271.9839 269.959381103516
272.1300 57.9900741577148
273.0600 86.0213470458984
273.9500 31.3661766052246
274.0900 47.9796752929688
274.8500 326.487701416016
275.9753 1.13872909545898
276.9700 234.992279052734
277.0709 2.59671783447266
277.7900 17.4448204040527
277.9100 67.0760040283203
278.0929 43.6928901672363
278.7500 17.5701065063477
278.8745 72.4624557495117
279.8000 41.3619689941406
279.9800 147.147918701172
280.1000 101.749778747559
281.0095 255.602630615234
281.9200 98.7184600830078
282.0500 290.8720703125
282.1200 158.81315612793
282.8307 30.6946449279785
283.0400 464.336242675781
283.2200 59.9397468566895
284.0900 9877.0634765625
285.0191 480.598907470703
285.0800 2203.86010742188
285.9078 125.766036987305
286.0221 300.203765869141
286.8200 77.7731094360352
287.0600 74.9773483276367
288.8756 238.081756591797
289.9118 3.90203094482422
290.0658 101.829238891602
290.6800 19.8890838623047
290.7939 58.3326797485352
291.0800 67.6515121459961
291.7400 13.5735759735107
292.0700 28.193868637085
292.7900 139.534545898438
293.8584 142.26318359375
294.8569 24.2552642822266
294.9877 84.2110977172852
295.8280 101.531211853027
296.0566 44.8762054443359
296.9555 77.7977905273438
297.0434 150.125091552734
297.1700 33.9441413879395
298.0100 380.260559082031
298.1300 99.8039703369141
298.9452 1.10716247558594
299.0700 324.464508056641
299.2800 12.5690469741821
299.9700 17.913969039917
300.1300 45.3615913391113
300.3600 13.5314388275146
300.5900 12.1488447189331
300.7400 11.2672452926636
300.8548 18.666841506958
301.0133 14.688178062439
302.9600 41.4211463928223
303.2000 11.4958648681641
304.0400 12.8485994338989
307.0645 59.8608856201172
307.2300 19.6502990722656
308.0291 277.159545898438
308.1482 186.598648071289
308.9300 104.440742492676
309.0700 196.082656860352
309.1900 44.8494453430176
310.1299 7753.52978515625
310.9770 16.6123352050781
311.1399 2293.587890625
311.9937 120.159797668457
312.1300 179.326797485352
312.2500 17.7841320037842
312.7900 14.5914335250854
312.9200 25.3507289886475
313.0400 11.8734693527222
313.2500 10.8451328277588
316.0700 10.8822622299194
317.1100 22.9311351776123
318.8800 23.0038547515869
319.0438 37.8887252807617
319.1900 12.5499439239502
323.0300 14.420280456543
323.1500 27.4415016174316
323.8400 23.3476428985596
324.0100 80.9302597045898
324.1300 25.9820461273193
324.2500 69.2954559326172
324.9900 102.665199279785
325.1100 38.8190040588379
325.2300 16.8317813873291
326.1299 7665.90869140625
327.1401 16603.853515625
328.1400 4052.72680664063
328.8000 28.97802734375
329.0300 211.839141845703
329.1500 422.234924316406
329.9500 21.8467712402344
330.5800 11.9661836624146
330.8071 1.31299018859863
334.8917 10.7742624282837
341.0300 93.4421997070313
344.9900 12.5901498794556
348.7300 41.202880859375
348.8543 6.9459228515625
352.9291 26.530834197998
354.8700 17.7754802703857
366.9900 13.181357383728
