#"+EI Scan (rt: 6.415-6.514 min, 18 scans) R8M1.D  Subtract "
#Point,X(Thompsons),Y(Counts)
40.0915 682.916137695313
41.0698 21270.248046875
42.0600 2891.57739257813
43.0800 6498.611328125
44.0312 9084.10546875
45.0027 929.227722167969
45.8100 29.2355079650879
45.9600 250.058380126953
46.1700 34.4036674499512
47.0175 2746.0966796875
47.9300 60.7061576843262
48.9300 94.2807159423828
49.0800 41.3067474365234
49.8400 12.0782842636108
49.9400 329.328491210938
50.0120 34.6155853271484
51.0055 960.566711425781
51.8800 118.793144226074
52.0300 346.561340332031
53.0014 1017.33782958984
53.0835 598.320983886719
53.8900 102.924263000488
54.0200 523.016662597656
54.1200 135.089004516602
55.0149 1116.96362304688
55.0800 2040.77648925781
55.9654 17.0119934082031
56.0800 1165.45654296875
56.2300 39.6882171630859
57.0800 12960.9609375
57.9900 483.250335693359
58.1019 418.360473632813
59.0384 2627.560546875
59.8900 174.576736450195
60.8900 76.7074661254883
61.0000 950.723388671875
61.1300 95.3194732666016
61.9088 331.445739746094
62.0300 333.520660400391
62.9852 1246.39111328125
63.0700 143.642639160156
63.7500 9.84041690826416
63.9000 150.451171875
64.0400 473.408416748047
64.9000 242.412170410156
65.0200 721.611572265625
65.7600 24.5701465606689
65.9100 97.2297973632813
66.0500 117.841674804688
66.1700 15.8003778457642
66.2800 22.8765277862549
67.0120 763.198852539063
67.0800 447.568786621094
68.0000 240.862335205078
68.0800 496.579254150391
68.2300 60.7595634460449
69.0815 9279.7734375
69.9200 31.88010597229
70.0700 1953.35266113281
70.7300 13.5055179595947
71.0000 438.350738525391
71.1000 249.206619262695
71.8600 32.6219291687012
72.0100 289.420227050781
72.2000 59.6874198913574
73.0339 1564.66943359375
73.9769 621.460021972656
75.0036 621.961059570313
75.0600 978.8388671875
75.9200 92.4121551513672
76.0350 1603.14196777344
77.0280 4589.9423828125
78.0400 2494.345703125
78.9517 223.351440429688
79.8000 33.9265594482422
79.9400 34.7273712158203
80.0500 229.433868408203
80.1400 29.1919040679932
80.9935 605.09033203125
81.9700 386.088714599609
82.1100 196.775329589844
82.8900 57.4625434875488
83.0000 1023.97863769531
83.1300 22.3157424926758
83.9500 261.530395507813
84.0900 203.559432983398
84.2300 29.7301425933838
84.9400 306.380615234375
85.0305 35.0736083984375
85.8900 15.7623100280762
86.0300 463.0380859375
86.1300 526.844482421875
86.8200 46.5251541137695
87.0000 1046.22204589844
87.1700 22.816822052002
88.0200 2415.73461914063
89.0191 9037.8125
89.9700 529.37451171875
90.0400 1245.51171875
90.9886 839.363098144531
91.0800 243.966491699219
91.8800 29.0456066131592
91.9700 125.878257751465
92.1500 76.2827377319336
92.8500 72.1755218505859
93.0500 125.91007232666
93.8700 55.9580345153809
94.0700 11.5550422668457
94.1600 33.1941337585449
94.9500 127.20304107666
95.0200 154.830993652344
95.7600 16.4919872283936
95.9622 174.799468994141
96.1200 53.1743354797363
96.8960 119.454902648926
97.0000 124.134552001953
97.0800 131.422210693359
97.8000 52.4080352783203
97.9446 13.7034759521484
98.0700 219.050079345703
98.8800 79.4575881958008
98.9900 255.934326171875
99.0900 275.395782470703
99.7100 18.345775604248
100.0100 725.026184082031
100.1600 55.4831695556641
101.0400 4389.4169921875
102.0400 10409.57421875
103.0200 4971.31591796875
103.8700 137.935134887695
104.0200 788.512634277344
104.7100 23.0496788024902
104.8400 44.0260543823242
104.9700 225.765441894531
105.1400 22.9757423400879
105.8300 55.5480270385742
105.9600 135.205001831055
106.1500 63.4192695617676
106.5000 18.8363456726074
106.7100 9.45406341552734
106.9700 123.18115234375
107.9300 49.1064262390137
108.1100 54.0247650146484
108.8900 257.646545410156
108.9868 499.047119140625
109.8799 1.5438232421875
110.0200 231.847763061523
110.1200 17.6494674682617
110.8700 135.69482421875
111.0800 24.6724109649658
111.4600 13.5686693191528
111.8100 15.4801225662231
111.9100 179.888641357422
112.0800 324.5068359375
112.2700 24.7643299102783
112.5100 11.5220289230347
112.7900 44.2548904418945
112.9900 726.642883300781
113.9200 59.2623901367188
114.0200 4456.794921875
115.0289 13876.578125
115.1500 206.29426574707
116.0300 26816.125
117.0312 4819.2666015625
117.9400 321.300079345703
118.0505 1502.34106445313
118.8600 93.5526885986328
119.0800 124.645332336426
119.8700 17.0783939361572
120.0200 48.1483497619629
120.1200 9.30463600158691
120.6900 32.1287879943848
120.9100 150.38850402832
121.0500 101.133758544922
121.1800 100.413185119629
121.3700 13.1488847732544
121.5100 25.7956123352051
121.6200 35.0469017028809
121.7900 38.3260154724121
122.1200 22.5985946655273
122.7200 18.538158416748
122.9300 328.995147705078
123.9600 74.1883163452148
124.2400 16.028507232666
124.8100 133.653564453125
124.9800 284.497711181641
125.1500 9.36674785614014
125.8500 39.3236503601074
125.9900 326.857849121094
126.0800 95.5588073730469
126.8906 50.757209777832
127.0400 1402.69848632813
127.3200 35.422664642334
128.0300 11957.470703125
129.0300 21547.806640625
130.0498 17107.83203125
131.0000 1007.84338378906
131.0500 1879.65454101563
131.7600 27.4720153808594
131.9271 366.078125
132.0500 380.545288085938
133.0130 379.014190673828
133.7900 40.969856262207
133.9200 70.6357421875
134.0500 49.5582618713379
134.8800 58.3481597900391
134.9990 140.222473144531
135.0700 203.014663696289
135.9700 339.214477539063
136.0900 251.703643798828
137.0140 6447.498046875
137.8600 104.398010253906
137.9917 629.137329101563
138.0700 305.979827880859
138.9989 864.404296875
139.5600 13.7839622497559
139.7100 20.5965309143066
139.8600 102.008445739746
140.0000 436.305603027344
140.0800 282.865020751953
140.8400 173.387344360352
140.9739 1185.29528808594
141.9700 290.762634277344
142.0500 2613.07397460938
143.0301 20849.669921875
144.0397 76335.9375
145.0303 8466.7314453125
145.7200 21.6926956176758
145.9500 317.604461669922
146.0600 539.8388671875
146.8500 97.7540664672852
146.9600 131.708206176758
147.0487 55.7886199951172
147.9300 177.590881347656
148.0500 334.804809570313
148.6100 9.72256851196289
148.8400 52.0631103515625
148.9900 65.7508926391602
149.0900 53.8677825927734
149.8500 20.1096019744873
149.9500 95.9107513427734
150.0500 21.1381149291992
150.4800 17.7061805725098
150.7800 33.2734184265137
151.0500 518.3720703125
151.7600 22.4862155914307
151.9478 243.574401855469
152.1100 17.6274185180664
152.6700 14.1378183364868
152.9400 224.31315612793
153.0300 539.291748046875
153.1100 67.5753326416016
154.0400 2333.36401367188
155.0186 5091.46826171875
156.0341 4601.71875
157.0064 2428.62548828125
157.0500 3845.70825195313
158.0273 2582.15698242188
158.0800 548.610534667969
158.9758 2103.15087890625
159.8400 238.021072387695
160.0500 261.256652832031
160.9900 412.007446289063
161.6800 9.02583980560303
161.8600 118.253067016602
162.8000 40.1406669616699
162.9133 272.130004882813
163.9600 125.087417602539
164.0700 32.1196212768555
164.7200 27.3914585113525
164.9692 37.1158294677734
165.0700 65.7895050048828
165.1600 19.6599006652832
165.9273 64.6526641845703
165.9900 68.0362243652344
166.1100 101.841705322266
167.0200 1668.49780273438
167.9000 110.692657470703
168.0200 1224.46789550781
168.0800 405.519775390625
168.2100 27.8342704772949
168.9500 124.062812805176
169.0500 1188.85668945313
170.0500 5799.380859375
170.9900 1202.27160644531
171.0675 772.701538085938
171.9900 247.49690246582
172.0900 547.719970703125
173.0400 7867.0302734375
173.8400 28.2876281738281
173.9600 721.452514648438
174.0600 823.292297363281
174.1300 153.13200378418
174.8400 19.2659244537354
174.9900 277.73193359375
175.1500 17.6457424163818
175.9000 100.633659362793
176.0100 633.817749023438
176.8500 89.3510437011719
176.9743 156.557266235352
177.1200 34.6424140930176
177.7500 23.8603000640869
177.9700 53.8310394287109
178.0400 40.1460342407227
178.2000 26.9191932678223
178.6100 9.56004619598389
178.8000 12.8036022186279
178.9000 112.511962890625
179.0265 25.6406021118164
179.8800 179.371688842773
180.0100 265.202758789063
180.1300 31.1196594238281
180.7300 54.0981941223145
181.0200 435.262786865234
181.9000 297.786224365234
182.0500 552.316528320313
182.9664 368.411437988281
183.0600 498.826293945313
184.0500 2826.6298828125
184.4300 23.0857906341553
185.0200 1237.26025390625
185.8500 90.2420120239258
185.9600 259.38232421875
186.0800 479.863891601563
186.9550 260.972900390625
187.0400 298.008697509766
187.8800 57.0134887695313
188.0700 70.1838912963867
188.5000 10.40345287323
188.6300 24.5602531433105
188.9326 91.9676742553711
189.0700 38.0988731384277
189.6400 21.8160362243652
189.8100 9.55542755126953
189.9700 46.377555847168
190.8200 80.0985565185547
190.9000 414.874877929688
191.7700 33.300479888916
191.9303 6.06008148193359
192.0600 156.610717773438
192.5300 17.2276802062988
192.7100 45.9295120239258
192.9800 483.276794433594
193.0900 58.9785690307617
193.9100 100.482749938965
194.0300 100.980735778809
194.2300 13.4596586227417
194.9800 1119.87475585938
195.7500 23.7824172973633
195.9287 47.6246490478516
196.0400 396.77099609375
196.8712 32.6232299804688
197.0000 682.968078613281
197.7000 21.7170696258545
197.9230 68.0966186523438
198.0700 976.612609863281
198.9783 1108.44689941406
199.7700 11.6104230880737
199.9500 398.074340820313
200.0800 134.77751159668
200.5900 21.5389137268066
200.9300 608.324768066406
201.0200 215.064270019531
201.8600 172.531936645508
202.0400 132.729431152344
202.1200 135.332931518555
202.7000 17.1110534667969
202.9900 382.182312011719
203.9800 316.363952636719
204.1000 818.251342773438
205.0700 1286.39318847656
205.1300 1356.76232910156
205.9800 159.570068359375
206.1200 1347.34204101563
206.9200 303.738983154297
207.0053 137.421875
207.7000 8.57789134979248
207.8600 52.3760261535645
207.9644 22.943733215332
208.0826 97.3039855957031
208.1600 104.218116760254
208.7300 12.5183906555176
208.8800 177.096710205078
209.0300 78.5806274414063
209.8900 100.515090942383
210.0700 588.164794921875
210.2800 24.9460868835449
211.0013 1123.86181640625
211.9500 164.474365234375
212.0718 4143.4892578125
213.0329 1622.291015625
213.9800 440.351287841797
214.1145 230.343383789063
214.9991 1839.3505859375
215.9566 1015.33154296875
216.9825 281.381469726563
217.7400 21.6151790618896
217.8600 138.54833984375
217.9401 1.83757019042969
218.0700 107.264068603516
218.9400 496.55126953125
219.0400 173.380065917969
220.0000 314.573028564453
220.4500 24.8709487915039
220.8100 28.0783004760742
220.8868 60.026611328125
221.0100 180.847152709961
221.4300 9.13161563873291
221.7100 50.7798614501953
222.0900 35.3404083251953
222.8300 117.974159240723
223.1000 77.1529388427734
223.8000 36.8027038574219
223.9600 132.707946777344
224.1400 34.0373840332031
224.2900 19.7399787902832
224.4500 25.4899921417236
224.9400 236.480606079102
225.0200 106.655029296875
225.1000 122.894096374512
225.6700 16.8519973754883
225.8900 23.3147201538086
225.9900 148.931457519531
226.1400 157.544891357422
226.6700 57.3684768676758
226.8700 140.674560546875
226.9912 127.688400268555
227.2200 110.784194946289
227.5600 9.339035987854
227.7100 66.7721557617188
227.8600 240.313415527344
228.0100 166.650054931641
228.1300 80.5881805419922
228.2700 107.56037902832
228.5100 45.5397682189941
228.8500 50.1286430358887
229.0300 1073.89038085938
230.0800 5649.19921875
231.1000 4665.69140625
232.1100 385550.03125
233.1042 63140.48046875
234.0900 6897.29052734375
234.8400 111.472030639648
235.0084 399.487243652344
235.5200 13.945894241333
235.8400 34.0372772216797
235.9700 113.915283203125
236.1000 42.5948638916016
236.9890 1166.2197265625
237.8300 208.970321655273
239.0000 382.144927978516
239.7100 40.8270072937012
239.8400 101.412986755371
240.0000 105.555351257324
241.0600 1388.44323730469
241.1600 67.1525039672852
241.7100 25.7808151245117
241.9000 78.9027633666992
242.0800 229.265319824219
242.2700 15.8119115829468
242.8900 84.8878631591797
243.0500 170.510131835938
243.8400 9.24621105194092
243.9800 8.3711462020874
244.0800 235.418762207031
244.1900 12.7984428405762
244.6300 8.83316516876221
244.8600 93.9069442749023
245.1500 80.2135772705078
245.8600 11.3677387237549
246.0100 82.7900161743164
246.1000 167.872131347656
246.9200 88.0600204467773
247.0200 90.2248764038086
247.1400 172.518692016602
247.9700 147.065155029297
248.0600 1023.13250732422
248.1500 1415.95007324219
248.6900 13.3757085800171
248.8000 39.576416015625
248.9400 209.997833251953
249.0400 138.070251464844
249.1200 197.75666809082
249.2300 50.9563255310059
249.9000 45.2001686096191
250.1200 33.3007736206055
250.6500 16.310998916626
250.8100 18.1631774902344
250.9500 20.3581447601318
251.0800 35.0842971801758
252.0300 23.1040153503418
252.1500 8.6391716003418
252.5900 12.1401615142822
252.8700 78.0631484985352
253.0164 19.4999465942383
253.8400 9.25695323944092
254.0100 59.6016502380371
254.1600 8.75737762451172
254.2800 21.7493152618408
254.6600 8.37813854217529
254.8700 72.4020080566406
254.9900 42.9832763671875
255.3000 18.6081066131592
256.0300 20.9700298309326
256.1300 8.71319198608398
256.5900 11.4664421081543
256.8265 74.1748199462891
256.9900 70.1513366699219
257.1300 15.4312133789063
257.7700 21.1105728149414
257.9300 90.1758193969727
258.0800 67.5155715942383
258.2200 51.7068061828613
258.9167 19.6406860351563
259.0400 425.160278320313
259.1200 1040.06188964844
260.0000 182.795150756836
260.1300 4369.8505859375
261.0700 986.729797363281
261.1700 176.315536499023
261.9000 46.5447540283203
262.0300 177.251922607422
262.1600 47.7988815307617
262.8100 16.1335525512695
262.9400 11.9574499130249
263.1100 8.93423080444336
264.9100 22.9524688720703
265.1700 48.9942016601563
265.9300 49.2806396484375
266.0200 52.4477043151855
266.2400 8.49268913269043
266.9000 139.144821166992
267.0200 168.985534667969
267.1000 52.0739517211914
267.2400 30.2456665039063
267.8600 77.1143417358398
268.0100 247.06901550293
268.1600 128.997360229492
268.3600 9.20308399200439
268.8800 108.181587219238
269.0200 261.768310546875
269.0900 67.7764053344727
269.9300 126.87947845459
270.1200 43.8727493286133
270.3600 11.45143699646
270.7000 20.926305770874
270.8000 46.3358306884766
270.9364 83.7294616699219
271.1000 48.3002738952637
271.7900 22.1665344238281
271.9500 21.1495742797852
272.0500 35.4832420349121
272.6600 29.1064147949219
273.0100 240.148498535156
273.1400 42.6457710266113
274.0400 91.8804244995117
274.9300 397.448699951172
275.0500 86.9294738769531
275.6600 52.6309471130371
275.8400 66.5985412597656
275.9900 43.2004432678223
276.7700 54.037181854248
276.9177 188.551696777344
276.9900 79.7029724121094
277.6800 27.0613021850586
277.7900 32.2420806884766
277.9600 34.5098419189453
278.8700 94.3642807006836
278.9800 58.7624320983887
279.7300 9.68690395355225
280.1200 10.683256149292
280.5600 8.82255554199219
280.6800 11.5915184020996
281.0258 62.932243347168
281.2300 24.4704742431641
282.0300 19.5958404541016
282.2200 9.09416484832764
282.6900 9.82584857940674
282.8900 54.7168655395508
283.0400 47.5591125488281
283.6700 8.83515453338623
283.9500 59.4277191162109
284.0900 41.0133819580078
284.9400 463.439819335938
285.0677 500.657775878906
286.1100 3328.70239257813
287.1000 6251.45654296875
288.1194 19706.966796875
289.0600 4858.06005859375
289.9500 365.711456298828
290.0606 50.1501770019531
290.9700 348.517791748047
291.1300 57.4817428588867
291.9100 10.408411026001
292.0400 63.313117980957
292.8300 93.313850402832
292.9322 394.309814453125
293.8000 64.8509826660156
293.9400 521.196105957031
294.6600 27.2090587615967
295.0200 232.196014404297
295.9200 54.3259773254395
296.0600 10.0942697525024
296.8765 172.405212402344
297.0233 57.6830749511719
297.6200 11.6255378723145
297.8600 42.3675651550293
297.9900 110.889518737793
298.1300 10.6372661590576
298.7100 28.8415966033936
298.7900 9.25058364868164
299.9100 41.2218170166016
300.1000 118.387969970703
300.2800 30.9336776733398
300.9300 13.2737522125244
301.0300 101.186851501465
301.1300 80.101921081543
301.3000 21.7133255004883
301.9400 13.2232685089111
302.0700 41.1162185668945
302.2200 10.9649848937988
302.8500 24.5165462493896
302.9900 242.56657409668
303.1200 215.024154663086
303.2400 38.4295616149902
303.9400 96.5766754150391
304.0700 286.735229492188
304.1800 113.397247314453
304.3700 18.1180438995361
305.1300 2705.3056640625
306.0200 305.323608398438
306.1500 308.238220214844
306.9900 189.65690612793
307.1200 18.5872344970703
307.8500 11.0356121063232
307.9600 49.8587532043457
308.0700 24.1326808929443
308.2100 9.84218215942383
308.7900 10.4877061843872
309.1900 34.3719215393066
310.0900 15.5514154434204
310.1800 27.178955078125
310.8100 41.6672210693359
311.0400 89.7549438476563
311.1600 12.203670501709
311.7900 21.0564975738525
311.9500 31.9122829437256
312.1200 71.8911514282227
312.2400 9.63875007629395
313.1900 22.0821895599365
314.7300 13.2085304260254
314.9100 95.5655670166016
315.0200 45.8336944580078
315.1100 98.1189880371094
316.0600 157.746063232422
316.2600 29.1096935272217
317.1600 11477.5654296875
318.0600 308.773315429688
318.1800 2764.98901367188
318.9500 9.47513198852539
319.0700 286.604614257813
319.1900 200.878189086914
320.0700 25.003396987915
323.7600 9.00630855560303
324.1000 68.954948425293
324.2700 9.19029521942139
325.0100 8.79074192047119
326.0400 52.1893119812012
326.1900 47.1402587890625
326.7900 22.658992767334
326.9800 58.9712982177734
327.1500 87.310432434082
327.9300 58.8011474609375
328.0800 236.334091186523
328.2200 117.039253234863
328.3100 39.9300689697266
328.8700 23.7642459869385
329.0500 189.202987670898
329.1400 2027.89367675781
329.8900 28.6231155395508
330.0600 228.97282409668
330.1700 216.900360107422
330.8500 33.0547103881836
330.9700 48.7422637939453
331.1300 60.0280227661133
332.8800 20.5186500549316
336.8400 25.0527992248535
341.0800 45.8844871520996
342.0700 11.8635988235474
342.2200 8.62753105163574
342.9400 39.4324989318848
343.1400 1049.51538085938
343.2700 248.30924987793
343.9600 58.9520111083984
344.0900 304.312133789063
344.1800 1140.03466796875
344.9400 50.8899879455566
345.1300 266.693725585938
345.2300 109.661468505859
346.0500 182.435485839844
346.1600 215.566955566406
346.2300 95.2963027954102
347.0300 79.9113311767578
348.7500 44.1399688720703
349.1500 8.69610977172852
350.8200 20.1737232208252
350.9900 12.3011417388916
352.9000 65.5137634277344
353.0900 9.24879455566406
355.0500 10.5201416015625
360.0900 11.5332689285278
360.2100 9.41843891143799
361.2100 12178.8720703125
362.1300 520.48095703125
362.2100 2270.5185546875
363.1200 270.786254882813
363.2800 211.425582885742
363.3900 28.8293533325195
363.8400 8.38960933685303
364.0900 13.4599418640137
366.8100 21.8085861206055
366.9500 29.7652378082275
370.6800 19.6776905059814
371.0800 8.58697414398193
380.9600 13.2388572692871
400.7300 9.3928337097168
401.0500 11.3886232376099
404.9200 8.77394771575928
460.0300 8.90730953216553
