#"+EI Scan (rt: 2.708-2.789 min, 15 scans) R2M2.D  Subtract "
#Point,X(Thompsons),Y(Counts)
40.1 97.6871948242188
41.0 937.597717285156
41.8 19.023344039917
42.2 137.612213134766
43.0 463.913269042969
44.0 61.8593063354492
44.9 13.0089721679688
46.0 2.83603096008301
48.9 52.6262969970703
50.0 12.4374542236328
50.1 20.6183586120605
50.9 10.4144020080566
51.0 77.1533813476563
52.1 2.78643798828125
53.0 131.050277709961
53.0 85.1961975097656
54.0 161.554565429688
55.0 765.677429199219
56.0 135.731048583984
57.0 205.858062744141
58.0 147.448013305664
59.0 43.3154296875
60.0 253.584014892578
60.9 9.42754745483398
62.0 122.888641357422
62.2 14.2909030914307
62.8 75.9262161254883
62.9 81.7769012451172
63.1 176.212783813477
63.7 10.9181680679321
63.8 29.1263942718506
64.0 80.663200378418
65.0 152.017150878906
65.9 45.1228332519531
66.0 48.8722534179688
67.0 357.473205566406
67.9 12.0038051605225
68.0 12.1977233886719
68.2 40.9166069030762
69.1 207.355407714844
69.9 26.8004608154297
70.1 4.24736022949219
70.2 76.5243301391602
71.1 332.599914550781
72.0 61.822093963623
72.3 11.7617139816284
73.0 306.41796875
73.9 62.6385307312012
74.0 185.613433837891
75.0 349.759948730469
75.8 45.3415069580078
75.9 28.1473064422607
76.1 118.187187194824
79.0 698.354187011719
79.9 97.4527435302734
80.0 18.1956100463867
81.0 448.447265625
82.0 85.7788391113281
82.1 60.8285293579102
83.0 173.520126342773
83.0 1943.04858398438
83.9 130.255996704102
84.1 57.2578315734863
84.9 107.246887207031
85.9 47.9557723999023
87.0 79.9951629638672
87.1 9.5664176940918
87.8 6.85014724731445
87.9 168.934295654297
88.0 112.202308654785
89.0 248.026733398438
89.1 244.025527954102
90.1 369.193542480469
91.0 33.4151000976563
92.1 2.72300338745117
92.2 11.9349060058594
93.0 75.7452697753906
93.1 24.066089630127
95.0 232.211303710938
96.0 139.754821777344
96.2 22.2294273376465
96.9 57.2161064147949
97.0 168.829620361328
98.0 150.057693481445
98.2 20.6119155883789
98.5 8.75393867492676
98.8 14.7700433731079
99.6 12.7461032867432
99.8 44.1549606323242
100.0 32.5387649536133
100.2 3.19240188598633
101.0 366.078125
101.9 197.389373779297
102.0 147.660278320313
102.1 51.5606384277344
102.8 46.6415214538574
103.1 101.442413330078
103.7 12.6619272232056
103.9 30.8949432373047
104.3 11.219747543335
104.7 4.61293888092041
105.1 77.7024230957031
105.3 13.1800498962402
106.4 11.8807001113892
106.9 14.5589008331299
107.0 375.152740478516
107.9 37.8442764282227
107.9 12.5603637695313
108.1 337.040100097656
109.0 25718.283203125
110.0 2088.12548828125
111.1 172.270645141602
111.9 66.4589309692383
112.0 5.15878295898438
112.2 12.3896284103394
112.7 14.9022617340088
113.0 42.4962158203125
113.1 9.50217437744141
113.9 89.7455215454102
114.0 235.030654907227
114.1 96.830078125
115.0 768.96875
115.1 222.189468383789
115.9 95.0072708129883
116.0 362.41845703125
116.1 69.6023406982422
117.0 161.693298339844
118.0 113.766448974609
119.1 38.2989654541016
119.9 15.4378366470337
120.1 23.1774005889893
120.8 36.689624786377
121.8 23.8660507202148
122.0 54.3776473999023
122.6 26.0010719299316
122.8 129.116638183594
124.1 31.4113483428955
124.7 18.9655666351318
125.0 146.629608154297
125.2 13.6624889373779
126.0 38.4976501464844
126.2 48.3698959350586
126.9 166.297988891602
127.0 94.6082153320313
127.8 11.878173828125
127.9 362.277648925781
128.0 211.682281494141
129.0 425.396240234375
129.9 70.8652114868164
130.0 365.319885253906
130.9 66.7837982177734
131.8 30.5258960723877
132.1 17.4645881652832
133.1 207.86018371582
134.0 56.1097831726074
134.2 10.5413551330566
135.0 8.29367828369141
135.2 107.109596252441
136.1 282.252471923828
137.0 494.37890625
138.0 21.1115417480469
139.0 230.941299438477
139.7 53.4592247009277
139.9 115.677093505859
140.0 64.8544082641602
141.0 141.09423828125
142.0 28.8229370117188
142.1 180.90901184082
142.3 26.472131729126
143.0 460.735870361328
143.1 215.805435180664
144.0 1096.85180664063
145.0 308.179321289063
145.8 13.8183450698853
145.9 45.8865013122559
146.1 32.6864929199219
146.6 20.8904666900635
146.9 88.2336730957031
148.2 79.7943420410156
148.9 40.9800491333008
149.9 37.4440879821777
150.2 36.4128684997559
151.0 248.156555175781
151.7 17.5725517272949
151.9 54.2438163757324
152.0 210.166000366211
152.8 46.0613250732422
152.9 12.5886993408203
153.0 58.5165634155273
153.2 19.0478324890137
153.9 306.180480957031
154.1 69.1209411621094
154.2 12.8794736862183
155.0 366.018798828125
155.9 310.295654296875
157.0 68.9320678710938
157.9 66.6870422363281
158.0 41.9414672851563
160.0 603.333740234375
160.9 296.430541992188
161.9 38.9381675720215
163.1 84.8675842285156
163.7 19.4435405731201
163.8 21.3526000976563
163.9 22.4876403808594
164.1 45.7877807617188
165.0 107.102836608887
165.9 70.1389694213867
166.1 149.026992797852
167.0 608.390686035156
167.1 381.666625976563
167.9 222.471374511719
168.0 139.01025390625
168.7 18.4533500671387
168.9 215.301361083984
169.1 1.55826568603516
169.9 168.51887512207
170.1 79.9301147460938
170.4 25.8174819946289
171.0 74.2091064453125
172.8 28.2652435302734
173.0 46.6464462280273
173.1 3.59297370910645
174.8 34.2061309814453
175.0 100.874282836914
175.8 23.988655090332
176.8 72.0788497924805
176.9 19.3887176513672
178.0 39.1051139831543
178.9 77.6636962890625
179.3 18.6501121520996
179.8 1.51160430908203
179.9 262.489807128906
180.0 419.09130859375
181.0 743.194091796875
182.1 1201.10913085938
182.9 156.196411132813
183.0 41.6561813354492
183.1 141.179168701172
183.9 140.038375854492
184.0 121.56706237793
184.2 63.5093765258789
184.7 82.909538269043
185.0 220.86279296875
185.2 14.2161073684692
185.9 51.7353744506836
186.7 43.0922966003418
186.8 71.6912689208984
187.1 29.2339611053467
188.0 25.5457401275635
188.8 98.3788528442383
189.7 13.3722286224365
190.0 5.52571678161621
190.8 155.837188720703
191.0 5.97333908081055
191.9 83.3730545043945
192.0 25.6965713500977
192.9 400.967590332031
193.8 11.6764316558838
194.0 307.556030273438
195.1 168.772491455078
195.9 5.5196533203125
196.0 265.311462402344
197.0 74.8019409179688
197.8 7.10418510437012
198.0 133.69677734375
198.4 14.0222082138062
198.8 41.3813323974609
199.7 12.2455024719238
200.1 36.4054565429688
200.9 131.161560058594
201.7 36.2830505371094
202.6 30.293478012085
202.8 47.6465721130371
203.7 20.4946804046631
203.9 17.9922275543213
204.0 64.1137542724609
204.2 32.8899612426758
204.7 31.8767280578613
205.0 54.4565811157227
206.0 18.5268802642822
207.1 320.372528076172
207.7 5.18370628356934
208.0 174.807418823242
209.1 15.2541961669922
210.0 649.58447265625
210.1 180.15234375
211.0 271.21484375
212.0 20.6183471679688
213.1 395.556182861328
213.8 40.1538734436035
215.0 54.0546875
216.0 124.968505859375
216.9 340.362030029297
218.0 99.5912628173828
219.7 33.2832870483398
219.9 292.7431640625
220.9 274.488311767578
221.9 139.466857910156
222.1 409.997131347656
222.9 350.193298339844
223.9 32.885913848877
224.1 311.474853515625
225.1 541.967834472656
225.9 96.7713623046875
226.1 118.767623901367
226.2 41.0633697509766
226.9 119.084686279297
227.1 7.26515674591064
229.2 27.570032119751
230.0 74.4048767089844
230.1 62.7673377990723
230.6 20.2337551116943
231.0 125.48664855957
231.2 64.1794967651367
232.1 3870.19848632813
233.0 271.01220703125
234.0 238.860900878906
234.9 314.355285644531
235.7 20.7499961853027
236.0 69.2302398681641
237.0 318.20263671875
238.8 86.1548614501953
239.0 299.492645263672
239.7 11.2596559524536
239.8 7.71930885314941
239.9 142.342315673828
240.7 35.833869934082
241.0 98.9127197265625
241.2 38.9878082275391
242.0 32.7130355834961
242.2 7.66020488739014
243.0 28.3723983764648
244.7 4.18230533599854
244.9 131.314788818359
245.2 14.6928234100342
246.0 26.3666114807129
246.7 36.7506256103516
246.9 32.5819396972656
247.0 18.9211959838867
248.0 17.4535522460938
248.8 5.07465934753418
248.9 10.1310119628906
249.0 93.3955917358398
250.1 79.5406036376953
250.5 10.8725118637085
250.8 31.4384441375732
250.9 68.486572265625
251.0 95.5245666503906
252.1 9356.1357421875
253.0 622.541381835938
253.0 1066.712890625
253.2 42.3010406494141
253.9 49.7467651367188
254.0 149.895614624023
254.2 38.4948577880859
254.9 61.1890029907227
256.0 4.07555818557739
256.9 87.407585144043
257.9 51.3100395202637
258.7 46.0647125244141
258.9 27.6422214508057
259.1 51.1231689453125
260.1 3.54608726501465
260.8 69.6611022949219
261.3 17.813777923584
262.0 5.04587078094482
262.1 27.4455127716064
262.9 27.0626525878906
263.2 11.055139541626
263.8 10.7632808685303
264.9 30.306957244873
266.0 110.588157653809
266.9 29.2952690124512
267.0 571.282470703125
267.1 566.581237792969
268.0 298.606231689453
268.1 11.1252021789551
268.7 15.1372365951538
268.9 70.7959442138672
269.0 35.446159362793
269.7 11.2016687393188
270.9 200.237838745117
271.6 11.8951559066772
271.8 39.4373931884766
272.1 24.3060359954834
272.8 280.518432617188
273.7 30.9724273681641
274.0 0.366689682006836
274.9 325.096832275391
275.7 9.03025722503662
275.8 31.131965637207
276.0 369.516357421875
276.2 13.5875091552734
276.8 86.2025299072266
277.0 159.880889892578
278.0 21.5303764343262
278.1 11.4955501556396
278.8 49.3938369750977
278.9 25.7301025390625
281.0 155.923583984375
282.1 24.4273662567139
283.0 13.799201965332
283.2 17.6221446990967
284.9 81.4273681640625
285.7 35.3029327392578
286.1 126.449287414551
286.2 10.5004529953003
287.1 1210.20983886719
287.8 16.1790809631348
287.9 54.5576095581055
288.0 177.647064208984
288.2 66.5101013183594
288.9 1219.1005859375
290.1 423.551879882813
290.2 79.0718231201172
290.8 52.7272491455078
291.1 887.349853515625
292.0 175.232772827148
292.1 163.193344116211
292.2 22.1720848083496
293.1 165.879974365234
293.8 21.5557537078857
293.9 274.625366210938
294.7 18.8778419494629
294.8 15.7445297241211
294.9 325.480285644531
295.7 12.3146419525146
296.0 22.3391647338867
296.2 9.58491897583008
296.8 66.8257904052734
297.5 15.3702516555786
297.8 86.7595596313477
298.1 11.7424058914185
298.2 15.4403829574585
298.8 17.6102561950684
298.9 128.71614074707
301.0 66.7452697753906
302.8 39.1761512756348
303.0 55.8969535827637
305.0 37.5269165039063
305.9 15.57692527771
306.1 290.950317382813
306.2 133.016052246094
306.9 63.1716156005859
307.0 38.4358139038086
307.2 12.9065074920654
308.0 146.204879760742
308.1 177.471939086914
308.9 4.92606449127197
309.0 42.5970878601074
310.9 46.1634635925293
311.4 14.1290168762207
312.0 40.4259605407715
314.8 11.793158531189
316.0 24.1855735778809
316.9 11.9793586730957
319.0 101.551422119141
319.1 51.2454376220703
320.0 17.6241283416748
320.1 12.7582960128784
322.9 21.2549285888672
323.2 41.7237396240234
326.7 15.7051963806152
327.0 12.9849262237549
330.1 316.963928222656
330.2 267.341339111328
330.8 32.7907180786133
331.0 115.811256408691
332.0 33.8402137756348
332.1 96.0446701049805
332.2 48.053596496582
333.1 41.6304092407227
334.1 1936.06811523438
334.3 29.1244602203369
334.8 15.4249696731567
335.0 18.0169677734375
335.1 342.306518554688
335.2 139.01513671875
336.1 17.1533946990967
348.0 45.397762298584
349.0 0.334659576416016
349.2 1176.43273925781
349.7 4.5675163269043
349.9 124.559989929199
350.1 214.422821044922
350.2 68.0604400634766
350.8 14.6824321746826
350.9 32.9691734313965
351.1 41.2039794921875
352.8 11.1477966308594
352.9 14.0199890136719
354.8 6.54236507415771
359.0 14.5666379928589
362.8 13.9136953353882
363.0 40.9809532165527
366.0 10.2859869003296
369.1 12.1668605804443
370.8 11.8270483016968
374.9 11.5972728729248
401.2 1.72488689422607
