#"+EI Scan (rt: 4.036-4.101 min, 12 scans) R3M2.D  Subtract "
#Point,X(Thompsons),Y(Counts)
40.1 1746.62341308594
41.1 56344.8984375
42.1 7044.02783203125
43.1 48038.78515625
44.0 3030.73681640625
45.0 2067.87182617188
45.9 104.314918518066
46.1 574.671264648438
47.1 11405.2099609375
47.9 114.245994567871
48.1 171.825622558594
48.9 104.557571411133
49.0 47.2885055541992
49.9 483.948852539063
50.0 648.888427734375
51.0 3247.48583984375
52.0 982.471862792969
52.1 447.763885498047
53.1 4163.73388671875
53.9 43.2329940795898
54.1 2409.36987304688
55.1 22393.27734375
56.1 5978.5107421875
57.0 1815.796875
57.9 0.735877990722656
58.0 90.7121124267578
58.2 488.29833984375
59.0 26302.705078125
60.0 2023.50341796875
61.0 3973.708984375
62.0 3019.79321289063
63.0 5440.4091796875
63.8 16.7773685455322
64.0 1652.19970703125
64.3 18.1737155914307
65.0 2590.86645507813
65.8 38.0686187744141
66.0 426.307769775391
66.1 58.4323272705078
67.0 3457.23291015625
67.9 32.071964263916
68.1 1696.71240234375
69.1 15816.904296875
70.1 3798.14208984375
71.0 995.266479492188
71.1 745.728210449219
72.0 933.068176269531
72.1 951.837463378906
73.0 4599.892578125
73.9 35.5380706787109
74.0 2218.59033203125
75.0 6526.89306640625
76.0 6260.484375
77.0 14924.44921875
78.0 6203.423828125
79.0 1535.19677734375
79.7 21.1205615997314
80.0 124.036148071289
80.1 78.6188888549805
81.0 2286.32446289063
82.0 1217.38220214844
83.0 4399.77099609375
83.9 283.576751708984
84.1 848.382873535156
85.0 1190.1005859375
85.1 186.540481567383
85.9 55.3238830566406
86.0 651.815673828125
86.1 295.663665771484
87.0 4181.73974609375
88.0 11825.8837890625
89.0 35784.828125
90.0 5965.56396484375
90.9 51.7113609313965
91.0 2923.96801757813
91.9 115.42407989502
92.0 606.369873046875
92.2 33.1099090576172
92.9 122.24382019043
93.0 137.060165405273
93.9 156.959579467773
94.1 85.4326553344727
94.8 45.0116271972656
94.9 163.093078613281
95.0 63.1208953857422
95.3 31.6064777374268
96.0 170.105499267578
96.1 194.964965820313
96.2 75.8206253051758
96.8 16.0585746765137
97.0 253.391586303711
97.2 88.3982772827148
98.0 2446.4775390625
98.8 56.4987106323242
99.0 252.424957275391
99.1 754.39453125
99.2 32.4757652282715
100.0 1713.90966796875
100.1 179.421646118164
101.0 16808.921875
102.0 42552.48046875
103.0 20260.359375
104.0 2264.31372070313
104.1 820.077392578125
105.0 539.4736328125
105.1 62.5194778442383
105.8 93.8326263427734
105.9 733.970275878906
106.1 452.881286621094
106.7 45.5425987243652
107.0 488.587585449219
107.5 29.4375629425049
107.6 17.5797309875488
107.8 42.5880355834961
108.0 105.902618408203
108.2 54.1919708251953
109.0 2326.82666015625
110.0 539.451782226563
111.0 411.995422363281
111.1 66.2150268554688
111.9 8.73810291290283
112.0 387.615814208984
112.2 117.462860107422
113.0 1169.32763671875
113.1 995.600952148438
114.1 19533.609375
115.0 62846.5546875
116.0 108715.8203125
117.0 19119.89453125
117.9 86.4752349853516
118.0 7027.568359375
118.9 117.577850341797
119.0 859.852722167969
119.8 108.012001037598
119.9 139.015487670898
120.1 82.8569869995117
120.6 8.71128368377686
120.9 9.25389862060547
121.0 199.319519042969
121.7 66.9784164428711
121.9 43.2670707702637
122.1 84.020637512207
122.2 60.331672668457
122.9 167.134521484375
123.0 125.560775756836
123.8 87.8914794921875
124.0 80.6142425537109
124.8 113.56103515625
125.0 122.88037109375
125.1 50.9403800964355
125.9 150.966781616211
126.0 751.766296386719
126.2 123.454811096191
126.9 16.3199615478516
127.0 5096.8017578125
128.0 50683.62109375
129.0 93308.96875
130.0 86456.875
131.0 14115.9755859375
132.0 3970.30810546875
133.0 941.505126953125
133.8 40.8573875427246
133.9 112.642372131348
134.0 118.951599121094
134.1 82.2024993896484
134.9 13.2779731750488
135.0 725.070617675781
135.9 14.8337707519531
136.1 368.951446533203
136.1 75.8565063476563
137.0 11351.396484375
138.0 1897.09655761719
139.0 1420.51708984375
140.0 3142.46752929688
141.0 4392.04052734375
142.1 9844.640625
143.0 93854.7734375
144.0 325567.0625
145.0 36972.3046875
146.0 4323.2666015625
146.7 5.99233531951904
147.0 800.980163574219
148.0 199.119415283203
148.1 1947.7763671875
148.2 63.3781585693359
148.8 25.8132343292236
148.8 59.9831123352051
149.0 247.434204101563
149.1 18.7921829223633
149.8 7.78065299987793
150.0 141.95393371582
150.1 175.611373901367
150.7 55.4606323242188
151.3 80.1633605957031
151.6 2367.13232421875
151.7 1062.533203125
153.0 717.632446289063
153.1 861.175964355469
154.1 8373.5537109375
155.0 15665.51171875
156.0 17674.033203125
157.0 27008.625
158.0 14511.8857421875
159.0 6240.10009765625
160.0 4095.93676757813
160.9 192.072723388672
161.0 854.714477539063
161.8 123.064361572266
162.0 315.330444335938
162.1 83.8292694091797
162.9 623.084228515625
163.8 28.3002738952637
164.0 218.022125244141
164.8 113.98600769043
165.0 255.572036743164
165.8 31.2690773010254
165.9 77.1902084350586
166.1 595.509826660156
166.1 127.243873596191
167.0 4756.7255859375
168.1 5973.72314453125
169.1 3872.73486328125
170.1 24033.953125
171.0 9244.888671875
172.1 4100.6455078125
173.1 90649.0390625
174.1 31088.380859375
175.0 879.676025390625
175.1 2451.81665039063
175.9 33.0575180053711
176.1 3077.57592773438
176.9 202.428176879883
177.0 281.172271728516
177.9 53.1573333740234
178.0 242.312133789063
178.8 53.4990043640137
179.0 284.685607910156
179.1 116.884986877441
179.9 203.9150390625
180.0 762.664916992188
180.3 58.7707023620605
181.0 1576.81774902344
182.0 2892.93505859375
183.0 2948.61181640625
184.1 12519.798828125
185.0 5028.02490234375
186.1 2560.07080078125
187.0 2117.08959960938
187.9 101.854141235352
188.0 1011.73229980469
188.2 56.5322723388672
188.9 389.691833496094
189.2 56.1745758056641
190.0 150.180191040039
191.0 345.844696044922
191.8 18.6762390136719
191.9 28.9230728149414
192.0 304.207244873047
192.2 27.5092639923096
193.0 636.084838867188
193.9 172.221374511719
194.0 329.709259033203
194.9 345.439453125
195.0 679.229614257813
196.0 1084.64233398438
196.1 9.78819561004639
197.0 1929.32470703125
198.1 4829.77490234375
199.0 3204.7822265625
200.0 210.554656982422
200.1 1458.67883300781
201.0 2525.73461914063
202.0 762.614196777344
202.1 564.719970703125
203.0 758.255798339844
203.1 782.168395996094
204.1 12263.0498046875
205.1 10283.5302734375
206.0 76.551513671875
206.1 5256.6162109375
207.0 1344.98571777344
207.9 160.503479003906
208.0 184.307769775391
208.2 45.4800910949707
208.9 255.944030761719
209.1 450.385681152344
210.0 1290.06567382813
210.1 337.082366943359
211.0 4425.1328125
212.1 14283.1484375
213.1 3347.38134765625
214.1 3186.46533203125
215.0 6612.0947265625
216.0 1633.20837402344
217.0 936.13427734375
217.1 275.549102783203
218.0 650.158569335938
219.0 1873.26293945313
219.9 473.415100097656
220.1 92.534912109375
220.9 287.004333496094
221.1 100.134666442871
221.6 19.8475284576416
222.0 182.56086730957
222.1 81.3358535766602
222.9 381.871276855469
223.1 73.3981246948242
223.8 7.9633150100708
223.9 95.4652099609375
224.0 184.429626464844
224.2 57.587818145752
224.3 16.7899379730225
224.9 385.833374023438
225.0 301.151184082031
225.7 17.1625690460205
225.8 59.1824684143066
225.9 76.7118301391602
226.1 380.907592773438
226.2 152.63655090332
227.1 4553.45458984375
228.1 2307.86059570313
228.2 398.436706542969
229.0 94.0239868164063
229.1 1838.77917480469
230.1 14594.1318359375
231.1 12179.4189453125
232.1 1106664.875
233.1 178376.296875
234.1 17759.025390625
235.0 1888.30078125
236.0 83.6198654174805
236.1 232.212112426758
237.0 3897.74560546875
238.0 736.179016113281
239.0 514.126708984375
240.0 211.584518432617
240.1 257.66650390625
240.8 216.117889404297
241.0 368.512573242188
241.7 72.5529861450195
241.9 154.052780151367
242.1 102.663764953613
242.2 44.0907135009766
242.7 41.0449066162109
242.9 292.924896240234
243.1 235.153579711914
244.1 1739.95373535156
244.2 285.028961181641
245.0 307.028991699219
245.1 5375.47314453125
246.0 68.649658203125
246.1 3158.076171875
247.2 11410.56640625
248.1 403301.8125
249.1 63699.15625
250.1 5783.35693359375
251.0 185.780792236328
251.1 482.693298339844
251.9 19.7592868804932
252.0 66.3188705444336
252.1 50.7051391601563
253.0 462.006225585938
253.1 208.785095214844
253.7 14.8106050491333
253.9 53.2264251708984
254.0 155.668594360352
254.9 201.593139648438
255.0 42.1648406982422
255.8 55.3654975891113
256.0 81.4404220581055
256.1 17.4172630310059
257.0 354.366577148438
257.8 51.7674102783203
258.0 386.192779541016
258.2 97.9336318969727
259.1 2269.7919921875
259.2 530.7001953125
260.1 12209.9970703125
260.9 36.7371292114258
261.1 2222.33544921875
262.0 153.598327636719
262.1 228.135620117188
262.3 64.0504989624023
262.9 68.2082214355469
263.1 57.9781227111816
263.2 59.702808380127
264.0 38.4631996154785
264.2 21.1721591949463
265.1 61.3311767578125
265.2 55.5367126464844
267.1 387.676971435547
267.9 16.2905368804932
268.0 56.0919456481934
268.2 34.400821685791
268.8 46.765926361084
269.0 313.382904052734
269.9 132.170349121094
270.1 70.7556915283203
271.1 1508.099609375
271.6 14.7386617660522
272.0 399.359741210938
273.1 1078.1904296875
274.0 366.657440185547
274.2 118.094078063965
275.0 495.33349609375
275.9 173.139984130859
276.1 417.383148193359
276.9 289.575347900391
277.0 170.513442993164
277.2 44.3461494445801
277.9 183.027679443359
278.1 171.23486328125
278.8 46.846565246582
278.9 112.678314208984
279.1 48.6882095336914
279.9 39.221378326416
280.1 42.0738792419434
280.9 10.9728927612305
281.0 159.05696105957
281.2 140.233001708984
281.9 42.973087310791
282.1 34.0872268676758
282.7 19.5246696472168
282.9 13.9373073577881
283.1 261.955871582031
283.2 37.4145431518555
284.0 80.4189224243164
284.2 35.8433494567871
285.1 1558.32946777344
286.0 232.228607177734
286.1 452.844879150391
287.1 13288.251953125
287.2 2406.85473632813
288.1 8292.4462890625
289.0 2625.373046875
290.0 517.961608886719
290.9 191.136611938477
291.0 38.4596633911133
291.8 0.872931480407715
292.0 78.9501190185547
293.0 1156.13232421875
294.0 372.852111816406
295.0 415.163055419922
295.9 10.4691772460938
296.0 99.4254455566406
296.9 278.412109375
297.0 181.499710083008
297.7 50.5391654968262
297.9 165.439163208008
298.9 190.831787109375
299.1 10.6172370910645
299.8 47.3535041809082
300.2 68.0208358764648
301.1 355.98046875
301.2 1152.5263671875
302.0 33.3265724182129
302.1 1378.6396484375
303.2 16309.3642578125
304.0 58.5014762878418
304.2 3228.572265625
304.8 2.61834049224854
305.0 239.838333129883
305.1 451.699737548828
306.0 16.0099811553955
306.9 146.960586547852
307.1 57.6732330322266
307.9 11.9034862518311
308.1 24.1705131530762
309.0 41.4147453308105
309.2 93.916618347168
309.9 14.5321264266968
310.1 22.3656787872314
310.2 34.2051582336426
310.9 72.1844787597656
311.1 168.862380981445
311.7 15.8777046203613
313.0 54.7517356872559
314.1 66.8002243041992
314.2 47.0449447631836
315.1 13473.1162109375
316.0 49.4617500305176
316.1 2507.81396484375
316.2 465.833984375
317.1 252.1552734375
317.2 392.808471679688
317.4 16.2850933074951
317.9 30.7888031005859
318.0 46.3220329284668
318.2 72.2500228881836
318.4 62.2758979797363
318.9 142.226089477539
319.1 294.328674316406
320.2 8898.7353515625
321.2 1928.92175292969
321.9 41.0923233032227
322.1 125.175025939941
322.2 126.413230895996
322.8 14.654974937439
322.9 33.2736015319824
323.2 16.8243579864502
324.2 174.269104003906
325.1 35.5596618652344
325.2 44.0385932922363
326.0 51.130428314209
326.8 36.1230430603027
327.0 69.377311706543
327.1 14.44886302948
327.9 45.9852294921875
328.1 146.737533569336
328.3 21.4239273071289
328.9 24.3815498352051
329.1 938.848205566406
329.2 140.686233520508
330.1 605.950012207031
330.2 1998.24401855469
331.0 228.9482421875
331.2 4648.01904296875
332.1 294.529602050781
332.2 723.958190917969
333.2 1379.822265625
333.9 15.7436141967773
334.1 96.275146484375
334.2 200.033126831055
334.8 56.9908294677734
335.0 57.8165664672852
335.1 13.3795051574707
335.9 18.6621646881104
336.1 175.541641235352
336.9 15.8120908737183
337.0 61.4217796325684
339.1 15.1853971481323
339.3 15.0225458145142
340.1 74.3885726928711
340.9 44.6428108215332
341.0 27.5385417938232
341.3 32.3210868835449
342.2 756.726013183594
343.0 79.7822952270508
343.1 218.854675292969
343.3 15.9792060852051
344.2 1267.16381835938
345.2 3179.48266601563
345.2 1261.84265136719
346.1 169.874465942383
346.2 905.275207519531
346.3 88.1391372680664
346.9 15.169825553894
347.0 16.6579494476318
347.2 668.924194335938
348.2 87.167236328125
348.3 62.673267364502
348.9 72.5747451782227
349.0 25.39772605896
349.1 27.3999404907227
349.7 17.4934329986572
349.9 0.968692779541016
350.8 58.6990165710449
351.2 33.6929321289063
352.5 16.4361782073975
352.8 44.6344337463379
352.9 101.212158203125
354.9 26.4926280975342
356.8 28.3985805511475
358.8 43.0129508972168
358.9 23.1965293884277
359.1 13.6010541915894
359.8 13.2807512283325
360.1 58.3776588439941
360.2 64.9583358764648
361.2 1326.04943847656
362.2 78235.6484375
363.2 19023.748046875
364.1 33.9027214050293
364.2 2540.94775390625
365.1 224.703659057617
365.2 13.7002515792847
366.2 25.6517009735107
366.9 6.87823867797852
367.0 66.3315734863281
368.9 15.6079435348511
370.8 50.7625122070313
371.0 82.2915878295898
374.2 73.9878540039063
374.4 25.2217350006104
374.5 18.80735206604
377.0 9.08090209960938
387.0 13.2806329727173
389.9 12.7842254638672
400.9 16.4792728424072
404.9 16.8013439178467
429.0 17.9736499786377
