#"+EI Scan (rt: 8.874-9.008 min, 24 scans) R10M2.D  Subtract "
#Point,X(Thompsons),Y(Counts)
40.1 122.930885314941
40.1 152.417236328125
41.1 12731.978515625
41.9 105.230804443359
42.0 610.414306640625
43.1 5314.330078125
43.2 46.998607635498
44.0 583.486206054688
44.9 132.714172363281
45.0 63.7982788085938
45.8 7.40535879135132
46.0 84.2304611206055
46.1 116.863960266113
47.0 3560.25854492188
48.0 59.3676109313965
48.9 79.0433349609375
49.0 5.27163457870483
49.9 47.7618637084961
50.0 948.655883789063
51.0 1974.30651855469
51.8 31.1200351715088
52.0 302.735931396484
52.1 325.02685546875
52.9 148.474029541016
53.0 838.678466796875
54.0 77.7727508544922
54.1 83.3093872070313
54.2 13.8039255142212
55.0 130.077972412109
55.1 1069.13549804688
56.0 253.409698486328
57.0 203.008422851563
57.1 29.8764362335205
57.8 18.1196155548096
57.9 72.7530517578125
58.0 27.6101379394531
58.1 7.44393348693848
59.0 2788.18212890625
59.8 10.031289100647
59.9 71.5282897949219
60.0 46.5624160766602
60.2 19.6377944946289
61.0 394.394989013672
61.0 1127.08911132813
62.0 2542.97583007813
63.0 5945.5771484375
63.9 443.648620605469
64.0 793.869812011719
65.0 3308.12622070313
65.9 89.3565139770508
66.0 208.966766357422
66.1 55.6823616027832
67.0 453.253051757813
67.1 309.701812744141
68.0 25.5058555603027
68.1 43.8466987609863
69.1 3212.41455078125
70.0 145.286743164063
70.1 133.672576904297
70.8 5.87876081466675
70.9 22.7078437805176
71.0 38.8191337585449
71.1 63.5918426513672
71.2 7.3215503692627
71.5 7.16305732727051
71.8 21.3567924499512
71.9 90.6890487670898
72.1 55.4273490905762
72.2 34.1934356689453
73.0 914.887939453125
73.9 4.58402442932129
74.0 1608.71887207031
75.0 3877.14526367188
76.0 498.072998046875
76.1 2427.04125976563
77.0 4924.97216796875
78.0 2246.17236328125
78.9 727.067443847656
79.8 9.38105964660645
79.9 17.9662818908691
80.0 23.5642166137695
81.0 412.489379882813
81.8 27.6371002197266
82.0 35.2435684204102
82.1 14.6468811035156
82.8 18.9255447387695
83.1 93.9231033325195
84.0 18.6656951904297
84.8 25.6317253112793
84.9 125.900489807129
85.0 97.2201232910156
85.8 13.5231323242188
85.9 373.971771240234
86.0 466.689178466797
86.1 93.0310363769531
87.0 987.731628417969
87.1 1438.20080566406
88.0 5910.15625
89.0 20558.8515625
90.0 2316.43139648438
91.0 299.085418701172
91.1 169.669769287109
91.8 18.9183597564697
91.9 22.1501598358154
92.1 28.5235500335693
92.2 31.0412845611572
92.7 32.172981262207
92.9 36.2627754211426
94.1 5.91068553924561
94.7 52.6438064575195
95.0 56.0193099975586
95.8 8.9747314453125
96.0 105.94123840332
96.2 44.9858818054199
96.9 72.0247039794922
97.0 50.973030090332
97.2 1.26386094093323
97.9 168.917678833008
98.0 203.250610351563
98.8 35.9564323425293
98.9 132.30094909668
99.0 149.067825317383
99.1 23.8636093139648
99.3 7.17161893844604
99.7 15.6767730712891
99.9 132.221542358398
100.0 162.16877746582
100.1 244.298217773438
101.0 5859.44580078125
102.0 13091.248046875
103.0 4585.517578125
103.8 36.7487564086914
103.9 194.485366821289
104.0 293.593078613281
104.1 51.8825950622559
104.7 12.0010023117065
104.9 36.0055847167969
104.9 46.6317138671875
105.7 15.5298843383789
105.9 13.2969560623169
106.1 44.0609130859375
106.2 7.56728363037109
106.5 6.81315565109253
106.7 22.5113658905029
106.8 53.760799407959
107.0 80.7372207641602
107.2 15.5271577835083
107.8 44.2872467041016
107.9 14.7941884994507
108.0 24.2775287628174
108.3 7.58663129806519
109.0 391.755950927734
109.1 123.667739868164
109.9 82.6418838500977
110.0 176.332122802734
110.3 7.72993230819702
110.8 31.4291381835938
111.0 135.893463134766
111.1 77.4911193847656
111.4 10.7612981796265
111.7 8.58758640289307
112.0 61.9374885559082
112.1 76.7678451538086
112.2 44.4827613830566
113.0 4356.43115234375
114.1 10913.7509765625
115.0 112560.0390625
116.0 43022.75
117.0 4718.77001953125
117.9 348.547760009766
118.1 179.500045776367
118.9 11.0725479125977
119.0 127.59937286377
119.7 7.58584833145142
119.9 5.99751567840576
120.0 28.6598110198975
120.1 58.9729194641113
120.7 33.8186569213867
120.8 59.8237037658691
120.9 63.8720741271973
121.0 2.98976564407349
121.9 16.9544048309326
122.0 15.4897003173828
122.1 12.7604293823242
122.7 3.59773349761963
122.8 133.306457519531
124.0 26.980525970459
124.2 6.78622579574585
125.0 218.40007019043
125.1 23.7007102966309
125.8 104.407699584961
126.0 668.294921875
126.0 708.244445800781
126.9 235.568618774414
127.0 3295.9892578125
128.0 13298.0888671875
129.0 21234.3203125
130.0 9503.599609375
130.9 138.054992675781
131.1 983.751037597656
131.8 31.1885986328125
132.0 153.356628417969
132.8 179.77490234375
133.0 72.3106460571289
133.6 7.40954780578613
133.8 20.7634029388428
134.0 25.0036582946777
134.1 30.970085144043
134.2 18.2693557739258
135.0 437.279052734375
135.7 20.3106269836426
135.9 82.4949340820313
136.0 57.9868927001953
137.0 4275.6484375
137.8 13.9120826721191
138.0 610.061279296875
138.1 56.9490356445313
138.9 119.526191711426
139.0 379.407653808594
139.8 22.428897857666
139.9 207.539916992188
140.0 657.059997558594
140.2 43.2144355773926
140.9 16.6325378417969
141.0 1258.31994628906
142.0 215.965423583984
142.1 1915.52160644531
143.0 32241.333984375
144.0 93262.3984375
145.0 9744.46484375
145.9 213.947052001953
146.0 497.184783935547
146.1 114.432243347168
146.8 41.5463447570801
147.0 166.505386352539
147.1 44.4885330200195
147.9 132.781768798828
148.0 201.677719116211
148.1 88.1188430786133
148.8 56.4404945373535
149.0 43.629997253418
149.2 40.3865127563477
149.5 6.57919931411743
149.8 15.3427200317383
149.9 56.9189453125
150.1 153.96240234375
150.3 16.5953121185303
150.5 14.0519781112671
150.9 299.960083007813
151.0 25.420825958252
151.7 11.3991422653198
151.9 151.283737182617
152.0 124.918434143066
152.2 29.6191387176514
152.8 16.9294090270996
152.9 32.4853057861328
153.1 280.978393554688
153.1 60.7303314208984
154.0 1245.8203125
154.1 812.343139648438
155.0 1775.259765625
155.9 63.9069137573242
156.0 2817.82250976563
157.0 5627.47021484375
157.8 35.9007682800293
158.0 2435.80029296875
159.0 1645.66650390625
159.9 108.766670227051
160.0 69.6788635253906
160.9 312.082794189453
161.6 8.37821865081787
161.8 42.0207176208496
162.0 89.644172668457
162.9 132.342834472656
163.0 169.029327392578
163.9 82.0500869750977
164.0 65.84521484375
164.8 22.5665855407715
165.0 101.317077636719
165.1 44.8111572265625
165.9 90.8506927490234
166.1 132.161361694336
167.0 877.207153320313
167.1 413.388336181641
167.8 7.84191513061523
168.0 1285.67004394531
168.9 161.353713989258
169.0 432.356506347656
169.1 112.869300842285
170.1 4769.12890625
171.0 860.97021484375
171.1 344.271026611328
171.7 10.6142730712891
171.9 69.6973342895508
172.0 111.121803283691
172.1 140.674713134766
172.7 24.9119701385498
172.9 48.9111213684082
173.1 20.8413677215576
173.8 122.748886108398
174.0 84.6743850708008
174.1 49.1799278259277
174.9 60.2362060546875
175.0 23.9464263916016
175.7 30.4381809234619
175.9 210.928573608398
176.1 748.48974609375
176.8 92.1534423828125
177.0 107.978775024414
177.2 8.39632415771484
177.7 6.50696516036987
177.9 34.6647491455078
178.1 26.0095405578613
178.3 6.5640025138855
178.8 38.7589530944824
179.0 62.2104301452637
179.1 21.8433132171631
179.8 41.1984786987305
179.9 102.648818969727
180.1 129.794952392578
180.8 216.348114013672
181.1 72.1873168945313
181.8 1.16238594055176
181.9 448.325714111328
182.1 122.158714294434
182.9 182.688934326172
183.0 207.20068359375
183.8 8.53325843811035
184.0 1706.50830078125
184.2 43.6943702697754
184.3 22.0555877685547
185.0 420.189727783203
185.1 118.201820373535
185.8 22.875862121582
185.9 55.8385238647461
186.0 128.736465454102
186.2 26.1456699371338
186.9 12.7096405029297
187.0 144.1953125
187.1 34.3423843383789
187.8 40.3814697265625
188.0 44.0401153564453
188.2 9.73256874084473
188.8 20.9362335205078
188.9 113.598693847656
189.0 10.8335657119751
189.8 23.7305393218994
190.0 31.6209354400635
190.1 6.97423410415649
190.9 99.3552856445313
191.0 24.3830146789551
191.7 7.16162633895874
191.8 37.6389274597168
192.0 49.2616157531738
192.7 9.97395706176758
193.0 286.230804443359
193.9 94.1885986328125
194.9 403.622802734375
195.8 22.317663192749
195.9 174.772079467773
196.0 74.9206161499023
196.9 85.9809265136719
197.0 370.229370117188
197.9 308.581939697266
198.0 376.614990234375
198.1 86.4102478027344
198.9 191.324279785156
199.1 108.518241882324
199.8 24.1052055358887
200.0 263.733642578125
200.1 17.1609954833984
200.8 173.800415039063
201.0 93.5548858642578
201.7 25.3205909729004
201.9 111.963638305664
202.0 361.206756591797
202.1 66.7542266845703
202.5 1.48552513122559
202.8 11.7260093688965
203.0 210.629760742188
203.1 110.040534973145
203.5 6.62643957138062
203.9 145.516876220703
204.1 190.960800170898
204.2 16.8440608978271
204.7 47.7583465576172
204.9 14.4795913696289
205.0 159.754257202148
205.1 54.3428611755371
206.0 13.7169742584229
206.1 12.1513996124268
206.9 117.263885498047
207.0 172.1025390625
207.7 28.729606628418
208.0 124.075416564941
208.9 78.2601470947266
209.9 246.28694152832
210.1 83.7033004760742
210.2 29.0007953643799
211.0 880.982666015625
212.1 6918.37255859375
213.0 101.478179931641
213.1 1430.66345214844
214.0 299.434997558594
214.1 80.3025817871094
215.0 2146.63916015625
216.0 661.082824707031
216.9 101.048400878906
217.0 332.054107666016
217.8 19.7734451293945
218.0 33.1111602783203
218.1 33.0831604003906
218.2 7.3183798789978
218.9 514.826904296875
219.9 14.325439453125
220.0 135.845550537109
220.6 20.6765403747559
220.9 11.5390014648438
221.0 122.672821044922
221.8 82.7595062255859
222.0 15.6060905456543
222.8 106.162696838379
223.0 92.2436828613281
223.1 10.0078783035278
223.6 18.6760959625244
223.7 4.50940895080566
223.9 56.2539443969727
224.0 40.1240158081055
224.1 26.9379825592041
224.7 7.55504322052002
224.9 76.7348175048828
225.0 82.4248428344727
225.1 33.1506423950195
225.5 33.4410057067871
225.7 5.92603302001953
225.9 25.9743137359619
226.0 83.7189483642578
226.1 116.168006896973
226.3 12.812611579895
226.4 8.68067264556885
226.7 22.1859111785889
226.8 71.3408813476563
226.9 224.255401611328
227.1 41.5583801269531
227.3 61.377513885498
227.5 6.2888240814209
227.7 48.8532600402832
227.9 156.289428710938
228.1 237.32014465332
228.2 186.852172851563
228.4 38.0138397216797
228.5 9.20082569122314
228.9 340.005187988281
229.1 441.096923828125
229.3 85.5995407104492
230.1 719.358581542969
230.1 3040.453125
230.9 31.1127891540527
231.1 3527.2294921875
232.1 399291.59375
233.1 67472.46875
234.1 5940.80859375
234.8 2.20535087585449
234.9 79.3342742919922
235.0 341.722473144531
235.8 28.2742156982422
235.9 72.2963638305664
236.9 134.248764038086
237.0 1229.14819335938
237.9 352.161804199219
238.5 11.2546548843384
238.8 17.0400447845459
238.9 110.876312255859
239.0 117.464782714844
239.7 22.1094932556152
239.8 2.08969259262085
240.0 141.895462036133
240.1 31.8117389678955
241.0 578.540649414063
241.1 91.0523681640625
241.9 39.467041015625
242.0 137.055221557617
242.1 116.448585510254
242.7 5.55076313018799
242.9 62.0090065002441
243.0 100.474243164063
243.1 56.1902122497559
243.8 6.58110475540161
243.9 9.60782909393311
244.1 73.6106185913086
244.5 6.18788862228394
244.9 45.9961471557617
245.1 23.9217720031738
246.2 6.69059991836548
247.0 13.6377239227295
248.1 15.7262697219849
248.8 2.17512345314026
249.0 7.47903156280518
249.1 61.9839477539063
250.8 28.9413280487061
251.0 20.4460678100586
252.8 20.3764266967773
253.0 152.255950927734
253.1 32.2903938293457
253.9 60.0384101867676
254.0 115.935607910156
254.2 117.47811126709
254.7 30.8588962554932
255.0 88.9967727661133
255.1 31.795919418335
255.2 7.21042680740356
255.7 29.0970554351807
255.9 93.5779113769531
256.1 38.936107635498
256.1 47.2144660949707
256.3 12.0805902481079
256.9 37.1860580444336
257.0 225.186782836914
257.9 41.3220558166504
258.1 85.8681259155273
258.7 21.0760879516602
258.8 12.0281047821045
258.9 34.01123046875
259.0 4.58640766143799
259.2 10.9994354248047
260.8 12.6600465774536
262.9 6.79629850387573
265.9 23.6855983734131
266.8 34.5085983276367
267.0 47.5542221069336
267.1 24.4518299102783
268.0 19.1012172698975
268.1 18.0135307312012
268.9 174.237411499023
269.1 13.7085418701172
269.9 168.82780456543
270.0 86.3440170288086
270.2 8.02130889892578
270.9 239.916213989258
271.8 7.73993015289307
272.0 87.5304260253906
272.1 60.6186599731445
272.9 55.0915679931641
273.0 137.008453369141
273.7 21.1689739227295
273.9 44.0340843200684
274.0 2.36063241958618
274.6 10.8387613296509
274.8 100.864891052246
275.0 29.3694610595703
275.6 4.15107440948486
275.8 11.8178234100342
276.0 19.362133026123
276.3 7.82382917404175
276.8 27.5265350341797
277.0 76.6955261230469
277.9 44.8192176818848
278.1 18.6767768859863
278.6 9.398850440979
278.8 15.0893230438232
278.9 15.325798034668
279.0 65.8264312744141
280.7 10.208288192749
280.8 47.7971343994141
280.9 98.0884475708008
281.8 10.0178909301758
281.9 14.6654071807861
282.2 7.58332109451294
282.8 10.1132860183716
283.0 34.0498466491699
283.1 26.9616832733154
284.0 27.9393692016602
284.1 70.188835144043
285.0 379.595001220703
285.1 31.0687828063965
285.7 2.99505186080933
285.9 49.436450958252
286.0 133.866485595703
286.1 69.2507705688477
286.8 25.5743312835693
286.9 19.7476844787598
287.1 61.2253303527832
288.0 12.4882717132568
288.9 251.442733764648
289.0 74.1636352539063
289.1 48.1170043945313
289.9 53.4655914306641
289.9 100.384223937988
290.0 43.1125259399414
290.7 9.06640625
290.8 3.97973823547363
290.9 62.755916595459
291.7 4.0364465713501
291.9 0.816294193267822
292.9 59.3173675537109
293.0 373.288452148438
293.8 2.97483825683594
294.0 139.343811035156
294.1 48.2057113647461
294.9 229.559646606445
295.0 26.9062156677246
296.0 33.2475166320801
296.1 6.69346570968628
297.0 255.045791625977
297.1 9.08449554443359
297.8 4.16450071334839
297.9 72.7473373413086
298.0 77.2537384033203
298.1 6.74253797531128
298.8 8.92485046386719
298.9 48.7931823730469
300.0 140.112060546875
300.1 1103.80432128906
300.2 51.4222679138184
300.8 9.17086410522461
300.9 127.432243347168
301.0 192.426834106445
301.2 56.474308013916
302.7 8.94151210784912
304.9 4.67075443267822
306.8 2.46274948120117
306.9 35.3335266113281
309.0 5.66421699523926
311.0 90.4572067260742
311.1 12.6948852539063
312.1 5.37900304794312
313.1 6.42809152603149
314.9 0.14830207824707
315.0 29.852123260498
316.8 7.51573514938354
318.9 6.45805597305298
329.0 17.4145374298096
331.1 7.37719869613647
332.5 6.80546140670776
334.9 7.87243938446045
342.0 27.0253982543945
342.2 9.62558460235596
346.1 22.5894317626953
346.2 10.2616128921509
346.9 5.44191980361938
348.6 6.25417757034302
348.8 13.4310388565063
351.1 15.4951477050781
353.0 17.2241458892822
353.1 17.4989147186279
356.1 8.7137336730957
358.0 15.0479326248169
358.1 39.2386131286621
358.2 9.31804275512695
358.3 6.56170797348022
359.0 64.5226287841797
359.1 73.4142684936523
359.3 15.3137617111206
363.0 7.71741104125977
367.0 45.5219459533691
367.1 14.5530014038086
370.8 19.9540843963623
372.1 7.11718893051147
374.0 137.964340209961
374.1 125.457916259766
374.2 100.952262878418
375.0 138.071044921875
375.1 386.751495361328
375.2 118.117218017578
375.9 30.71555519104
376.1 68.0743942260742
376.2 36.9586982727051
377.2 8.75968265533447
401.2 10.6061239242554
401.9 6.48121023178101
404.9 6.57818222045898
