#"+EI Scan (rt: 1.652-1.705 min, 10 scans) R9M3.D  Subtract "
#Point,X(Thompsons),Y(Counts)
41.1 4605.3115234375
42.0 196.288909912109
42.1 135.309600830078
43.1 3851.55737304688
43.9 283.393127441406
44.9 23.2538375854492
45.8 7.72556018829346
46.1 19.6192016601563
48.8 19.6756591796875
49.0 42.5565986633301
49.8 33.0094223022461
50.1 139.680038452148
51.0 634.563720703125
52.0 180.522186279297
53.0 1209.64611816406
54.0 113.52197265625
54.1 15.8108177185059
55.1 1689.52600097656
56.0 26.6261596679688
56.1 395.948181152344
57.1 858.210205078125
58.1 271.5498046875
59.0 890.033203125
59.9 271.645599365234
60.8 25.0125350952148
60.9 80.9090423583984
62.0 115.641792297363
62.1 57.0091133117676
63.0 283.279998779297
64.1 207.309448242188
64.2 25.2747287750244
65.0 1082.85278320313
66.0 233.200988769531
66.2 85.2149353027344
67.0 1822.65454101563
67.9 97.3347854614258
68.1 19.0188903808594
68.2 66.0087585449219
69.1 2469.14477539063
70.1 279.637390136719
70.2 92.3793792724609
71.1 467.756164550781
72.1 147.283615112305
73.0 721.83544921875
73.9 93.8739318847656
74.1 7.03887939453125
75.0 216.222778320313
75.8 26.6512203216553
75.9 61.4244918823242
76.0 160.412292480469
77.0 3166.6103515625
78.0 1518.14013671875
79.0 1957.16650390625
79.9 90.5779190063477
80.1 382.904296875
81.0 2280.2744140625
81.9 57.8380432128906
82.0 508.340148925781
83.0 534.857666015625
84.1 51.0008239746094
84.2 53.1149063110352
85.0 357.760131835938
85.9 65.5611724853516
86.1 4.18313598632813
86.3 19.9468479156494
86.8 46.1611251831055
87.7 16.2225532531738
87.8 26.0366611480713
87.9 46.3957710266113
88.1 94.6267242431641
88.8 58.0635147094727
89.1 381.245697021484
89.2 46.322322845459
90.0 187.561859130859
90.1 144.766326904297
91.0 3617.09936523438
91.9 10.0585193634033
92.0 490.758331298828
92.1 103.968399047852
93.0 294.093811035156
93.1 1008.52600097656
94.0 362.202453613281
94.2 38.0044021606445
95.0 1193.74291992188
96.0 412.727355957031
96.2 56.3578872680664
97.0 346.697998046875
98.0 305.160980224609
99.1 177.524047851563
99.8 36.6462173461914
99.9 31.7619323730469
100.1 60.1795959472656
100.3 20.8901767730713
100.5 65.751838684082
100.6 47.8541526794434
100.8 117.858444213867
101.0 152.864395141602
101.8 122.660171508789
102.0 207.483306884766
102.1 44.9383506774902
103.0 562.479248046875
103.1 415.779052734375
103.9 63.2791061401367
104.0 274.192993164063
104.3 23.8153705596924
105.0 2074.49877929688
105.7 27.8765411376953
106.0 317.486999511719
106.1 149.105361938477
107.0 1593.30920410156
107.1 148.539947509766
107.9 131.302520751953
108.0 321.431274414063
108.2 70.4230270385742
109.0 1276.103515625
110.0 117.925476074219
110.2 78.8344192504883
110.9 293.070373535156
111.9 113.982933044434
112.1 41.4485168457031
113.0 351.452087402344
113.7 61.4497184753418
114.1 192.198043823242
114.3 52.3827285766602
114.4 36.345085144043
115.0 2734.21435546875
116.0 850.508361816406
117.0 1177.74340820313
117.9 112.565948486328
118.0 190.3017578125
119.0 1322.35876464844
119.1 112.28010559082
119.7 21.2568359375
119.8 60.01123046875
120.0 229.641860961914
120.2 97.0366363525391
120.8 83.9167938232422
120.9 217.028869628906
121.1 872.320434570313
121.9 373.492858886719
122.1 291.619537353516
123.0 1093.31518554688
123.9 52.1685409545898
124.0 416.405853271484
124.9 78.4722900390625
125.0 133.136016845703
125.9 83.5409927368164
126.0 169.77880859375
127.0 1322.40478515625
128.0 2618.53857421875
129.0 1785.5859375
130.0 293.182250976563
130.1 298.007537841797
131.0 1540.92541503906
131.9 195.769866943359
132.0 115.742546081543
132.1 2.00128555297852
133.0 1157.33654785156
133.8 27.9395408630371
134.0 377.280975341797
134.2 157.391723632813
134.9 147.460662841797
135.0 704.221862792969
136.1 695.614929199219
136.2 81.4551696777344
137.0 1842.810546875
138.0 272.827880859375
139.0 535.587890625
139.8 4.20691871643066
139.9 21.2903709411621
140.0 60.2665023803711
140.2 44.6485786437988
141.0 1728.80847167969
141.9 80.8390655517578
142.0 696.968872070313
142.8 68.6056976318359
143.0 550.413818359375
143.8 28.5357131958008
144.0 100.400939941406
144.1 516.683349609375
145.0 1265.24548339844
145.7 22.7876300811768
145.9 136.836730957031
146.1 310.642303466797
146.9 16.899284362793
147.0 1605.58422851563
147.9 277.703063964844
148.1 185.859802246094
149.0 663.746459960938
149.1 80.7765884399414
149.9 38.4747695922852
150.0 320.35693359375
151.0 492.732543945313
151.2 161.659713745117
152.0 38.9084167480469
152.1 969.853515625
153.0 1254.869140625
154.1 441.663299560547
155.0 1347.38916015625
156.0 118.538833618164
156.1 189.200241088867
157.0 1327.677734375
158.0 372.379577636719
158.1 218.613403320313
159.0 1051.783203125
160.0 1794.65063476563
161.0 849.052368164063
161.1 454.241302490234
161.9 209.590698242188
162.0 277.756652832031
163.0 828.710632324219
164.1 234.592697143555
165.0 1460.51684570313
166.0 424.785736083984
166.8 74.6907424926758
166.9 180.839279174805
167.1 174.078231811523
168.0 204.173645019531
168.1 250.302658081055
168.9 72.5881500244141
169.0 790.186218261719
170.0 194.771423339844
170.1 153.441314697266
170.9 66.01708984375
171.0 778.968139648438
171.8 34.0066299438477
171.9 51.7497978210449
172.1 375.941772460938
173.0 1620.59802246094
174.0 2763.99072265625
174.9 54.2759590148926
175.0 1674.2626953125
175.7 11.1676206588745
175.9 31.4477958679199
176.0 414.049011230469
176.2 66.0946197509766
177.0 423.668334960938
177.6 26.6155891418457
177.9 41.2577972412109
178.1 336.176971435547
178.2 110.845481872559
178.7 41.9550933837891
179.0 427.998443603516
179.1 128.40705871582
180.0 249.710113525391
181.0 1093.87890625
181.8 31.2781524658203
182.0 434.837249755859
182.1 27.6557464599609
182.9 63.0375366210938
183.0 330.784454345703
183.1 341.638427734375
184.0 223.219284057617
184.1 193.764404296875
184.9 664.507019042969
185.1 236.630584716797
185.9 281.624725341797
186.1 220.462020874023
187.0 2272.5927734375
187.9 55.890998840332
188.0 944.382446289063
189.0 657.766845703125
189.8 18.5529022216797
189.9 39.9037971496582
190.0 173.37890625
190.1 142.601287841797
191.0 641.6787109375
192.0 198.913299560547
193.0 1026.94030761719
193.1 806.895080566406
194.0 416.552215576172
194.1 54.0772247314453
195.0 929.887939453125
196.0 127.033248901367
196.1 69.3002166748047
197.0 904.499877929688
197.8 24.7906665802002
198.0 501.174774169922
199.0 519.43994140625
199.1 553.12646484375
199.9 38.5839920043945
200.1 824.265747070313
201.0 2227.33447265625
201.9 318.831268310547
202.1 373.259216308594
202.9 505.985931396484
203.7 27.3030185699463
203.9 63.2839012145996
204.1 32.6365127563477
204.9 43.2296447753906
205.0 108.074775695801
206.1 37.5432624816895
207.0 113.664428710938
207.1 425.298400878906
207.7 63.9014053344727
207.9 66.2183380126953
208.9 18.4935836791992
209.0 348.427185058594
209.9 83.9791030883789
210.0 114.488739013672
211.0 760.71630859375
212.0 116.197509765625
212.1 167.138519287109
213.0 1505.16162109375
213.9 13.3498992919922
214.1 632.541381835938
215.0 1892.763671875
216.0 474.57080078125
217.0 1263.33093261719
217.8 40.2666854858398
217.9 4.08601379394531
218.1 381.180511474609
218.2 84.4480209350586
218.9 623.096435546875
220.0 211.676025390625
220.9 169.688629150391
221.0 368.5458984375
221.8 34.1163330078125
222.1 60.4438591003418
222.6 40.5241432189941
223.0 193.333343505859
224.1 90.2162475585938
224.3 15.8977251052856
224.8 24.7868690490723
225.1 407.458801269531
225.8 33.2742767333984
225.9 47.5972938537598
226.1 81.8292694091797
226.3 38.9360733032227
227.0 558.036254882813
227.1 198.551361083984
227.9 35.0914459228516
228.1 330.855041503906
228.2 91.0364761352539
229.0 326.358947753906
229.1 840.16455078125
230.1 452.28125
231.1 15720.0927734375
232.1 2610.44189453125
233.0 962.884765625
234.0 312.798095703125
234.9 40.3659973144531
235.1 137.011047363281
235.9 45.0094146728516
237.0 540.8515625
239.0 589.978271484375
239.1 81.6011657714844
239.8 40.8927688598633
240.1 280.320495605469
240.2 26.8059749603271
240.8 44.3447875976563
241.0 426.439270019531
241.8 10.0478086471558
242.0 248.209594726563
242.1 513.142456054688
243.1 5775.515625
244.0 603.387145996094
244.2 858.81884765625
245.0 84.9127807617188
245.1 841.602233886719
245.8 19.9199600219727
245.9 67.6121215820313
246.0 4.77678298950195
246.1 575.968078613281
246.9 133.736602783203
247.1 73.1872177124023
248.9 110.014083862305
251.3 20.8224639892578
252.2 15.6487731933594
252.7 5.90742492675781
253.0 125.997062683105
253.1 81.9361114501953
253.9 36.0402908325195
254.0 7.84773254394531
254.8 66.3115539550781
255.0 134.407379150391
255.1 243.662872314453
255.9 124.155563354492
256.1 145.328567504883
256.2 94.6012115478516
256.3 80.9418182373047
257.1 2019.78820800781
258.0 25.5193786621094
258.2 4109.6962890625
259.1 1043.40490722656
260.0 33.8390121459961
260.1 136.180511474609
260.3 19.788106918335
260.7 15.6267986297607
261.3 20.5576324462891
262.9 69.5819091796875
263.9 17.1583156585693
264.8 16.4080371856689
264.9 33.958683013916
265.0 2.13940715789795
266.7 22.5310325622559
266.8 28.5813808441162
267.0 65.9856567382813
267.1 14.4992256164551
268.1 516.695922851563
268.9 89.641357421875
269.2 133.759872436523
270.0 175.78288269043
270.2 143.742401123047
271.2 9914.470703125
272.1 1641.48876953125
272.2 600.979675292969
272.9 55.1269226074219
273.1 530.784545898438
273.9 85.4671859741211
274.1 102.408737182617
274.9 37.4334869384766
275.0 109.83447265625
276.1 50.8281593322754
277.0 275.107238769531
277.1 62.5434455871582
278.1 44.1640090942383
278.8 88.4942016601563
279.1 29.8614311218262
279.9 16.907299041748
280.9 69.6643142700195
281.0 293.241638183594
281.8 27.002513885498
282.0 74.4787368774414
282.1 37.5130424499512
282.9 4.7021656036377
283.0 171.699432373047
283.2 181.912445068359
284.0 129.280868530273
284.2 35.7931442260742
285.0 447.486877441406
285.2 556.743530273438
285.9 60.8987503051758
286.1 468.157867431641
286.9 8.43470001220703
287.0 144.127593994141
287.8 24.9324626922607
288.2 17.8543148040771
288.9 144.633148193359
289.0 148.006469726563
289.7 29.4664726257324
290.0 71.0798950195313
290.7 49.1398048400879
290.9 76.284423828125
291.7 28.8166923522949
293.0 163.454345703125
293.8 83.7406311035156
294.9 27.994026184082
295.7 17.3045291900635
295.9 31.5270767211914
297.1 379.48974609375
298.2 271.230346679688
299.2 17722.9140625
300.1 188.606033325195
300.2 3629.1826171875
301.1 124.139793395996
301.2 278.705505371094
301.9 43.280158996582
302.1 17.7803611755371
303.0 17.9842872619629
303.1 16.4957714080811
303.2 7.28615665435791
304.9 20.4565143585205
305.0 34.9462280273438
307.0 95.6855850219727
311.1 40.9852333068848
311.9 21.5332908630371
312.6 23.8633861541748
313.0 22.7306098937988
313.2 602.631713867188
314.2 13229.1787109375
315.0 29.1866760253906
315.2 2981.11694335938
315.3 173.768157958984
315.9 28.9190521240234
316.1 316.113220214844
316.2 108.715293884277
317.0 18.6119918823242
317.1 35.8378028869629
317.3 18.5710411071777
318.9 23.2559127807617
319.2 17.608829498291
323.1 32.5270881652832
325.1 37.6468200683594
326.3 16.7405433654785
327.2 32.8039016723633
328.1 44.4765853881836
329.0 28.3657283782959
330.7 21.7243156433105
333.1 20.5000267028809
335.0 3.62217998504639
336.8 18.8559455871582
337.0 6.54272174835205
340.8 16.8104019165039
341.7 15.4718809127808
344.9 102.15412902832
348.8 133.257965087891
348.9 70.3830032348633
349.1 10.5030975341797
352.9 86.1337432861328
353.1 25.5856513977051
354.9 17.8687705993652
362.1 16.6884460449219
362.9 23.6092700958252
393.7 15.4274873733521
401.0 27.8839225769043
