#"+EI Scan (rt: 2.358-2.422 min, 12 scans) R9M3.D  Subtract "
#Point,X(Thompsons),Y(Counts)
40.1 597.6201171875
41.1 11814.22265625
42.0 1145.15942382813
42.2 104.635375976563
43.0 1864.07751464844
44.0 557.271118164063
44.8 33.8239250183105
44.9 101.211441040039
45.0 302.364807128906
45.9 28.0477237701416
46.1 67.0193099975586
47.0 1421.79321289063
47.1 65.7124786376953
47.9 24.7086048126221
49.9 141.817138671875
50.0 264.838409423828
50.9 114.580993652344
51.0 814.489868164063
51.9 233.093170166016
52.0 158.285888671875
53.0 1107.83569335938
54.0 484.779602050781
54.2 15.8684511184692
55.0 2176.66918945313
55.9 40.2995758056641
56.0 395.125549316406
56.1 323.152435302734
57.1 13305.947265625
58.1 843.073913574219
59.0 6210.68310546875
60.1 406.913726806641
60.9 46.6368446350098
61.0 1076.15014648438
61.7 3.84349060058594
62.0 531.329772949219
62.2 26.8192749023438
63.0 521.489318847656
63.1 259.822479248047
63.8 42.2504959106445
63.9 329.436889648438
64.1 41.6071929931641
65.0 527.245239257813
65.9 140.497451782227
66.0 69.698486328125
67.0 1160.7607421875
67.9 101.384971618652
68.1 765.565307617188
68.2 37.2298126220703
69.1 5082.25732421875
70.0 1719.79711914063
70.2 30.3110122680664
71.1 461.925964355469
71.9 69.5110855102539
72.1 122.225311279297
72.3 33.1379547119141
73.0 1949.37158203125
74.0 507.318450927734
74.1 111.13557434082
75.0 1035.85571289063
75.9 103.122146606445
76.0 2081.22216796875
77.0 3811.65625
78.0 1207.51904296875
79.0 276.325653076172
79.8 4.48652267456055
80.1 233.476928710938
81.0 643.479248046875
81.9 86.2171325683594
82.1 353.24462890625
83.0 1668.62170410156
83.1 327.838226318359
84.0 256.335113525391
84.1 724.382019042969
85.0 1254.39123535156
85.9 94.1786422729492
86.1 638.199951171875
86.2 29.5181179046631
87.0 503.272094726563
87.1 276.797821044922
88.0 4559.16064453125
89.0 3534.40405273438
90.0 6883.134765625
91.0 1118.60791015625
91.9 87.365608215332
92.0 175.93537902832
92.1 120.516510009766
93.0 260.015411376953
93.8 52.6729049682617
94.0 22.5556411743164
94.1 62.8699645996094
95.0 387.408111572266
95.7 6.81953716278076
96.0 128.993667602539
96.1 79.8430786132813
97.0 362.592224121094
97.1 25.3022079467773
98.0 74.7577972412109
98.1 195.648086547852
98.9 106.528869628906
99.1 124.938484191895
99.2 28.7062950134277
99.8 76.7779769897461
100.0 34.6014175415039
101.0 275.728607177734
101.1 533.413269042969
101.9 96.7973861694336
102.0 4939.302734375
103.0 14403.4541015625
104.0 4548.20068359375
104.8 41.0001602172852
105.0 418.107391357422
105.1 122.812858581543
105.8 1.06214618682861
106.0 151.570556640625
106.6 39.4420127868652
106.8 211.348068237305
108.0 97.2730865478516
109.0 1075.99792480469
110.0 171.18766784668
111.0 372.107482910156
111.8 47.2619094848633
112.0 456.854705810547
112.1 223.132553100586
113.0 13.3338775634766
113.1 172.340698242188
113.2 142.737701416016
113.7 82.8227996826172
113.8 281.506958007813
113.9 75.1982879638672
114.1 270.501495361328
114.8 44.6422424316406
114.9 260.332702636719
115.0 328.895874023438
116.0 1444.44555664063
117.0 3828.52319335938
117.9 126.804107666016
118.0 1558.98364257813
118.7 57.356575012207
118.9 99.408805847168
119.0 438.30419921875
119.7 27.2871913909912
119.8 44.9930305480957
120.1 106.682716369629
120.3 20.099437713623
120.8 12.9245872497559
121.0 258.749572753906
121.1 78.6819686889648
121.8 22.1377487182617
121.9 101.733337402344
122.6 33.9426193237305
122.9 39.8170928955078
123.0 42.9397010803223
124.1 29.2735214233398
124.5 24.8767929077148
124.9 23.5784606933594
125.1 81.4813842773438
125.9 41.7653465270996
126.0 74.9711074829102
126.2 5.76385593414307
126.9 134.62141418457
127.0 327.517150878906
127.2 124.295928955078
127.9 22.7812805175781
128.0 583.51513671875
128.1 259.537017822266
129.0 7237.95849609375
130.0 7172.7021484375
131.0 34514.55859375
132.0 3664.88452148438
133.0 326.204406738281
133.1 226.268341064453
133.8 16.9266738891602
133.9 64.0702133178711
134.1 56.5017318725586
135.0 568.737548828125
136.0 157.26969909668
137.0 3031.2109375
138.0 514.018798828125
139.0 444.997375488281
139.8 10.0565872192383
139.9 217.917602539063
140.1 56.7419357299805
141.0 545.523498535156
141.8 74.3084106445313
141.9 261.671661376953
142.0 80.3027114868164
142.2 88.7365417480469
143.0 1917.19494628906
144.0 4889.67138671875
145.0 35723.56640625
145.9 74.5059127807617
146.0 3865.75952148438
147.0 429.447509765625
147.1 106.942657470703
147.9 207.404006958008
148.1 314.773315429688
148.9 188.31298828125
149.1 118.998397827148
149.9 60.881462097168
150.1 86.8679122924805
150.2 8.33280754089355
150.9 222.550750732422
151.0 88.3203811645508
151.7 40.7350196838379
151.9 38.0041198730469
152.2 21.1535034179688
152.9 31.1315574645996
153.1 112.777267456055
153.2 20.4769821166992
153.9 94.3837509155273
154.1 153.200576782227
154.9 201.610412597656
155.0 1010.33154296875
156.0 1367.57348632813
157.0 3518.17504882813
158.0 2595.42236328125
159.0 1758.87109375
160.0 90.1636962890625
160.1 263.718933105469
161.0 330.237945556641
161.7 41.4700813293457
161.9 4.83016204833984
162.1 54.0214347839355
163.0 608.075439453125
163.8 37.4467926025391
164.1 30.359094619751
164.9 52.08544921875
165.0 94.548095703125
165.2 18.2037582397461
165.9 40.4108352661133
166.2 14.4921636581421
166.9 305.329711914063
167.7 60.8675537109375
168.0 269.658416748047
168.1 119.362319946289
169.1 706.135620117188
169.8 36.1687850952148
170.0 568.880859375
170.2 23.2878551483154
171.0 4945.59814453125
172.0 496.73681640625
172.1 503.620300292969
172.9 80.2400817871094
173.0 408.237152099609
173.9 22.5251026153564
174.0 1299.56884765625
174.1 34.420280456543
174.9 109.980712890625
175.0 406.460540771484
175.1 113.54141998291
175.8 35.0358200073242
175.9 115.326156616211
176.0 189.994064331055
176.2 16.0503845214844
177.0 53.7428359985352
177.0 404.054565429688
177.8 29.357702255249
177.9 115.834678649902
178.9 128.642196655273
179.0 16.0335121154785
179.9 69.1831588745117
180.9 147.51091003418
181.2 35.2569961547852
181.7 21.4504127502441
181.9 84.4000854492188
182.1 99.6948852539063
182.9 1.63056945800781
183.0 446.226470947266
183.8 2.5351448059082
183.9 293.192108154297
184.1 230.273986816406
185.0 595.202697753906
185.1 805.346862792969
186.1 1734.40087890625
186.8 24.0830001831055
187.0 442.973266601563
187.7 4.62886238098145
187.9 135.523101806641
188.1 45.1377182006836
189.0 253.957336425781
190.0 51.8084259033203
190.7 26.5429191589355
191.0 34.442138671875
191.1 65.49951171875
191.7 3.79854106903076
192.1 114.833595275879
192.7 16.3031806945801
192.9 129.960815429688
193.0 68.601806640625
194.0 139.845977783203
194.9 593.059814453125
195.9 120.730255126953
196.9 251.117706298828
197.1 89.7796859741211
197.9 84.6480102539063
198.0 95.9824600219727
199.0 277.160125732422
200.0 630.058776855469
200.9 93.7623138427734
201.0 1482.74475097656
201.9 335.44482421875
202.0 56.8322525024414
203.0 947.685363769531
203.7 16.4554882049561
203.9 18.6601676940918
204.0 183.575119018555
204.1 3.25989723205566
204.7 30.368049621582
204.9 209.463195800781
205.0 34.0840606689453
205.8 51.1409568786621
206.0 452.210571289063
206.1 178.482757568359
207.0 568.406982421875
207.9 24.9327659606934
208.1 46.0617904663086
208.2 64.6094284057617
208.6 8.86624622344971
208.8 168.374481201172
209.9 48.2268600463867
210.0 74.1573791503906
211.0 859.3955078125
212.0 386.525634765625
213.1 3334.58764648438
214.1 1642.07092285156
215.0 1560.962890625
216.0 198.843536376953
217.0 260.463317871094
217.1 143.264785766602
218.0 103.246421813965
218.9 532.219970703125
219.7 7.46872901916504
219.9 333.098327636719
220.1 17.9839572906494
220.7 16.947301864624
220.8 170.562484741211
220.9 10.6268920898438
222.1 28.076057434082
222.9 80.3439178466797
223.0 52.2617607116699
223.7 35.2181701660156
224.0 49.9885635375977
224.2 17.316349029541
224.7 12.9528312683105
224.9 5.47231292724609
225.0 171.796112060547
225.9 102.794044494629
226.1 206.695709228516
226.2 86.8452835083008
226.9 30.28271484375
227.0 178.666534423828
227.3 88.3695220947266
227.5 13.8137083053589
227.9 143.736221313477
228.0 28.4545135498047
228.1 200.216735839844
228.3 16.804235458374
229.0 711.02001953125
229.8 36.2464866638184
230.0 271.820678710938
230.2 115.616172790527
231.1 1354.08422851563
231.9 47.7715110778809
232.0 181.805633544922
232.1 867.390502929688
233.1 130373.2421875
234.1 21816.115234375
235.1 2429.27172851563
235.9 81.9389038085938
236.0 149.549880981445
237.0 1036.537109375
238.0 329.760284423828
239.1 240.855545043945
239.7 20.9015560150146
239.9 33.9791030883789
240.0 4.98549652099609
241.0 292.138000488281
242.0 206.866775512695
242.2 103.99267578125
242.8 38.4131889343262
242.9 0.814472198486328
243.1 77.9967193603516
243.6 16.8799095153809
243.9 138.38069152832
244.2 27.6485500335693
244.9 29.0321044921875
245.1 206.069351196289
246.0 135.858322143555
246.1 10324.36328125
247.1 1137.88122558594
247.1 878.606018066406
247.9 60.3713417053223
248.0 191.42790222168
248.3 21.6390228271484
248.8 35.6972198486328
249.0 103.372207641602
249.9 22.2177810668945
250.0 32.0862770080566
250.2 15.6044731140137
250.9 54.9581489562988
251.1 50.408031463623
252.0 55.1130561828613
253.0 62.5502548217773
253.1 16.9258918762207
254.0 45.6769561767578
255.0 49.8339538574219
255.2 10.8553819656372
255.9 33.5408477783203
257.0 93.7383193969727
257.7 13.7793159484863
257.9 33.0151557922363
258.0 110.965721130371
258.7 5.29424858093262
258.8 53.1168365478516
258.9 65.9666442871094
259.9 17.1617679595947
260.0 161.342269897461
260.1 60.1927375793457
260.9 121.781036376953
261.1 199.642379760742
261.7 11.6344928741455
262.1 430.805267333984
262.2 174.237167358398
262.7 30.0322513580322
262.9 29.1805667877197
263.0 76.196159362793
263.2 25.1133251190186
264.2 14.4006071090698
265.0 230.519943237305
265.1 73.5219421386719
266.1 20.8596515655518
266.2 37.8330345153809
266.9 26.7969627380371
267.1 12.6256151199341
268.0 43.4305839538574
268.1 91.6990737915039
269.0 308.612670898438
269.1 293.668487548828
270.0 38.2234268188477
270.1 2109.57763671875
271.0 614.295532226563
271.8 34.8901634216309
272.0 198.963943481445
272.2 140.217895507813
272.3 50.0536460876465
272.9 158.491088867188
273.0 64.2890014648438
273.9 73.2180404663086
274.1 61.5100860595703
274.9 385.969818115234
275.7 64.7475509643555
275.8 59.7040100097656
276.1 10.2451496124268
276.7 39.0093078613281
276.9 139.170989990234
277.9 15.1205863952637
278.0 267.419128417969
278.1 243.705429077148
278.2 67.8046493530273
278.8 65.7431030273438
278.9 148.332092285156
279.1 56.956844329834
279.4 15.5801277160645
280.0 12.1869373321533
280.7 32.321891784668
281.0 132.887939453125
282.0 24.5262012481689
282.1 64.3003311157227
283.0 50.7900848388672
284.0 34.3031730651855
284.6 16.2546348571777
284.9 343.270233154297
286.0 227.666519165039
286.2 30.372501373291
286.3 22.663932800293
286.9 80.0575485229492
287.0 47.2465972900391
287.2 3.7564754486084
287.8 32.5183525085449
288.1 125.655029296875
289.1 21243.49609375
290.1 3939.89404296875
291.0 588.309814453125
291.8 23.3517551422119
291.9 32.2082557678223
292.1 47.8393325805664
293.0 474.274810791016
293.9 174.097076416016
294.6 18.8722915649414
295.0 187.80403137207
296.0 5.94538831710815
296.1 20.9859561920166
296.8 234.072113037109
297.8 22.2003326416016
297.9 162.498916625977
298.2 100.844825744629
298.8 27.6874961853027
298.9 77.3972930908203
299.8 23.3067073822021
300.0 43.0906829833984
300.2 17.6585025787354
300.7 9.62631511688232
300.9 93.4896087646484
301.1 300.2958984375
301.2 20.5966644287109
302.1 528.915222167969
302.2 403.356689453125
302.9 11.2263984680176
303.0 373.405120849609
303.1 416.960815429688
303.9 81.9405059814453
304.1 145.95002746582
304.2 27.7913913726807
305.0 38.4104385375977
306.8 41.650333404541
307.0 44.0262031555176
307.1 34.1060104370117
308.1 30.8544158935547
308.8 18.9830379486084
310.8 7.95579051971436
310.9 66.4508514404297
311.1 61.4187774658203
312.1 10.144476890564
312.9 55.907398223877
314.9 45.6556739807129
315.8 17.6436824798584
316.1 165.39582824707
316.3 82.6030960083008
317.0 39.7793235778809
317.2 99.5913162231445
318.2 12881.2568359375
319.1 96.8743438720703
319.2 3214.8701171875
320.0 200.189468383789
320.1 894.967224121094
321.1 24572.330078125
322.1 4788.96533203125
322.9 34.0318565368652
323.1 563.890686035156
323.3 17.7980480194092
325.1 20.1714344024658
326.1 14.7182350158691
326.3 34.1117057800293
327.0 36.8498611450195
328.0 14.8748998641968
328.3 29.6662902832031
328.8 17.737268447876
328.9 15.7588920593262
329.1 76.4000778198242
330.0 100.190299987793
330.1 537.466430664063
330.2 201.293045043945
330.7 33.5146102905273
330.9 28.1592769622803
331.1 291.421600341797
331.9 18.9604377746582
332.8 46.1479301452637
333.9 12.7975511550903
334.1 28.8600292205811
334.2 94.5384216308594
336.8 28.7997741699219
343.9 12.6504812240601
344.1 34.4149932861328
344.8 2.42847347259521
344.9 41.8307685852051
345.0 93.1222763061523
345.3 17.3784770965576
346.1 96.8267593383789
347.2 16.4729824066162
347.9 16.0141868591309
348.1 64.2401962280273
348.8 14.9568023681641
349.0 20.2878227233887
349.1 21.5610752105713
350.0 8.63521194458008
350.7 22.3926792144775
353.0 68.0023574829102
354.9 12.7488603591919
357.2 18.8782997131348
358.0 27.1832447052002
359.0 16.06569480896
359.2 6.8248028755188
359.4 19.8703575134277
359.9 12.9502296447754
361.0 13.3005361557007
362.0 95.4902877807617
362.2 583.590576171875
362.9 47.897388458252
363.2 86.9347457885742
363.3 26.5840091705322
366.8 2.85262584686279
367.1 15.3170213699341
370.9 29.3425312042236
371.0 14.1061792373657
376.9 15.586051940918
377.1 207.899215698242
377.2 1387.36022949219
377.8 28.4599475860596
378.1 86.8420333862305
378.3 268.945220947266
379.2 13.7557191848755
381.0 29.5795841217041
428.9 14.9741439819336
