#"+EI Scan (rt: 2.358-2.422 min, 12 scans) R10M3.D  Subtract "
#Point,X(Thompsons),Y(Counts)
40.1 213.408950805664
41.1 11242.3662109375
42.1 1359.67077636719
42.9 117.768257141113
43.1 1704.52954101563
44.0 46.4866943359375
44.0 430.01416015625
44.9 114.765586853027
45.0 176.451217651367
45.2 24.8273601531982
45.9 54.8707504272461
46.1 31.7092361450195
47.0 1210.69519042969
48.0 38.6244735717773
49.8 7.73020935058594
50.0 75.046760559082
50.1 167.330810546875
51.0 693.556396484375
51.9 79.9806137084961
52.1 241.497650146484
52.2 41.4402923583984
53.0 941.600952148438
53.8 14.0476989746094
53.9 63.4347229003906
54.0 359.738525390625
55.0 1997.93640136719
56.1 994.117919921875
57.1 12761.2275390625
58.0 568.901245117188
58.1 214.264465332031
59.0 5988.546875
60.0 676.802307128906
61.0 1075.74609375
62.0 417.064514160156
62.1 72.8771514892578
63.0 654.276977539063
63.1 141.586151123047
63.9 159.367950439453
64.1 257.963684082031
64.8 97.9047775268555
65.0 346.077423095703
65.7 16.1031169891357
65.9 129.2294921875
66.0 109.311836242676
67.0 1154.87573242188
67.9 44.7805824279785
68.0 249.949203491211
68.1 523.580688476563
69.1 5576.58740234375
70.0 689.462219238281
70.1 985.193603515625
71.0 446.805236816406
71.2 101.734039306641
72.0 21.6321697235107
72.1 141.859985351563
73.1 2309.96997070313
74.0 328.74072265625
74.1 142.110870361328
74.9 74.3069458007813
75.0 999.201904296875
76.0 2060.18896484375
77.0 4027.5712890625
78.0 1395.037109375
79.0 284.365295410156
79.9 235.015380859375
81.0 257.89111328125
82.0 143.463912963867
82.1 387.413421630859
83.0 1328.85888671875
83.1 705.739990234375
83.9 83.4724426269531
84.0 978.265747070313
85.0 1287.39526367188
86.0 561.322631835938
86.2 217.438766479492
86.8 45.6370086669922
86.9 223.978378295898
87.1 389.819030761719
88.0 4699.0244140625
89.0 2300.48461914063
89.1 1332.36596679688
90.0 6857.19384765625
91.0 1095.115234375
91.7 15.8114328384399
91.9 177.600967407227
92.0 104.731018066406
92.2 19.8433246612549
92.9 58.9964904785156
93.0 43.8993072509766
93.8 12.4023418426514
94.0 97.0943756103516
94.8 18.5113525390625
95.0 236.845428466797
95.1 5.41936111450195
95.9 98.48876953125
96.0 197.693908691406
97.0 371.118103027344
98.0 206.976013183594
98.1 47.1693344116211
98.7 30.4083023071289
99.0 220.482086181641
99.1 101.298072814941
99.6 18.3320713043213
100.0 115.406677246094
100.1 74.4125747680664
100.7 14.1413640975952
101.0 490.935272216797
101.1 208.926361083984
101.9 11.5917778015137
102.0 5023.4892578125
103.0 14894.740234375
104.0 4383.806640625
105.0 800.073608398438
105.8 43.6806755065918
106.1 40.8005142211914
106.2 60.4528350830078
106.4 26.8113498687744
106.8 173.397827148438
107.0 87.2503356933594
107.8 106.912963867188
108.3 16.8627319335938
109.0 120.81298828125
109.8 50.6372451782227
110.1 44.7495193481445
110.9 164.91096496582
111.1 98.5756759643555
111.8 18.3258686065674
112.0 457.547454833984
112.1 139.348739624023
113.0 115.575546264648
113.2 36.8459358215332
113.3 50.4336853027344
113.5 83.012565612793
113.7 157.422500610352
113.9 412.734283447266
114.0 347.295288085938
114.9 552.19677734375
115.1 45.8701248168945
115.8 3.40054893493652
116.0 1262.20104980469
117.0 3711.16796875
118.0 1749.00708007813
118.9 252.240783691406
119.1 107.730682373047
119.9 98.8397369384766
120.0 24.6945629119873
120.1 42.5004348754883
120.9 373.346862792969
121.8 52.3393898010254
121.9 110.13013458252
122.8 63.0842971801758
123.0 110.572998046875
124.0 123.953109741211
124.7 29.4078311920166
125.0 122.807800292969
125.1 39.2594909667969
125.9 16.9168548583984
126.1 137.851013183594
126.9 33.8513793945313
127.0 497.974060058594
127.7 17.0153312683105
127.9 61.4147338867188
128.0 301.592987060547
128.1 422.602081298828
129.0 6808.498046875
130.0 6473.595703125
130.1 265.416564941406
131.0 34517.953125
132.0 3994.19775390625
132.9 155.207748413086
133.0 149.802658081055
133.9 3.27945995330811
134.0 46.0550765991211
134.1 19.4766616821289
134.2 14.6635551452637
135.0 362.316986083984
135.2 62.5574035644531
135.7 31.2141780853271
135.9 115.588096618652
137.0 4618.70703125
138.0 448.998229980469
139.0 261.88525390625
139.9 64.8489532470703
140.0 171.754730224609
140.3 14.9313488006592
140.9 491.8125
141.8 48.4613342285156
141.9 200.452087402344
142.1 247.020568847656
143.0 2145.82836914063
144.1 4954.0810546875
145.0 35863.390625
145.8 31.8848075866699
146.0 3866.42993164063
147.0 379.748779296875
147.1 73.4407958984375
147.8 31.7540702819824
147.9 247.026321411133
148.0 84.3754806518555
148.2 38.7403221130371
148.9 273.759887695313
149.0 52.580696105957
149.8 27.0674781799316
150.0 16.7735500335693
150.1 34.543529510498
150.3 12.8292684555054
150.9 165.342254638672
151.0 53.9327392578125
151.6 23.0129318237305
151.7 6.36546897888184
151.9 26.4520072937012
152.0 87.0566558837891
152.8 18.6066055297852
152.9 215.24479675293
153.9 146.818939208984
154.0 170.143432617188
155.0 1187.33654785156
156.0 508.283874511719
156.0 840.048156738281
157.0 3035.40234375
157.9 57.0330047607422
158.0 2194.935546875
159.0 788.42431640625
159.1 663.315185546875
160.0 558.334899902344
161.0 639.893798828125
161.9 20.5895347595215
162.0 91.9365921020508
162.1 6.7305736541748
162.7 38.5302124023438
162.9 497.990295410156
164.0 35.0043716430664
164.8 34.820671081543
165.0 130.041793823242
165.8 45.7503929138184
165.9 41.7625465393066
166.1 18.6101398468018
167.0 421.979095458984
167.7 20.7716674804688
167.8 85.1914367675781
168.0 185.747650146484
168.1 101.736312866211
169.0 668.671691894531
169.1 51.3481178283691
170.0 383.316040039063
170.1 207.555648803711
171.1 4720.46435546875
171.8 36.1399841308594
172.0 987.790832519531
173.0 493.367248535156
173.1 95.570426940918
174.0 1327.55285644531
174.9 173.576782226563
175.0 137.136962890625
175.1 261.965118408203
175.8 49.1377563476563
175.9 53.6627883911133
176.1 114.609466552734
176.2 156.754043579102
176.9 228.726913452148
177.1 273.041625976563
178.1 46.2932739257813
178.2 31.981237411499
178.9 93.0326614379883
179.0 5.14760398864746
179.1 63.4466323852539
180.0 76.4775466918945
180.9 39.8678283691406
181.0 61.2751159667969
181.1 20.2259216308594
181.9 13.8189010620117
182.0 111.423927307129
182.1 33.7169952392578
182.5 15.0208282470703
182.9 185.552108764648
183.1 309.488922119141
183.9 31.8090801239014
184.0 427.818634033203
184.1 29.3093376159668
184.7 13.0071220397949
185.0 900.977905273438
185.1 283.844177246094
186.0 1683.68725585938
186.2 285.599548339844
187.0 170.994689941406
187.1 383.604095458984
188.0 84.0385818481445
188.1 44.7357635498047
188.9 15.9120635986328
189.0 150.35205078125
189.1 88.1338577270508
189.8 18.7453212738037
189.9 44.0109100341797
190.1 29.9867916107178
190.9 257.216766357422
191.9 84.3126220703125
192.0 50.7820472717285
192.2 15.1762762069702
192.8 21.4482727050781
193.0 200.605407714844
193.7 28.6204662322998
193.9 67.7223663330078
194.0 3.47105407714844
195.0 567.30859375
196.0 225.774978637695
197.0 390.019317626953
198.0 284.8359375
199.0 375.272186279297
200.0 113.387229919434
200.0 621.285949707031
200.9 567.568725585938
201.0 1043.66345214844
201.7 8.51504325866699
201.9 140.923446655273
202.0 110.043632507324
202.9 169.131469726563
203.0 473.782073974609
203.9 24.183292388916
204.0 207.894409179688
204.1 86.5515670776367
204.7 39.4447784423828
205.0 199.977737426758
205.7 19.7555332183838
206.0 116.587524414063
206.1 206.158340454102
206.1 474.719635009766
206.9 598.424682617188
207.9 162.315414428711
209.1 180.193206787109
210.0 70.1648025512695
211.0 579.015869140625
212.0 651.907104492188
213.0 3127.42504882813
214.0 954.660827636719
214.1 481.943023681641
215.0 1978.7568359375
216.0 531.650939941406
217.0 539.69189453125
217.7 7.6334400177002
217.9 71.4723815917969
218.0 63.7351112365723
218.9 484.823181152344
219.9 288.792144775391
220.0 56.889289855957
220.8 26.7841625213623
220.9 199.855178833008
221.9 24.9412651062012
222.1 50.6636772155762
222.7 39.0618667602539
223.0 182.362747192383
223.8 117.162544250488
224.0 51.8336029052734
224.3 45.8814086914063
224.8 17.0866203308105
225.1 185.077880859375
225.7 32.2620429992676
225.9 109.161354064941
226.0 293.71923828125
226.2 77.5317611694336
226.7 18.5280914306641
227.0 194.815414428711
227.3 68.5644226074219
227.9 36.0354881286621
228.0 224.257202148438
228.1 78.9117660522461
229.1 689.3544921875
229.8 83.0932388305664
230.0 179.498397827148
230.1 10.0057020187378
230.2 104.806800842285
231.0 507.269836425781
231.1 910.137817382813
231.7 55.6601371765137
232.0 23.5827560424805
232.1 1127.22277832031
233.1 135603.625
234.1 22036.140625
235.0 140.197814941406
235.1 1914.57275390625
235.9 67.0326385498047
236.1 77.7476119995117
237.0 933.759765625
238.0 201.671585083008
238.9 403.933776855469
239.0 43.2174377441406
239.7 24.0235004425049
239.9 79.8416137695313
240.1 34.4967422485352
240.8 74.462516784668
241.0 202.494064331055
241.9 145.856597900391
242.1 48.4457817077637
242.3 44.4723358154297
242.9 93.5392608642578
243.0 19.807788848877
243.2 37.2049446105957
244.0 174.100784301758
244.1 56.5456199645996
244.2 40.1798439025879
245.0 167.446334838867
245.1 80.8090515136719
246.1 10808.451171875
247.0 43.617919921875
247.1 1855.19445800781
247.9 16.3261375427246
248.1 251.02880859375
248.2 39.4421806335449
248.7 6.27914619445801
248.8 17.9544563293457
249.0 110.557174682617
249.1 73.3975372314453
249.9 27.3541622161865
250.0 43.345531463623
250.1 121.316429138184
250.8 26.6173763275146
250.9 49.9874725341797
251.1 16.270544052124
252.1 12.4586200714111
253.0 110.185195922852
253.9 10.1029758453369
254.0 61.5035629272461
254.6 13.2442646026611
254.8 26.0736503601074
255.0 103.890464782715
256.0 49.2035713195801
257.0 91.705078125
257.7 14.7561635971069
257.9 14.1221961975098
258.0 95.5360717773438
258.2 14.6717109680176
258.3 15.2811460494995
258.7 13.2961454391479
259.0 26.1909770965576
259.2 24.8965511322021
259.9 69.4788284301758
260.1 107.153297424316
260.9 117.446090698242
261.1 176.055999755859
261.2 39.5403823852539
262.0 395.232940673828
262.1 133.758453369141
262.8 22.7312202453613
263.0 135.183929443359
263.2 137.988693237305
264.2 14.3313875198364
264.7 28.5235118865967
265.0 68.9306869506836
265.1 140.506454467773
265.4 14.5630760192871
266.0 20.6660346984863
266.1 48.7081031799316
267.0 39.3138275146484
268.0 8.96542930603027
268.1 123.935905456543
269.1 894.894348144531
270.1 2047.47570800781
271.1 555.076171875
271.2 67.6570892333984
271.8 68.6246871948242
271.9 138.185455322266
272.1 285.146484375
272.3 13.7243566513062
273.0 344.117645263672
273.9 3.42908668518066
274.0 61.9042549133301
274.2 13.9942321777344
275.0 321.885009765625
275.8 56.1128234863281
275.9 72.0367965698242
276.1 43.5066184997559
276.9 214.600723266602
277.0 64.8319778442383
277.8 11.2075691223145
278.0 296.370635986328
278.1 244.29899597168
278.8 50.3679656982422
279.0 145.508255004883
279.1 57.2907104492188
279.8 20.1714153289795
281.2 77.6555709838867
281.8 4.93540573120117
282.0 19.6660251617432
282.1 40.3782348632813
282.9 13.6706514358521
283.0 69.5776443481445
283.7 14.1916017532349
284.1 21.5398845672607
284.9 97.1728973388672
285.0 48.320556640625
285.1 87.0888366699219
285.6 20.5652141571045
286.1 223.691589355469
286.2 48.8980407714844
287.0 154.797973632813
287.1 92.6446151733398
288.0 133.706909179688
288.1 126.977432250977
288.3 9.71507453918457
289.1 21876.869140625
290.1 3469.2646484375
290.2 429.312927246094
291.0 491.13623046875
291.1 107.633354187012
291.8 10.717809677124
292.0 53.6894760131836
292.2 23.1521053314209
293.0 486.650329589844
293.7 81.2578353881836
293.9 92.6035308837891
294.1 38.598560333252
294.7 30.0868644714355
294.9 57.7304840087891
295.1 55.0518035888672
295.9 33.9578552246094
296.0 68.1463928222656
297.0 158.996276855469
297.8 94.8705673217773
298.0 162.957077026367
298.9 63.2514038085938
299.1 66.3782806396484
300.0 50.357177734375
300.1 73.2885513305664
301.0 316.664031982422
301.1 121.786003112793
302.0 126.087196350098
302.1 974.996337890625
303.0 224.482513427734
303.1 294.400085449219
303.2 216.445556640625
304.1 92.9099502563477
304.2 24.3615055084229
304.8 27.7532196044922
307.0 59.7890663146973
308.9 5.24554538726807
310.8 37.0849304199219
311.0 92.3426513671875
311.3 16.7272338867188
312.2 11.407940864563
312.8 13.0977897644043
314.7 41.3035087585449
314.9 43.3927993774414
315.1 50.5563621520996
315.3 16.9490165710449
315.8 20.311279296875
316.0 41.4144477844238
316.2 91.6452560424805
317.1 46.3247566223145
317.2 69.6536560058594
318.2 13915.9501953125
319.2 2856.353515625
319.9 96.3026733398438
320.1 1021.384765625
321.1 24508.462890625
322.1 4765.4521484375
323.0 173.056716918945
323.1 407.019134521484
326.8 11.3183307647705
329.7 27.5118503570557
330.1 721.964782714844
330.3 95.8341445922852
330.9 10.3927564620972
331.1 304.109313964844
331.1 50.1135368347168
332.0 14.473388671875
332.8 31.8993549346924
333.9 16.0928478240967
334.0 88.5281600952148
334.8 32.9110336303711
335.0 25.5033302307129
344.0 26.0705051422119
344.3 15.2987966537476
344.8 70.9990463256836
344.9 10.8292226791382
345.0 69.7942581176758
345.2 15.603554725647
346.1 139.835891723633
346.2 54.3272094726563
346.9 7.79438591003418
347.2 21.62473487854
347.8 29.2656097412109
348.2 45.4503479003906
348.7 33.2263374328613
348.9 48.3001594543457
349.1 51.5055503845215
350.8 32.3182182312012
350.9 9.1823673248291
352.7 2.49806594848633
352.9 52.8169174194336
353.0 29.4893531799316
354.0 29.810079574585
356.8 6.39854955673218
357.0 33.757022857666
357.2 16.3118133544922
359.0 50.0823211669922
360.2 18.4702644348145
362.1 517.993469238281
362.3 173.668579101563
362.8 22.8365573883057
363.0 59.551212310791
363.2 128.907287597656
367.0 11.8389453887939
377.2 1149.71130371094
377.2 386.447479248047
378.0 20.9664897918701
378.1 339.639251708984
378.2 14.5504302978516
378.4 18.8081188201904
379.1 17.9885234832764
381.2 15.9319105148315
401.1 13.5765752792358
