#"+EI Scan (rt: 3.005-3.063 min, 11 scans) R5M3.D  Subtract "
#Point,X(Thompsons),Y(Counts)
40.1 2007.75231933594
41.1 55732.66015625
42.1 9220.6455078125
43.1 41538.24609375
44.1 33200.2578125
45.0 2700.85107421875
46.0 198.437469482422
46.1 182.029510498047
46.9 149.172821044922
48.9 30.6771392822266
49.0 168.004699707031
49.9 134.50798034668
50.0 1317.68273925781
51.0 4012.44995117188
51.9 79.4566116333008
52.0 1584.21643066406
53.0 4392.791015625
54.1 1865.61364746094
55.1 15321.587890625
56.1 5727.35400390625
57.1 40273.85546875
58.0 21.8578033447266
58.1 3439.14379882813
59.0 3664.0546875
60.0 194.703491210938
60.1 64.0525512695313
60.8 68.8110656738281
61.0 232.806213378906
61.0 95.9523544311523
62.0 3025.43115234375
63.0 5489.04931640625
64.0 2754.9912109375
65.0 2767.30737304688
65.9 133.470031738281
66.0 876.76318359375
67.0 3031.77514648438
68.1 2228.54296875
69.1 17818.875
70.1 13948.1162109375
71.1 7967.435546875
72.0 2034.88623046875
73.0 6496.8955078125
74.0 1403.20031738281
75.0 5222.8212890625
76.0 11833.1171875
77.0 24895.26953125
78.0 5683.81591796875
79.0 1250.08911132813
79.9 153.517303466797
80.0 167.683349609375
80.2 99.0201721191406
81.0 1621.46411132813
82.0 1606.54064941406
83.0 3489.13940429688
84.1 7639.86767578125
85.1 9147.40234375
86.1 23550.57421875
87.0 4455.7119140625
88.0 28005.685546875
89.0 27487.8671875
90.0 60617.49609375
91.0 9885.5712890625
92.0 2955.5068359375
92.9 407.459045410156
93.0 192.368072509766
93.9 64.4669799804688
94.0 268.63720703125
95.1 550.752990722656
95.9 637.892944335938
96.1 122.743896484375
97.0 1058.83508300781
97.1 42.1594467163086
97.9 80.9012908935547
98.0 725.633117675781
98.2 209.775665283203
99.0 849.269714355469
99.1 244.962493896484
99.9 393.056640625
100.0 1036.00866699219
100.9 392.521850585938
101.0 3110.61352539063
102.0 29568.091796875
103.0 85925.8203125
104.0 31746.470703125
105.0 4346.42919921875
106.0 935.135498046875
106.7 14.016622543335
107.0 381.405120849609
107.2 19.3759155273438
107.4 37.1063804626465
107.7 66.6576766967773
108.0 73.162483215332
108.2 157.366928100586
109.0 1937.83935546875
109.7 31.668701171875
110.0 411.389831542969
110.2 42.1665878295898
111.0 455.468872070313
111.1 73.694580078125
112.1 3446.98999023438
112.9 7.3597412109375
113.0 694.313232421875
113.2 157.855804443359
113.5 131.169967651367
113.7 121.53547668457
113.9 120.487411499023
114.0 500.297515869141
114.2 493.647338867188
114.3 65.0715713500977
115.0 1243.10595703125
115.1 1878.56518554688
116.0 7484.76904296875
117.0 33959.69140625
118.0 14896.4697265625
119.0 4641.4091796875
120.0 654.774841308594
120.7 127.729232788086
120.9 155.865264892578
121.0 94.4894714355469
121.6 64.4672317504883
121.9 416.284973144531
122.1 119.255821228027
122.2 122.118766784668
122.3 101.748176574707
122.7 81.0003051757813
122.9 59.0119934082031
123.0 99.6827392578125
123.8 14.7281894683838
123.9 98.4401016235352
124.1 22.0853843688965
124.8 106.726348876953
125.0 162.206604003906
125.9 94.7278366088867
126.0 297.590698242188
126.2 65.2418518066406
127.0 1693.47668457031
127.1 232.268341064453
128.0 5543.7529296875
128.1 75.0306701660156
129.0 35341.6875
130.1 31216.349609375
131.0 196240.0625
132.0 23474.486328125
133.0 2330.52563476563
133.8 53.225212097168
134.0 296.437042236328
134.1 32.4946250915527
135.0 842.403686523438
136.0 405.502563476563
137.0 11625.162109375
138.0 1296.6171875
139.0 197.092529296875
139.1 730.076904296875
139.9 112.333908081055
140.0 379.841644287109
140.2 25.2903633117676
141.0 1699.06433105469
142.1 2955.78125
143.0 10547.970703125
144.1 24565.466796875
145.0 459854.1875
146.0 48082.90234375
147.0 4113.591796875
147.9 206.380859375
148.1 274.149169921875
148.9 97.8069839477539
149.0 135.243530273438
150.0 325.790466308594
150.1 251.317611694336
150.3 21.3834552764893
151.0 452.373992919922
151.9 95.5826950073242
152.0 184.058471679688
152.1 26.5971050262451
152.9 193.074920654297
153.0 325.913452148438
153.8 26.527250289917
154.0 657.381286621094
154.1 323.326263427734
155.0 3704.39868164063
156.0 4574.43115234375
157.0 8967.4248046875
157.9 317.410369873047
158.0 11223.404296875
159.0 10275.25
160.0 3146.146484375
161.0 4496.07861328125
161.9 358.444671630859
162.1 408.900665283203
162.9 167.498413085938
163.9 122.925872802734
164.0 25.5361099243164
164.1 0.281656265258789
164.9 138.377960205078
165.0 104.134368896484
165.8 77.1015014648438
165.9 123.367706298828
166.1 62.19970703125
166.3 19.1859111785889
167.0 1005.69372558594
167.9 66.2996063232422
168.0 278.148864746094
168.1 589.369934082031
169.0 1781.15026855469
170.0 424.236846923828
170.1 3533.56909179688
171.0 15058.1865234375
172.1 4996.5546875
173.0 6004.78369140625
174.0 11826.369140625
175.1 3520.25463867188
175.8 15.4338617324829
175.9 150.817855834961
176.0 309.667846679688
176.8 34.8052711486816
177.0 160.750518798828
177.9 56.3425140380859
178.0 55.3201599121094
179.0 82.3980560302734
179.1 130.744857788086
179.8 23.5033683776855
180.0 66.0493087768555
180.8 362.97998046875
180.9 17.16943359375
181.9 95.8264465332031
182.0 453.397216796875
183.0 947.264221191406
183.8 36.1068649291992
184.0 829.536315917969
184.1 665.371643066406
185.1 9867.94140625
186.0 735.627990722656
186.1 5857.001953125
187.1 6129.658203125
188.1 4277.5751953125
188.9 80.5403594970703
189.0 1102.82604980469
190.0 73.4216842651367
190.1 43.2330741882324
190.9 148.971984863281
191.0 191.661865234375
191.9 162.113830566406
192.1 65.3571395874023
192.9 73.1156005859375
193.0 157.137786865234
193.9 46.7221527099609
194.0 107.004913330078
194.2 68.9559860229492
194.9 697.346557617188
195.9 190.355194091797
196.0 123.325736999512
197.0 965.59765625
197.8 72.5177307128906
198.0 653.423828125
199.0 4044.43603515625
199.9 55.7277984619141
200.0 4180.36376953125
201.0 16267.9482421875
202.0 2664.93798828125
203.0 408.269592285156
203.9 8.73543548583984
204.1 59.7528800964355
204.3 27.5382213592529
204.5 21.9550971984863
204.8 164.663040161133
205.1 192.262847900391
205.9 79.0145874023438
206.0 88.4544906616211
206.2 13.8489189147949
206.3 30.8020076751709
207.0 780.17041015625
207.9 120.48469543457
208.0 201.009826660156
209.1 368.683288574219
209.2 69.1612548828125
209.5 35.9426689147949
209.8 136.161819458008
210.0 87.8802642822266
210.1 334.539520263672
211.0 3250.16552734375
212.0 615.76416015625
212.0 1343.3349609375
213.1 18655.853515625
214.1 17520.546875
215.1 1021512.25
216.1 159214.359375
217.1 15628.9912109375
218.0 808.27783203125
218.1 554.5263671875
218.9 1238.2587890625
219.9 336.560943603516
221.0 539.073547363281
222.1 102.382698059082
222.9 11.7301940917969
223.0 235.263092041016
223.8 53.9463310241699
224.0 138.954071044922
224.1 107.474700927734
225.0 382.269104003906
225.1 65.1657867431641
225.9 49.0059051513672
226.0 219.094146728516
226.1 402.523132324219
226.2 71.9163818359375
227.0 47.655158996582
227.1 1870.51586914063
228.1 934.952880859375
228.1 3503.71948242188
229.0 2309.42211914063
230.1 3337.18310546875
231.1 1501.13684082031
232.1 3960.54150390625
233.0 4129.4619140625
234.0 677.020202636719
235.0 673.729736328125
235.9 5.25455474853516
236.0 72.2982025146484
236.1 49.1650657653809
237.0 2592.451171875
238.0 577.624145507813
239.0 564.126037597656
239.9 67.0136108398438
240.0 224.733245849609
240.2 135.808151245117
240.6 25.5396041870117
241.0 999.842346191406
242.1 2777.81274414063
242.9 45.7368698120117
243.1 1735.67065429688
244.1 3215.78540039063
245.0 329.306640625
245.1 1465.51782226563
246.0 149.111801147461
246.1 164.744567871094
246.2 33.9405212402344
247.0 171.043472290039
248.9 176.341537475586
249.1 73.6466598510742
249.9 15.2249479293823
250.0 65.4704742431641
250.8 123.147186279297
251.2 14.3883094787598
251.7 17.0221672058105
251.9 71.0727462768555
252.1 43.5813827514648
252.2 19.8197612762451
253.0 324.569213867188
253.1 81.60205078125
253.2 90.4132766723633
254.0 1293.25134277344
254.1 643.829040527344
254.9 338.115600585938
255.0 357.630615234375
255.8 27.1166133880615
256.1 1041.95959472656
256.7 45.4049072265625
257.1 825.803527832031
257.3 30.5652141571045
257.8 15.6649169921875
258.0 262.569152832031
258.1 129.274078369141
258.8 46.7460060119629
259.0 213.197906494141
259.1 27.7470836639404
259.3 28.1820182800293
260.1 17.7753353118896
260.8 70.1324691772461
262.8 77.7114334106445
262.9 4.81245422363281
264.0 19.058048248291
264.9 76.2969436645508
265.9 72.5613098144531
266.0 38.8352317810059
266.2 15.2398738861084
266.4 28.8688430786133
267.0 301.30615234375
267.2 14.1397438049316
268.0 478.359954833984
268.2 379.920288085938
269.0 744.361694335938
269.1 365.8291015625
270.1 7295.84716796875
271.1 118646.78125
272.1 20811.3671875
273.1 2944.826171875
273.7 17.0305881500244
274.0 58.8398818969727
274.1 158.512145996094
274.9 483.6572265625
275.7 33.9243698120117
275.8 60.203010559082
276.0 71.8620452880859
276.7 43.6673240661621
276.9 168.495452880859
277.6 16.7944679260254
277.8 63.1777229309082
278.1 24.6886711120605
278.8 35.3013572692871
278.9 11.4254608154297
279.0 7.62420082092285
279.8 31.6811504364014
280.0 99.0185775756836
280.8 18.4562911987305
281.0 228.407638549805
281.9 51.239128112793
282.1 135.008102416992
282.2 72.1884231567383
283.0 95.9165420532227
283.1 349.010223388672
284.1 1638.82666015625
284.2 1871.25341796875
285.1 1840.46447753906
286.1 1155.14758300781
286.2 207.322998046875
287.1 4004.69018554688
288.2 10791.3515625
289.1 4151.97119140625
289.9 286.109191894531
290.0 149.204803466797
290.9 3.16989135742188
291.0 427.194305419922
291.7 16.6943683624268
291.9 57.7022590637207
293.0 1563.94995117188
293.8 36.6809425354004
294.0 200.816955566406
294.6 15.4779167175293
295.0 593.973876953125
295.8 53.6986770629883
296.0 105.356567382813
296.2 83.7881393432617
297.0 836.285766601563
298.0 122.268165588379
298.1 1535.50085449219
298.3 422.355926513672
299.2 2446.52905273438
300.2 457693.5
301.2 95817.6171875
302.2 9821.4521484375
303.0 135.347610473633
303.2 787.565063476563
304.0 19.8517684936523
305.0 49.4626998901367
306.7 43.4224967956543
307.0 164.805557250977
307.2 24.797679901123
308.0 11.5152683258057
308.1 30.6655216217041
308.8 1.63356494903564
308.9 136.620590209961
310.0 48.5247459411621
310.8 7.70643615722656
311.0 210.595184326172
311.2 368.401275634766
312.2 5510.634765625
313.0 107.65071105957
313.2 1040.07800292969
314.0 41.3828201293945
314.2 116.239303588867
314.9 38.2326850891113
315.0 20.5848541259766
315.1 199.838333129883
316.0 1.66226243972778
318.7 28.2750663757324
319.0 13.6997413635254
319.2 15.3753900527954
320.8 15.4093379974365
323.1 43.2039489746094
325.0 41.0639686584473
325.2 64.1606063842773
326.0 60.0224609375
326.2 616.807678222656
326.8 14.3542995452881
327.0 143.553100585938
327.1 438.900604248047
327.3 159.067230224609
328.0 134.253005981445
328.1 118.668701171875
328.2 28.5937175750732
328.9 67.2128067016602
329.1 1258.18786621094
329.3 350.735137939453
330.1 85.0441436767578
330.2 253.261489868164
330.3 48.6481666564941
330.9 52.8238410949707
333.1 15.5990238189697
334.8 14.2685403823853
335.1 18.3671455383301
335.9 15.5817441940308
340.1 22.1062622070313
341.0 22.3129444122314
341.2 22.0160598754883
342.3 15.6211099624634
342.9 26.1894283294678
343.1 38.8752174377441
343.4 50.8498039245605
344.2 780.184997558594
344.9 78.2990036010742
345.1 92.2167205810547
345.2 49.3594779968262
345.7 16.5404586791992
346.1 46.4496192932129
347.1 24.9267330169678
348.6 48.8036766052246
348.9 89.5162658691406
349.8 17.3467636108398
350.0 43.3909492492676
350.1 60.9326553344727
350.9 56.2782440185547
351.1 37.7423553466797
351.7 16.0673923492432
351.9 16.1565093994141
352.7 24.0941028594971
352.9 92.9309387207031
353.1 24.2620620727539
353.8 17.8735828399658
354.0 16.4070091247559
354.1 13.9428777694702
354.8 16.4372749328613
355.0 8.15315914154053
355.1 20.3311233520508
358.9 18.1715774536133
359.2 19.0329208374023
362.9 14.1198997497559
363.1 19.4039993286133
366.9 29.7492332458496
367.1 82.2267379760742
367.9 14.8059167861938
368.9 30.4173355102539
371.0 14.8579025268555
371.2 85.7587127685547
371.8 23.0052223205566
384.3 13.9771060943604
385.0 54.3513793945313
385.2 17.1826286315918
386.9 21.0934638977051
401.1 23.9904632568359
402.8 15.0966768264771
534.9 14.6661434173584
535.1 15.939640045166
