#"+EI Scan (rt: 3.005-3.063 min, 11 scans) R3M3.D  Subtract "
#Point,X(Thompsons),Y(Counts)
40.0 133.387756347656
40.1 2175.5361328125
41.1 53431.921875
42.1 8651.8671875
43.1 40770.81640625
44.0 32739.86328125
45.0 2593.28051757813
45.9 18.4874000549316
46.0 232.906753540039
46.2 44.5965461730957
47.0 190.422943115234
48.1 19.8906421661377
48.9 61.5556945800781
49.0 161.590118408203
50.0 1259.71057128906
51.0 3702.568359375
52.0 735.434204101563
52.1 866.729064941406
53.0 4049.76879882813
53.9 81.7114868164063
54.0 1688.2841796875
55.1 15031.1181640625
56.1 5511.88916015625
57.1 39774.0390625
58.1 3252.29541015625
59.0 3835.1513671875
59.9 178.399078369141
60.0 41.3431396484375
60.9 112.077514648438
61.0 213.214294433594
61.1 18.7935562133789
61.9 45.7531661987305
62.0 2848.79663085938
63.0 5071.8544921875
64.0 2597.1064453125
65.0 2589.84057617188
65.9 65.0806274414063
66.0 643.472045898438
66.1 219.303894042969
67.0 2699.68017578125
68.0 1526.82043457031
68.1 881.451477050781
69.1 17305.39453125
70.1 12696.703125
71.1 7506.44677734375
72.0 205.683837890625
72.1 1699.73974609375
73.0 6091.37939453125
74.0 693.031127929688
74.0 506.988464355469
75.0 4945.50439453125
76.0 10632.7138671875
77.0 23833.748046875
78.0 5500.6455078125
79.0 1516.67114257813
80.1 591.67724609375
81.0 1560.48046875
82.0 1810.53759765625
83.0 3631.17651367188
84.0 1548.89733886719
84.1 5444.85107421875
85.1 8058.4833984375
86.1 23030.099609375
87.1 3903.5849609375
88.0 25222.916015625
89.0 24468.435546875
90.0 54897.22265625
91.0 8431.5771484375
92.0 2731.5478515625
92.8 7.07440948486328
93.0 343.506164550781
93.1 242.661056518555
93.8 51.6826286315918
93.9 152.10791015625
94.1 54.6470794677734
94.2 40.2299842834473
95.0 452.869598388672
96.0 844.533630371094
97.0 952.015380859375
98.0 977.835693359375
98.1 100.533889770508
99.1 1216.82507324219
99.9 384.642883300781
100.0 1095.83361816406
100.9 306.324584960938
101.0 2783.63598632813
102.0 27041.384765625
103.0 79109.390625
104.0 29521.927734375
105.0 2338.82006835938
105.1 1608.9990234375
106.0 1007.86175537109
106.8 69.713508605957
107.0 212.842102050781
107.3 49.3267860412598
107.6 66.0151138305664
107.7 37.6385040283203
108.0 107.395309448242
108.1 166.546081542969
109.0 1804.26586914063
110.0 327.516448974609
110.1 132.556182861328
110.9 277.942230224609
111.0 108.502288818359
112.0 2979.84790039063
113.0 780.197082519531
113.3 107.284690856934
113.7 156.346954345703
113.8 186.308120727539
113.9 450.755279541016
114.0 121.31957244873
114.2 253.184753417969
115.0 3065.29931640625
116.0 6711.77490234375
117.0 29863.26171875
118.0 13411.19140625
119.0 4473.669921875
119.8 10.6354322433472
119.9 53.8262939453125
120.0 406.367950439453
120.2 80.0281219482422
120.6 34.3395004272461
120.9 98.0912322998047
121.1 222.825454711914
121.3 40.6277198791504
121.8 102.261451721191
121.9 259.640777587891
122.0 272.090698242188
122.2 101.015937805176
122.8 113.922393798828
123.0 28.3656768798828
123.6 21.3026809692383
123.9 103.97834777832
124.1 39.1254196166992
124.2 32.2824592590332
124.8 129.0244140625
125.0 132.246032714844
125.9 83.6266860961914
126.0 131.983367919922
126.1 147.337463378906
126.9 65.3656463623047
127.0 1512.7431640625
128.0 3201.62915039063
128.1 1950.33093261719
129.0 33156.5234375
130.0 28909.779296875
131.0 178968.6875
132.0 21301.85546875
133.0 1654.84765625
133.1 694.274475097656
134.0 339.018829345703
134.2 125.378120422363
135.0 859.966491699219
136.0 26.1354675292969
136.1 410.373657226563
137.0 11860.35546875
138.0 1343.62890625
139.0 847.287109375
139.7 36.2453346252441
139.9 103.722030639648
140.0 347.737426757813
140.2 85.4550170898438
140.9 161.200744628906
141.0 970.902404785156
141.9 71.7547149658203
142.0 2884.08349609375
142.9 43.2677612304688
143.1 9139.92578125
144.1 22296.591796875
145.0 412247.9375
146.0 43328.62890625
147.0 3713.79028320313
147.9 16.9478511810303
148.0 282.958404541016
148.1 144.759811401367
148.8 16.1972618103027
148.9 169.679428100586
149.0 53.2561721801758
149.8 55.7354736328125
149.9 128.401718139648
150.1 307.321105957031
150.9 177.414733886719
151.1 215.849761962891
151.9 98.8231048583984
152.0 256.670684814453
152.6 21.0585289001465
152.9 20.3262481689453
153.0 393.919464111328
153.7 25.0376396179199
154.0 980.036010742188
154.1 65.3461151123047
155.0 4061.548828125
156.0 4193.6044921875
157.1 8211.6591796875
158.1 10750.4560546875
159.0 9726.7763671875
160.0 2957.06567382813
161.0 4474.84228515625
161.9 138.060791015625
162.0 773.366638183594
163.0 688.662475585938
163.7 44.9609298706055
163.9 132.745391845703
164.6 15.047815322876
164.9 92.51123046875
165.0 89.0643768310547
165.1 19.9465827941895
165.9 124.795600891113
166.0 164.466171264648
167.0 803.734436035156
168.0 934.419799804688
168.2 112.706886291504
169.0 418.75634765625
169.1 1155.85192871094
170.0 1279.91003417969
170.1 2582.54272460938
171.0 13193.12890625
172.1 4566.720703125
172.9 14.2942848205566
173.1 5253.27294921875
174.0 11093.5107421875
175.0 2994.7587890625
175.9 136.742782592773
176.1 221.172561645508
176.2 94.420280456543
176.8 22.9110260009766
176.9 201.717041015625
177.9 97.4319915771484
178.3 14.3808755874634
178.9 24.3313598632813
179.0 189.810150146484
179.9 136.841384887695
180.0 85.2968673706055
181.0 363.930206298828
182.0 425.154663085938
182.1 20.0180969238281
183.0 432.067291259766
183.1 504.708038330078
184.0 1324.43762207031
184.1 83.9243698120117
185.1 8523.9189453125
186.1 6037.9091796875
187.1 5687.89697265625
188.1 3699.89331054688
188.9 225.756530761719
189.0 767.592407226563
189.8 1.2792501449585
190.0 44.2163391113281
190.1 18.9333629608154
191.0 368.936676025391
191.6 21.1820049285889
191.8 127.199928283691
192.9 424.068542480469
193.9 139.640060424805
194.1 5.26637077331543
195.0 655.630554199219
195.8 65.3085403442383
196.0 193.584335327148
196.2 35.6200752258301
197.0 954.139221191406
197.9 274.513214111328
198.0 393.709442138672
198.1 43.5808410644531
199.0 3183.54052734375
200.0 4273.228515625
201.0 14890.2646484375
202.0 2471.39868164063
203.0 379.565155029297
203.0 86.8943328857422
203.9 98.8381958007813
204.0 56.1258964538574
204.3 36.3778038024902
204.5 19.4174423217773
205.0 233.894027709961
205.1 86.1960678100586
205.8 54.2144203186035
205.9 66.435920715332
206.1 82.3318099975586
207.0 789.62255859375
207.9 27.3630981445313
208.0 133.737243652344
208.1 161.639709472656
208.8 169.418930053711
209.1 296.966949462891
209.8 280.510070800781
210.1 401.962799072266
211.0 2810.427734375
212.1 2491.0302734375
213.1 17251.888671875
214.1 15731.564453125
215.1 918175.625
216.1 144508.46875
217.1 13738.1337890625
218.0 1128.68676757813
218.9 1157.60107421875
219.8 5.76210021972656
219.9 280.147155761719
220.9 468.960723876953
221.0 9.70658874511719
222.0 29.8391342163086
222.1 29.5234508514404
222.2 24.6778564453125
222.7 18.0595970153809
223.0 515.381591796875
223.7 127.126808166504
223.9 116.427001953125
224.0 21.9419975280762
224.2 55.468936920166
224.7 28.4999370574951
225.0 338.459136962891
225.9 224.543869018555
226.0 406.459777832031
226.1 183.287750244141
227.1 1816.44677734375
228.1 3867.49194335938
229.1 2229.50927734375
230.1 3040.17065429688
231.1 1292.70275878906
232.1 3974.20361328125
233.0 4163.5888671875
233.9 482.674194335938
234.0 213.084838867188
235.0 777.439270019531
235.8 79.6838607788086
236.0 90.3088989257813
237.0 3503.6044921875
237.9 789.230895996094
239.0 548.037475585938
240.1 351.913970947266
241.0 1041.962890625
242.0 184.00553894043
242.1 1651.14147949219
242.2 638.279174804688
243.1 1676.54443359375
244.0 122.002227783203
244.1 2942.50512695313
245.1 1842.48120117188
245.9 22.7984294891357
246.1 227.005920410156
246.3 47.3508949279785
246.6 31.0831756591797
246.9 167.982086181641
247.9 14.287109375
248.8 70.8110885620117
249.0 40.5885620117188
250.0 29.6656551361084
250.1 50.1569366455078
250.9 67.9799499511719
251.2 16.0643329620361
252.0 16.4178886413574
252.1 78.1003189086914
253.0 636.629760742188
253.2 30.6102924346924
254.1 1816.93933105469
254.9 71.049201965332
255.0 195.223129272461
255.1 310.468353271484
255.3 86.3314514160156
255.9 115.27685546875
256.1 727.270935058594
256.2 139.552841186523
257.0 216.619094848633
257.1 541.590576171875
257.2 87.2331390380859
257.8 99.0237274169922
258.0 218.965057373047
258.3 40.995002746582
258.8 69.6953811645508
259.1 107.244956970215
260.0 29.9767875671387
260.8 60.0675201416016
260.9 70.7207260131836
261.1 51.4324607849121
261.7 13.7168731689453
262.6 13.9839286804199
262.9 56.1414680480957
263.0 28.8719139099121
263.9 40.486515045166
264.9 44.1848907470703
265.2 23.4349193572998
265.9 78.6156158447266
266.1 47.7136116027832
266.9 88.4887771606445
267.1 126.410003662109
267.2 61.4672622680664
268.1 563.324157714844
268.2 368.190155029297
269.0 555.890747070313
269.1 491.436126708984
270.1 6895.017578125
271.1 104926.0234375
272.1 7812.09375
272.1 10784.115234375
273.1 1199.73620605469
273.1 1156.45629882813
273.8 20.5145511627197
274.0 244.671966552734
274.1 30.2821636199951
274.8 48.3269500732422
274.9 220.522155761719
275.1 92.1000366210938
275.7 15.0884857177734
275.8 46.8821029663086
276.0 95.6582794189453
276.7 34.1528129577637
276.9 154.245758056641
277.7 9.68841457366943
277.9 71.0489959716797
278.7 108.273483276367
278.9 59.1579666137695
279.0 14.3619499206543
279.8 32.9426116943359
279.9 0.419857978820801
280.1 29.4576416015625
281.0 277.629516601563
281.9 100.108856201172
282.1 133.580413818359
282.8 65.4592971801758
283.0 54.2879219055176
283.1 163.560424804688
283.3 93.724967956543
284.0 191.578475952148
284.2 2980.27563476563
285.0 18.3471374511719
285.1 1184.88513183594
286.0 164.599899291992
286.1 653.790588378906
286.2 121.200073242188
287.1 3642.6708984375
288.2 10040.8466796875
289.0 2402.947265625
289.9 373.427917480469
290.9 129.085739135742
291.0 304.766815185547
291.7 20.9514961242676
291.9 138.484954833984
293.0 1064.09301757813
293.9 327.516479492188
294.0 124.234474182129
295.0 564.695495605469
295.1 103.471870422363
295.9 114.408271789551
296.1 179.732772827148
296.3 45.4593963623047
296.8 125.076904296875
296.9 170.821746826172
297.1 94.7410888671875
297.8 30.8514862060547
298.1 448.486694335938
298.2 1445.37438964844
298.6 17.3433952331543
299.0 116.230613708496
299.2 1718.08935546875
300.2 402804.46875
301.2 84540.5703125
302.2 9373.96484375
303.1 599.28125
303.2 529.488525390625
303.7 14.7190036773682
303.9 15.5685157775879
304.1 38.1951332092285
304.2 57.4997596740723
304.8 60.6116905212402
305.0 87.1845169067383
306.8 99.5605316162109
307.0 34.2044792175293
307.1 36.6975021362305
307.8 0.995792388916016
308.0 33.630054473877
308.9 36.3059005737305
309.1 20.2613754272461
310.0 16.9417190551758
310.2 14.0027532577515
311.0 372.613647460938
311.2 219.975540161133
312.1 2896.70532226563
312.2 1867.71276855469
313.1 317.962036132813
313.2 682.625549316406
313.3 21.8450756072998
314.0 62.2965431213379
314.2 66.5289154052734
314.8 15.1919250488281
315.0 96.4214096069336
315.1 132.245452880859
316.1 36.4406623840332
319.0 24.6238994598389
319.2 26.6661758422852
322.9 14.2002878189087
323.1 15.7286005020142
324.2 22.4410648345947
325.0 98.8256378173828
325.1 57.3449478149414
326.2 669.277465820313
326.3 58.1285972595215
327.1 128.279037475586
327.2 666.093383789063
328.0 183.570541381836
328.1 49.7195053100586
329.1 877.038330078125
329.2 640.65283203125
329.9 31.5012798309326
330.1 172.332931518555
330.2 123.651145935059
330.8 61.5518913269043
330.9 25.5488090515137
331.0 96.2857360839844
332.9 51.3539543151855
335.0 19.3298377990723
336.8 39.9773368835449
340.8 15.3593559265137
342.9 32.6846771240234
343.0 35.0954933166504
343.2 79.9224090576172
343.3 14.3256034851074
343.9 35.8609046936035
344.1 278.973266601563
344.2 285.152435302734
344.5 24.0965137481689
344.9 32.379280090332
345.1 89.474853515625
345.2 99.2702178955078
345.4 47.4061050415039
346.8 14.3538780212402
347.1 14.1726779937744
348.9 262.312652587891
349.9 64.1475524902344
350.2 18.9936199188232
350.9 37.9111480712891
352.1 16.9995498657227
352.8 17.2095260620117
353.0 130.813568115234
353.8 18.0548286437988
355.1 19.251106262207
359.2 15.3377437591553
363.0 4.09582567214966
366.9 34.6886100769043
367.1 67.2023696899414
370.9 60.4537467956543
371.0 25.0593700408936
378.8 15.7027769088745
383.1 38.643726348877
385.1 30.2224063873291
400.8 14.9736928939819
401.0 15.7126626968384
401.2 19.5024547576904
543.2 18.4663867950439
