#"+EI Scan (rt: 3.471-3.535 min, 12 scans) R2M3.D  Subtract "
#Point,X(Thompsons),Y(Counts)
40.1 34.8674621582031
40.2 149.508163452148
41.1 10389.509765625
42.0 617.595642089844
42.2 304.334747314453
43.1 16932.955078125
44.0 916.58935546875
44.8 27.5074481964111
44.9 72.0330505371094
47.1 43.5711250305176
49.0 133.572036743164
50.0 452.497222900391
50.1 282.181823730469
51.0 1867.93725585938
51.8 3.48354148864746
52.0 545.4072265625
52.2 5.54232740402222
53.0 957.486755371094
53.9 32.3830337524414
54.0 132.753540039063
54.2 57.7208099365234
55.1 2939.26147460938
56.0 286.435241699219
57.0 380.975708007813
57.8 28.4641132354736
59.0 1336.716796875
60.1 197.292999267578
61.0 16.3504295349121
61.1 176.415588378906
62.0 2128.98388671875
63.0 6217.32080078125
64.0 1344.42761230469
64.1 46.8336715698242
65.0 1799.06481933594
65.9 238.250915527344
67.0 273.176422119141
67.1 90.5118713378906
68.0 111.388946533203
68.2 55.7199668884277
69.0 908.649658203125
69.7 20.6083965301514
69.8 39.6524810791016
69.9 83.9468536376953
70.1 60.8532485961914
70.9 46.0269012451172
71.1 540.399353027344
72.0 75.224250793457
72.1 112.199584960938
73.0 1729.0546875
74.0 940.215026855469
75.0 3516.19921875
76.0 1628.53576660156
76.1 1555.30944824219
77.0 5339.1591796875
78.0 2143.37353515625
78.9 617.768249511719
79.8 21.1983222961426
80.2 75.5945510864258
81.0 343.919921875
81.9 7.8489990234375
82.0 178.109802246094
82.5 61.076099395752
82.9 211.351440429688
83.0 18.7750244140625
83.6 13.9188032150269
83.8 22.0309467315674
84.0 96.8843841552734
84.1 82.9884872436523
85.0 252.744171142578
85.8 43.5489196777344
86.0 243.634323120117
86.1 184.165405273438
87.0 1756.97375488281
88.0 3923.01293945313
88.1 302.649017333984
89.0 28579.794921875
90.0 6275.6103515625
90.8 7.59183883666992
91.0 1146.67736816406
91.2 65.6105728149414
91.8 32.6204643249512
92.0 66.1898880004883
92.1 23.7547340393066
92.3 15.5073194503784
92.9 229.404327392578
93.7 22.3098049163818
93.9 40.7283782958984
94.3 148.653884887695
94.6 242.498611450195
94.8 196.501647949219
94.9 13.9531860351563
95.2 117.67472076416
95.4 164.497741699219
95.6 71.1919326782227
95.7 137.80615234375
96.1 106.905151367188
97.0 737.831237792969
97.9 141.796279907227
98.1 153.277709960938
99.0 5457.22705078125
99.7 22.7197132110596
99.9 96.9874114990234
100.0 675.192932128906
100.2 35.9433822631836
101.0 7586.3330078125
102.0 15291.9638671875
103.0 6305.5869140625
104.0 395.268859863281
104.1 448.634185791016
104.2 27.9847621917725
104.8 20.8340549468994
105.9 14.3479080200195
106.1 11.1219902038574
106.8 40.6397438049316
107.3 34.4869194030762
107.4 21.9923400878906
107.5 39.1164054870605
107.8 125.613616943359
108.1 4.15263366699219
109.0 1963.8828125
110.0 508.864166259766
110.9 194.807846069336
111.0 109.371170043945
112.0 78.7466506958008
112.1 110.49072265625
113.0 972.441711425781
114.0 5371.5048828125
115.0 16911.697265625
116.0 33797.68359375
117.0 4508.205078125
118.0 766.124084472656
118.1 267.074829101563
118.7 18.9109153747559
118.9 143.050903320313
119.6 13.2130784988403
119.8 39.5832557678223
120.1 7.89041519165039
120.4 187.002685546875
120.6 31.2931537628174
120.7 91.7681655883789
120.9 97.5936050415039
121.5 71.0487594604492
121.7 50.4310607910156
121.8 90.9546203613281
122.0 40.4383697509766
122.8 158.322769165039
122.9 42.2627868652344
123.1 89.3034362792969
123.3 177.537673950195
123.7 51.3053703308105
124.0 740.756408691406
124.2 202.423049926758
125.0 45508.08203125
126.0 4548.31103515625
127.0 16202.41796875
128.0 14374.2255859375
129.0 23469.982421875
130.0 15407.841796875
131.0 1586.15087890625
131.7 16.4682712554932
131.9 114.209014892578
132.0 163.177215576172
132.2 22.9328594207764
132.8 194.290283203125
133.0 247.936904907227
133.8 32.643726348877
133.9 25.9348125457764
135.0 338.868041992188
135.1 84.1237411499023
135.8 113.772247314453
136.0 311.515319824219
137.0 5024.16796875
138.0 587.56640625
139.0 1456.06774902344
139.9 422.183044433594
140.0 620.880310058594
141.0 1562.44189453125
141.9 86.0836486816406
142.0 394.079406738281
142.1 1416.73193359375
143.0 15583.833984375
144.0 98505.234375
145.0 10473.3720703125
146.0 666.706604003906
146.1 141.144012451172
146.8 45.0467071533203
146.9 146.084197998047
147.2 39.622730255127
147.8 59.1834945678711
148.0 96.792366027832
148.3 21.3765411376953
148.6 29.4677982330322
148.9 73.5702514648438
149.0 294.298645019531
149.2 28.0105724334717
149.8 33.7699966430664
150.0 555.114013671875
150.1 288.276031494141
150.9 204.86213684082
151.0 1055.56079101563
152.0 881.938537597656
152.1 226.924743652344
153.0 321.203002929688
153.1 44.8276405334473
154.0 1753.66479492188
154.1 292.239562988281
155.0 1098.37231445313
156.0 2052.13720703125
156.1 1008.7900390625
157.0 4884.04541015625
158.0 138.028274536133
158.0 2534.71411132813
159.0 1203.8701171875
160.0 261.054321289063
160.9 483.67822265625
161.8 224.551132202148
162.1 10.2742834091187
163.0 1029.49169921875
163.9 304.166748046875
164.1 197.5498046875
165.0 342.052307128906
165.1 551.145263671875
165.9 282.404144287109
166.0 183.463012695313
167.0 891.178100585938
167.9 128.325714111328
168.1 508.476745605469
168.7 32.7560424804688
168.9 21.6950073242188
169.0 368.909606933594
170.0 3943.08276367188
170.8 237.155517578125
171.0 545.981811523438
171.9 6.65329742431641
172.0 285.023559570313
172.9 79.7925415039063
173.0 11.4721984863281
173.8 30.8657550811768
174.0 290.917327880859
174.2 13.7711868286133
174.8 50.3203010559082
175.1 477.237884521484
176.0 2693.34326171875
176.9 148.716644287109
177.0 928.604248046875
178.0 1478.34240722656
178.1 52.2848854064941
179.0 228.971099853516
179.1 446.002868652344
180.0 257.180480957031
180.2 89.9081344604492
180.9 205.73876953125
182.0 423.15966796875
183.0 244.400177001953
184.0 929.829345703125
184.1 647.443054199219
184.9 296.234039306641
185.0 504.036499023438
185.8 9.54494476318359
186.0 749.644592285156
186.1 145.938720703125
186.3 22.4405212402344
187.0 583.155944824219
187.1 136.19255065918
188.0 319.835601806641
188.1 212.681655883789
189.0 1693.92077636719
189.9 8.89223289489746
190.0 824.442199707031
190.8 66.6856536865234
191.0 367.612182617188
192.0 222.922241210938
192.9 56
193.0 90.5284729003906
194.0 183.759780883789
194.9 334.018524169922
195.8 57.82421875
196.0 187.649444580078
196.9 523.334594726563
197.9 281.160705566406
198.1 189.34260559082
198.9 367.778625488281
199.9 203.065704345703
200.0 225.006622314453
200.2 49.7875366210938
200.9 98.3964691162109
201.0 548.338195800781
201.7 28.8763198852539
202.0 1086.27014160156
202.2 28.5717849731445
203.0 2074.10620117188
203.9 261.382171630859
204.1 3879.5546875
205.0 138.444396972656
205.1 1712.62487792969
205.9 27.9876327514648
206.1 1188.90112304688
207.1 810.151428222656
208.0 74.6791076660156
208.2 88.357048034668
208.8 74.2393035888672
209.0 3.29898071289063
209.1 11.0905265808105
209.4 22.7299251556396
209.6 57.6424674987793
209.8 43.1209259033203
210.0 98.1522064208984
210.2 176.453170776367
211.0 1362.31396484375
212.1 2809.8876953125
213.1 3068.22705078125
214.1 364603.84375
215.1 72552.203125
216.0 6534.3955078125
217.0 4177.26806640625
218.0 233.804962158203
218.1 2363.484375
219.0 1058.86999511719
220.0 553.651306152344
220.9 229.65478515625
221.8 100.196868896484
222.1 5.11029434204102
222.7 49.1075744628906
222.8 56.2604370117188
223.0 145.62646484375
223.8 42.5775909423828
223.9 2.58244323730469
224.0 78.2516250610352
224.9 71.9637832641602
225.1 128.313049316406
225.9 86.1322708129883
226.0 51.0849151611328
226.1 65.6234741210938
226.5 15.4578084945679
226.9 24.5298919677734
227.0 87.8923797607422
227.2 43.8730278015137
227.8 15.9513816833496
227.9 70.4614105224609
228.1 190.261535644531
228.2 38.7600440979004
229.0 305.439392089844
230.0 1027.5771484375
231.0 360.833129882813
231.1 200.17805480957
232.0 426.408843994141
232.1 942.217468261719
233.0 875.26806640625
234.0 337.947998046875
234.9 404.210845947266
236.0 222.309036254883
236.2 137.303146362305
237.0 1679.5029296875
238.0 298.88720703125
238.0 174.337615966797
239.0 56.9033355712891
240.0 606.691040039063
241.0 358.591918945313
241.8 88.9212875366211
242.0 93.1503524780273
242.1 70.9135284423828
242.8 34.010009765625
243.0 198.7109375
243.2 33.430721282959
243.8 14.7921333312988
243.9 101.785331726074
244.0 19.1445617675781
244.1 75.6435928344727
244.9 115.741500854492
245.0 19.8864517211914
245.1 8.12793445587158
245.9 81.6736679077148
246.1 568.409240722656
246.1 197.595703125
246.7 28.0799713134766
247.0 146.378356933594
247.1 95.4369506835938
247.2 26.0590343475342
248.0 74.6782379150391
248.2 23.7216415405273
248.3 13.2069520950317
248.9 20.7775344848633
249.0 180.444931030273
250.0 105.810974121094
250.9 168.742294311523
251.1 137.106048583984
251.9 61.9081001281738
252.0 82.5397644042969
252.1 14.4515790939331
253.0 872.975952148438
253.8 14.75816822052
253.9 98.7986450195313
254.1 353.575012207031
254.2 39.8330726623535
254.7 16.0432434082031
254.9 47.2652053833008
255.0 62.8343734741211
255.2 9.14626121520996
255.8 10.6927013397217
255.9 95.2434616088867
256.1 115.08406829834
256.9 30.5657196044922
257.0 67.8435134887695
257.8 19.4481582641602
257.9 86.7178268432617
258.2 31.6608810424805
258.7 8.59870529174805
258.9 147.894668579102
259.2 15.6066942214966
259.9 89.5922775268555
260.1 239.529449462891
260.9 21.9515476226807
261.0 45.4906272888184
261.1 30.4267463684082
262.7 17.9095325469971
263.8 29.7521514892578
264.0 58.1039657592773
264.1 107.941497802734
264.2 20.9612693786621
264.9 32.3059997558594
265.0 65.8487701416016
265.7 14.0625009536743
266.0 44.7447738647461
266.0 425.224090576172
266.1 64.5458908081055
267.0 187.683837890625
267.9 39.2769241333008
268.0 242.349685668945
268.8 23.6497764587402
268.9 154.377807617188
269.0 67.9822082519531
269.6 24.1457366943359
269.9 80.0189361572266
270.1 76.1201095581055
270.1 29.399829864502
270.7 8.519287109375
270.9 135.903427124023
271.1 46.7501411437988
271.8 43.2405815124512
272.0 41.9917068481445
272.0 36.8573570251465
273.0 311.890777587891
274.0 204.545349121094
274.1 37.8836555480957
274.9 327.397155761719
275.2 46.2663803100586
275.9 80.8881759643555
276.1 343.792633056641
276.7 63.2167015075684
277.0 329.625
277.2 38.0060577392578
277.8 12.725700378418
278.8 109.789588928223
279.9 89.2843170166016
280.1 67.904296875
280.6 42.5877532958984
281.0 205.299530029297
282.0 1608.94116210938
282.1 142.368408203125
283.0 512.393615722656
283.1 31.8338832855225
283.9 360.46826171875
284.1 238.2607421875
285.0 355.874420166016
285.7 50.3486595153809
285.9 88.3571243286133
286.2 64.8577728271484
287.0 219.172225952148
287.1 31.3714294433594
287.9 124.36302947998
288.1 154.364639282227
289.0 371.427612304688
289.9 46.0483665466309
290.0 52.8604888916016
290.1 3.36315155029297
290.7 19.8376064300537
291.1 171.946838378906
292.0 106.346740722656
292.2 20.0403003692627
293.0 596.710876464844
293.9 104.159286499023
294.8 92.9790802001953
295.1 48.4119567871094
295.7 48.8234100341797
295.9 18.7473392486572
296.0 27.6284065246582
296.7 66.4191513061523
297.7 7.61051940917969
297.9 20.7591133117676
298.1 7.28732061386108
298.5 14.6904449462891
298.8 103.039649963379
299.1 4.38045120239258
299.3 15.9312438964844
299.8 14.2840023040771
300.1 81.7407455444336
300.2 68.5859680175781
300.3 24.5209445953369
300.5 8.22964191436768
300.7 75.5420913696289
300.9 21.1609687805176
301.0 78.3231353759766
301.1 39.8773002624512
301.3 16.3833770751953
301.8 39.4086837768555
302.1 6.73664331436157
302.2 44.4285354614258
303.0 238.324401855469
303.1 135.679870605469
304.0 521.3193359375
304.2 1029.54943847656
304.9 85.7140121459961
305.0 99.4154281616211
305.1 331.009674072266
305.2 33.4641990661621
306.1 35.6600761413574
306.2 66.4959487915039
306.9 101.030860900879
307.0 49.7575874328613
310.0 174.274475097656
310.2 65.1994781494141
310.8 97.5243530273438
311.0 6.17279052734375
311.1 58.4489059448242
311.9 64.2079620361328
312.1 14.8423900604248
312.2 23.3033752441406
312.9 30.4626712799072
313.0 10.6447896957397
314.7 29.284423828125
314.9 67.6935806274414
316.4 15.2100248336792
318.2 13.0401449203491
320.8 32.0415725708008
321.0 134.211486816406
321.2 27.301872253418
321.9 15.9018144607544
322.2 43.6837730407715
323.1 544.0908203125
323.2 99.7316741943359
323.9 37.1661491394043
324.0 165.488693237305
324.1 47.4046325683594
324.3 37.3782958984375
325.0 169.820846557617
325.1 39.1875267028809
326.0 60.96533203125
326.1 33.1292266845703
326.2 27.2613677978516
326.8 8.30125045776367
327.0 17.8624649047852
328.7 15.2413625717163
328.8 8.64390563964844
330.9 14.2182264328003
331.1 16.8523731231689
332.8 14.6857299804688
334.2 14.4264574050903
335.0 23.1062316894531
335.1 241.600799560547
336.0 38.8540534973145
336.1 22.6413593292236
336.3 32.9772453308105
336.9 16.6478939056396
337.0 12.6498594284058
338.1 63.4208641052246
338.2 57.6895484924316
339.1 5368.88232421875
340.0 603.459899902344
340.2 867.709167480469
341.1 1027.52307128906
341.1 1085.36486816406
341.9 120.953834533691
342.0 175.48908996582
342.1 206.28239440918
343.1 37.2890510559082
344.9 27.4681129455566
347.1 35.4946174621582
348.8 58.1205940246582
348.9 116.845245361328
350.8 21.4643058776855
352.9 56.9206314086914
353.0 54.4077644348145
353.2 13.4414558410645
353.7 3.86453056335449
354.0 54.8975830078125
354.7 29.1287536621094
355.0 46.617504119873
355.1 14.1111288070679
356.8 19.43212890625
358.8 20.7352848052979
362.8 18.4620513916016
363.7 14.9144172668457
364.2 15.4870367050171
366.7 8.70492267608643
366.9 43.9341812133789
371.0 17.0590877532959
401.2 18.8300437927246
