#"+EI Scan (rt: 4.153-4.217 min, 12 scans) R2M3.D  Subtract "
#Point,X(Thompsons),Y(Counts)
40.1 1199.19482421875
41.1 28652.58203125
42.1 3416.84936523438
42.2 75.1697769165039
43.1 8584.814453125
44.0 901.990600585938
45.0 711.745788574219
45.8 16.430627822876
46.0 212.539596557617
47.0 3922.126953125
47.7 14.1764459609985
48.0 37.3221893310547
48.1 79.4455947875977
49.0 61.2230453491211
50.0 267.186004638672
50.1 193.319076538086
51.0 1224.17517089844
52.0 514.08544921875
52.1 56.4232711791992
53.1 2194.23168945313
54.0 710.697143554688
54.1 20.1029891967773
55.0 4035.63232421875
56.1 1520.52648925781
57.1 25703.73828125
58.1 1467.54846191406
59.0 9360.8466796875
59.9 79.871223449707
60.0 491.189147949219
60.9 60.7904663085938
61.0 1428.75256347656
62.0 946.448303222656
63.0 1802.484375
63.1 16.2418251037598
64.0 657.996826171875
64.9 490.726684570313
65.0 464.141998291016
65.9 129.299468994141
66.0 91.5098114013672
66.1 81.5450134277344
67.0 610.250305175781
67.1 1297.00207519531
68.0 906.14306640625
68.2 268.963012695313
69.1 11285.6943359375
70.0 1843.70825195313
70.8 13.7582473754883
71.0 102.928527832031
71.1 395.032104492188
71.9 36.7072830200195
72.1 189.776168823242
73.0 3338.3720703125
74.0 1332.09655761719
75.0 2461.7431640625
75.9 5.28562927246094
76.0 2702.81811523438
77.0 5983.400390625
78.0 2583.60009765625
78.9 658.050964355469
79.9 60.7579803466797
80.1 99.9877853393555
81.0 672.192626953125
82.0 826.747436523438
82.1 17.6657867431641
82.9 77.9059753417969
83.1 2930.61401367188
83.8 36.2468147277832
84.0 158.991226196289
84.1 475.608856201172
84.2 55.2745513916016
85.0 548.064453125
85.1 70.1430130004883
85.8 28.0124893188477
86.0 283.280334472656
86.1 369.62060546875
87.0 1471.625
88.0 3629.44116210938
89.0 13061.564453125
90.0 2217.56909179688
91.0 1423.22802734375
91.1 152.431533813477
91.8 21.6274452209473
92.0 137.308502197266
92.5 22.9638080596924
92.8 122.652961730957
93.1 123.80345916748
93.9 74.6282958984375
95.0 271.9130859375
95.9 62.8121185302734
96.0 140.042953491211
96.5 23.6981353759766
96.8 16.1288070678711
97.0 375.733123779297
97.2 169.767181396484
97.7 33.2842216491699
97.9 246.472442626953
98.1 87.5762939453125
98.5 12.6925230026245
99.0 213.416473388672
99.1 362.918365478516
99.8 48.1936874389648
99.9 193.513198852539
100.0 228.148406982422
100.2 29.2677822113037
101.0 6093.7802734375
102.0 16161.333984375
103.0 7757.6787109375
103.8 75.1669845581055
104.0 1133.48852539063
104.9 14.4184188842773
105.0 271.312103271484
105.4 37.4579734802246
105.8 99.6894226074219
106.0 122.756950378418
106.1 29.851900100708
106.9 300.901000976563
107.9 52.7485237121582
108.1 90.7713088989258
109.0 1208.83325195313
109.9 56.0920944213867
110.1 102.296417236328
110.8 198.218078613281
111.0 58.9296264648438
111.9 135.757583618164
112.0 546.086486816406
113.0 552.091552734375
113.1 550.656616210938
114.0 6945.95751953125
115.0 21704.568359375
116.0 40017.5703125
117.0 6322.751953125
118.0 2109.40112304688
119.0 404.343963623047
119.8 23.3777465820313
119.9 22.5715789794922
120.0 26.1963157653809
120.2 14.3464021682739
120.8 131.124603271484
121.0 13.8264446258545
121.2 97.1321640014648
121.8 86.155403137207
122.0 61.056941986084
122.9 121.433074951172
123.0 67.7184524536133
123.9 49.998779296875
124.0 66.3801574707031
124.1 32.7293472290039
124.8 96.9287719726563
124.9 31.9761581420898
125.7 19.6844463348389
126.0 250.748260498047
126.1 208.35302734375
126.9 174.524765014648
127.0 1944.67102050781
128.0 18093.4375
129.0 35801.20703125
130.0 28532.873046875
131.0 4666.7685546875
131.8 73.5259323120117
131.9 160.232360839844
132.0 1074.61096191406
133.0 497.909210205078
133.9 28.7401504516602
134.0 166.021759033203
134.9 367.097229003906
135.0 117.801856994629
135.8 50.0586585998535
136.0 250.998870849609
137.0 6336.546875
138.0 1051.86181640625
139.0 734.237487792969
140.0 1384.91186523438
141.0 1998.04138183594
142.0 3950.8984375
143.0 31484.4296875
144.0 125237.0859375
145.0 13899.9501953125
145.8 36.0605583190918
145.9 135.053573608398
146.1 1462.00366210938
146.2 27.3681125640869
146.8 71.5149459838867
146.9 7.98130798339844
147.0 202.662261962891
147.9 513.236633300781
148.0 349.0224609375
148.1 154.202758789063
149.0 149.295745849609
149.1 18.020959854126
149.4 12.9837789535522
149.9 41.8430213928223
150.0 94.0231475830078
150.2 35.3809928894043
150.8 60.4546813964844
151.0 457.69921875
151.4 28.5937099456787
151.8 9.22541236877441
152.0 376.307861328125
152.2 19.5251331329346
153.0 708.683227539063
153.1 93.8730773925781
154.0 877.798400878906
154.1 2248.26977539063
155.0 7501.4794921875
156.0 6526.9453125
157.0 9863.7412109375
158.0 5374.4541015625
159.0 2215.77099609375
160.0 890.669311523438
160.9 96.1710052490234
161.0 249.228393554688
162.0 191.426910400391
162.1 14.2132329940796
162.9 345.620452880859
163.9 101.02685546875
164.1 50.3856163024902
164.5 77.2294540405273
164.6 66.547492980957
165.0 43.9689407348633
165.1 106.264923095703
165.8 43.4422454833984
166.0 171.606826782227
166.1 237.578674316406
166.9 138.810791015625
167.0 1659.30053710938
168.0 2628.24780273438
168.9 25.3939056396484
169.0 1345.8720703125
170.0 9032.123046875
171.0 3509.64208984375
171.2 157.196578979492
172.0 976.009033203125
172.1 532.116577148438
173.1 7871.14599609375
173.9 127.145843505859
174.1 1461.7607421875
174.2 68.1261520385742
175.0 199.739181518555
175.0 86.2196884155273
175.2 48.6594276428223
175.4 16.0129852294922
175.9 44.9050331115723
176.0 1028.84753417969
176.6 23.3072643280029
176.8 60.7198028564453
176.9 79.1982269287109
177.0 57.2098846435547
177.6 16.2994575500488
177.9 54.3944396972656
178.0 85.5774002075195
178.1 80.3756942749023
178.9 63.0437049865723
179.0 169.799880981445
179.9 81.3546371459961
180.0 444.201477050781
180.3 56.3193359375
181.0 919.879699707031
182.0 6.60752868652344
182.0 1228.37084960938
182.9 308.699188232422
183.0 999.068420410156
184.0 4209.01318359375
185.0 3417.06982421875
185.9 348.953704833984
186.0 1022.31616210938
186.8 109.307800292969
187.0 257.175506591797
187.9 264.4404296875
188.0 170.537414550781
188.9 243.960998535156
189.8 41.0873069763184
190.0 40.7161026000977
190.9 139.119079589844
192.0 190.612670898438
192.2 77.842155456543
193.0 423.26171875
193.8 65.2966079711914
193.9 189.828567504883
194.1 27.7214012145996
194.9 69.816650390625
195.0 425.798004150391
196.0 328.329681396484
196.1 126.236610412598
197.0 545.597045898438
198.0 796.555297851563
198.1 993.037475585938
199.0 2008.79846191406
200.0 223.539093017578
200.1 499.677642822266
200.3 18.0974311828613
201.0 511.753875732422
201.8 1.12492752075195
202.0 246.084411621094
202.1 251.781723022461
202.9 224.837554931641
203.1 350.864349365234
204.0 275.454467773438
204.1 2346.35668945313
205.1 6702.63623046875
206.1 856.361267089844
206.2 791.059509277344
207.0 451.323608398438
207.8 64.8660736083984
208.0 15.3767700195313
208.1 58.9455413818359
208.8 16.0840587615967
209.0 32.2638092041016
209.2 221.812484741211
209.8 15.2424583435059
210.0 228.319763183594
210.1 433.225372314453
211.0 2704.86181640625
212.1 6915.1884765625
213.0 2005.16162109375
214.1 1509.62390136719
215.0 2840.115234375
216.0 824.7275390625
217.0 656.917358398438
217.9 97.3932952880859
218.0 216.954559326172
218.9 1109.97680664063
220.0 287.418182373047
221.0 113.124603271484
221.8 61.6907348632813
222.0 102.603561401367
222.1 15.5500040054321
222.7 34.6926879882813
222.8 0.434906005859375
222.9 103.291107177734
223.1 75.9533462524414
223.8 34.0341987609863
223.9 112.289352416992
224.1 67.5660171508789
225.0 59.9647979736328
225.1 305.387725830078
225.8 19.3266315460205
226.0 80.7848434448242
226.1 172.961990356445
226.5 26.9489593505859
226.9 205.792282104492
227.1 310.634033203125
227.8 65.4510192871094
228.0 468.765106201172
228.2 219.717910766602
228.9 36.4654846191406
229.0 702.930053710938
230.1 6723.39501953125
231.1 6012.2763671875
232.1 500459.03125
233.1 95678.9375
234.1 8506.0634765625
235.1 908.376159667969
235.8 50.8943214416504
235.9 4.56377792358398
236.0 71.1902847290039
236.2 23.2994785308838
237.0 1370.11279296875
237.9 324.057434082031
238.8 84.1960144042969
238.9 389.013000488281
239.9 237.628967285156
240.0 110.404716491699
240.2 13.7270421981812
241.0 587.526977539063
241.1 567.655456542969
242.0 81.7669525146484
242.1 254.810745239258
242.9 109.867073059082
243.0 117.07332611084
243.2 50.7545280456543
243.7 28.8992977142334
243.9 106.14771270752
244.0 300.773681640625
244.2 30.051176071167
245.1 16426.90625
246.1 3218.06567382813
246.9 338.224182128906
247.1 511.80224609375
247.3 52.2481575012207
248.0 642.870178222656
248.1 1869.16491699219
248.9 113.302253723145
249.2 399.764495849609
250.1 71.0195541381836
250.7 19.8975200653076
250.8 23.2198467254639
251.0 34.9958343505859
251.1 21.3924655914307
252.0 13.0596323013306
252.2 15.0883712768555
252.5 14.7319345474243
252.9 43.827995300293
253.0 112.075653076172
253.7 11.1122484207153
254.0 62.6781845092773
254.1 47.2805442810059
254.8 37.8894729614258
254.9 15.8295040130615
255.1 86.2619094848633
255.2 11.1842746734619
255.7 22.5175151824951
256.0 47.3856735229492
256.1 52.5494079589844
256.9 132.870666503906
257.0 181.098831176758
257.9 93.4645004272461
258.0 374.492279052734
258.2 42.7044067382813
258.3 74.3128662109375
259.1 6100.28955078125
260.1 47449.85546875
261.1 8803.4501953125
261.9 34.8207321166992
262.1 884.009216308594
263.0 70.0185012817383
263.1 89.3616561889648
264.1 33.9244270324707
264.9 48.5758285522461
266.1 26.7470550537109
266.9 101.706237792969
267.0 127.572700500488
267.1 21.3854751586914
267.8 28.7595691680908
268.0 206.045043945313
268.1 77.5421829223633
268.4 15.335129737854
268.5 19.6396236419678
269.0 139.970962524414
269.0 38.7563629150391
269.8 11.3291339874268
270.0 161.115203857422
270.1 8.45623779296875
271.0 495.314117431641
271.1 52.2470436096191
271.7 22.1268882751465
272.0 93.4500045776367
272.1 101.34211730957
272.2 32.1116752624512
272.9 284.684326171875
273.1 138.583084106445
273.7 8.96938228607178
274.1 485.639892578125
274.8 302.248840332031
275.0 10.572566986084
276.0 157.013870239258
276.1 191.032089233398
277.0 439.720184326172
277.9 115.54029083252
278.1 38.8369293212891
278.6 14.3409967422485
278.9 76.6930160522461
279.1 45.6644744873047
279.9 6.86976909637451
280.0 27.5977687835693
280.8 29.7972640991211
280.8 7.06379699707031
281.9 83.6408004760742
282.1 28.0470714569092
282.7 14.7749433517456
282.8 14.3993654251099
283.1 67.6211013793945
283.2 23.5818481445313
284.0 57.1623954772949
284.1 44.1533088684082
284.8 150.252029418945
285.0 178.809432983398
285.1 97.9676284790039
285.9 37.0944900512695
286.1 251.701675415039
287.1 3083.81762695313
288.1 24724.560546875
289.1 6616.5654296875
289.9 157.785415649414
290.0 418.563140869141
291.0 394.925323486328
291.8 14.1110935211182
292.1 17.6563396453857
292.8 174.688552856445
293.0 93.7669372558594
293.9 250.097854614258
295.1 168.994842529297
296.0 105.725250244141
296.9 134.699462890625
297.0 158.480331420898
297.6 25.058198928833
297.8 2.48456192016602
298.0 158.403396606445
299.0 166.271362304688
299.1 277.793243408203
299.9 98.7675170898438
300.1 295.118255615234
300.2 159.493087768555
301.0 48.2181282043457
301.1 3727.45532226563
302.1 4387.77490234375
303.0 779.953735351563
303.2 278.853179931641
303.8 22.7141857147217
303.9 44.2652473449707
304.0 12.5091285705566
304.2 61.6740913391113
305.0 38.8334426879883
306.7 15.4940309524536
306.8 51.0775871276855
307.0 89.2250289916992
307.2 21.3144836425781
307.8 29.6251239776611
309.0 18.145133972168
309.1 27.8269100189209
309.9 14.5437784194946
310.8 61.0785293579102
311.1 83.158821105957
311.9 14.1096487045288
313.0 27.8319301605225
313.1 52.4247169494629
315.0 114.331069946289
315.1 296.453430175781
315.8 20.5004825592041
316.0 92.6253433227539
316.2 42.9926414489746
316.3 26.6854228973389
317.0 38.3241271972656
317.2 1971.1884765625
318.0 77.7351303100586
318.1 241.768310546875
318.2 230.894027709961
318.8 38.9021759033203
319.0 221.426208496094
319.1 415.945953369141
320.1 43104.37109375
321.0 163.305526733398
321.1 8803.1494140625
321.9 39.0158233642578
322.1 1016.36480712891
322.2 166.330261230469
323.0 9.7106990814209
323.1 146.029525756836
324.1 24.6798152923584
325.0 16.2462673187256
325.1 51.2849998474121
326.1 14.310417175293
326.9 72.3412857055664
327.0 3.22303771972656
329.0 205.890441894531
329.2 3884.9111328125
330.1 797.282470703125
330.2 97.8698806762695
330.8 10.9959239959717
331.0 98.4695434570313
331.2 61.8109817504883
332.8 59.7665939331055
332.9 25.5419540405273
333.1 233.937377929688
333.9 18.6410331726074
334.0 64.3020553588867
335.0 7.72558832168579
335.1 15.6816177368164
337.0 14.1683025360107
339.3 12.6754293441772
343.0 124.635200500488
343.1 129.136108398438
343.2 46.6180152893066
343.4 21.881139755249
344.1 460.662841796875
344.2 363.674530029297
344.8 12.6677198410034
345.0 7.97456121444702
345.1 837.802551269531
345.2 588.402282714844
345.9 21.885046005249
346.1 32.499454498291
346.2 270.317016601563
346.4 38.7921943664551
347.1 125.12621307373
347.2 137.43962097168
347.3 22.5421295166016
348.1 33.2762298583984
348.6 0.615718841552734
348.7 19.9920349121094
349.1 80.0812225341797
349.2 4.16695404052734
349.9 23.3449668884277
350.9 9.50678634643555
352.7 81.9074096679688
352.9 47.1182289123535
353.0 3.40151882171631
354.1 46.1922760009766
355.0 43.3478240966797
356.1 114.098152160645
356.2 220.257888793945
356.8 21.3988246917725
357.0 53.874755859375
357.2 39.6664848327637
357.5 18.5792922973633
358.1 429.724334716797
358.2 219.395278930664
358.3 64.3602981567383
359.0 55.9651565551758
359.2 1539.45031738281
360.0 26.5675487518311
360.1 186.465255737305
360.2 187.292221069336
361.0 119.014472961426
361.1 402.739593505859
361.2 512.08056640625
362.0 52.4281196594238
362.2 150.038421630859
363.1 21.2810955047607
363.9 15.3512315750122
366.9 21.6019515991211
374.2 13.9105224609375
375.2 496.893280029297
376.2 37315.4609375
377.2 8887.4326171875
378.0 65.6036682128906
378.2 1202.02648925781
379.1 92.616096496582
379.3 17.7264347076416
386.9 13.3417596817017
400.9 10.1800575256348
423.2 20.451717376709
