#"+EI Scan (rt: 4.136-4.200 min, 12 scans) R10M3.D  Subtract "
#Point,X(Thompsons),Y(Counts)
40.1 764.853332519531
40.2 68.859748840332
41.1 24169.677734375
42.1 2885.248046875
43.1 6382.4306640625
44.0 803.726989746094
44.8 36.6507720947266
45.0 601.487365722656
45.9 113.160705566406
46.1 54.9359092712402
47.0 2855.03784179688
47.9 14.838249206543
48.0 46.5157623291016
48.9 7.54441976547241
49.0 71.4064254760742
49.1 54.7089347839355
50.0 234.280410766602
50.1 156.694244384766
51.0 977.208923339844
51.9 110.776077270508
52.0 263.482208251953
52.2 19.2033405303955
53.0 690.88330078125
53.1 1029.53869628906
53.8 23.0131397247314
54.0 566.523132324219
54.2 59.6050872802734
55.0 3668.44873046875
56.0 561.939086914063
56.1 634.313049316406
57.1 23962.78125
58.1 1356.68884277344
59.0 8479.0703125
59.9 285.381469726563
60.0 285.337707519531
60.8 59.7748336791992
61.0 801.728576660156
61.1 352.908569335938
62.0 824.671081542969
63.0 1485.30102539063
64.0 74.7549285888672
64.0 441.212554931641
64.7 16.446741104126
65.0 742.189025878906
65.2 18.0762386322021
65.8 4.78981876373291
65.9 136.543395996094
66.1 114.830032348633
67.0 1514.017578125
67.8 21.0781669616699
68.1 1072.3154296875
69.1 9103.095703125
70.0 1629.26342773438
70.8 23.4006729125977
70.9 126.562721252441
71.0 115.479339599609
71.2 147.173263549805
71.8 62.9212951660156
71.9 14.5173797607422
72.1 26.3434066772461
72.2 68.7685699462891
73.0 3045.69653320313
74.0 684.762756347656
74.1 321.887756347656
75.0 1853.57421875
75.1 76.5185775756836
76.0 459.168975830078
76.1 1443.52587890625
77.0 4610.115234375
78.0 2135.55126953125
79.0 43.5212097167969
79.1 198.0810546875
80.0 43.7191619873047
80.2 118.377166748047
81.0 704.76611328125
81.9 161.175720214844
82.0 619.954772949219
83.1 2795.58178710938
83.9 258.077758789063
84.0 247.19889831543
84.2 153.179977416992
84.7 26.8010940551758
85.1 481.365173339844
86.0 221.567123413086
86.1 230.696716308594
86.2 120.309135437012
87.0 1101.44860839844
87.8 17.2276859283447
88.0 2990.43505859375
89.0 9468.537109375
90.0 1651.92993164063
90.1 12.7932538986206
91.0 317.529724121094
91.1 459.122314453125
91.7 23.2215938568115
91.9 107.696571350098
92.1 96.21484375
92.9 102.111312866211
93.0 80.0840148925781
93.9 47.9550933837891
94.8 14.1338262557983
94.9 128.566314697266
95.0 188.146835327148
95.8 33.6279983520508
95.9 42.1390495300293
96.0 42.5217208862305
96.2 1.71623992919922
97.0 111.939239501953
97.1 295.312713623047
97.6 15.0598220825195
97.8 23.4410972595215
98.0 284.647369384766
98.1 111.610404968262
98.6 38.4737129211426
98.9 210.218872070313
99.1 286.728179931641
99.2 52.7623291015625
99.9 46.97509765625
100.1 324.616271972656
100.2 128.301986694336
101.0 4650.42041015625
102.0 11850.2275390625
103.0 5463.69775390625
103.8 75.3197555541992
104.0 532.530090332031
104.1 350.173309326172
105.0 254.284942626953
105.8 21.3299121856689
105.9 72.9022445678711
106.1 46.3411140441895
106.1 59.1785583496094
106.6 7.65550136566162
106.7 7.50637435913086
106.9 152.671264648438
107.2 42.7119178771973
107.7 34.0779075622559
108.0 7.16608810424805
108.1 18.4741134643555
109.0 738.26025390625
109.9 136.708923339844
110.0 15.8360023498535
110.7 35.2915916442871
111.1 158.608123779297
112.0 436.177001953125
112.2 44.4884986877441
112.9 390.252166748047
113.1 426.501708984375
114.0 5176.7275390625
115.0 16203.4267578125
116.0 28055.396484375
117.0 4751.81298828125
118.0 719.6669921875
118.1 711.782897949219
118.9 174.557891845703
119.1 79.5372161865234
119.9 94.9868545532227
120.1 51.0611343383789
120.8 9.7813138961792
121.0 48.0033950805664
121.1 75.766357421875
121.5 33.0421371459961
121.7 120.451881408691
122.1 43.9365882873535
122.9 46.5893249511719
123.1 95.5703353881836
123.9 36.2317924499512
124.0 68.1244277954102
124.8 172.577575683594
125.0 131.841064453125
125.8 23.4425888061523
125.9 212.944763183594
126.0 95.7990417480469
126.1 68.951301574707
126.9 197.592987060547
127.0 1294.92004394531
128.0 13663.7978515625
129.0 26015.552734375
130.0 21327.58984375
131.0 552.527709960938
131.0 2877.6708984375
131.9 120.713882446289
132.0 679.149230957031
133.0 179.205261230469
133.0 228.251037597656
133.9 77.5232772827148
134.0 37.7025032043457
134.2 27.0309104919434
135.0 515.607543945313
135.9 312.237487792969
137.0 6029.4970703125
138.0 431.339477539063
139.0 601.71728515625
139.9 434.509521484375
140.0 575.652709960938
141.0 325.780426025391
141.1 1140.43859863281
141.9 513.29248046875
142.0 2298.9677734375
142.9 144.015319824219
143.0 22500.41015625
144.0 87115.71875
145.0 9793.91796875
146.0 498.235687255859
146.1 738.632263183594
146.8 34.8174247741699
146.9 165.529373168945
147.1 22.5690841674805
147.9 184.890319824219
148.0 563.318725585938
148.7 55.2424507141113
148.9 75.3871154785156
149.0 18.7877883911133
149.1 24.1120109558105
149.8 36.9801216125488
150.1 55.5057830810547
150.2 14.0070905685425
150.5 42.4044418334961
150.8 132.031784057617
151.0 297.502014160156
151.7 6.47014570236206
151.9 103.410018920898
152.0 148.136581420898
152.1 101.672157287598
153.0 371.280364990234
153.1 352.225891113281
154.0 2039.39599609375
154.1 397.334716796875
155.0 5932.185546875
156.0 5126.19287109375
157.0 7968.986328125
158.1 3722.26733398438
158.2 48.8492202758789
159.0 2105.23046875
159.9 503.589996337891
160.1 144.213531494141
160.7 29.1859188079834
160.9 166.995742797852
161.1 365.706329345703
161.9 119.435523986816
162.0 94.1752014160156
162.2 14.2702302932739
163.0 470.648254394531
163.8 85.1067276000977
163.9 81.1985015869141
164.1 20.8431262969971
164.4 28.64967918396
164.7 74.3666305541992
164.8 42.5602378845215
165.0 53.8563766479492
165.2 43.2044677734375
165.3 20.5037708282471
165.9 41.1889610290527
166.0 226.310348510742
166.2 116.85572052002
167.0 1236.64868164063
167.1 373.772430419922
168.0 1594.62268066406
168.2 265.994995117188
169.0 369.109466552734
169.1 796.99072265625
170.1 6498.65380859375
171.0 1830.7607421875
171.1 656.23193359375
171.8 107.285118103027
172.0 800.331176757813
172.1 212.354919433594
173.1 6039.7119140625
174.0 754.7978515625
174.1 622.686096191406
175.0 243.395141601563
175.1 16.7884368896484
175.8 62.5388641357422
176.0 650.627014160156
176.1 115.672294616699
177.0 91.6539001464844
177.1 180.617935180664
178.0 120.567558288574
178.9 38.8996276855469
179.0 114.273483276367
179.1 81.5642929077148
180.0 316.171264648438
180.1 82.7183074951172
180.9 199.959075927734
181.0 339.385772705078
182.0 464.771484375
182.1 633.017822265625
183.0 1002.29565429688
183.1 47.6468544006348
184.0 1175.71862792969
184.1 2048.62109375
185.0 928.694091796875
185.0 1475.81298828125
186.0 39.542911529541
186.0 867.83984375
186.8 43.5247611999512
186.9 152.393966674805
187.0 157.555068969727
187.8 20.5815143585205
187.9 147.317642211914
188.0 144.788452148438
188.7 48.743465423584
188.9 177.892593383789
189.8 7.01984548568726
189.9 55.4504699707031
190.0 18.2638778686523
190.6 36.1432914733887
190.7 19.1196155548096
191.0 79.8602905273438
192.0 172.638687133789
192.7 22.1811428070068
192.9 61.6675567626953
193.0 235.417663574219
193.9 73.0439910888672
194.1 26.0629005432129
195.0 812.324340820313
195.9 144.748199462891
196.0 133.863723754883
196.2 127.333618164063
197.0 673.582580566406
198.0 1436.37866210938
198.8 71.5902938842773
199.0 1109.28186035156
199.8 71.1969985961914
200.0 398.794952392578
200.2 71.755241394043
200.8 68.6308898925781
201.0 345.32861328125
201.8 133.699310302734
202.0 201.209396362305
202.9 72.5538482666016
203.0 349.631622314453
203.2 42.6285285949707
203.9 17.1347007751465
204.1 1234.71496582031
204.2 481.533538818359
205.0 272.534118652344
205.1 4407.466796875
206.0 104.372833251953
206.1 1128.86877441406
206.2 64.1007995605469
207.0 376.919311523438
207.9 112.92219543457
208.0 97.3843688964844
209.0 286.424682617188
209.9 382.989288330078
210.1 420.405609130859
211.0 1891.17749023438
212.1 5853.703125
213.0 1494.95288085938
213.9 49.5848159790039
214.1 848.40869140625
215.0 2823.0654296875
216.0 873.089477539063
216.9 730.902587890625
217.7 49.4614181518555
218.0 257.301086425781
218.9 1102.21069335938
219.9 270.509948730469
220.0 7.69621276855469
221.0 206.668746948242
221.1 28.6262435913086
221.9 87.7588424682617
222.0 79.589485168457
223.0 537.0693359375
223.9 34.2571105957031
224.0 147.826644897461
224.8 49.4372177124023
224.9 117.245231628418
225.0 49.2195777893066
225.2 21.2626075744629
225.7 15.4362707138062
226.0 84.6586532592773
226.1 137.261306762695
226.3 58.186939239502
226.6 80.9900207519531
226.9 14.6749801635742
227.0 277.74853515625
227.1 157.35368347168
227.6 21.2809162139893
228.0 427.223510742188
228.1 181.726272583008
229.0 659.130798339844
229.1 344.844085693359
230.1 5445.611328125
231.1 4618.97509765625
232.1 351681.46875
233.1 68846.4921875
234.1 6877.021484375
234.9 24.9879455566406
235.0 470.709136962891
235.1 125.325820922852
235.8 60.8679351806641
236.0 93.5393981933594
237.0 1804.05615234375
238.0 523.304443359375
238.9 145.517242431641
239.0 350.327178955078
239.8 56.4548721313477
239.9 50.0079193115234
240.2 73.4426040649414
241.0 1053.1806640625
241.9 114.495185852051
242.1 127.243019104004
242.9 139.984939575195
243.1 80.0838317871094
243.9 71.510856628418
244.1 213.391891479492
245.1 11511.0869140625
246.1 2099.76196289063
246.2 57.4099922180176
246.9 46.2571983337402
247.1 728.741394042969
247.2 26.3320999145508
248.0 275.206573486328
248.1 1766.28759765625
248.8 21.0273380279541
248.9 121.814666748047
249.1 195.472152709961
249.2 95.2849044799805
250.1 53.73193359375
250.9 19.1232089996338
251.0 85.9302139282227
252.0 8.89609146118164
252.2 12.7817068099976
253.0 239.142349243164
253.8 20.1272220611572
253.9 93.9385986328125
254.0 15.7665023803711
254.1 27.215892791748
254.7 18.166410446167
255.0 99.2489852905273
255.2 30.2325801849365
256.1 72.0293960571289
256.8 11.5021667480469
256.9 0.828277587890625
257.0 205.8388671875
258.0 178.546722412109
258.2 250.1005859375
259.1 4565.837890625
260.1 34142.48828125
261.1 5729.16357421875
261.7 16.4092197418213
262.0 345.681304931641
262.1 367.317687988281
262.9 12.923433303833
263.0 96.3979873657227
263.2 26.582763671875
263.9 50.4830017089844
266.9 84.5117721557617
267.0 39.9401512145996
267.1 78.7151336669922
268.0 50.6917915344238
268.1 185.23356628418
268.8 62.3902893066406
269.0 143.076538085938
269.9 53.6746482849121
270.0 17.88938331604
270.4 17.012243270874
270.8 15.1465606689453
271.0 154.631149291992
271.0 40.5968475341797
271.8 22.0371932983398
272.0 179.876663208008
272.2 17.6975002288818
273.0 202.607574462891
273.1 232.778564453125
273.7 12.378098487854
273.9 69.4976959228516
274.0 276.973480224609
274.1 22.6789417266846
275.0 403.452209472656
276.0 130.670989990234
276.1 205.536331176758
276.9 190.279998779297
277.0 143.707733154297
277.8 12.0206737518311
278.0 118.401695251465
278.8 36.1504135131836
278.9 3.40818786621094
279.0 26.9663429260254
279.1 81.0505447387695
279.9 22.1796455383301
280.8 25.4280166625977
281.0 69.5833053588867
281.1 17.8387222290039
281.3 39.610767364502
281.9 59.3407325744629
282.2 18.3908424377441
282.9 24.2645931243896
283.1 47.4313430786133
283.8 20.4816017150879
284.2 36.8415641784668
285.0 443.189910888672
285.1 294.707183837891
285.6 47.6334381103516
285.9 63.1496429443359
286.1 149.900787353516
287.1 1835.50122070313
287.2 620.201904296875
288.1 17861.966796875
289.1 4238.6826171875
289.8 7.05324363708496
290.0 576.056213378906
291.0 311.348449707031
291.8 8.2949275970459
292.0 16.8655052185059
292.1 19.6801815032959
292.9 590.360961914063
293.8 63.4189186096191
293.9 226.006225585938
294.9 157.696166992188
295.0 158.604934692383
295.8 14.6464776992798
295.9 72.4915771484375
296.8 60.7581939697266
297.0 171.354095458984
298.0 168.745513916016
298.7 11.7301549911499
299.0 114.17227935791
299.2 150.737747192383
299.9 56.0992279052734
300.1 420.822875976563
301.1 2826.0302734375
301.3 87.0981216430664
301.9 57.2274932861328
302.1 3280.86791992188
303.1 737.718444824219
303.2 59.2303504943848
304.0 42.7358589172363
304.1 101.607627868652
304.8 29.5147476196289
305.0 50.6480674743652
307.0 39.3296127319336
309.1 53.2429313659668
310.2 21.9600963592529
310.8 27.1515636444092
310.9 97.5995788574219
312.1 16.7195606231689
313.0 44.498104095459
315.0 119.154090881348
315.1 286.96630859375
316.1 47.2883453369141
316.2 14.813250541687
317.0 65.4458160400391
317.2 1402.19714355469
317.9 132.779403686523
318.1 341.084838867188
319.0 173.300308227539
319.1 193.067947387695
320.1 31529.796875
321.0 89.8956604003906
321.1 6072.42333984375
322.0 160.789840698242
322.1 546.429504394531
322.3 15.6591691970825
322.8 19.844425201416
323.0 47.1417236328125
327.0 27.8984756469727
327.2 22.7350635528564
329.1 1895.2451171875
329.2 1392.64318847656
329.9 40.862735748291
330.1 372.349273681641
330.2 163.803909301758
330.4 27.3302059173584
330.7 18.8932838439941
331.0 95.7600326538086
331.2 78.391731262207
332.8 57.2369232177734
333.0 202.333389282227
333.2 73.8892440795898
334.1 13.1347999572754
334.3 15.4007959365845
334.8 16.4206523895264
336.9 23.9340572357178
341.1 30.0768222808838
342.0 12.9198989868164
342.3 31.7813205718994
342.9 76.019889831543
343.0 55.7108573913574
343.2 46.4311065673828
343.3 36.8847389221191
343.9 77.8360595703125
344.2 643.329406738281
345.1 177.068786621094
345.2 955.910400390625
346.0 68.1037979125977
346.1 65.4551315307617
346.2 176.168441772461
346.5 16.8111763000488
347.1 161.205184936523
347.2 65.1670455932617
347.3 19.6050090789795
348.5 12.8703927993774
348.9 82.7054138183594
349.2 34.8602676391602
349.9 46.2776184082031
350.8 13.7757520675659
352.8 10.7832870483398
353.0 69.9126739501953
354.0 13.1820459365845
355.1 18.4742984771729
355.3 17.631986618042
355.9 26.3129291534424
356.0 44.2540473937988
356.1 206.878524780273
356.3 30.521203994751
356.4 29.9498500823975
357.0 103.406921386719
357.2 20.6992664337158
357.9 55.7425422668457
358.1 158.215759277344
358.2 222.780822753906
359.0 73.4088363647461
359.2 1134.38610839844
360.0 59.077953338623
360.1 220.93505859375
360.9 46.0101280212402
361.1 205.730285644531
361.2 486.131744384766
362.1 66.3316421508789
362.2 116.821815490723
363.0 28.8758926391602
365.0 12.7348642349243
366.9 8.37267398834229
367.1 66.0376510620117
367.2 13.371395111084
371.0 24.8861598968506
373.1 13.3184537887573
374.1 16.7547740936279
375.1 253.298233032227
375.3 125.622375488281
376.2 27785.701171875
377.1 154.060470581055
377.2 6428.451171875
378.0 28.1244812011719
378.2 975.51220703125
379.1 48.0880584716797
379.2 20.8883724212646
401.0 23.0817813873291
401.1 16.5431175231934
459.0 14.0195035934448
