#"+EI Scan (rt: 6.729-6.829 min, 18 scans) R10M3.D  Subtract "
#Point,X(Thompsons),Y(Counts)
40.1 78.6713256835938
40.8 24.2435131072998
41.1 901.345947265625
41.9 34.1470642089844
42.0 29.2068271636963
42.1 115.328819274902
43.0 1750.58911132813
44.0 691.84228515625
44.7 9.59573173522949
44.9 47.124382019043
46.1 13.3071336746216
47.0 56.3648986816406
47.1 29.2561855316162
49.7 5.29976749420166
49.9 76.8925628662109
50.9 23.4919128417969
51.0 122.134017944336
52.1 53.9162330627441
52.9 42.6573295593262
53.0 108.336334228516
53.2 25.6135425567627
54.0 31.9921493530273
54.1 30.8479747772217
54.9 39.0295562744141
55.0 131.819534301758
55.1 66.1409606933594
55.8 5.76450538635254
57.0 67.6390228271484
57.8 28.0574684143066
58.0 42.9315719604492
59.0 344.3857421875
59.9 73.4531097412109
60.9 20.6365051269531
61.8 2.41015100479126
62.0 55.8687362670898
63.0 116.685394287109
63.1 15.5016555786133
63.7 4.1588568687439
64.0 134.203201293945
64.1 13.8209018707275
64.8 7.30911731719971
65.0 102.898986816406
65.1 27.074520111084
65.9 13.4174499511719
66.0 1.16664099693298
67.1 81.0278472900391
68.1 2.44324970245361
69.0 211.818298339844
69.1 25.4465942382813
69.8 10.3561534881592
70.0 1.16584396362305
70.9 38.6935882568359
71.2 13.1537046432495
71.7 14.9520769119263
72.3 16.9559173583984
73.0 431.051025390625
74.1 142.135559082031
74.9 191.067016601563
75.7 12.1145401000977
75.8 19.5834846496582
76.0 98.7876358032227
76.2 36.9656600952148
77.0 853.17041015625
78.0 488.2333984375
78.9 379.730560302734
80.0 101.19425201416
81.0 1767.69860839844
82.9 123.312187194824
84.1 8.42903995513916
84.7 14.2215995788574
84.8 54.0904159545898
86.0 13.9389505386353
86.7 13.8049640655518
86.9 74.1447601318359
87.7 14.5775337219238
87.9 53.3796615600586
88.1 150.484985351563
88.9 144.011993408203
89.0 396.532470703125
89.7 9.53971481323242
89.9 96.8898849487305
90.0 52.3096008300781
90.9 93.9548492431641
91.0 65.472900390625
91.2 0.460141181945801
93.0 56.3746948242188
93.3 8.65258598327637
94.2 10.8289995193481
94.5 10.6380767822266
94.8 66.8082427978516
95.0 5.42199516296387
95.7 15.859733581543
96.1 53.8859825134277
97.0 11.7723999023438
97.1 76.1529922485352
97.8 15.2090644836426
98.0 71.3552169799805
99.8 25.666051864624
99.9 5.26441955566406
100.1 31.585075378418
100.7 16.1504650115967
100.9 102.913581848145
101.0 238.762557983398
101.2 9.26738929748535
101.8 36.5411529541016
102.0 768.23486328125
102.2 23.9420948028564
102.9 145.070068359375
103.1 192.591949462891
103.8 2.30917739868164
103.9 46.288330078125
104.0 51.8045616149902
104.2 11.3944072723389
104.8 3.17464017868042
105.1 68.9664001464844
106.1 25.5552215576172
106.3 9.50998878479004
106.8 10.5638542175293
107.0 1.65966892242432
107.2 12.0448331832886
107.8 8.86709880828857
108.2 10.3247909545898
109.0 202.533447265625
110.0 65.8981781005859
111.0 75.06640625
111.7 8.97014999389648
111.8 10.7876091003418
112.8 77.6504211425781
113.0 154.882781982422
113.8 17.5628643035889
114.0 201.890060424805
114.2 49.6978492736816
114.9 133.279739379883
115.0 1221.3720703125
115.9 91.4324417114258
116.0 1251.34045410156
116.2 33.2561874389648
117.0 251.359802246094
117.1 231.191589355469
117.9 48.0733985900879
118.0 148.063247680664
118.3 6.15992259979248
118.8 31.5299186706543
119.0 36.2564315795898
119.1 10.6295509338379
119.3 10.6446466445923
119.5 31.5888938903809
119.6 39.5671310424805
119.9 15.5740394592285
120.1 15.2378625869751
120.5 18.6122932434082
120.6 37.6222076416016
120.7 91.3642730712891
120.9 70.6041717529297
121.5 12.4131278991699
121.6 44.9369621276855
121.8 22.8819847106934
122.0 11.239691734314
122.8 44.8844604492188
123.0 0.552032470703125
123.9 19.8030700683594
124.1 2.2758150100708
124.7 45.6465263366699
124.8 9.41972351074219
125.0 34.8079299926758
125.5 11.1743764877319
125.9 95.3323440551758
126.0 258.023834228516
126.1 33.6255187988281
127.0 524.786376953125
127.0 674.164916992188
127.2 68.9215621948242
127.8 40.632755279541
128.0 1505.76623535156
128.1 179.297393798828
129.0 1819.14331054688
129.9 255.490844726563
130.0 616.27783203125
130.9 89.1771850585938
131.1 36.9750709533691
131.2 31.9761867523193
131.4 10.2520017623901
131.8 46.6071319580078
132.0 87.3252868652344
132.2 28.3326282501221
132.6 20.9900894165039
132.7 13.3066844940186
133.0 138.101165771484
133.1 137.758895874023
133.3 83.5313415527344
133.5 73.1487503051758
133.7 17.9871578216553
133.9 79.3738327026367
134.2 40.7006683349609
134.3 15.2416114807129
135.0 279.308044433594
136.0 119.955703735352
137.0 1197.71484375
138.0 122.388244628906
138.9 24.1999816894531
139.0 1886.17736816406
139.6 9.45381546020508
140.0 684.595764160156
140.1 399.085906982422
140.9 247.317504882813
141.0 121.289840698242
141.2 156.467819213867
141.5 204.831008911133
141.6 59.0162811279297
141.8 231.103088378906
141.9 52.7526512145996
142.1 127.419242858887
142.7 20.2230453491211
142.8 59.7453765869141
143.0 341.641510009766
143.2 12.9640007019043
144.0 3449.66772460938
144.9 187.648315429688
145.0 413.183898925781
145.7 25.9064846038818
146.0 55.0716285705566
146.9 27.6357879638672
147.0 21.938606262207
147.1 23.5164356231689
147.3 20.8994235992432
147.7 36.3772392272949
147.9 21.1879806518555
148.1 36.6725883483887
148.3 24.4189987182617
148.5 160.247589111328
148.6 164.27961730957
148.7 54.2752494812012
149.0 66.7566833496094
149.2 30.4210166931152
149.8 44.1188697814941
149.9 19.6327037811279
150.0 75.2227096557617
150.1 77.1603698730469
150.6 8.48701095581055
150.8 24.63671875
150.9 192.167999267578
151.0 197.109664916992
151.9 24.667049407959
152.1 1590.38208007813
153.0 1418.61645507813
153.1 724.532897949219
153.9 39.7218170166016
154.0 921.821533203125
154.1 233.754058837891
154.9 116.005126953125
155.0 709.917785644531
155.9 240.534698486328
156.1 141.680862426758
156.8 10.9880676269531
157.0 18.6822509765625
157.0 99.6844787597656
157.9 57.9396476745605
158.0 68.0651779174805
158.1 67.1422729492188
158.2 0.00239944458007813
159.0 286.4208984375
160.0 240.754669189453
160.9 172.980010986328
161.0 4.81658935546875
161.8 10.2736825942993
162.1 8.36939525604248
162.8 49.6177062988281
162.9 9.72361755371094
163.7 23.2567119598389
163.8 23.8398284912109
164.1 8.73416137695313
164.9 60.836555480957
165.0 110.633865356445
165.8 9.70678806304932
166.0 38.1563758850098
166.2 23.7436180114746
166.9 277.203857421875
167.8 0.480548858642578
168.0 206.052383422852
169.0 59.6793823242188
169.1 96.6216278076172
169.9 75.7351455688477
170.0 64.4333114624023
170.1 143.172088623047
170.6 23.7926902770996
170.9 116.8564453125
171.0 56.0541687011719
171.7 8.66531562805176
171.9 37.529239654541
173.0 24.9257469177246
173.8 13.107518196106
174.8 10.2123765945435
174.9 34.1880302429199
175.1 20.1678104400635
175.8 19.318531036377
175.9 8.95325660705566
176.1 23.6238193511963
176.7 9.12783050537109
176.8 11.2302684783936
177.0 44.2065582275391
177.9 22.5232048034668
178.9 6.71084547042847
179.0 32.8582611083984
179.9 57.2856597900391
180.1 26.0349540710449
181.0 68.0880279541016
181.0 177.626388549805
181.9 14.5730047225952
182.0 98.0364456176758
183.0 2170.25756835938
183.9 0.644026756286621
184.0 180.040313720703
184.1 245.88020324707
184.7 23.9820442199707
184.8 51.4351959228516
185.0 38.9371566772461
185.8 55.5463829040527
185.9 223.22038269043
186.2 14.8803625106812
186.7 37.6447792053223
187.1 146.02734375
187.9 32.5841865539551
188.1 41.5394821166992
189.0 192.181732177734
190.8 151.150512695313
191.9 95.4195861816406
192.1 9.14463043212891
192.9 73.2797241210938
193.0 69.5302505493164
194.2 39.9497413635254
195.0 1948.51318359375
195.8 12.644603729248
195.9 301.975830078125
196.0 14.7920246124268
196.8 27.6412200927734
196.9 142.171295166016
198.0 69.3209609985352
198.0 32.4614906311035
198.8 150.137100219727
199.1 4.25027847290039
199.9 50.4743690490723
200.1 88.8126525878906
200.2 11.0533084869385
200.9 456.240020751953
201.6 27.2584800720215
201.9 62.9574317932129
202.0 75.8528594970703
202.2 28.6939258575439
202.7 50.3994903564453
202.9 25.4495697021484
203.0 52.9710426330566
204.0 6.04935646057129
204.6 2.28067445755005
204.8 14.1191635131836
204.9 48.0129356384277
205.1 87.3994522094727
206.0 3.29486417770386
207.0 431.399230957031
208.7 12.5564727783203
209.0 16.3701324462891
209.1 68.8929443359375
209.2 38.3901634216309
210.0 28.3728675842285
210.2 34.4639053344727
211.0 188.642822265625
212.0 5.84628295898438
212.2 28.7211685180664
213.1 358.653686523438
214.1 1543.78857421875
214.1 2964.52514648438
215.0 1235.34423828125
216.0 229.66552734375
217.0 448.995635986328
217.8 22.8373794555664
218.0 10.7166442871094
218.1 10.6605710983276
218.8 257.2265625
220.0 44.5889892578125
220.1 41.4781227111816
221.0 73.7120056152344
222.5 17.9555244445801
223.0 19.2903823852539
223.7 4.22138404846191
223.9 26.370641708374
224.1 78.8701553344727
224.6 14.1284561157227
224.9 111.761993408203
225.0 48.2929573059082
225.9 96.4610748291016
226.0 257.400268554688
226.1 112.892707824707
226.8 80.5339736938477
227.0 114.608070373535
227.1 113.274047851563
227.8 18.9483642578125
227.9 66.2628707885742
228.0 177.937515258789
228.2 78.3334732055664
228.7 31.8342666625977
229.0 103.921142578125
229.7 23.6765079498291
230.0 35.5907135009766
230.1 5.34802627563477
230.3 8.82744789123535
230.7 5.05415725708008
231.0 30.0332069396973
231.8 9.7470645904541
231.9 27.9504089355469
233.0 169.13037109375
233.9 211.104675292969
234.7 24.1764183044434
234.8 102.056976318359
236.1 22.6422061920166
237.0 412.2587890625
237.9 176.452758789063
238.0 116.485717773438
239.0 432.092895507813
239.9 95.5447998046875
240.0 291.828643798828
240.2 90.6428070068359
241.0 1459.99877929688
242.0 170.857833862305
242.1 252.156555175781
242.2 18.4304733276367
242.8 3.85011911392212
243.0 132.548583984375
244.2 9.42678546905518
244.7 0.748366355895996
244.8 19.3202209472656
245.0 66.1039733886719
246.3 12.9927110671997
247.9 13.1696891784668
248.9 27.2431488037109
249.1 19.7704486846924
249.8 25.0186862945557
250.2 17.5428256988525
250.9 18.0478858947754
251.1 175.487564086914
251.2 7.40392971038818
251.9 23.9518260955811
252.0 76.9920349121094
252.2 191.251647949219
253.0 188.633850097656
253.1 176.66242980957
254.0 359.931610107422
254.1 1786.04992675781
254.9 28.7108478546143
255.0 683.068603515625
255.2 70.4887924194336
255.9 53.768367767334
256.0 107.086761474609
256.1 152.441833496094
256.2 30.2107276916504
256.8 12.8148498535156
256.9 138.598220825195
257.0 0.724170684814453
257.2 15.4314842224121
257.9 9.22516822814941
258.1 34.3324317932129
258.9 5.70130920410156
260.9 34.7373046875
261.1 6.33870983123779
262.7 9.6179084777832
263.1 2.84328889846802
263.9 66.8720932006836
264.1 18.7286262512207
264.9 20.7469520568848
265.0 108.909614562988
265.1 23.0330963134766
265.2 12.8720140457153
265.8 74.876350402832
265.9 61.5665550231934
266.1 129.428161621094
266.2 160.219970703125
267.0 373.694061279297
267.1 319.839599609375
267.8 56.9735374450684
267.9 111.03670501709
268.1 360.632446289063
268.2 132.375747680664
269.0 1021.21899414063
269.9 127.271087646484
270.1 1616.73474121094
270.9 153.571746826172
271.1 268.561706542969
271.7 14.0069341659546
271.9 21.931619644165
272.0 27.1209106445313
272.7 29.7147903442383
273.0 256.865966796875
273.1 10.0081186294556
273.8 37.1035537719727
273.9 23.9906368255615
274.9 13.6968994140625
275.0 71.9399871826172
275.1 20.3729248046875
277.0 89.7464141845703
277.8 14.2425518035889
277.9 27.1855964660645
278.0 40.1505813598633
278.1 70.675407409668
278.7 76.8293685913086
278.9 60.5149078369141
279.0 3.12570190429688
279.1 40.9294509887695
279.8 16.6605262756348
280.0 32.2451820373535
280.1 260.555084228516
280.8 49.4731674194336
280.9 63.4726486206055
281.1 81.4682769775391
281.9 50.7362785339355
282.0 325.742401123047
282.1 581.506774902344
282.5 12.7432441711426
282.9 27.2445621490479
283.1 1108.26501464844
283.7 12.4918565750122
283.9 12.4624557495117
284.1 374.866882324219
284.2 407.428161621094
285.0 122.933563232422
285.8 21.715295791626
286.0 89.6404495239258
287.0 0.993383407592773
287.3 9.27940464019775
289.0 291.330993652344
289.8 20.8951301574707
290.1 35.6744384765625
290.8 113.993278503418
290.9 91.6111755371094
292.0 54.5512466430664
292.9 353.075317382813
293.8 52.9001083374023
293.9 31.8377685546875
294.0 95.3709411621094
294.1 18.0274791717529
294.8 9.12945556640625
294.9 56.8997573852539
295.1 229.030212402344
295.8 10.5703163146973
295.9 54.6528244018555
296.1 303.673034667969
296.2 113.998481750488
297.0 301.245880126953
297.2 19.621395111084
298.1 1206.05712890625
298.2 196.093185424805
298.9 63.7344970703125
299.1 339.245971679688
299.3 15.3566389083862
299.8 29.5279273986816
300.0 38.2438850402832
300.2 13.7222690582275
300.8 14.6813907623291
301.7 8.60382556915283
301.9 10.2755823135376
302.8 26.0182991027832
304.8 9.07206726074219
307.0 82.441764831543
307.2 12.6377649307251
307.3 13.4696846008301
307.9 19.9825878143311
308.1 75.0739212036133
309.0 32.2265014648438
309.6 11.6363706588745
309.9 11.8154783248901
310.1 75.9669952392578
310.1 86.7323684692383
310.9 45.0632095336914
311.1 122.9404296875
311.2 35.9722671508789
311.9 28.9994201660156
312.1 4063.49682617188
313.0 94.3020477294922
313.1 626.846801757813
313.1 494.291839599609
313.9 19.4911155700684
314.0 87.3937072753906
314.1 43.6641998291016
315.0 51.6114273071289
322.0 59.1714744567871
322.1 98.5736465454102
322.3 52.4038238525391
323.1 25.1807327270508
324.1 10.0857639312744
324.2 34.8303413391113
325.0 12.2990007400513
326.0 15.0237512588501
326.1 391.201690673828
326.2 56.1225051879883
327.0 40.0625648498535
327.1 87.1742324829102
327.2 18.3048057556152
332.8 7.9281268119812
339.1 49.8582916259766
340.1 670.350646972656
340.2 1712.20483398438
340.3 31.1545372009277
340.9 16.1613903045654
341.1 375.688232421875
341.2 459.922698974609
342.0 32.5089797973633
342.2 10.8031387329102
342.3 73.1132278442383
344.9 3.21922206878662
348.7 17.8134117126465
349.0 8.81725692749023
349.1 8.81955051422119
349.9 44.7541084289551
350.1 97.8562850952148
350.2 97.660888671875
351.0 33.8019866943359
351.1 110.146469116211
351.4 14.4841375350952
352.1 183.857498168945
352.2 4618.576171875
352.9 15.2923030853271
353.1 137.552658081055
353.2 1252.48156738281
354.1 52.4377784729004
354.2 202.912628173828
354.3 85.4170455932617
355.2 10.7486820220947
355.3 12.8412609100342
355.5 13.1902046203613
366.3 26.0075073242188
366.9 6.48928213119507
367.0 7.67566108703613
367.2 70.4541549682617
368.2 3832.8798828125
369.2 7872.44384765625
369.9 19.119499206543
370.2 1043.62512207031
370.2 1149.14733886719
370.4 16.241979598999
371.0 50.2308082580566
371.1 164.96142578125
371.2 118.485527038574
371.9 9.7006368637085
372.3 8.3606071472168
