#"+EI Scan (rt: 2.469-2.533 min, 12 scans) R5M4.D  Subtract "
#Point,X(Thompsons),Y(Counts)
40.1 1295.61938476563
41.1 19924.806640625
42.1 2071.462890625
43.1 10040.4912109375
44.0 377.586181640625
45.0 99.47021484375
45.8 20.6532001495361
46.0 179.854263305664
47.0 3417.05200195313
47.8 26.8849239349365
48.0 49.2491340637207
48.8 31.6769714355469
49.0 101.762542724609
50.1 291.632598876953
51.0 559.1796875
51.1 939.739013671875
51.9 231.29931640625
52.1 199.772338867188
53.0 3773.265625
54.1 936.180419921875
55.1 14305.169921875
56.0 935.0126953125
56.2 77.2421951293945
57.0 3240.8974609375
58.0 779.744079589844
59.0 3401.5390625
59.9 236.366104125977
61.0 1235.26281738281
61.2 50.8063774108887
62.0 539.400634765625
63.0 1493.65246582031
63.8 20.0536975860596
63.9 351.081268310547
64.1 91.0889053344727
64.2 95.7853469848633
65.0 1450.43811035156
65.2 47.0111808776855
65.9 40.7717247009277
66.0 367.031127929688
66.1 36.1805114746094
67.0 3986.06469726563
67.9 87.9690322875977
68.0 504.490234375
68.2 31.1258010864258
69.1 6606.5615234375
70.1 674.329040527344
71.0 245.862503051758
71.1 73.7960815429688
72.0 40.9821090698242
72.1 221.147720336914
73.0 1793.15087890625
74.0 518.174255371094
75.0 1732.97119140625
76.0 1254.56689453125
76.1 225.952987670898
77.0 6492.625
78.0 2505.7705078125
78.9 123.643737792969
79.0 3385.24194335938
80.0 434.6025390625
80.1 188.932083129883
81.0 8238.96875
82.1 1462.22937011719
83.1 8735.02734375
83.9 290.248931884766
84.0 288.312957763672
84.1 335.004272460938
85.0 456.23876953125
85.9 67.478157043457
86.0 214.850631713867
86.8 28.7785358428955
87.0 965.060668945313
88.0 2040.02368164063
88.9 258.662689208984
89.0 8484.34765625
89.9 125.130386352539
90.0 1946.50170898438
91.0 2135.00390625
91.7 41.1262626647949
91.8 125.563789367676
92.0 10.9267883300781
92.1 39.1256942749023
92.2 63.821590423584
93.0 594.095947265625
94.0 249.469985961914
94.1 57.2434349060059
95.0 1020.99639892578
96.0 903.647521972656
96.1 529.877746582031
97.1 3635.91333007813
97.9 298.327117919922
98.1 202.215789794922
98.7 130.042846679688
98.8 20.8201770782471
98.9 153.884017944336
100.0 427.1455078125
100.2 24.7070617675781
101.0 4275.8779296875
102.0 9445.029296875
102.9 271.529968261719
103.0 4856.81494140625
104.0 893.088562011719
104.2 284.015655517578
104.6 16.4432468414307
104.8 25.7767944335938
105.0 171.001373291016
105.1 64.7338943481445
105.3 130.471206665039
105.4 105.256050109863
105.6 189.74479675293
105.8 312.958374023438
105.9 50.2867851257324
106.8 73.7975540161133
107.2 85.7422714233398
107.7 36.9958572387695
107.8 15.0294799804688
108.0 7.9476318359375
108.2 44.0904388427734
109.0 7233.3173828125
109.9 354.436981201172
110.0 639.202758789063
111.0 123.737434387207
111.1 430.875732421875
111.5 398.899780273438
111.6 29.2921314239502
111.9 80.3904037475586
112.3 48.1028022766113
112.6 2155.41943359375
112.8 33.4978942871094
112.8 212.002578735352
113.1 255.193603515625
113.9 131.270370483398
114.0 2869.37915039063
115.0 13474.8896484375
116.0 23636.43359375
117.0 6694.072265625
118.0 2603.4541015625
118.1 113.137092590332
118.9 163.310775756836
119.0 80.5253295898438
119.4 332.261932373047
119.7 178.086013793945
119.8 200.968383789063
119.9 695.986083984375
120.1 312.66064453125
120.7 92.301887512207
121.0 97.8498764038086
121.1 95.7818374633789
121.8 20.3367900848389
122.0 102.481994628906
123.0 596.318420410156
123.7 21.8315887451172
123.9 40.546501159668
124.0 120.429267883301
124.1 176.162033081055
124.3 28.3320693969727
124.9 250.756546020508
125.0 2375.16577148438
125.9 44.8914756774902
126.0 526.212707519531
126.2 480.775756835938
127.0 3359.61108398438
128.0 12092.734375
129.0 15932.1474609375
130.0 23773.390625
130.9 215.639038085938
131.0 3577.6826171875
131.9 228.259201049805
132.0 654.360229492188
132.9 116.871124267578
133.0 269.005981445313
133.6 62.0133476257324
133.8 136.65852355957
134.2 85.9706192016602
135.0 348.05224609375
135.9 305.097900390625
137.0 4379.646484375
138.0 344.56298828125
139.0 2262.8505859375
139.9 4.59080505371094
140.0 1912.91613769531
141.0 2512.638671875
141.9 219.0595703125
142.0 2654.1787109375
143.0 13330.658203125
144.0 63396.9609375
145.0 6660.736328125
146.0 729.074462890625
146.2 22.5799102783203
146.9 191.667556762695
147.0 39.078857421875
147.1 35.7314491271973
147.9 187.970031738281
148.1 185.290786743164
148.9 206.23371887207
149.1 83.4126205444336
149.5 36.4887504577637
149.7 35.5806732177734
149.8 142.567520141602
150.0 87.9346923828125
150.8 146.847152709961
151.0 245.49072265625
152.1 2297.72778320313
153.0 2339.57495117188
154.0 6619.1376953125
155.0 3434.64990234375
156.1 4150.78955078125
157.1 3849.31689453125
158.0 874.377319335938
158.1 1453.0595703125
159.0 2443.162109375
159.9 185.483200073242
160.0 3.771728515625
160.8 74.9279022216797
161.0 149.823776245117
161.8 132.454391479492
162.0 108.696472167969
162.9 142.046920776367
162.9 269.044555664063
163.8 33.1948280334473
164.0 189.825241088867
164.3 37.665584564209
165.0 1910.126953125
165.8 37.2344665527344
166.0 574.640869140625
166.1 2280.92797851563
167.0 12892.5234375
168.1 9354.9892578125
169.0 2356.24340820313
170.1 4970.8359375
171.0 1303.67236328125
171.9 88.5822372436523
172.0 1406.49816894531
173.0 198.820404052734
173.1 179.003707885742
173.8 37.4488677978516
174.1 32.865837097168
174.7 20.4348602294922
175.0 124.057762145996
175.8 62.4460868835449
176.0 440.871002197266
176.1 170.294570922852
177.0 17.6710815429688
177.0 272.810699462891
178.0 836.981689453125
178.2 96.226936340332
179.1 1109.29431152344
180.0 191.801345825195
180.1 9821.677734375
181.0 470.372100830078
181.1 6725.80224609375
182.1 8655.171875
183.0 3013.2578125
184.0 266.50390625
184.1 2257.42944335938
185.0 1400.80834960938
186.1 279.098907470703
186.2 33.711971282959
187.0 208.442504882813
187.8 17.9404296875
188.0 155.716812133789
188.1 52.97021484375
188.2 21.6175746917725
188.7 1.12257385253906
189.0 200.109130859375
189.8 13.9904375076294
189.9 113.546974182129
190.0 62.6863708496094
191.0 1341.52368164063
192.1 1007.02703857422
192.9 450.803680419922
193.0 744.434814453125
194.0 417.543853759766
194.1 4547.2607421875
195.0 3564.95922851563
196.1 9583.2275390625
197.1 3514.69311523438
198.1 2351.41918945313
198.2 27.9015140533447
198.9 167.429443359375
199.0 522.915466308594
199.9 287.439483642578
200.9 684.39697265625
201.0 91.4949111938477
201.9 96.5731735229492
202.0 268.956817626953
202.2 41.9447822570801
202.7 74.8165817260742
202.9 125.036491394043
203.0 359.897583007813
203.1 56.8347473144531
204.1 1168.13098144531
205.1 5783.5361328125
206.1 4372.47021484375
207.0 1403.62487792969
208.0 469.519134521484
208.1 1056.79174804688
209.1 730.209045410156
210.1 8714.0322265625
211.0 1992.982421875
212.0 3574.35009765625
213.0 498.174438476563
214.0 276.098175048828
214.1 211.853149414063
215.0 2181.6845703125
216.0 542.957763671875
217.0 2242.77514648438
218.1 1383.271484375
219.0 2480.56323242188
219.8 89.9350204467773
220.0 688.925842285156
221.0 827.373840332031
221.9 66.2028656005859
222.1 432.091491699219
222.3 27.7960453033447
223.1 877.452331542969
224.1 3847.15112304688
225.1 2096.00415039063
226.1 750.949645996094
227.0 384.574096679688
227.7 41.4577903747559
228.0 193.194229125977
228.1 221.795120239258
228.9 770.227600097656
230.0 1358.703125
230.2 317.302673339844
230.7 50.4555206298828
231.1 2166.66528320313
232.1 241877.59375
233.1 38669.53125
234.0 3410.28393554688
235.0 679.505920410156
236.0 614.371826171875
237.0 1370.8271484375
238.0 759.517700195313
239.0 1193.68798828125
239.8 19.854471206665
239.9 23.8068027496338
240.1 355.433044433594
240.2 116.00154876709
240.9 737.7802734375
242.0 323.363708496094
242.8 43.4587898254395
242.9 159.813034057617
243.5 12.6847009658813
243.8 18.2578067779541
243.9 16.4376964569092
244.0 37.871524810791
244.1 212.880661010742
244.3 37.7983207702637
245.0 183.685012817383
245.1 322.908935546875
245.2 22.5654373168945
246.2 3824.94995117188
247.1 14680.251953125
248.1 2511.92822265625
249.0 188.714385986328
249.1 188.471115112305
249.9 34.9833335876465
250.1 239.136657714844
250.2 143.141632080078
250.8 41.7258071899414
250.9 68.6857528686523
251.1 51.2099113464355
251.2 142.845779418945
252.0 96.8373947143555
252.1 542.9931640625
253.0 275.394897460938
253.2 56.7885894775391
254.1 2637.07763671875
254.9 89.2962875366211
255.1 968.083740234375
255.2 44.0269927978516
256.1 12658.890625
257.1 2646.83276367188
257.9 19.7575016021729
258.1 503.583892822266
258.2 446.852447509766
258.9 63.0443420410156
259.0 365.307830810547
260.0 131.245895385742
260.2 273.374389648438
261.0 296.599945068359
261.1 211.290832519531
261.9 58.079029083252
262.0 104.810997009277
262.7 17.2025890350342
262.8 32.6555671691895
263.0 61.104736328125
264.1 105.810569763184
264.9 35.9057960510254
265.1 76.9970016479492
265.8 34.6992797851563
265.9 45.9122314453125
266.0 18.7048320770264
266.1 199.145858764648
266.3 20.8235988616943
266.6 19.2199611663818
267.0 194.871337890625
267.6 23.9699306488037
267.8 24.2784023284912
268.0 64.5785751342773
268.2 76.9265823364258
268.3 67.1473617553711
268.4 26.2268447875977
268.7 13.9903869628906
268.8 68.1885147094727
269.1 188.34880065918
270.2 19990.2421875
271.2 12024.6533203125
272.0 344.052642822266
272.1 2589.171875
273.1 549.812561035156
273.8 25.5595149993896
273.9 196.366516113281
274.1 82.5666046142578
274.2 87.143913269043
274.9 501.742309570313
275.7 19.506290435791
275.8 65.8403015136719
276.0 50.8554840087891
276.8 316.204742431641
277.8 12.7783050537109
277.9 80.8472137451172
278.1 63.9931221008301
278.7 44.1309776306152
278.8 2.2955322265625
279.0 118.739135742188
280.0 64.525276184082
280.2 81.2223281860352
280.7 74.8870010375977
281.1 67.1249694824219
281.8 57.8137626647949
282.0 62.7436981201172
282.2 63.9277839660645
282.7 22.993127822876
282.9 34.1805305480957
283.0 70.9671325683594
283.2 52.3114738464355
283.8 24.4372711181641
284.0 14.7791633605957
284.1 237.830703735352
284.2 120.497291564941
284.3 55.8326606750488
284.9 62.1131286621094
285.0 417.877563476563
286.1 7333.03125
287.0 93.539680480957
287.1 357.171661376953
287.2 1550.84240722656
288.1 3929.00952148438
288.2 494.04638671875
289.0 818.81884765625
289.1 400.030548095703
289.8 101.629447937012
290.0 303.006103515625
290.9 403.476318359375
291.6 13.9376907348633
291.8 16.3561992645264
291.9 98.7042465209961
292.1 80.7028427124023
293.0 322.511962890625
293.9 88.2092666625977
294.2 144.782745361328
294.9 138.057083129883
295.1 260.393951416016
296.1 311.34326171875
296.2 41.0000877380371
296.4 17.4095916748047
297.0 308.736785888672
297.2 102.836326599121
298.0 478.098876953125
298.2 137.388610839844
299.0 642.581665039063
299.2 1337.03991699219
299.3 50.478271484375
299.8 46.7976684570313
300.1 747.86181640625
300.3 59.9927864074707
300.9 41.1700897216797
301.0 170.003341674805
301.3 52.9098243713379
302.1 20.680212020874
302.2 36.7638130187988
302.6 27.9962558746338
303.0 125.243202209473
303.1 21.223237991333
303.8 14.0367116928101
304.0 19.3523139953613
304.7 17.1363277435303
306.6 17.7682876586914
306.9 59.9142875671387
307.2 17.5018730163574
307.3 12.8759536743164
307.9 17.5323467254639
308.9 34.4428215026855
309.0 158.489776611328
309.2 143.04541015625
309.9 15.1044616699219
310.0 51.9157218933105
310.1 65.0133895874023
310.2 120.43155670166
310.8 44.4795265197754
311.1 168.658920288086
312.2 2709.48779296875
312.9 27.8919773101807
313.0 149.208953857422
313.2 731.145568847656
314.2 29564.64453125
315.2 6753.9248046875
316.1 812.145690917969
316.9 31.8385715484619
317.2 64.3342056274414
318.8 15.5305948257446
319.0 75.958869934082
323.0 25.826868057251
324.0 13.6812124252319
326.8 30.7054195404053
327.0 74.9458694458008
327.1 63.7171745300293
328.0 17.1675701141357
328.2 714.957336425781
329.2 19512.279296875
330.0 72.876350402832
330.1 457.544097900391
330.2 3855.26611328125
331.0 30.2654666900635
331.1 151.95703125
331.2 269.518890380859
332.0 65.1124038696289
332.2 14.544135093689
333.9 14.5242700576782
334.8 17.4587116241455
335.8 14.4746065139771
336.7 12.8932943344116
342.1 22.7667598724365
343.1 34.1789817810059
343.2 29.3226222991943
344.1 12.9609384536743
344.3 23.0046329498291
344.6 18.0254039764404
344.8 22.4510326385498
345.0 62.6276741027832
345.2 22.7212085723877
347.1 22.4131469726563
347.2 18.75221824646
348.2 15.0355501174927
348.8 17.9255447387695
349.0 178.440322875977
350.9 124.695854187012
351.0 33.2935485839844
352.0 15.5073957443237
352.8 55.9348258972168
352.9 24.2785873413086
353.8 14.2749633789063
354.8 18.700008392334
355.0 15.2512664794922
356.0 13.6408958435059
356.2 14.5853958129883
360.7 13.6166305541992
363.0 18.1168746948242
363.1 18.1311054229736
365.1 16.8892593383789
366.3 13.6831407546997
367.1 33.4371109008789
371.2 48.9368286132813
372.1 23.3016529083252
373.0 19.9040336608887
384.9 14.7136907577515
400.9 18.796947479248
410.8 15.1467390060425
427.1 16.5918197631836
