#"+EI Scan (rt: 2.468-2.526 min, 11 scans) R9M4.D  Subtract "
#Point,X(Thompsons),Y(Counts)
40.1 762.732666015625
41.1 20545.994140625
42.1 1747.81494140625
43.1 8991.65234375
44.0 981.318969726563
44.9 304.051177978516
45.8 70.7892303466797
46.0 93.8017578125
46.1 164.538955688477
47.1 3899.29663085938
47.9 30.3740615844727
48.1 18.9266452789307
49.1 14.8836784362793
49.9 149.330551147461
50.1 204.752639770508
51.0 1012.44958496094
52.0 298.755035400391
52.1 276.988647460938
53.0 3703.4169921875
54.0 406.048614501953
54.1 414.938842773438
54.2 53.4994964599609
55.1 14301.2451171875
56.0 997.087280273438
57.0 160.645263671875
57.1 2787.89111328125
58.0 350.267211914063
59.0 3878.732421875
60.1 360.491760253906
61.0 819.777954101563
61.1 301.627227783203
61.8 19.9290237426758
62.0 617.376525878906
62.9 111.780197143555
63.0 1306.25793457031
63.9 42.0622406005859
64.0 439.372375488281
65.1 1530.49536132813
65.9 41.4655265808105
66.0 719.181396484375
67.1 3491.76831054688
67.9 75.732780456543
68.1 517.100280761719
68.2 17.3945369720459
69.1 6683.3505859375
70.0 57.5925140380859
70.1 609.529907226563
71.0 289.030059814453
71.1 63.2343597412109
71.8 57.217098236084
72.2 116.505935668945
72.3 21.6949501037598
73.0 650.791015625
74.0 216.729370117188
74.2 45.0931434631348
75.0 761.943725585938
75.1 639.908325195313
76.0 1483.69409179688
77.0 6309.048828125
78.0 1409.31640625
79.0 3487.78198242188
80.0 79.6409301757813
80.1 351.193267822266
81.0 7341.89306640625
82.0 1101.64501953125
82.1 135.424713134766
83.1 7132.46875
83.7 127.705024719238
83.9 412.444519042969
84.1 471.047088623047
84.9 368.346099853516
85.8 41.3731842041016
85.9 220.515426635742
87.0 657.986389160156
87.9 44.4781951904297
88.1 1732.11413574219
89.0 7569.75830078125
90.0 303.601623535156
90.1 1302.39538574219
90.9 158.042495727539
91.0 1845.96374511719
91.9 132.740463256836
92.0 167.071716308594
92.2 34.2955856323242
92.8 80.4126663208008
93.0 281.225860595703
93.1 113.50666809082
93.9 50.4607162475586
94.2 32.1731452941895
94.9 179.153198242188
95.0 784.468078613281
95.2 106.547431945801
96.0 379.002380371094
96.1 674.466430664063
97.1 3093.26171875
98.0 443.545288085938
98.1 121.00333404541
98.8 122.140312194824
99.0 69.5507049560547
99.1 71.4657669067383
99.6 20.2819480895996
99.8 96.3421096801758
100.0 171.383453369141
100.1 52.1682014465332
100.2 51.4298324584961
101.0 3404.38354492188
102.0 7963.3701171875
103.0 1244.19775390625
103.1 2334.4384765625
103.9 70.4975128173828
104.1 816.245910644531
104.7 150.419525146484
104.9 404.58544921875
105.2 212.141098022461
105.5 52.0322303771973
105.6 87.0489196777344
105.7 93.7945556640625
105.8 180.914047241211
106.0 120.412261962891
106.7 25.4549579620361
106.9 48.8149261474609
107.0 292.035766601563
107.7 37.0826759338379
107.9 107.428955078125
108.0 115.738349914551
109.0 6076.4150390625
109.8 45.274829864502
109.9 175.3095703125
110.1 543.967651367188
110.8 39.9185752868652
111.0 194.884429931641
111.2 166.027130126953
111.5 228.568450927734
111.8 45.2492408752441
112.2 148.884140014648
112.3 42.2830543518066
112.5 861.395141601563
112.7 651.684265136719
112.8 340.905822753906
114.0 3109.32055664063
115.0 11654.646484375
116.0 18520.26953125
117.0 5314.54931640625
118.0 2119.85107421875
118.1 73.5573806762695
118.7 39.8362312316895
118.9 39.581974029541
119.0 172.379165649414
119.3 209.6064453125
119.5 167.338851928711
119.6 237.731460571289
120.0 826.944152832031
120.1 84.3230285644531
120.6 33.1962890625
120.7 53.2686309814453
121.1 80.8874435424805
121.6 32.4159622192383
121.9 79.8790817260742
122.7 39.2589149475098
123.0 383.969848632813
123.1 122.534057617188
123.8 101.242118835449
123.9 100.723266601563
125.1 2009.31127929688
125.9 45.3806266784668
126.0 603.987548828125
126.1 332.075012207031
126.5 18.8147354125977
127.0 3097.3896484375
128.0 10371.5908203125
129.0 13100.7373046875
130.0 20169.833984375
131.0 2893.6083984375
132.0 179.528518676758
132.0 555.747741699219
132.7 38.1834144592285
132.9 396.236297607422
133.0 60.25634765625
133.8 38.2900733947754
133.9 117.298286437988
134.9 234.454360961914
135.1 91.3828506469727
136.0 380.316223144531
137.0 5780.08203125
138.0 345.448974609375
139.0 1665.59289550781
139.9 143.917388916016
140.0 1515.04296875
141.0 2262.3349609375
142.0 2325.31469726563
143.1 10769.501953125
144.0 49773.7109375
145.0 4954.28759765625
145.9 15.190131187439
146.0 538.816772460938
146.1 62.7601890563965
147.0 258.908264160156
147.8 40.7254066467285
148.0 120.657028198242
148.1 240.443099975586
148.2 26.4992084503174
148.8 58.5235137939453
149.1 151.380126953125
149.3 54.6978416442871
149.5 16.8552875518799
149.9 42.8862457275391
150.1 92.1139678955078
151.0 671.230834960938
152.0 1707.6435546875
152.1 127.34423828125
153.1 1730.83410644531
154.0 5689.82763671875
155.0 2747.82275390625
156.1 3772.38916015625
157.0 3897.76953125
158.0 2103.01831054688
158.2 33.3425216674805
159.0 1741.7880859375
159.9 597.77685546875
161.0 619.293029785156
161.9 135.323944091797
162.1 67.1137161254883
162.9 156.6259765625
163.9 223.090576171875
164.1 117.808486938477
165.0 1382.55163574219
166.0 2177.16796875
167.1 10774.1123046875
167.9 152.187774658203
168.1 6981.37939453125
169.0 725.225036621094
169.1 1188.3134765625
170.1 4209.99365234375
171.0 1637.58471679688
172.0 224.415954589844
172.1 1185.98583984375
172.9 84.528678894043
173.0 481.775207519531
173.9 17.3596210479736
174.0 16.5038146972656
174.2 14.8734798431396
175.9 41.2812232971191
176.0 263.568817138672
176.1 279.781616210938
177.0 195.337524414063
177.1 29.1400260925293
178.0 454.777526855469
178.1 698.836547851563
178.8 44.2238426208496
179.0 1100.76599121094
180.1 7214.79638671875
181.1 5426.47900390625
182.1 6763.142578125
183.1 2455.56958007813
184.1 2505.88647460938
185.0 1029.34582519531
186.0 143.259521484375
186.1 217.042297363281
186.2 28.9264755249023
187.0 393.202178955078
187.9 89.1439056396484
188.0 102.926643371582
188.7 90.3051986694336
189.0 150.431365966797
189.6 17.8487453460693
189.9 157.633087158203
190.1 118.135124206543
190.3 22.4462642669678
191.0 1087.4560546875
192.0 337.744659423828
192.1 482.962982177734
193.0 912.028442382813
194.0 114.449195861816
194.1 3721.3369140625
195.0 2328.91723632813
196.1 7511.578125
197.0 319.980865478516
197.1 2914.0146484375
198.0 724.172607421875
198.1 1280.7333984375
198.9 225.2890625
199.9 42.1629905700684
199.9 120.574340820313
200.1 125.115364074707
201.8 37.2042274475098
203.0 500.949829101563
203.0 192.875686645508
203.2 46.0736923217773
204.1 878.849609375
205.1 4775.3466796875
206.1 3378.14013671875
207.0 978.767578125
208.1 1148.52734375
208.2 281.967651367188
209.0 605.670166015625
209.1 206.790756225586
210.0 148.596496582031
210.1 7190.4140625
211.0 1177.73193359375
212.1 3690.1494140625
213.1 1108.19165039063
213.8 20.5164489746094
214.0 159.344100952148
214.1 64.2553863525391
215.0 2623.0546875
215.9 295.483154296875
216.0 259.704895019531
216.9 669.279724121094
218.1 812.941162109375
218.9 227.500427246094
219.0 444.965087890625
220.0 326.090698242188
221.0 537.350769042969
222.1 534.522583007813
222.2 148.91259765625
222.8 58.4176368713379
223.0 504.572082519531
224.0 178.670501708984
224.1 2893.2509765625
225.0 27.5562438964844
225.1 1207.61181640625
226.0 253.044006347656
226.1 234.274429321289
226.2 156.393493652344
226.8 18.8977184295654
227.0 402.737121582031
227.2 24.1565170288086
227.7 26.8707141876221
227.8 89.3226699829102
227.9 65.5415573120117
228.0 110.598297119141
228.2 30.0984916687012
228.8 116.521354675293
228.9 53.0981178283691
229.1 611.587646484375
230.1 1663.17492675781
230.9 254.572784423828
231.1 1314.59130859375
232.1 195873.9375
233.1 31145.6875
234.0 292.415771484375
234.1 2816.01416015625
235.0 388.8828125
236.0 316.349853515625
236.1 216.405136108398
237.0 1213.31201171875
238.0 898.081237792969
239.1 1048.75158691406
239.8 19.179069519043
239.9 16.0477676391602
240.1 205.272598266602
240.3 48.5045738220215
240.8 108.626930236816
241.0 98.82470703125
241.1 72.823616027832
242.1 222.660629272461
242.2 41.9180030822754
242.9 127.44945526123
243.0 51.8521385192871
243.8 13.7968511581421
244.0 127.887214660645
244.2 72.9983673095703
244.6 29.1880187988281
244.8 34.059211730957
245.0 172.631195068359
245.2 34.7108535766602
246.1 3136.11401367188
247.1 11013.224609375
248.0 68.962043762207
248.1 1960.67443847656
248.8 17.0879745483398
248.9 106.617073059082
249.1 287.542358398438
249.9 71.60302734375
250.1 198.130523681641
251.0 219.900039672852
251.1 33.2792091369629
252.0 114.865547180176
252.1 284.031921386719
252.2 123.890525817871
252.8 51.2228546142578
253.0 305.846710205078
253.2 31.4512634277344
254.1 181.117584228516
254.1 1496.9970703125
255.0 42.5783843994141
255.1 782.902282714844
256.1 10249.76953125
257.1 2101.8671875
257.9 111.716796875
258.1 567.216186523438
258.2 162.380645751953
258.8 37.873218536377
259.0 84.3903579711914
259.1 238.099212646484
259.9 51.9134750366211
260.1 135.424606323242
260.2 54.7956314086914
260.9 160.882659912109
261.1 173.962982177734
262.2 52.9669456481934
263.0 44.8387107849121
263.1 70.6251754760742
264.1 61.7028198242188
264.8 19.9775218963623
264.9 58.3464126586914
265.9 30.1240367889404
266.1 189.516830444336
266.3 22.4062461853027
266.5 19.2304000854492
267.1 70.7314987182617
267.8 22.5012149810791
268.0 76.0801467895508
268.2 69.7270812988281
268.3 17.3231945037842
269.0 214.752639770508
269.1 164.221740722656
269.2 122.433692932129
270.0 248.664794921875
270.2 15678.1142578125
271.1 9597.87890625
272.1 2344.12768554688
272.3 94.8924865722656
273.1 850.729431152344
273.9 63.7340660095215
274.1 163.061218261719
274.9 74.775993347168
275.0 320.701110839844
275.9 15.8366422653198
276.7 67.7397003173828
277.0 300.021118164063
277.1 46.414737701416
277.8 19.6353130340576
278.0 85.8131866455078
278.1 41.4738121032715
278.7 49.9202613830566
279.0 121.298461914063
279.9 113.261154174805
280.1 35.3967056274414
280.9 121.542037963867
281.0 167.317413330078
282.0 71.7119064331055
282.3 18.0291938781738
282.8 38.0997276306152
283.0 72.2420120239258
283.2 45.7346076965332
284.1 88.9619750976563
284.2 25.353422164917
284.9 539.517517089844
286.1 6050.25146484375
287.1 1616.17687988281
288.1 3340.9462890625
288.3 294.442993164063
289.1 1188.24475097656
289.6 35.895679473877
290.0 361.682800292969
290.2 58.9764175415039
290.8 129.691360473633
291.1 58.292163848877
291.9 95.5520935058594
292.2 45.8782730102539
292.3 13.9815549850464
293.0 280.870483398438
294.0 694.984130859375
294.1 109.073974609375
294.9 199.252792358398
295.1 246.977264404297
295.9 98.9536437988281
296.1 208.186660766602
296.2 166.933486938477
296.6 23.2792434692383
296.9 505.16015625
298.0 149.676864624023
298.1 282.845031738281
298.2 174.790634155273
299.1 1824.05078125
299.4 25.798583984375
300.0 35.4508209228516
300.1 378.472625732422
300.2 252.486907958984
301.1 104.082611083984
301.3 45.662540435791
302.4 15.7024726867676
302.9 14.9792947769165
303.0 115.042335510254
303.2 15.5117464065552
304.8 16.611291885376
305.1 26.0477104187012
305.2 24.5581855773926
306.8 26.1329212188721
306.9 167.442184448242
308.0 20.9637565612793
309.0 74.7003936767578
309.2 299.276794433594
310.0 81.3430862426758
310.2 88.8655776977539
310.8 91.2773208618164
311.0 215.556488037109
311.2 206.528747558594
312.1 78.0579071044922
312.2 1988.84619140625
312.8 22.1123371124268
313.0 110.701812744141
313.1 470.137969970703
314.2 24864.6796875
315.2 5837.80078125
316.1 437.643646240234
316.2 318.138122558594
317.1 52.0684471130371
319.0 16.4499397277832
326.8 18.5347518920898
327.0 29.5985088348389
327.2 20.8385181427002
327.8 25.0516948699951
328.0 58.721923828125
328.2 416.691619873047
328.3 65.7003555297852
329.2 17729.845703125
330.2 730.225646972656
330.2 3115.13061523438
331.0 226.320541381836
331.1 292.853820800781
331.2 59.9264526367188
331.3 84.090217590332
332.2 14.0938968658447
334.9 38.4490928649902
336.9 37.7751121520996
343.1 18.6311111450195
344.9 65.4076995849609
347.0 30.7516307830811
348.6 15.5249519348145
348.9 20.5146808624268
350.0 20.6994037628174
351.0 14.2538785934448
352.8 57.8776359558105
353.9 16.2408847808838
355.0 14.8278656005859
362.9 14.5385618209839
367.0 70.0695495605469
371.1 22.8073863983154
400.9 31.7013530731201
401.0 68.7260284423828
409.0 14.7115535736084
