#"+EI Scan (rt: 3.652-3.722 min, 13 scans) R6M4.D  Subtract "
#Point,X(Thompsons),Y(Counts)
40.1 254.783905029297
41.0 264.8876953125
41.0 1925.23486328125
42.0 286.909484863281
42.2 22.7690734863281
43.1 3638.65161132813
44.0 101.90283203125
44.9 128.391387939453
46.9 113.014045715332
46.9 221.282821655273
48.9 45.4864158630371
49.0 29.7799549102783
49.9 28.2404403686523
50.0 158.29411315918
50.2 25.3303413391113
50.9 99.8865661621094
51.0 238.774169921875
51.9 40.5238571166992
52.0 395.2451171875
53.0 408.746826171875
53.8 11.9101524353027
54.0 6.88172912597656
54.2 11.9580268859863
55.0 676.407958984375
56.0 100.019912719727
56.1 134.217620849609
57.1 374.851928710938
57.9 82.2578582763672
58.0 40.60693359375
59.0 86.77734375
60.1 68.5854644775391
61.0 53.6140174865723
61.3 12.389946937561
61.8 49.3267822265625
61.9 225.66064453125
62.9 386.519836425781
63.0 386.929504394531
63.2 31.8401012420654
63.9 136.674774169922
64.1 106.343673706055
65.0 1500.05444335938
65.9 65.7329025268555
66.0 139.793441772461
66.2 24.3980674743652
66.9 227.335510253906
67.8 17.5384044647217
67.9 12.9174289703369
68.0 27.3585205078125
68.2 25.1609363555908
69.0 274.788269042969
69.9 52.3981590270996
70.0 4.58686065673828
70.8 19.9107532501221
71.1 281.126251220703
71.7 12.1245555877686
71.9 12.4391040802002
72.3 36.0368385314941
73.0 405.04638671875
73.9 277.773315429688
74.0 322.057159423828
75.1 829.732116699219
76.1 708.65576171875
76.2 38.7000961303711
77.0 1454.0673828125
78.0 1099.08984375
78.9 326.004821777344
80.0 164.522476196289
80.1 58.0689888000488
81.9 60.847900390625
82.1 29.8184280395508
82.2 35.4160919189453
82.4 18.0579586029053
83.0 52.6561889648438
83.2 22.6838302612305
84.0 40.7087211608887
84.8 36.244514465332
85.0 62.6032104492188
85.1 158.992095947266
85.7 11.6268262863159
86.0 37.2022171020508
86.8 13.4661121368408
87.0 306.684783935547
87.1 49.7908897399902
87.9 45.2307815551758
88.0 197.181335449219
88.1 280.735290527344
89.0 2612.50415039063
89.6 21.3683280944824
89.9 141.056991577148
90.0 348.163909912109
90.2 41.5948104858398
91.0 9413.8125
92.0 969.279052734375
92.1 27.2168998718262
92.9 126.086181640625
93.1 457.348510742188
93.8 34.0687065124512
94.0 124.766891479492
94.1 43.7060546875
94.9 185.771545410156
95.2 121.102203369141
95.9 110.253494262695
96.2 65.6890182495117
96.8 63.8416061401367
97.1 194.381439208984
97.6 17.6141834259033
97.8 40.5152626037598
98.0 104.197090148926
98.1 59.6787872314453
99.0 91.4197082519531
99.8 15.7322778701782
100.0 120.807075500488
100.9 169.964080810547
101.0 855.569213867188
101.9 54.8333930969238
102.0 2741.86376953125
102.8 121.438850402832
103.0 1161.37414550781
104.0 252.006607055664
105.0 702.780822753906
105.8 56.0626182556152
105.9 141.794952392578
106.1 80.9900283813477
106.2 33.9327125549316
106.8 78.3281021118164
106.9 170.837066650391
107.0 326.544616699219
108.0 23.1037368774414
108.2 46.6840553283691
109.0 872.724609375
109.9 205.118804931641
110.9 358.53662109375
112.1 41.5263290405273
112.2 31.4617309570313
112.4 22.6084899902344
112.8 59.8383026123047
113.1 236.295959472656
113.9 430.130187988281
114.0 500.686859130859
115.0 2964.8017578125
116.0 6015.93701171875
117.0 838.88330078125
117.9 258.42333984375
118.1 14.119384765625
119.0 498.565002441406
119.9 106.790618896484
120.1 103.410507202148
120.1 147.516738891602
120.6 42.877815246582
121.1 3961.36181640625
122.0 193.947341918945
122.1 289.579345703125
122.6 20.8412284851074
122.9 224.000061035156
123.1 269.170532226563
123.7 53.5594863891602
124.0 37.9294052124023
124.1 23.5404891967773
124.9 225.832855224609
125.0 108.482376098633
125.3 22.9497699737549
125.9 65.2653503417969
126.1 83.4076843261719
127.0 515.189636230469
127.1 77.5518341064453
127.9 102.351364135742
128.0 2218.69555664063
129.0 4592.119140625
130.0 10.0987396240234
130.1 3272.50390625
130.9 148.52587890625
131.0 635.991271972656
131.8 50.5732498168945
132.0 179.748260498047
132.8 175.893402099609
133.1 66.1508026123047
134.0 132.406600952148
134.0 26.1672534942627
134.2 18.6184825897217
134.8 59.0231666564941
136.0 316.769714355469
136.0 40.3391418457031
136.2 53.6095771789551
137.0 2707.390625
138.0 166.00634765625
139.0 434.148315429688
140.0 411.773712158203
140.7 72.8829193115234
140.8 101.751182556152
141.0 104.3759765625
141.8 77.6165771484375
141.9 98.3372650146484
142.0 229.986755371094
142.2 194.368759155273
142.9 233.435409545898
143.0 2790.71606445313
144.0 18535.279296875
144.9 150.673263549805
145.0 1932.99401855469
145.1 286.587188720703
145.8 65.8728408813477
145.9 126.037261962891
146.1 99.3133087158203
146.7 33.2492179870605
146.9 116.280876159668
147.1 128.349746704102
147.9 48.3099021911621
148.2 38.5993728637695
148.8 65.0735855102539
149.1 100.340034484863
149.7 40.2449989318848
150.0 83.6931686401367
150.1 20.1181221008301
150.3 22.9344863891602
150.8 49.6540107727051
151.0 557.494567871094
151.9 176.439529418945
152.0 327.102386474609
152.9 231.564697265625
153.9 59.0465698242188
154.0 507.256774902344
155.0 364.326904296875
155.1 215.701141357422
156.0 612.337036132813
156.1 481.522521972656
157.1 898.598510742188
157.8 31.8064956665039
157.9 345.812957763672
158.1 149.944427490234
159.0 699.234375
160.0 790.37890625
160.8 22.0104598999023
161.0 601.612670898438
161.8 15.8716602325439
162.2 15.3147687911987
162.9 663.500732421875
163.8 20.9658737182617
164.0 387.894226074219
164.1 50.3659400939941
165.0 381.085083007813
166.0 193.129730224609
166.9 489.924621582031
168.0 313.592346191406
168.1 246.241638183594
168.9 208.735122680664
170.0 818.557861328125
171.0 466.550231933594
171.9 102.640174865723
172.1 53.3884696960449
172.9 107.587326049805
173.1 39.6470603942871
173.2 18.5885105133057
173.9 13.3899402618408
174.0 15.9603004455566
174.2 15.5083656311035
174.8 47.8648681640625
174.9 58.5175704956055
175.1 57.3007545471191
175.9 129.398956298828
176.0 389.557342529297
176.2 21.7138576507568
177.0 348.828155517578
177.1 142.473068237305
177.9 145.264007568359
178.1 340.323608398438
178.9 183.121475219727
179.0 148.859527587891
179.8 32.2715835571289
179.9 21.2857627868652
180.0 75.5334320068359
180.1 48.8865013122559
181.0 184.161483764648
181.7 50.8999290466309
181.9 22.8218803405762
182.1 37.1506385803223
182.9 170.774185180664
183.0 56.1591949462891
183.9 82.9582138061523
184.1 254.173522949219
184.7 73.9807205200195
185.1 221.136810302734
185.8 11.7128534317017
185.9 78.3935317993164
186.0 33.7046775817871
186.2 67.0587005615234
186.8 42.2863311767578
187.1 304.396514892578
187.8 12.2941732406616
188.0 12.4493255615234
188.1 120.402191162109
188.7 52.519100189209
189.0 369.892425537109
189.5 12.1199531555176
189.7 15.6263790130615
189.9 36.033935546875
190.1 129.328231811523
190.2 13.883002281189
190.9 337.678344726563
192.0 152.169784545898
193.0 790.685424804688
193.7 22.7373886108398
193.8 31.9871044158936
194.0 61.3496932983398
195.0 213.663452148438
196.0 306.108764648438
196.0 123.461708068848
196.9 747.054931640625
197.7 16.2909469604492
197.9 52.1513137817383
198.1 322.992736816406
198.3 21.3757762908936
198.8 227.506942749023
200.0 420.072814941406
200.2 191.570907592773
200.9 433.003784179688
201.7 28.0687828063965
202.0 352.773071289063
202.1 120.542068481445
202.8 27.2618179321289
203.0 104.339416503906
203.7 39.2733001708984
204.0 385.67138671875
204.1 389.036773681641
204.7 19.6099395751953
204.9 139.958511352539
205.1 239.764083862305
206.0 121.340324401855
206.1 205.425888061523
207.0 1500.81884765625
207.8 46.9205932617188
207.9 129.303146362305
208.2 51.0981063842773
208.7 39.3529624938965
209.0 327.987243652344
209.1 36.1926803588867
209.7 56.661491394043
210.2 69.5932159423828
211.0 582.65625
211.9 395.686370849609
212.0 495.981689453125
212.9 97.9311599731445
213.0 352.594329833984
213.1 72.0201416015625
214.1 72787.6953125
215.0 12036.908203125
216.0 1438.31860351563
217.0 718.46484375
217.8 34.7939147949219
218.0 535.912170410156
220.0 441.307983398438
220.9 915.255920410156
221.7 18.7152557373047
222.1 17.7382488250732
223.0 184.877838134766
224.8 90.4030075073242
225.1 198.505447387695
226.0 67.9519424438477
226.6 19.4200706481934
226.8 42.4816436767578
227.1 98.9983673095703
227.8 63.0676918029785
228.0 104.328353881836
228.1 81.3907852172852
228.9 181.003082275391
229.1 2.17681884765625
230.0 285.045623779297
230.1 299.213653564453
230.8 47.0426368713379
231.0 192.117889404297
231.9 31.8348960876465
232.0 429.647674560547
232.1 225.081085205078
233.0 491.82373046875
233.9 398.548187255859
236.0 295.761322021484
237.0 359.05419921875
238.0 160.518249511719
238.9 489.069854736328
239.8 23.7067890167236
239.9 105.58528137207
241.0 199.118957519531
241.7 36.3518257141113
241.9 68.5621185302734
242.0 24.3659572601318
242.1 80.8018646240234
243.0 81.1669464111328
243.1 66.6385803222656
244.0 60.954833984375
244.1 87.827033996582
244.9 93.8645553588867
245.1 200.441253662109
245.9 12.3086433410645
246.0 397.766387939453
247.0 227.120178222656
247.2 59.7174072265625
247.8 20.7395553588867
247.9 26.8948135375977
248.1 79.8826141357422
248.6 25.0937919616699
249.0 14.3248357772827
249.2 55.3190078735352
250.0 32.0900535583496
250.7 11.7815818786621
250.9 14.201099395752
251.1 20.3634071350098
251.8 15.8135175704956
252.0 12.4321727752686
252.1 11.9676504135132
252.7 37.6764793395996
252.9 59.5750274658203
253.0 185.125793457031
253.3 15.8454332351685
253.9 16.928674697876
254.1 44.7499160766602
254.7 12.2390232086182
254.8 47.4925270080566
255.0 162.445617675781
255.9 17.7654399871826
256.0 41.5192794799805
256.7 18.2380981445313
257.0 129.33528137207
257.0 35.1474761962891
258.9 149.395477294922
259.9 64.9304962158203
260.0 54.2861862182617
260.1 106.235466003418
260.7 13.6786994934082
260.9 36.9295425415039
261.0 100.53231048584
261.9 31.4721298217773
262.0 108.758995056152
262.2 85.9045333862305
262.9 14.4756164550781
266.8 41.3893661499023
267.0 34.010498046875
268.1 32.845157623291
268.6 11.7878007888794
268.9 151.35627746582
269.9 31.1463489532471
270.0 63.7899436950684
271.0 536.099243164063
271.9 12.300500869751
272.0 27.8124313354492
272.9 307.495941162109
273.8 48.3152809143066
274.0 59.6071014404297
274.1 32.3530197143555
274.9 8.88067626953125
275.6 12.6121978759766
275.8 22.3301734924316
276.0 70.9550323486328
276.1 28.0534534454346
276.5 32.9466819763184
276.6 20.9285163879395
276.9 355.725891113281
277.8 29.0107612609863
277.9 107.874404907227
278.1 222.677627563477
278.7 42.2590866088867
279.0 134.215408325195
279.9 16.9552345275879
280.7 14.335108757019
281.1 52.1842041015625
281.3 25.5072402954102
281.9 36.9691505432129
282.0 62.3451461791992
282.9 15.237889289856
284.1 13.7848453521729
284.9 165.256484985352
286.0 126.603462219238
287.0 333.107696533203
287.7 45.6566352844238
287.9 20.0611782073975
288.1 32.9182929992676
288.4 23.3019027709961
289.0 616.887451171875
289.8 55.3424835205078
290.1 126.653045654297
290.3 26.218729019165
290.7 98.2167892456055
291.0 80.1765518188477
292.9 63.643310546875
293.0 228.733489990234
293.9 166.190856933594
294.1 64.560173034668
294.8 182.948699951172
294.9 4.66799926757813
296.1 93.78173828125
297.7 12.0613861083984
298.0 88.8656387329102
299.1 33.6841011047363
300.0 25.5749320983887
300.1 27.4624500274658
300.9 15.5512285232544
301.2 29.8698406219482
302.1 13.8874664306641
302.2 27.0605125427246
302.8 24.6612453460693
302.9 2.38629913330078
303.0 28.0491161346436
303.1 134.997085571289
303.3 16.2702960968018
303.8 15.9695119857788
303.9 74.5461120605469
304.1 73.7120132446289
304.2 21.8329601287842
304.9 35.321834564209
305.1 22.7849597930908
306.8 16.5202789306641
307.0 169.631134033203
308.1 13.8183145523071
308.2 11.7002868652344
308.3 14.3322057723999
308.9 23.3966236114502
310.7 13.183406829834
311.1 41.1631050109863
312.1 12.5778675079346
313.9 15.8820629119873
314.1 86.7296447753906
314.9 106.760078430176
315.8 39.115364074707
316.1 53.1542205810547
317.1 104.550796508789
317.1 266.773895263672
317.2 87.2356338500977
318.0 39.836727142334
318.1 209.698699951172
318.9 147.737762451172
319.1 326.159057617188
319.2 458.881134033203
319.9 41.1913681030273
320.1 75.2956466674805
320.2 128.367034912109
325.0 43.608772277832
326.9 40.2683296203613
329.1 55.7009658813477
329.3 13.1896553039551
329.4 14.6798601150513
331.0 66.299919128418
332.6 11.8695945739746
332.8 32.3229370117188
334.1 27.2592296600342
335.0 271.913116455078
335.1 1577.68774414063
336.1 350.248504638672
336.2 187.308837890625
336.9 12.0754661560059
340.9 13.0465278625488
344.8 13.454644203186
344.9 31.2822437286377
345.1 26.4859428405762
346.0 29.7190589904785
346.9 18.2202224731445
349.0 182.413726806641
350.8 44.470100402832
351.3 11.9428453445435
353.1 84.8846969604492
353.9 27.7736434936523
354.0 20.7705821990967
356.9 12.1690130233765
359.2 12.9774484634399
363.1 11.7867279052734
364.8 12.3224039077759
366.9 15.2343463897705
367.1 13.6417274475098
370.7 16.6179218292236
370.9 67.3240051269531
396.3 71.8862380981445
399.3 30.1583518981934
400.9 12.8140459060669
414.1 38.8199081420898
414.6 22.738302230835
415.1 15.5254974365234
