#"+EI Scan (rt: 4.182-4.252 min, 13 scans) R9M4.D  Subtract "
#Point,X(Thompsons),Y(Counts)
40.1 610.804809570313
41.1 19448.1171875
42.1 1595.52514648438
43.1 32824.56640625
44.0 1422.52502441406
45.0 209.071746826172
46.0 45.610652923584
47.0 287.55517578125
48.8 55.9983749389648
49.0 97.193603515625
50.0 1099.21264648438
50.1 573.656066894531
51.0 6284.9736328125
52.0 4558.5185546875
53.0 2943.59936523438
53.8 15.9405660629272
54.0 136.435241699219
54.1 378.414825439453
55.1 6307.919921875
55.9 35.5425796508789
56.0 241.550170898438
56.1 142.892761230469
57.0 51.0155029296875
57.1 459.266723632813
58.1 272.451995849609
59.0 2115.9814453125
59.9 194.638748168945
60.2 34.990348815918
60.8 82.3657379150391
60.9 30.3064289093018
61.0 158.962265014648
62.0 1297.43774414063
62.0 363.39501953125
63.0 5157.19189453125
64.0 601.610595703125
64.0 1487.50366210938
65.0 5082.00537109375
65.9 46.8133506774902
66.0 439.098358154297
66.1 163.487335205078
66.9 184.861511230469
67.0 992.915466308594
67.9 132.446243286133
68.1 57.5361709594727
68.2 43.1261138916016
69.1 2499.31225585938
69.9 62.2306671142578
70.0 194.444061279297
70.1 84.7426681518555
71.0 4.97846221923828
71.1 945.853210449219
71.8 16.5675067901611
71.9 13.885461807251
72.1 65.6184234619141
72.2 51.8959503173828
73.0 2061.41821289063
73.9 208.048934936523
74.0 889.222595214844
75.0 4279.48974609375
75.9 159.415313720703
76.1 5029.76123046875
77.0 29545.30859375
78.0 35949.9765625
79.0 4280.71728515625
79.9 283.197692871094
80.0 239.463226318359
80.1 55.7781524658203
80.3 28.9754524230957
81.0 891.170166015625
81.9 115.585784912109
82.0 67.4879455566406
82.1 170.710952758789
82.6 38.0962905883789
83.0 310.789611816406
83.1 116.086219787598
83.2 49.8393783569336
83.5 45.4167709350586
83.8 105.081649780273
84.1 40.2849998474121
84.2 16.0664691925049
84.9 529.712158203125
85.9 252.98616027832
86.1 268.877258300781
87.0 1720.3876953125
88.0 5486.40869140625
89.0 27474.74609375
90.0 6524.64453125
91.0 13884.8359375
91.8 71.9261703491211
92.0 1458.90991210938
93.0 470.910461425781
93.9 100.11612701416
94.1 4.82577514648438
94.4 58.7541046142578
94.6 72.1192169189453
94.8 83.8930587768555
94.9 164.121810913086
95.0 58.0824279785156
95.2 140.037368774414
95.4 58.3516693115234
95.6 152.026397705078
95.7 180.078460693359
96.0 48.6228332519531
96.1 105.64510345459
96.2 40.2356338500977
96.4 86.1742630004883
96.9 74.1208801269531
97.0 80.5224761962891
97.1 162.227249145508
97.2 48.757698059082
97.8 25.9623985290527
97.9 110.83039855957
98.0 59.2151794433594
98.2 35.1079025268555
98.8 38.5680274963379
99.0 113.206413269043
99.0 172.320938110352
99.2 46.576545715332
99.9 26.799430847168
100.0 333.189971923828
100.1 213.490463256836
101.0 9314.435546875
102.0 27735.669921875
103.0 10998.50390625
104.0 822.47119140625
104.1 661.101257324219
105.0 1870.39025878906
105.9 63.7331085205078
106.0 4259.15234375
106.9 364.5234375
107.0 1434.32568359375
107.5 14.3267831802368
108.1 228.610702514648
108.2 292.049011230469
109.0 1295.943359375
109.9 92.2785339355469
110.0 196.387222290039
110.9 108.321258544922
111.1 123.069206237793
111.8 38.3186874389648
112.0 26.2563991546631
112.2 35.5626487731934
113.0 710.892211914063
113.1 373.302734375
113.3 41.2016143798828
114.0 7656.6142578125
115.0 27827.837890625
116.0 58538.9453125
117.0 8604.39453125
118.0 1688.04602050781
118.8 31.110034942627
119.1 675.199340820313
119.2 120.831855773926
120.2 1686.23583984375
121.1 131538.6875
122.0 11873.869140625
123.0 924.749267578125
123.1 57.7980499267578
123.9 43.8663101196289
124.0 161.058456420898
124.2 22.1227550506592
124.8 127.922256469727
125.0 57.1224975585938
125.1 171.146865844727
125.2 26.9347648620605
126.0 400.787109375
126.1 604.160827636719
127.0 2957.10717773438
128.0 25060.240234375
129.0 45408.171875
130.0 30957.267578125
131.0 3942.2744140625
131.7 79.5793304443359
132.0 622.911682128906
132.1 55.9223480224609
133.0 2085.25610351563
133.9 72.7805557250977
134.1 440.792694091797
135.0 2231.20190429688
135.8 88.3918304443359
136.0 331.726684570313
137.0 8648.2783203125
138.0 1180.51611328125
139.0 1776.13159179688
139.9 325.166229248047
140.0 1622.76428222656
140.3 42.220344543457
141.0 1928.48266601563
142.1 3186.77124023438
143.0 29859.6171875
144.0 181570.71875
145.0 19023.830078125
145.9 221.809875488281
146.0 1217.79064941406
146.7 51.2682151794434
146.9 44.4991455078125
147.1 39.6540145874023
147.8 64.0918350219727
148.0 137.217559814453
148.1 109.57568359375
148.7 23.9944953918457
148.9 148.829620361328
149.1 229.178787231445
150.0 496.28369140625
150.0 235.536529541016
150.9 23.0885009765625
151.0 965.064392089844
151.9 58.4180641174316
152.0 1328.28100585938
153.1 1164.53527832031
154.1 3562.27612304688
155.0 2235.5439453125
156.1 5120.16357421875
157.1 8844.3564453125
158.0 877.11376953125
158.0 4352.8720703125
159.0 3593.11474609375
160.0 1095.82019042969
160.9 262.30908203125
161.9 75.6354064941406
162.0 165.934341430664
162.2 12.4093437194824
163.0 2006.4990234375
164.0 614.147338867188
164.1 996.671752929688
165.0 2546.41430664063
165.8 64.2067184448242
166.0 1134.67993164063
166.2 24.2530918121338
166.9 185.140930175781
167.0 1600.42309570313
168.1 1488.40393066406
168.9 76.391471862793
169.0 297.809173583984
169.1 407.889678955078
170.0 6916.0498046875
170.1 262.793487548828
171.0 1439.0498046875
171.8 87.3318786621094
172.0 206.492034912109
172.1 109.402702331543
172.8 59.2697944641113
172.9 151.991149902344
173.1 29.2344150543213
173.7 17.2729015350342
173.9 61.7617034912109
174.0 130.284286499023
174.2 17.3568706512451
174.9 125.448501586914
175.0 220.908142089844
175.1 57.2762184143066
175.9 47.8998565673828
176.0 1715.33349609375
176.9 398.782562255859
177.0 783.395263671875
177.9 48.714958190918
178.0 1124.0537109375
178.1 312.967681884766
178.7 34.1232376098633
178.9 263.453308105469
179.0 273.444122314453
179.1 79.5061340332031
179.9 138.210174560547
180.0 791.6240234375
180.2 78.2083511352539
180.9 38.5048828125
181.0 439.844360351563
182.0 452.710784912109
182.1 56.0309638977051
182.9 355.443389892578
183.2 12.5214977264404
184.1 2555.77856445313
184.9 450.259094238281
185.1 612.469970703125
185.9 65.3442840576172
186.1 896.628967285156
186.2 54.6614418029785
187.0 547.071044921875
187.1 495.915710449219
187.8 21.9137859344482
188.0 344.423522949219
188.1 24.271800994873
188.9 558.449645996094
189.0 488.013519287109
190.0 787.604797363281
190.1 547.242431640625
191.0 3170.43188476563
192.0 289.875396728516
192.1 2354.2958984375
193.0 1737.14892578125
193.8 19.8717918395996
193.9 23.9500293731689
194.0 311.088134765625
194.1 72.9624710083008
195.0 1210.33837890625
196.0 161.100646972656
196.1 377.496276855469
196.8 72.1137161254883
196.9 231.025207519531
197.0 129.505706787109
197.8 13.8537769317627
198.1 884.834228515625
199.0 1066.5751953125
199.9 39.5064125061035
200.0 329.078308105469
200.2 242.736068725586
200.8 94.793586730957
201.0 465.192016601563
201.7 51.5843124389648
201.8 14.7430505752563
202.0 643.3828125
203.0 1238.24768066406
203.1 95.959342956543
204.1 4329.2841796875
205.0 1203.53112792969
205.1 718.350280761719
205.8 71.6350173950195
206.0 395.713043212891
206.1 714.432250976563
207.0 699.822937011719
207.8 45.3225173950195
207.9 11.9089660644531
208.1 277.43115234375
208.2 135.570770263672
208.5 31.2301254272461
208.6 57.0354995727539
209.0 318.727996826172
209.1 127.195327758789
209.2 169.388977050781
209.7 198.077819824219
209.9 150.345504760742
210.1 275.162719726563
210.3 92.6922988891602
211.0 2365.0771484375
212.0 155.325592041016
212.1 4581.8427734375
213.1 6756.7314453125
214.1 715874.4375
215.1 124253.6953125
216.1 12130.7724609375
217.1 3043.4716796875
217.9 44.3405685424805
218.1 1431.24658203125
219.0 1069.4091796875
220.0 1256.35754394531
220.8 83.8132247924805
221.0 560.830688476563
221.1 27.9150238037109
221.9 123.055404663086
222.0 166.448806762695
222.2 72.7891082763672
222.6 19.1681537628174
222.7 77.4012451171875
222.9 408.765625
223.9 97.1773834228516
224.8 152.209533691406
225.0 83.9816055297852
225.9 35.1993064880371
226.0 80.0513076782227
226.8 68.1350021362305
226.9 180.159606933594
227.1 232.877349853516
227.8 15.6534786224365
228.0 23.8734970092773
228.1 246.335525512695
228.2 112.878265380859
229.0 518.379943847656
230.1 626.685974121094
231.0 240.419342041016
231.2 71.9981231689453
232.0 377.044403076172
232.1 495.238220214844
233.0 2815.69384765625
233.9 137.720932006836
234.0 1289.98608398438
235.0 567.686950683594
235.1 81.0309677124023
235.9 68.464714050293
236.1 612.646545410156
236.2 52.1151123046875
237.0 2536.65576171875
238.0 318.107299804688
238.1 99.5424346923828
238.8 140.749572753906
239.0 8.434814453125
239.7 12.610424041748
240.0 52.3304977416992
240.1 64.6259002685547
240.8 52.9408721923828
241.0 339.942077636719
241.8 11.981164932251
241.9 129.830551147461
242.1 62.3739356994629
242.8 21.3221054077148
243.1 68.1665496826172
243.9 48.416561126709
244.1 24.1714172363281
244.2 17.2527961730957
244.9 90.034912109375
245.0 323.866973876953
246.0 604.903747558594
246.1 43.742546081543
247.0 294.471466064453
247.1 237.568511962891
247.3 30.9981460571289
247.9 68.9893951416016
248.1 393.110687255859
248.1 344.646026611328
248.8 18.4459686279297
248.9 82.0848770141602
249.0 98.7876586914063
249.2 138.085159301758
249.9 68.4157562255859
250.1 991.140502929688
250.8 12.120774269104
250.9 59.7477073669434
251.0 154.89404296875
251.2 11.8956289291382
252.0 12.0772228240967
252.4 14.7643413543701
252.7 32.2211036682129
252.9 247.020126342773
253.1 51.1818161010742
254.0 50.9461822509766
254.8 16.270092010498
255.1 27.8011150360107
256.1 32.1899490356445
256.7 28.7288856506348
256.9 96.3202056884766
257.0 0.611068725585938
257.8 15.3988227844238
257.9 69.8224945068359
258.1 12.0372686386108
258.9 124.892440795898
259.1 11.801607131958
259.9 65.8620681762695
260.1 379.489105224609
260.3 13.1217432022095
260.8 47.1149749755859
261.0 78.820930480957
261.1 203.368133544922
262.0 684.453491210938
262.1 264.562255859375
263.0 293.533325195313
263.1 182.729415893555
263.9 30.5995864868164
264.0 112.749633789063
264.2 125.703521728516
264.9 55.2700042724609
265.0 49.8548049926758
266.0 29.9463882446289
266.8 12.7941150665283
268.7 42.2589340209961
269.0 80.6482391357422
269.9 15.9963731765747
270.1 20.6495189666748
270.9 166.832885742188
271.0 236.997741699219
271.7 13.556601524353
271.9 3.56713104248047
272.1 14.4355602264404
272.9 227.419204711914
273.9 109.374885559082
274.1 175.072723388672
274.9 371.195373535156
276.0 269.144378662109
276.1 103.46159362793
276.5 17.4176578521729
277.0 206.916687011719
277.9 71.2442092895508
278.1 425.453491210938
278.1 1437.90625
279.1 447.41455078125
279.2 49.8111305236816
279.9 18.4535293579102
280.0 38.1442108154297
281.0 160.075912475586
281.1 50.7989540100098
281.8 15.6344699859619
282.0 29.0922946929932
282.7 20.0215282440186
282.8 63.3847274780273
283.0 18.7955150604248
284.0 12.7538509368896
284.9 193.227462768555
285.0 27.2853393554688
285.1 117.875480651855
285.9 76.3692169189453
286.1 121.574630737305
286.8 42.5555381774902
287.0 50.3807525634766
287.8 53.1697731018066
288.1 187.936386108398
288.8 104.609024047852
288.9 166.311401367188
289.1 317.966033935547
289.6 23.2812995910645
290.0 267.854797363281
290.1 115.647071838379
290.7 57.7483100891113
291.0 268.895660400391
291.2 28.6449279785156
291.9 116.352043151855
292.1 16.1840686798096
293.0 164.249084472656
293.8 96.4757766723633
294.0 2.89883422851563
294.9 86.0860595703125
295.0 61.7776908874512
295.9 68.8899459838867
296.0 44.8114166259766
296.9 477.531921386719
298.7 13.9267177581787
298.9 68.7945022583008
300.0 15.506932258606
300.7 21.6960144042969
300.8 22.871696472168
301.0 54.4164695739746
301.8 14.9807300567627
302.0 33.6250495910645
302.1 97.3086090087891
302.3 16.9802303314209
302.9 58.4993438720703
303.0 49.3467636108398
303.1 48.9319915771484
303.2 30.7812309265137
303.9 78.5571670532227
304.1 381.132965087891
304.2 60.2862319946289
305.1 151.761657714844
305.2 83.215934753418
305.9 22.7876091003418
306.1 321.510131835938
306.2 695.472534179688
306.9 41.8175888061523
307.1 203.322906494141
307.2 96.2089996337891
308.0 49.9831619262695
308.1 19.6004295349121
308.3 17.5174541473389
309.0 25.044994354248
310.8 50.6346473693848
311.0 56.7400360107422
311.2 18.0602188110352
311.9 49.7518577575684
312.0 35.1628265380859
314.9 63.3461074829102
315.0 47.6413383483887
315.1 22.2567939758301
315.8 35.5644798278809
316.1 83.7444686889648
317.0 106.264213562012
317.1 521.772155761719
317.2 304.386840820313
318.0 111.815315246582
318.1 307.445007324219
318.3 44.6008644104004
319.1 902.700866699219
319.2 1826.06762695313
320.0 53.611759185791
320.2 771.541015625
320.3 80.5895080566406
321.1 174.161605834961
321.2 42.740478515625
322.9 18.319953918457
323.1 12.6731958389282
324.9 12.9349250793457
326.8 12.7236785888672
328.0 16.7647724151611
328.9 38.3781700134277
331.0 103.770401000977
331.1 29.8089694976807
332.0 26.5640487670898
333.0 144.714935302734
333.2 49.4389839172363
334.1 457.155090332031
334.3 16.1678142547607
335.2 11800.951171875
336.1 1476.33618164063
336.2 1654.21728515625
337.0 87.2006378173828
337.2 310.101440429688
344.9 12.3133716583252
345.0 79.1798858642578
345.2 13.6446094512939
347.1 17.9983100891113
348.9 56.0074920654297
349.1 147.539840698242
349.2 24.579833984375
350.0 16.6415843963623
350.2 21.8109455108643
350.8 13.0878896713257
351.0 34.9651260375977
352.7 17.3811454772949
352.9 51.9603080749512
353.1 15.3767700195313
359.0 13.5197658538818
366.7 18.7920417785645
367.0 24.5509414672852
370.8 20.7751159667969
370.9 63.4954795837402
381.0 11.6114444732666
395.9 12.6112670898438
401.1 17.6801052093506
411.2 12.2927045822144
420.9 12.4466600418091
