#"+EI Scan (rt: 4.194-4.264 min, 13 scans) R1M4.D  Subtract "
#Point,X(Thompsons),Y(Counts)
40.1 870.825500488281
41.1 22411.50390625
42.1 1902.93383789063
43.1 39225.359375
44.0 1770.01342773438
45.0 285.836791992188
45.1 28.2909126281738
46.2 14.3193006515503
46.9 78.3551940917969
48.8 17.7393207550049
48.9 162.790603637695
49.0 80.7834548950195
49.8 51.0350074768066
50.0 1446.96618652344
51.0 6615.02734375
52.0 5519.46630859375
53.1 3254.51025390625
54.0 371.693542480469
54.1 200.839096069336
55.1 7185.1875
56.0 206.48323059082
56.1 196.658828735352
57.0 598.428039550781
57.1 118.360481262207
57.9 131.296752929688
58.1 192.644348144531
58.2 102.872749328613
59.0 2575.73828125
59.9 349.900512695313
60.7 14.4706592559814
60.8 39.3284034729004
61.0 42.5322494506836
61.1 202.585876464844
61.9 349.050689697266
62.0 1986.86804199219
63.0 5748.10595703125
64.0 2128.67651367188
65.0 5948.72705078125
66.0 668.159484863281
66.1 77.9719924926758
67.0 540.076171875
67.1 758.283325195313
67.7 15.9813585281372
67.9 22.6001682281494
68.0 119.973709106445
68.2 106.111808776855
69.0 249.065887451172
69.1 1768.57434082031
70.0 234.479751586914
70.1 72.4651489257813
70.3 54.0046348571777
71.1 1176.5849609375
71.9 82.1695709228516
72.0 91.1641998291016
73.0 1027.73583984375
74.0 1291.13757324219
75.0 5550.82861328125
76.0 6379.85693359375
77.1 33736.13671875
78.0 38376.84375
79.0 4801.1923828125
80.0 365.936187744141
80.0 214.812652587891
81.0 1067.23583984375
82.1 245.341522216797
82.3 85.3999862670898
82.8 130.575881958008
83.1 499.822479248047
83.2 30.7510871887207
83.6 85.6676330566406
83.8 26.945384979248
83.9 23.7199592590332
84.0 63.114990234375
85.1 437.72509765625
85.9 381.905242919922
86.0 124.594909667969
87.0 1801.44091796875
87.1 43.9533348083496
88.0 6403.0478515625
89.0 34796.26171875
90.0 8370.04296875
91.0 16027.974609375
91.9 62.8916702270508
92.0 1746.05883789063
93.0 26.9373168945313
93.0 620.676391601563
93.8 15.3052062988281
93.9 122.114959716797
94.0 53.4204139709473
94.2 94.6709747314453
94.3 116.207443237305
94.5 106.948173522949
95.1 337.249298095703
95.2 174.148208618164
95.4 31.4227523803711
95.6 116.838119506836
95.8 235.551559448242
96.1 145.222671508789
96.4 61.2867164611816
96.7 23.8904342651367
97.0 396.678436279297
97.5 21.619384765625
97.8 154.812606811523
98.0 257.604522705078
98.8 196.451477050781
98.9 76.0724716186523
99.2 124.372367858887
99.8 57.9002456665039
100.0 464.180267333984
100.1 230.347015380859
101.0 11844.2490234375
102.0 35086.515625
103.0 13823.767578125
103.9 43.3772964477539
104.0 2166.3154296875
105.0 2533.43798828125
106.0 317.252563476563
106.0 4729.90673828125
107.0 2045.82824707031
107.8 10.4725570678711
108.0 110.967170715332
108.2 142.902923583984
108.4 93.0893249511719
109.0 1901.48999023438
109.8 216.338043212891
110.1 149.747909545898
110.4 51.0164756774902
110.9 413.487487792969
111.0 93.4434661865234
111.8 78.2519989013672
112.1 40.5053634643555
112.3 19.4066944122314
113.0 1061.83422851563
113.1 477.537719726563
114.0 9827.6630859375
115.0 35396.0859375
116.0 80585.0625
117.0 10677.94140625
118.0 2125.80126953125
118.2 44.885498046875
119.0 724.790649414063
119.2 182.87744140625
120.2 1947.71667480469
121.1 143625.796875
122.1 13496.9208984375
123.0 1323.70837402344
123.1 147.870788574219
123.8 83.3138427734375
123.9 116.412994384766
124.1 48.2060356140137
124.3 25.5314598083496
124.8 45.3521881103516
124.9 328.131408691406
125.0 203.097808837891
125.7 20.008358001709
126.0 56.9413681030273
126.1 1140.94360351563
127.0 429.761657714844
127.0 3276.98217773438
128.0 30352.8203125
129.0 57562.88671875
130.0 39092.2421875
131.0 4597.3134765625
131.1 190.507598876953
131.7 29.2283229827881
132.0 491.588226318359
132.2 88.9624176025391
133.0 2309.2158203125
133.9 76.4308471679688
134.0 522.961669921875
135.0 2609.17749023438
136.1 436.788421630859
137.0 8808.361328125
138.0 944.908325195313
138.9 151.771835327148
139.0 1785.15270996094
139.9 32.3138961791992
140.0 2329.3212890625
141.0 3202.3037109375
142.0 1832.95959472656
142.1 2137.76538085938
143.0 38325.09765625
144.0 247998.8125
145.0 26253.748046875
146.0 229.592742919922
146.0 1799.26513671875
146.8 101.67301940918
146.9 181.824279785156
147.7 15.6416893005371
147.9 55.816219329834
148.0 161.557647705078
148.8 124.03572845459
148.9 332.971893310547
149.0 16.6454772949219
150.0 466.201324462891
150.1 494.800720214844
151.0 2647.9580078125
152.0 1471.57409667969
153.0 1280.80261230469
154.0 4381.08154296875
155.0 2688.13916015625
156.1 6475.1669921875
157.0 1182.38598632813
157.0 8493.34375
158.0 7194.02880859375
159.0 3249.00390625
160.0 282.338134765625
160.8 83.9495010375977
160.9 34.8499755859375
161.8 85.8794326782227
162.0 270.932342529297
163.0 1853.89453125
164.1 1841.57861328125
165.0 3338.54907226563
165.9 59.5215263366699
166.0 1034.56262207031
166.1 461.302520751953
167.0 3067.17163085938
167.9 137.910614013672
168.0 1442.85949707031
168.9 367.49169921875
169.0 437.101531982422
170.1 8694.6337890625
171.0 2416.51391601563
171.9 296.78369140625
172.1 517.494323730469
172.8 75.0535354614258
172.9 124.773529052734
173.0 78.898551940918
174.0 165.196533203125
174.1 96.7360382080078
174.8 37.5670356750488
175.0 452.143402099609
176.0 332.394165039063
176.1 1691.25610351563
177.0 1535.75061035156
177.1 159.741592407227
177.9 2.02542114257813
178.1 1831.53442382813
178.9 315.209503173828
179.0 659.590087890625
180.0 1061.41906738281
180.9 572.930908203125
181.9 146.674774169922
182.0 548.729797363281
182.9 223.299331665039
183.0 417.218231201172
184.1 3422.68481445313
185.0 1658.42065429688
185.1 137.280136108398
186.0 144.041076660156
186.1 1126.7578125
186.7 57.1172409057617
187.0 582.058288574219
187.9 232.047958374023
188.1 160.521392822266
188.3 17.4824371337891
189.0 1262.22216796875
190.0 1635.87646484375
191.0 4253.00439453125
192.1 3861.0869140625
192.9 80.2814025878906
193.0 1512.07238769531
193.9 233.817718505859
194.1 335.256469726563
195.0 1544.81030273438
195.9 178.849090576172
196.1 281.020294189453
197.0 560.48095703125
197.9 175.807556152344
198.1 1120.34729003906
198.8 206.530548095703
199.0 519.66943359375
199.9 71.1163864135742
200.1 481.242370605469
200.2 37.563606262207
200.8 137.235961914063
200.9 337.726623535156
202.0 739.908630371094
202.2 88.2648620605469
202.9 100.484222412109
203.0 1445.50598144531
203.1 73.01708984375
204.1 5551.349609375
205.0 1772.88232421875
205.1 433.277862548828
205.9 113.04182434082
206.1 1350.67126464844
207.0 1647.85485839844
208.0 73.1862335205078
208.1 579.960998535156
208.5 18.3283672332764
208.7 68.0531768798828
209.0 100.996978759766
209.1 200.74186706543
209.3 71.7072906494141
209.7 118.1484375
209.9 200.681732177734
210.0 219.239517211914
210.2 207.9296875
211.0 2503.9951171875
212.1 6068.99755859375
213.1 8568.4375
214.1 970828.75
215.1 163579.234375
216.1 16618.876953125
217.0 3073.89965820313
217.9 106.956787109375
218.1 1534.19555664063
219.0 1278.49658203125
220.0 817.767272949219
220.1 951.905334472656
220.8 75.3008346557617
221.0 947.009521484375
221.9 10.5693054199219
222.0 334.471801757813
222.2 54.4792289733887
223.0 711.772338867188
223.9 46.7457695007324
224.0 80.7034072875977
224.7 32.4534759521484
224.8 46.1438598632813
224.9 82.8472595214844
225.2 14.0477733612061
225.7 14.3715705871582
225.9 120.733917236328
226.0 65.9884490966797
227.0 266.655151367188
227.1 152.344711303711
227.9 192.653045654297
228.1 297.588928222656
228.9 158.020767211914
229.0 0.31915283203125
229.1 56.8405799865723
230.1 926.5849609375
231.0 369.069488525391
231.1 203.600723266602
232.0 328.537719726563
232.1 727.486755371094
232.2 53.055778503418
233.0 2838.42578125
234.0 3210.87280273438
234.8 87.1316680908203
235.1 1168.69873046875
236.1 862.359008789063
237.0 2984.916015625
238.0 387.390014648438
239.0 917.086669921875
240.0 191.577041625977
240.9 742.376220703125
241.1 218.240264892578
241.9 207.823715209961
242.1 80.3454208374023
242.7 13.4119682312012
242.9 83.7045440673828
243.0 121.797325134277
243.1 56.3803939819336
243.8 54.4961547851563
244.0 113.91722869873
244.1 55.3589706420898
244.7 22.1030883789063
245.0 193.180740356445
245.2 128.991058349609
246.0 540.875244140625
246.2 304.471130371094
246.9 120.740882873535
247.1 501.4130859375
248.0 675.4169921875
248.1 443.195373535156
248.2 59.3089332580566
248.8 52.1943359375
248.9 234.322525024414
249.1 259.463439941406
249.9 24.992431640625
250.0 545.14013671875
250.1 596.239135742188
250.8 22.2239170074463
251.0 357.739868164063
251.9 12.3789281845093
252.7 30.5448036193848
253.0 169.816192626953
253.1 86.4045104980469
254.0 48.4103126525879
254.1 52.2053413391113
254.8 124.505142211914
254.9 9.36683654785156
255.0 40.3721351623535
255.7 14.0553541183472
256.1 12.6004190444946
256.8 59.0792503356934
257.0 244.638595581055
257.7 50.1377563476563
257.9 49.3535079956055
258.0 55.3366355895996
258.5 12.6161031723022
258.6 12.8786687850952
259.0 110.471481323242
259.7 16.8078784942627
260.0 185.779769897461
260.1 366.937469482422
260.8 35.2726821899414
261.0 172.471817016602
261.1 69.6797637939453
262.1 1652.76391601563
262.8 38.5321655273438
263.1 228.653701782227
263.2 176.798263549805
264.0 122.989570617676
264.1 131.552719116211
264.3 20.112434387207
264.9 70.5671920776367
265.1 48.5645370483398
265.2 18.2232456207275
265.8 25.4335823059082
266.0 15.3841800689697
266.8 20.0566291809082
266.9 170.745880126953
267.0 35.504753112793
267.1 19.2188320159912
268.8 96.0039596557617
268.9 77.6211395263672
269.0 44.1301116943359
270.0 86.1408309936523
270.2 21.3601779937744
270.5 39.8574829101563
270.9 257.226684570313
271.1 52.0803756713867
271.8 161.573699951172
272.0 126.961112976074
272.8 105.381050109863
273.0 320.604217529297
274.0 265.586303710938
274.3 20.1288681030273
274.9 505.038513183594
276.0 169.562362670898
276.1 111.791145324707
276.2 111.91047668457
277.0 337.253753662109
277.1 39.2085037231445
278.1 2640.44165039063
279.0 106.641593933105
279.1 529.892517089844
279.2 33.2035369873047
279.9 78.2455062866211
280.0 22.2868633270264
280.8 27.4793720245361
281.1 233.485565185547
281.8 28.3172225952148
282.0 25.1248989105225
283.0 17.3053894042969
284.0 19.1114521026611
284.8 36.3071746826172
284.9 139.494537353516
285.0 217.659912109375
285.1 46.9754676818848
286.0 0.600997924804688
286.1 103.293426513672
286.7 38.2475814819336
286.9 217.87419128418
287.0 36.358268737793
287.8 35.1993026733398
288.1 184.727035522461
289.0 466.30322265625
290.0 477.2939453125
291.0 198.577362060547
291.1 198.969085693359
291.6 16.744384765625
291.9 16.6650161743164
292.0 123.800956726074
292.1 28.6742134094238
292.3 18.2626762390137
292.9 1033.54467773438
293.9 464.490447998047
295.0 717.134155273438
296.0 150.188323974609
296.8 314.847930908203
296.9 40.7682495117188
297.9 138.121917724609
298.1 51.1984519958496
298.8 42.7270774841309
298.9 54.9810333251953
299.0 70.3426132202148
299.7 24.7271041870117
300.1 27.4054279327393
300.9 27.9582614898682
302.0 25.3562698364258
302.1 154.690902709961
302.8 40.0012474060059
302.9 65.2018356323242
303.1 66.6677703857422
303.2 21.3414611816406
303.9 27.3560657501221
304.1 373.086975097656
304.2 310.767761230469
305.1 181.473403930664
306.1 965.888549804688
306.2 467.919921875
307.0 172.321182250977
307.1 108.567024230957
307.3 34.5403213500977
308.1 59.0905303955078
308.9 26.2267551422119
309.1 38.2522430419922
311.0 134.727432250977
311.1 67.7210998535156
311.9 34.5260314941406
312.1 44.9606742858887
312.9 14.1017198562622
313.1 18.3831958770752
313.9 31.4083824157715
314.3 13.1228837966919
314.8 18.0553531646729
315.0 182.443634033203
315.2 12.5021934509277
316.0 68.2593841552734
316.2 35.492301940918
317.1 314.281677246094
317.2 646.472534179688
317.9 46.588249206543
318.0 111.845054626465
318.2 414.091949462891
318.3 46.3400421142578
319.1 3423.16967773438
319.9 24.160213470459
320.1 737.050720214844
320.3 140.988311767578
320.9 16.875114440918
321.1 251.760101318359
321.4 13.2618560791016
324.7 14.637186050415
325.0 16.2892627716064
326.9 20.4686374664307
327.1 12.0060081481934
328.9 82.9292068481445
330.8 50.275146484375
331.1 14.6963205337524
331.2 38.5682334899902
331.9 12.114013671875
332.0 16.4783039093018
332.5 15.4281053543091
332.8 34.2310638427734
332.9 18.4859580993652
333.0 108.571304321289
333.2 112.581352233887
333.8 17.4086627960205
334.0 145.641983032227
334.2 376.198852539063
334.3 30.132251739502
335.2 15065.5732421875
336.2 3855.2177734375
336.9 38.0778007507324
337.1 553.002380371094
337.3 26.8210353851318
338.7 11.7335948944092
344.9 53.5229759216309
345.0 12.0158424377441
347.1 67.4049835205078
347.2 15.1244115829468
348.8 31.4583473205566
348.9 96.4298934936523
349.0 64.6143035888672
349.2 137.991500854492
349.3 18.3249778747559
349.9 28.8809299468994
350.0 70.6561584472656
350.8 41.3814506530762
350.9 42.846134185791
351.2 16.09153175354
352.7 11.6377649307251
352.9 75.6393356323242
353.0 103.828651428223
353.1 29.5367240905762
353.6 12.9852390289307
356.6 17.1652603149414
363.1 19.3554973602295
366.8 12.2377576828003
366.9 57.8599510192871
367.1 20.9485454559326
369.1 22.2460861206055
370.9 95.4590606689453
372.8 11.8471059799194
374.8 12.187536239624
375.0 12.1265525817871
386.9 15.107271194458
388.0 14.7520771026611
401.1 30.6510200500488
410.1 16.1227188110352
413.2 12.6532726287842
