#"+EI Scan (rt: 4.194-4.258 min, 12 scans) R4M4.D  Subtract "
#Point,X(Thompsons),Y(Counts)
40.1 642.533508300781
41.1 22288.072265625
42.0 435.544250488281
42.1 1668.5830078125
43.1 39287.62109375
44.0 1659.58447265625
45.0 293.96484375
46.1 18.7100887298584
46.8 66.1333312988281
48.8 31.7669525146484
48.9 13.1995496749878
49.0 160.211471557617
50.0 1664.45202636719
51.0 6528.19091796875
52.0 5392.51806640625
53.0 3221.16870117188
53.8 97.8740539550781
54.0 125.906196594238
54.1 334.049163818359
55.1 7495.59814453125
55.9 30.2708873748779
56.0 344.265319824219
56.2 76.10107421875
57.0 890.779724121094
57.9 61.5448112487793
58.0 171.640213012695
59.0 2020.48974609375
59.9 45.0410461425781
60.0 114.146255493164
61.0 163.396591186523
61.1 140.059524536133
62.0 1958.93432617188
63.0 6006.64794921875
63.9 158.211776733398
64.1 1857.5654296875
65.0 5934.91162109375
66.0 662.199890136719
66.2 15.82421875
67.0 1262.43395996094
68.0 166.643981933594
68.1 94.9163818359375
68.2 62.7436637878418
69.0 2292.45239257813
69.8 26.9622173309326
69.9 102.67813873291
70.1 103.860618591309
70.2 145.750793457031
71.1 1080.61047363281
71.2 192.171920776367
72.0 162.458847045898
72.1 68.2213668823242
72.2 22.5550594329834
73.0 1829.79052734375
74.0 419.619110107422
74.1 1141.73046875
75.0 5312.986328125
76.0 6478.388671875
77.0 33668.21875
78.0 40064
79.0 4593.810546875
80.0 676.431579589844
81.0 1269.8759765625
81.8 136.537490844727
82.0 89.5629119873047
82.2 81.4974594116211
82.8 40.9843597412109
82.9 42.5946960449219
83.0 284.459533691406
83.6 166.241989135742
83.8 21.428258895874
83.9 38.0314979553223
84.1 40.0932426452637
85.0 236.379211425781
85.1 76.8097763061523
85.8 22.6504230499268
85.9 97.5043487548828
86.1 237.507568359375
87.0 1837.30419921875
88.0 6509.38623046875
89.0 31945.62890625
90.0 8433.708984375
91.0 15553.85546875
92.0 757.084533691406
92.1 1021.82403564453
93.0 273.784332275391
93.1 328.499145507813
93.7 17.4627895355225
93.8 112.390937805176
94.0 166.673202514648
94.3 76.5894775390625
94.5 107.252464294434
94.8 156.329971313477
94.9 91.7338638305664
95.1 357.536163330078
95.3 75.6613998413086
95.5 75.4922027587891
95.6 146.706130981445
95.7 187.587951660156
96.0 145.727584838867
96.2 301.885040283203
96.7 139.060256958008
97.0 131.249572753906
97.1 152.113586425781
97.8 44.2773933410645
97.9 121.462905883789
98.0 144.198181152344
99.0 317.080200195313
99.1 132.669250488281
99.6 18.2320022583008
99.9 150.568252563477
100.0 505.484283447266
100.3 52.4068031311035
101.0 10748.185546875
102.0 32676.62890625
103.0 13296.5439453125
103.9 337.233245849609
104.1 1854.02575683594
104.5 14.5261259078979
105.0 2559.90942382813
106.0 5075.365234375
107.0 1343.1181640625
107.1 497.984710693359
107.9 45.9033088684082
108.1 202.315475463867
108.2 241.989990234375
109.0 949.242919921875
109.8 38.1452255249023
110.0 158.158172607422
110.1 21.1042156219482
110.7 31.0744075775146
110.8 100.753089904785
110.9 189.644790649414
111.0 114.716751098633
111.4 25.0080413818359
111.7 21.7301712036133
111.8 15.2902860641479
111.9 87.4265060424805
112.1 25.2770748138428
112.2 46.6102867126465
112.8 42.6543159484863
113.0 1506.61901855469
113.2 49.0369453430176
114.0 9262.115234375
115.0 32271.943359375
116.0 70873.9453125
117.0 9808.2490234375
118.0 447.846740722656
118.1 1309.30065917969
118.7 108.759521484375
119.0 278.648376464844
119.1 243.897689819336
120.0 52.7191581726074
120.2 2487.84057617188
121.0 145940.046875
122.1 13332.4482421875
122.9 230.442153930664
123.0 721.496215820313
123.2 237.957763671875
123.6 19.0489292144775
123.7 36.3524055480957
124.0 238.111434936523
124.1 80.8177795410156
124.8 194.90885925293
125.0 286.559844970703
125.1 73.3522186279297
126.0 895.81201171875
126.1 149.422378540039
127.0 3332.33544921875
128.1 29453.8515625
129.0 52880.24609375
130.1 35400.3359375
130.9 280.120483398438
131.0 4209.38330078125
131.8 217.884460449219
132.0 298.812622070313
132.1 3.354248046875
133.0 1945.42883300781
133.9 159.703201293945
134.0 140.161987304688
134.1 226.2275390625
135.0 2356.66186523438
135.7 36.3242645263672
135.9 11.6591796875
136.1 328.901397705078
137.0 8807.5263671875
137.9 146.771850585938
138.0 933.916748046875
139.0 2270.35522460938
139.9 350.279479980469
140.1 1728.03259277344
141.0 2188.51611328125
142.0 2239.51586914063
142.1 1805.4033203125
143.1 35656.16015625
144.0 222808.78125
145.0 23093.083984375
145.9 48.4165153503418
146.0 1705.77600097656
146.4 13.0458459854126
147.0 264.596618652344
147.9 102.390441894531
147.9 239.507736206055
148.8 53.422176361084
149.1 344.561126708984
149.2 17.4896965026855
149.3 27.2522735595703
149.9 122.85913848877
150.0 816.9892578125
151.0 2109.18432617188
152.0 941.374328613281
152.0 597.427856445313
153.1 819.649963378906
154.0 4659.20166015625
155.0 2841.41040039063
156.0 2273.32446289063
156.1 4264.32763671875
157.0 10301.8935546875
158.0 6061.6923828125
159.0 3517.09228515625
159.9 242.234649658203
160.0 463.213165283203
160.9 160.972839355469
161.0 111.864807128906
162.0 194.608276367188
162.1 39.7842216491699
163.0 2009.50048828125
164.0 1611.05041503906
165.0 3009.31811523438
165.9 274.567596435547
166.1 1124.51965332031
167.0 2431.64916992188
168.0 1791.06896972656
168.9 24.4385833740234
169.1 726.435485839844
170.0 8385.171875
171.0 1726.04943847656
171.1 469.46435546875
171.9 109.798767089844
172.1 188.571243286133
172.1 192.445297241211
172.8 14.6687459945679
173.0 110.222312927246
173.8 12.7544546127319
174.0 200.070693969727
174.3 18.6863574981689
174.6 32.824405670166
175.0 296.266265869141
175.2 51.8249092102051
175.9 695.607360839844
176.1 1108.09826660156
176.9 125.173187255859
177.0 1331.40502929688
177.8 77.7145004272461
178.0 740.95166015625
178.1 837.731506347656
178.8 48.8977699279785
179.0 477.943237304688
179.1 235.47917175293
179.9 328.383056640625
180.1 474.415802001953
180.2 86.750862121582
180.8 169.341445922852
180.9 71.3373413085938
181.8 99.8964233398438
182.1 351.842437744141
183.0 230.194427490234
183.1 170.149337768555
183.9 113.00252532959
184.1 2797.26538085938
185.0 1751.4580078125
185.9 21.5419521331787
186.0 299.711486816406
186.1 832.636169433594
187.0 1191.07446289063
188.0 330.522644042969
188.1 140.243682861328
189.0 498.898468017578
189.1 684.231750488281
190.1 1864.08215332031
191.0 3967.40551757813
192.0 359.794067382813
192.1 2810.01098632813
192.9 322.490905761719
193.0 975.751647949219
193.9 47.0685806274414
194.0 399.876739501953
194.1 114.929992675781
194.9 546.061828613281
195.7 13.4564504623413
196.0 359.775024414063
196.2 50.1116142272949
196.9 184.451904296875
197.0 246.327560424805
198.0 1192.39636230469
198.8 113.035041809082
199.1 343.615112304688
200.1 616.215270996094
200.2 49.0490264892578
200.9 933.078918457031
201.9 514.441345214844
202.1 367.278564453125
203.0 1694.4130859375
204.1 4631.27490234375
205.0 1921.10217285156
205.2 43.3707885742188
205.9 197.292861938477
206.0 378.990570068359
206.1 564.310852050781
207.0 329.730834960938
207.1 350.4599609375
207.8 47.7402954101563
207.9 322.217254638672
208.0 123.448516845703
208.6 30.6912937164307
208.9 190.164489746094
209.0 171.099075317383
209.1 168.532135009766
209.2 39.6198234558105
209.4 63.5544548034668
209.6 108.277809143066
209.7 138.06982421875
209.9 55.3745002746582
210.0 198.640884399414
210.2 240.976425170898
211.0 2307.61791992188
212.1 5726.54150390625
213.0 199.928329467773
213.1 7040.6884765625
214.1 864631.8125
215.1 149515.109375
216.1 14829.9296875
217.0 3881.91967773438
217.9 289.740570068359
218.0 1127.61376953125
219.0 4023.59545898438
220.0 497.624053955078
220.0 1362.00744628906
220.8 53.2720222473145
221.0 619.458801269531
221.1 307.877166748047
221.9 240.98486328125
222.1 214.207397460938
222.2 21.8921222686768
222.8 69.3370513916016
222.9 27.2357788085938
223.8 42.2446937561035
224.0 41.2945289611816
224.1 14.9956617355347
225.0 256.361114501953
225.2 13.7636909484863
225.9 46.0003356933594
226.1 117.65771484375
226.6 16.879638671875
226.8 107.608924865723
226.9 41.384033203125
227.0 89.47802734375
227.6 19.3806667327881
227.9 46.9114952087402
228.1 392.767333984375
228.3 20.7245788574219
229.0 524.1064453125
230.0 424.969390869141
230.1 455.809112548828
230.9 322.33642578125
231.1 149.193649291992
231.9 66.5321197509766
232.0 708.890319824219
232.2 88.9135589599609
233.0 3245.3193359375
234.0 1498.02392578125
234.9 187.730346679688
235.0 754.055114746094
236.0 271.715911865234
236.1 406.987335205078
237.0 1717.03173828125
238.0 695.884155273438
238.9 463.388305664063
240.0 225.009948730469
240.8 58.9174995422363
241.0 377.1572265625
242.0 37.506950378418
242.1 112.644104003906
242.2 27.9629821777344
242.8 37.7867965698242
243.0 73.2211456298828
243.6 18.8014163970947
243.8 21.987455368042
244.0 131.674026489258
245.0 382.332275390625
245.9 102.780883789063
246.0 444.900970458984
246.2 137.260986328125
246.9 179.155838012695
247.1 448.925506591797
248.0 147.83430480957
248.1 858.087646484375
248.9 31.6846008300781
249.0 189.441635131836
249.1 293.052032470703
249.8 21.4421977996826
250.1 1031.87622070313
251.0 340.251770019531
251.2 36.5968017578125
251.9 35.7668571472168
252.1 43.4993782043457
252.8 109.036827087402
253.0 206.860412597656
253.9 33.0696067810059
254.0 61.5494384765625
254.1 18.3863143920898
255.0 83.7939224243164
255.1 45.1578941345215
255.8 17.5121822357178
256.0 34.1723136901855
256.1 35.516185760498
256.9 174.681777954102
257.1 47.0514183044434
257.9 50.0514678955078
258.0 50.3805351257324
258.8 51.3802680969238
259.9 75.9482345581055
260.1 378.194732666016
260.9 107.272514343262
261.0 201.812698364258
261.3 12.7930040359497
262.1 793.190063476563
262.1 351.604736328125
262.9 84.5303726196289
263.0 197.170211791992
264.0 259.299468994141
264.1 76.5504760742188
264.8 21.7145442962646
265.1 43.8398933410645
265.9 28.5700435638428
266.9 116.780700683594
267.0 28.6166286468506
268.9 283.279479980469
269.9 44.9499053955078
270.0 40.3982391357422
270.8 91.6064453125
271.0 158.909362792969
271.4 13.024188041687
271.7 26.4961071014404
271.9 91.9440307617188
272.1 44.7347717285156
272.9 228.026931762695
273.1 48.3572654724121
273.9 146.259262084961
274.0 59.2678985595703
274.1 113.775390625
274.8 32.7215728759766
275.0 464.375244140625
275.2 46.1800231933594
276.0 385.380767822266
276.2 22.380090713501
276.9 175.242340087891
277.0 175.014236450195
277.2 13.5002908706665
277.9 207.9931640625
278.1 1606.52478027344
278.2 420.392333984375
279.0 495.507537841797
279.1 274.605010986328
279.7 16.6767520904541
279.9 31.7630558013916
280.1 16.6612148284912
280.3 39.4741096496582
280.9 2.39169311523438
281.0 153.361633300781
283.9 15.7544240951538
285.0 811.373840332031
285.1 49.7131462097168
286.0 273.827850341797
286.8 70.5510940551758
287.1 30.1568088531494
287.9 52.1508369445801
288.0 124.913688659668
288.1 94.7628402709961
289.0 936.420471191406
289.7 48.7403106689453
290.1 333.637542724609
290.7 68.780158996582
290.9 72.9034042358398
291.1 131.287887573242
291.9 72.072883605957
292.1 37.611644744873
292.8 156.623001098633
293.0 815.907531738281
294.0 207.459671020508
294.9 383.994842529297
295.9 154.563583374023
296.0 13.6536798477173
296.8 51.5135650634766
296.9 205.266250610352
297.0 100.167823791504
297.6 16.9950428009033
298.7 37.3220138549805
298.9 110.146553039551
299.0 39.6169128417969
299.9 18.3196392059326
300.1 32.0937767028809
300.6 13.4377489089966
301.0 114.870048522949
301.9 46.4758911132813
302.1 76.0166473388672
302.3 40.8284606933594
302.9 14.8494110107422
303.0 134.396377563477
303.2 72.2634506225586
304.0 249.868545532227
304.2 536.890197753906
305.0 38.8196678161621
305.1 222.4609375
305.3 28.7802791595459
306.1 1430.7744140625
306.2 125.837989807129
306.8 131.465927124023
307.1 65.2150802612305
307.2 350.018768310547
308.0 57.4992828369141
308.1 15.798228263855
308.3 40.0592918395996
309.0 17.852596282959
309.2 14.2055387496948
310.9 56.3547286987305
311.1 85.6302261352539
312.0 32.9691123962402
312.1 29.9814548492432
313.0 13.0162887573242
313.1 19.983470916748
314.8 47.0134544372559
316.0 49.817211151123
316.1 52.1366920471191
317.1 579.594848632813
317.2 481.646820068359
318.1 312.528411865234
318.2 390.322906494141
319.2 3090.92895507813
319.8 25.0946426391602
320.1 731.419616699219
320.3 188.508239746094
321.0 154.822143554688
321.1 70.2463760375977
322.2 20.907751083374
325.0 18.1590194702148
327.1 23.65793800354
329.0 18.8862800598145
330.8 56.9925231933594
330.9 40.4211883544922
333.0 88.5147933959961
333.1 153.647018432617
334.1 364.429534912109
334.2 167.978103637695
335.2 14126.8134765625
336.1 114.773681640625
336.2 3181.376953125
337.0 52.5670623779297
337.1 287.115692138672
337.2 271.188232421875
338.0 20.3420562744141
338.1 49.8891410827637
342.1 28.4608745574951
344.9 52.1775207519531
344.9 49.327205657959
346.9 19.0458431243896
348.1 20.4239101409912
349.0 29.6138763427734
349.1 89.6861267089844
349.3 65.2557907104492
349.8 14.0647554397583
350.0 15.9519758224487
350.1 18.5961971282959
351.0 32.5650825500488
352.8 13.2794961929321
352.9 31.7593784332275
354.8 19.029333114624
363.0 16.5175228118896
366.7 14.1301641464233
366.9 78.8810729980469
367.2 37.3525466918945
370.7 19.0963954925537
371.0 14.2286787033081
371.1 15.5586891174316
387.1 15.0976762771606
401.0 17.5188846588135
459.3 13.8255586624146
