#"+EI Scan (rt: 2.492-2.556 min, 12 scans) R9M5.D  Subtract "
#Point,X(Thompsons),Y(Counts)
40.1 15.0374755859375
41.1 3901.52807617188
42.1 534.552856445313
42.2 32.3610343933105
43.0 68.0612182617188
43.1 660.417419433594
44.0 215.295837402344
45.0 167.865966796875
45.1 28.9397068023682
46.0 81.4696273803711
46.2 25.1572341918945
46.8 27.0798168182373
47.0 1413.73693847656
47.2 38.3968391418457
48.9 22.9224491119385
49.8 20.9581184387207
50.0 190.241348266602
50.9 41.0845413208008
51.0 240.764099121094
52.0 117.313468933105
52.1 84.855583190918
52.9 11.1940994262695
53.0 497.815612792969
53.9 18.1456527709961
54.1 180.937240600586
54.2 19.1717700958252
55.0 1059.96533203125
56.0 460.882232666016
57.1 4519.0908203125
58.0 151.597183227539
58.1 250.379776000977
59.0 2367.79296875
60.1 200.08805847168
60.8 41.1686973571777
60.9 58.5512886047363
61.1 62.1452255249023
62.1 120.611228942871
62.9 60.0581932067871
63.0 191.79719543457
63.2 10.9953460693359
63.9 81.6132202148438
64.1 99.7174224853516
64.9 47.9045791625977
65.0 132.256072998047
65.2 29.9127502441406
65.8 6.66341590881348
66.0 32.757381439209
66.1 98.8812484741211
67.0 10.779109954834
67.0 439.574188232422
68.0 163.39045715332
68.1 149.03239440918
68.2 44.976863861084
68.4 27.2170505523682
69.1 2824.73779296875
69.9 23.2123718261719
70.0 512.603271484375
70.2 172.127624511719
70.9 10.6318168640137
71.1 330.7177734375
71.3 21.9984741210938
71.7 13.7742624282837
72.0 26.8852005004883
73.0 1069.16552734375
73.9 52.8421592712402
74.0 216.266998291016
74.9 81.6019134521484
75.0 294.101379394531
76.0 678.501342773438
76.2 52.3599243164063
77.0 1891.51171875
78.0 736.66748046875
79.0 215.131134033203
79.8 19.2162036895752
79.9 20.3871154785156
81.0 405.261962890625
82.0 220.969589233398
82.1 136.861221313477
83.0 1186.56579589844
83.7 24.1168651580811
83.9 111.886795043945
84.0 267.584838867188
84.4 18.7754039764404
85.0 595.181762695313
85.9 72.7986831665039
86.0 198.071502685547
86.2 19.4230804443359
86.9 263.575408935547
87.1 157.854156494141
87.8 24.6854343414307
88.0 1472.69018554688
89.0 1131.32690429688
90.0 1913.373046875
90.1 311.566436767578
91.0 781.434814453125
92.0 162.842193603516
93.0 21.9678382873535
93.9 8.68874454498291
94.8 2.86047744750977
95.0 153.711715698242
95.9 18.2595825195313
96.4 17.7628993988037
96.8 47.808479309082
96.9 41.2533264160156
97.1 107.7978515625
97.9 58.172477722168
98.0 119.739837646484
98.1 6.0624828338623
98.8 44.8973274230957
99.0 192.573532104492
99.1 135.068481445313
100.1 28.0701236724854
100.8 23.6063327789307
101.1 183.985580444336
101.2 22.0402450561523
101.9 303.445251464844
102.1 1177.84289550781
103.0 4669.640625
103.8 25.9177284240723
104.0 863.841552734375
104.1 274.87646484375
104.9 143.776885986328
105.0 98.9153594970703
105.8 22.6207733154297
105.9 35.0736503601074
106.7 68.2758483886719
107.2 16.3718280792236
108.0 101.467346191406
109.0 448.545166015625
110.1 222.543960571289
111.0 203.125457763672
111.1 38.327075958252
111.8 22.1113338470459
111.9 88.6088562011719
112.1 144.363388061523
112.8 34.8530616760254
113.2 59.4361305236816
113.4 40.1089515686035
113.6 17.7746658325195
113.8 87.9861145019531
114.0 320.987487792969
114.1 48.1665458679199
115.0 339.260986328125
115.1 145.87370300293
115.9 124.61156463623
116.0 296.836639404297
116.2 15.4171342849731
116.4 14.600682258606
117.0 1434.30981445313
117.9 228.894714355469
118.0 559.49462890625
118.9 87.8317260742188
119.0 137.582733154297
119.8 29.7902164459229
120.0 68.0407943725586
120.1 49.1208000183105
120.3 29.1971817016602
120.9 218.607955932617
121.1 26.466157913208
122.0 52.0235443115234
122.2 21.3917407989502
122.8 93.4418869018555
123.8 4.41783142089844
124.0 7.14215469360352
124.7 10.2908964157104
125.0 128.131820678711
125.8 16.3655891418457
126.0 50.5190811157227
126.2 15.0141477584839
126.9 65.3348159790039
127.1 36.2069931030273
127.9 34.0075721740723
128.0 442.580505371094
129.0 916.937194824219
129.1 1440.44909667969
130.0 1967.56860351563
130.2 28.9913520812988
131.0 9144.6875
131.9 91.3191223144531
132.0 1097.21728515625
133.0 553.821960449219
134.0 129.718673706055
135.0 384.409698486328
136.0 15.6037445068359
136.1 70.486442565918
137.0 2254.4921875
138.0 251.02946472168
138.8 18.6983070373535
139.0 201.106399536133
140.1 69.400634765625
140.9 242.921966552734
141.0 83.8584976196289
142.0 285.701263427734
142.9 216.831451416016
143.0 533.620422363281
143.8 44.1904792785645
143.9 371.779937744141
144.0 782.035400390625
144.1 149.714645385742
145.0 12473.7900390625
145.9 55.6601867675781
146.0 1144.88354492188
146.1 18.9450035095215
146.8 59.0930976867676
146.9 77.3003692626953
147.1 87.5086822509766
148.2 34.2825508117676
148.8 21.3640823364258
148.9 176.300857543945
149.7 36.3368682861328
150.9 284.500061035156
151.9 118.492553710938
152.9 82.6111450195313
153.7 16.1974277496338
153.9 131.729217529297
154.0 111.257766723633
155.0 507.39697265625
155.9 58.7819061279297
156.1 353.658813476563
156.9 179.906356811523
157.0 502.126770019531
157.9 32.906623840332
158.0 690.124816894531
159.0 1114.37548828125
160.0 305.659698486328
160.9 228.416564941406
162.0 36.2085723876953
162.8 73.5885391235352
162.9 127.650970458984
163.8 39.7964401245117
164.7 26.1229934692383
164.8 34.6911239624023
165.0 131.757446289063
165.9 28.7781925201416
167.0 155.258941650391
167.1 40.1571731567383
167.7 40.5587425231934
168.0 190.343017578125
168.2 40.2187347412109
168.9 281.822906494141
169.0 245.303451538086
169.9 27.1327381134033
170.0 371.007934570313
170.2 18.4105205535889
171.0 3472.67651367188
171.8 19.2728614807129
172.0 537.344177246094
172.2 29.4823474884033
172.9 56.3544387817383
173.0 75.156364440918
173.1 104.029571533203
173.9 113.238670349121
174.0 229.856201171875
174.8 28.6286315917969
175.0 47.6471786499023
175.9 46.7550888061523
176.9 48.4800605773926
177.0 1117.03601074219
177.8 8.15797519683838
178.0 156.03466796875
178.1 55.6662254333496
178.9 54.5030364990234
179.0 6.7586669921875
179.8 13.8874473571777
181.8 69.614631652832
181.9 35.4177169799805
182.1 16.694803237915
182.7 43.5888557434082
182.8 80.0869903564453
183.0 37.4927139282227
183.2 16.7546672821045
183.7 21.3353443145752
184.0 117.297912597656
184.2 42.2948875427246
185.0 640.621276855469
185.1 605.486389160156
186.0 354.651916503906
186.1 211.976181030273
186.9 31.1714973449707
187.0 199.794769287109
187.9 8.77404308319092
188.8 17.318244934082
189.0 108.811500549316
189.0 31.7931213378906
190.0 60.134765625
190.8 198.068374633789
192.1 18.8040504455566
192.9 62.2354736328125
193.0 178.258422851563
193.8 19.0886268615723
194.1 7.6258487701416
195.0 135.260192871094
195.9 95.6317825317383
197.0 29.9074363708496
197.7 29.1041851043701
197.8 21.5288887023926
198.0 15.9466857910156
198.1 67.5828704833984
198.9 105.861328125
199.1 114.839370727539
199.8 71.2970581054688
200.0 47.9526672363281
200.9 357.458770751953
201.0 596.893249511719
201.9 76.6784133911133
202.0 36.0878791809082
202.1 6.67961454391479
202.6 22.7626438140869
202.7 112.575149536133
203.0 239.600540161133
203.8 8.77794742584229
204.0 14.717960357666
205.0 88.8128051757813
205.2 14.9344320297241
205.8 52.3772621154785
206.0 70.9578018188477
206.1 7.61874771118164
206.3 18.2146835327148
207.0 124.36612701416
208.0 224.022338867188
209.0 23.8343505859375
209.9 40.5401344299316
210.1 6.47594451904297
211.0 849.305725097656
212.1 290.006103515625
213.0 475.772888183594
213.1 2048.55444335938
214.0 818.18994140625
215.0 1461.576171875
215.9 973.7900390625
217.0 332.998779296875
217.7 53.0229682922363
217.8 3.97513580322266
218.0 7.60762786865234
218.1 72.8363571166992
218.9 388.273010253906
220.0 186.401062011719
220.8 295.977233886719
221.9 13.2890720367432
223.0 94.2340087890625
224.0 61.9828643798828
225.1 100.884346008301
226.0 274.565338134766
226.2 65.5771179199219
226.7 39.4177513122559
226.9 15.4422836303711
227.1 201.57258605957
227.8 52.2843360900879
228.0 72.7023086547852
228.9 55.4564361572266
229.0 124.889770507813
229.2 28.1470775604248
230.0 166.335266113281
230.3 27.5905075073242
231.1 680.855163574219
231.7 16.6496715545654
232.0 207.55339050293
232.1 166.554580688477
233.1 26061.806640625
234.1 4711.78564453125
235.0 629.100524902344
236.0 50.7438621520996
236.1 15.0737533569336
237.0 972.5390625
237.9 114.021667480469
238.1 183.041763305664
238.7 28.3099689483643
239.0 400.251312255859
239.8 71.408332824707
240.1 15.6495065689087
241.0 145.712875366211
241.7 9.09421730041504
241.9 21.9999389648438
242.1 205.82177734375
242.2 29.9029407501221
242.6 19.6448154449463
242.9 55.452709197998
243.0 193.520599365234
243.7 21.1573696136475
244.0 82.3013763427734
244.8 47.3412208557129
244.9 42.886474609375
245.0 80.6183700561523
245.2 20.6269969940186
246.1 2806.07543945313
247.0 50.5041923522949
247.1 179.325149536133
247.1 256.905212402344
248.0 76.8867111206055
248.3 23.0419826507568
248.8 2.89671325683594
249.1 16.9886245727539
249.9 17.1122035980225
250.2 29.8279476165771
250.4 18.26051902771
251.0 51.9711456298828
252.9 275.812225341797
253.8 19.370813369751
254.0 56.3491897583008
254.7 9.10611057281494
254.9 31.3290748596191
256.6 57.527759552002
256.8 4.2917652130127
256.9 59.6643409729004
257.1 24.1905193328857
258.1 16.5186100006104
258.2 18.5185794830322
258.9 30.9949989318848
259.0 68.7625045776367
259.8 42.1233329772949
259.9 20.7900333404541
261.0 85.0639877319336
262.0 108.499839782715
262.2 137.952850341797
262.9 33.394344329834
265.0 37.7375183105469
265.2 17.5381450653076
266.7 13.6583938598633
266.9 1.77265167236328
267.0 11.2236061096191
268.0 15.5062255859375
268.8 37.7343063354492
269.0 250.889358520508
269.1 346.374633789063
269.8 14.3529405593872
270.0 144.20426940918
270.9 242.115264892578
271.8 16.8182182312012
272.0 43.2680892944336
272.9 118.208000183105
273.8 2.89454078674316
274.0 10.5804328918457
274.9 35.2811889648438
275.0 261.821594238281
275.9 83.4558944702148
276.9 163.289443969727
277.7 49.3212585449219
277.9 136.534378051758
278.0 42.321949005127
278.8 53.129150390625
279.0 71.5665740966797
280.9 21.3843231201172
281.0 9.2537841796875
282.8 58.2726860046387
285.0 13.6892471313477
285.0 144.51335144043
286.0 136.71240234375
286.1 98.2980499267578
286.2 24.3709506988525
286.7 3.69888591766357
286.9 2.61830902099609
287.1 77.2404861450195
287.8 14.3576812744141
288.0 61.8260879516602
289.1 4533.36083984375
290.0 403.389404296875
290.1 275.818664550781
290.9 116.86205291748
291.1 95.6027984619141
291.8 37.9652404785156
293.0 459.036865234375
293.9 123.735069274902
294.9 84.2414855957031
295.0 61.1275177001953
295.8 27.8818759918213
296.9 132.309692382813
297.0 8.04677200317383
297.7 15.556077003479
297.9 56.5832290649414
298.1 17.4688816070557
298.9 21.1878318786621
299.1 37.0865631103516
300.0 27.9235134124756
300.7 2.94648265838623
300.9 34.0969314575195
301.2 231.552597045898
301.9 40.6294250488281
302.0 262.183807373047
302.2 95.791145324707
302.9 23.4910411834717
303.0 46.999080657959
303.2 165.493087768555
303.9 56.0924224853516
306.7 8.71574211120605
307.0 0.928245544433594
307.1 20.5773544311523
310.8 0.859048843383789
311.0 87.4033432006836
312.9 19.1443481445313
316.0 58.1400337219238
317.1 35.775577545166
318.2 4309.17626953125
319.1 223.0400390625
319.2 638.818054199219
319.9 31.6195774078369
320.0 200.53498840332
320.1 63.6280403137207
320.3 39.4563407897949
321.1 6891.06689453125
322.0 67.397087097168
322.2 1403.64416503906
322.9 123.830131530762
323.1 96.4264450073242
323.2 24.4096813201904
323.4 19.8240489959717
324.0 10.2379035949707
324.9 14.2310724258423
329.8 20.1913166046143
330.1 135.949691772461
330.2 23.3164081573486
330.8 17.5575389862061
330.9 13.655707359314
331.1 19.8038806915283
333.0 13.7401552200317
333.8 14.0752801895142
334.1 20.8077030181885
334.3 21.0682830810547
342.1 21.5820980072021
345.1 14.6614418029785
346.1 14.1906661987305
347.2 14.7875366210938
348.8 31.7293910980225
348.9 10.786958694458
349.9 23.7708358764648
350.8 16.1431980133057
351.0 24.7270164489746
352.8 31.738109588623
353.1 2.34273815155029
361.1 15.4057016372681
361.9 16.1091556549072
362.0 86.3750381469727
362.2 88.2945556640625
362.4 36.3422431945801
363.1 14.1573600769043
366.8 16.2231578826904
367.1 8.53658103942871
367.9 27.3289794921875
377.0 42.9172248840332
377.1 249.556594848633
377.3 206.407699584961
378.0 32.6022987365723
378.2 67.8096542358398
400.9 8.51601409912109
423.0 20.4267253875732
