#"+EI Scan (rt: 2.498-2.562 min, 12 scans) R7M5.D  Subtract "
#Point,X(Thompsons),Y(Counts)
40.1 154.039108276367
41.1 4803.83349609375
41.8 37.0645294189453
42.0 312.03515625
42.1 118.417259216309
43.1 1244.16906738281
44.1 142.401748657227
44.9 106.67520904541
45.0 190.873748779297
46.0 105.286033630371
47.0 1889.14208984375
48.0 23.7075119018555
48.9 29.8919773101807
49.0 62.6521644592285
49.8 12.7101287841797
50.0 56.0853729248047
50.1 58.9504890441895
51.0 738.573669433594
51.7 18.1867809295654
52.0 166.006790161133
53.0 562.870666503906
53.1 229.643615722656
54.0 83.5476837158203
54.1 109.094299316406
54.9 68.8125076293945
55.0 924.958618164063
56.0 264.109069824219
56.1 363.39404296875
57.1 5729.44189453125
58.1 335.369476318359
59.0 943.60546875
60.0 206.702270507813
60.9 75.1951217651367
61.1 166.035247802734
62.0 268.125793457031
62.1 155.759140014648
62.9 265.438995361328
63.0 3.77294921875
63.9 260.671600341797
64.1 153.643707275391
64.8 21.915491104126
64.9 86.6297912597656
65.0 322.246185302734
65.9 104.793853759766
66.8 25.041711807251
67.0 667.89013671875
67.1 81.5333633422852
68.0 284.635467529297
68.1 106.294975280762
68.2 87.1415023803711
69.1 3117.494140625
70.1 982.949401855469
70.2 31.5155010223389
71.0 172.525299072266
71.2 46.2022132873535
72.2 0.671104431152344
72.3 29.0875682830811
73.1 1178.80615234375
73.9 207.512512207031
74.1 45.5750999450684
74.9 143.738189697266
75.1 442.810760498047
76.0 559.06494140625
76.2 42.1943550109863
77.0 2100.8291015625
78.0 1463.375
79.0 438.958984375
80.0 7.2113037109375
80.1 101.974761962891
81.0 208.552978515625
82.0 392.267028808594
82.2 42.7274360656738
83.0 1187.49389648438
83.9 322.982116699219
84.1 94.6496124267578
85.1 420.955596923828
85.9 14.5317049026489
86.0 306.551391601563
86.1 142.468231201172
86.8 43.3735504150391
86.9 69.074836730957
87.0 123.286529541016
87.8 47.169849395752
87.9 76.0502700805664
88.0 1778.41357421875
89.0 1627.05297851563
90.0 2693.89306640625
91.1 399.700164794922
91.8 72.6906814575195
92.0 110.940147399902
92.1 38.5060157775879
92.2 36.130126953125
92.8 118.558036804199
93.1 109.723274230957
93.8 16.8496189117432
94.0 42.3743019104004
94.8 41.3844947814941
95.0 481.981353759766
96.0 240.111526489258
96.9 88.745979309082
97.0 297.330749511719
97.8 46.0070343017578
98.0 102.857208251953
98.8 23.2009334564209
99.0 103.835693359375
99.1 215.609146118164
99.9 48.1740264892578
100.2 54.4208717346191
100.9 32.2469367980957
101.0 301.371765136719
101.1 81.173469543457
102.0 1865.03723144531
103.0 5379.58251953125
104.0 701.158264160156
104.1 998.330383300781
104.8 35.6675338745117
105.0 224.455413818359
105.9 63.5626640319824
106.0 14.6912307739258
106.2 47.6693305969238
106.6 18.28049659729
106.7 100.300132751465
107.1 84.9601516723633
107.2 51.7440185546875
107.8 85.7275085449219
108.1 54.2843780517578
109.9 67.9406661987305
110.9 142.184066772461
111.0 47.2745056152344
111.8 111.617347717285
111.9 26.7494049072266
112.1 46.0894927978516
112.9 3.41281127929688
113.0 13.6959533691406
113.1 124.061317443848
113.7 92.5055541992188
113.8 24.6967182159424
114.0 247.947463989258
114.9 385.431121826172
115.2 70.3492202758789
115.9 287.676055908203
116.1 378.368194580078
116.9 635.294250488281
117.0 1049.9052734375
117.9 404.508392333984
118.0 470.483978271484
119.0 469.89453125
119.2 24.7658786773682
119.7 27.1916446685791
119.8 48.5455436706543
120.1 112.059730529785
120.7 34.9682655334473
120.9 202.727920532227
121.0 16.5512237548828
121.2 15.2201566696167
121.7 45.9947319030762
121.9 43.9031677246094
122.7 23.7345428466797
122.8 85.4146118164063
123.8 45.0184936523438
124.0 64.6577835083008
124.8 41.0480308532715
125.8 46.6304130554199
126.0 70.3760604858398
126.8 106.019500732422
127.0 123.099243164063
127.2 23.6265621185303
127.9 245.888534545898
128.1 221.85856628418
129.0 2821.32690429688
130.0 2187.10131835938
131.1 12051.875
131.9 156.966598510742
132.0 1296.98742675781
133.0 301.814483642578
133.1 196.170547485352
133.8 80.9751892089844
135.0 757.695983886719
135.6 24.6582622528076
135.7 29.8907928466797
135.8 37.113697052002
136.1 153.84440612793
136.2 148.702774047852
137.0 2009.078125
139.0 45.713134765625
139.1 227.600845336914
140.0 63.8337707519531
140.1 28.0602130889893
140.9 28.9281005859375
141.7 31.042818069458
142.0 154.499145507813
142.1 111.176208496094
143.1 988.2060546875
144.0 688.810302734375
144.1 1162.95715332031
145.0 15936.296875
146.0 1851.05627441406
146.7 17.5392894744873
146.9 163.165817260742
147.9 18.5287113189697
148.1 19.0259208679199
148.8 126.72550201416
149.7 19.6507205963135
151.0 742.175231933594
151.8 33.5756721496582
152.1 84.9404754638672
152.9 166.429550170898
154.0 176.598571777344
155.0 962.625
155.8 57.2838592529297
155.9 100.161140441895
156.0 387.181854248047
157.0 1500.45617675781
157.8 31.6874561309814
158.0 750.457885742188
158.1 119.360160827637
159.0 557.904296875
161.0 179.216461181641
161.9 35.5697441101074
162.1 88.2730178833008
162.8 421.968902587891
164.0 111.282348632813
165.0 189.896377563477
165.1 30.3964004516602
165.8 18.2572650909424
166.8 227.688919067383
166.9 40.8206176757813
167.1 68.914794921875
167.5 13.659743309021
167.8 52.1881217956543
168.0 4.40469360351563
168.1 125.05216217041
168.8 154.01171875
169.0 336.530731201172
170.0 465.154876708984
170.1 54.5753135681152
171.1 4735.21142578125
172.0 768.56982421875
172.1 70.0161514282227
172.7 13.0286703109741
172.8 32.5036354064941
172.9 212.985336303711
173.1 153.359146118164
173.2 16.0901527404785
173.9 104.027946472168
174.0 264.970916748047
174.1 110.961669921875
174.7 69.8046569824219
174.9 47.3086738586426
175.1 82.1124038696289
175.8 37.1793899536133
175.9 41.6626243591309
176.0 49.9424438476563
177.0 1626.82971191406
177.8 61.7827033996582
178.0 142.442169189453
178.1 90.7396850585938
179.0 78.7531051635742
179.1 18.4926338195801
180.7 56.8330345153809
181.0 208.862487792969
181.9 80.7500991821289
182.1 59.7437934875488
182.8 17.493839263916
183.0 69.6066284179688
183.2 37.0023040771484
183.9 32.2560882568359
184.0 145.702209472656
184.9 332.286224365234
185.0 1357.57653808594
185.9 108.167808532715
186.0 243.602844238281
186.1 225.521743774414
187.0 441.805938720703
187.8 14.4764938354492
188.0 70.275520324707
188.8 29.3022766113281
189.0 94.4697952270508
189.1 86.7931823730469
189.9 13.2887878417969
191.0 318.263519287109
191.9 158.10417175293
192.0 100.995849609375
192.8 196.408950805664
193.7 18.948751449585
194.0 87.9380874633789
194.2 14.1928262710571
195.0 401.284027099609
195.9 141.548400878906
196.9 83.0413818359375
197.7 21.8224277496338
197.9 22.751220703125
198.1 22.5328216552734
198.9 424.493530273438
200.0 182.7119140625
200.8 93.0358352661133
200.9 24.4215698242188
201.0 1041.47961425781
201.9 157.457077026367
202.0 162.622283935547
202.2 27.9125576019287
202.8 113.64665222168
203.1 34.9659957885742
203.8 25.9259090423584
204.0 51.3527946472168
204.9 174.983016967773
205.0 87.4487915039063
205.9 70.8046875
206.1 70.8830184936523
206.2 30.1999130249023
207.0 231.764236450195
207.8 75.9746017456055
208.8 74.2608871459961
209.1 246.610885620117
209.9 126.043548583984
210.1 40.9563255310059
211.0 65.5390625
212.1 532.661865234375
213.1 3287.50537109375
214.1 963.067993164063
215.0 323.8115234375
216.0 754.32568359375
217.0 238.934204101563
217.7 22.8097686767578
217.8 54.0238647460938
217.9 115.57349395752
218.1 29.2988796234131
219.8 396.862396240234
220.6 45.3568229675293
220.8 45.8739929199219
220.9 35.53271484375
221.9 82.5323715209961
222.7 109.01261138916
223.1 42.7647552490234
223.7 64.6006088256836
223.9 52.6745872497559
224.1 27.0813274383545
225.0 142.353317260742
225.8 20.2178211212158
225.9 167.985153198242
226.1 114.788330078125
226.7 27.8393936157227
227.0 187.412902832031
227.7 16.9579982757568
228.1 107.194984436035
228.9 51.6134910583496
228.9 337.277984619141
229.9 151.501571655273
230.1 4.23832702636719
230.9 54.5931777954102
231.0 388.715057373047
231.1 199.849487304688
231.8 43.0022239685059
232.1 338.366546630859
233.1 33139.0078125
234.1 5688.7919921875
235.0 1018.75421142578
236.0 39.8502502441406
237.0 378.88623046875
237.9 119.877990722656
239.0 477.166107177734
239.8 24.8678455352783
239.9 130.896560668945
240.1 56.7023582458496
240.9 436.696197509766
241.9 70.9876098632813
242.0 21.4383239746094
242.1 13.4172868728638
242.8 88.5891647338867
243.1 188.621932983398
244.0 60.7560691833496
244.2 34.8793296813965
244.4 18.1941261291504
245.0 178.065628051758
245.2 21.6546878814697
246.0 143.428512573242
246.1 3639.41723632813
246.9 65.5657806396484
247.0 671.847778320313
247.2 79.9930648803711
248.0 31.6016540527344
248.9 87.9075088500977
249.1 83.1325607299805
250.9 66.6223678588867
251.8 34.6327171325684
253.1 80.0383453369141
253.8 14.2108850479126
254.9 157.557205200195
255.9 15.8279418945313
256.7 32.6772308349609
256.8 83.4565811157227
257.8 16.2934665679932
258.0 49.061351776123
258.3 13.4597520828247
258.9 57.1293334960938
259.0 14.226487159729
260.1 69.4276657104492
260.6 13.7785425186157
261.0 138.918701171875
261.2 23.5611972808838
261.8 16.3164043426514
261.9 23.5924892425537
262.0 172.016525268555
262.2 68.1336898803711
262.7 24.5294857025146
263.0 18.7281360626221
264.9 65.9594192504883
265.0 17.2168941497803
266.8 12.5323133468628
266.9 58.4934387207031
267.1 32.0757789611816
269.0 882.71728515625
269.7 13.5812845230103
269.9 32.499439239502
270.0 59.393482208252
270.2 29.86008644104
270.6 35.3354530334473
270.9 52.9728546142578
271.0 234.227905273438
271.7 14.0422277450562
271.9 77.1487045288086
272.0 32.3970909118652
272.8 77.3950576782227
273.1 145.484878540039
273.6 16.5407600402832
273.9 103.0302734375
274.8 38.3100433349609
275.0 520.64453125
275.7 20.5440692901611
275.9 42.9431228637695
276.1 24.5377368927002
276.7 95.2982559204102
277.0 47.5590667724609
277.9 70.0644073486328
278.1 191.856140136719
278.7 22.0735454559326
278.8 147.460708618164
279.0 94.7647018432617
279.7 13.2986326217651
279.9 14.7686834335327
281.0 206.62060546875
281.8 35.5711708068848
282.0 82.7937545776367
282.7 17.5299110412598
282.9 51.0651741027832
284.1 12.9422159194946
285.0 290.809265136719
286.0 228.254379272461
286.1 132.263290405273
286.7 24.6529331207275
287.0 158.120590209961
287.2 16.7032947540283
288.0 17.0480117797852
289.1 4638.2685546875
290.0 286.719207763672
290.1 709.437927246094
291.0 171.399353027344
291.1 45.72021484375
292.0 82.9729385375977
293.0 920.599853515625
293.8 74.2964859008789
293.9 555.071411132813
294.7 111.597145080566
295.1 70.7790451049805
296.7 33.3156280517578
296.8 76.9981384277344
297.9 37.6961097717285
298.0 125.331871032715
298.1 41.1525421142578
298.8 37.0710334777832
299.1 135.174697875977
299.6 25.5051345825195
299.9 20.3601322174072
300.0 29.135705947876
300.3 13.0391492843628
300.8 65.2376098632813
301.1 246.776657104492
301.3 32.9675331115723
301.7 19.2929706573486
301.9 57.1789894104004
302.1 276.841339111328
302.2 124.685852050781
302.8 75.4824295043945
303.0 151.081481933594
303.2 240.658737182617
303.9 22.0623302459717
305.0 59.1850433349609
305.8 12.6167078018188
306.7 20.4090595245361
306.9 58.7861633300781
307.2 18.1896686553955
308.8 13.8727569580078
311.0 82.5333557128906
314.7 12.5629434585571
314.9 56.9696083068848
315.0 67.0610733032227
315.9 18.6365070343018
316.1 82.7314529418945
316.3 12.9627122879028
318.2 5253.28662109375
319.2 730.222351074219
319.2 527.826538085938
319.9 16.6698131561279
320.0 124.827445983887
320.1 383.107086181641
321.1 9146.779296875
322.1 1020.11108398438
322.1 897.625183105469
323.0 127.284172058105
323.2 57.0375862121582
324.0 46.7713165283203
325.0 13.6660737991333
327.1 13.0318574905396
327.9 14.8324394226074
329.0 13.945351600647
330.1 272.907989501953
330.2 68.7519836425781
330.8 85.8476486206055
331.0 81.3069458007813
331.2 13.7727994918823
332.7 29.82763671875
333.0 21.34055519104
333.8 13.4432258605957
334.0 51.2126312255859
334.1 39.548942565918
334.2 50.2365760803223
334.9 14.6393995285034
335.1 33.0303611755371
336.8 38.1855049133301
345.0 38.187671661377
346.1 19.0111064910889
348.9 82.2019348144531
349.0 38.4170570373535
349.8 33.1987724304199
351.2 15.9390878677368
351.9 17.1931285858154
352.7 28.3684101104736
352.8 27.2069244384766
353.0 17.7208919525146
354.6 13.9477272033691
357.0 33.481632232666
359.1 17.2171535491943
359.2 50.8099174499512
362.0 86.2250442504883
362.2 255.122299194336
363.0 26.3907070159912
363.2 31.7335605621338
366.9 54.8476676940918
370.6 13.7008581161499
371.0 13.8820571899414
377.0 39.415943145752
377.2 543.633361816406
377.4 19.5699577331543
378.1 86.5458755493164
378.2 31.2784175872803
379.0 13.0244779586792
401.1 14.2954750061035
