#"+EI Scan (rt: 2.492-2.556 min, 12 scans) R10M5.D  Subtract "
#Point,X(Thompsons),Y(Counts)
40.1 311.122283935547
41.0 3525.2470703125
42.0 351.06298828125
42.1 207.474502563477
43.1 613.260803222656
44.0 325.449340820313
44.9 201.240844726563
45.1 11.9933166503906
45.9 34.1380271911621
47.0 1259.26831054688
48.1 16.1370239257813
48.8 21.1475505828857
49.0 48.92626953125
49.9 160.477111816406
50.1 58.8866004943848
50.9 528.600280761719
51.9 33.9352378845215
52.1 86.3319625854492
52.2 51.8837852478027
53.0 269.514953613281
53.1 158.050018310547
53.9 15.8714227676392
54.1 188.928161621094
55.0 201.91438293457
55.1 859.649963378906
55.9 128.005935668945
56.1 408.372192382813
57.1 3920.80151367188
58.0 264.862762451172
59.0 1836.9072265625
59.9 86.7459259033203
60.1 94.7121429443359
60.7 16.399206161499
60.9 132.675262451172
61.0 141.799377441406
61.9 135.696304321289
62.0 7.89797973632813
63.0 361.135009765625
63.8 77.3982162475586
64.0 221.401016235352
64.2 15.3966512680054
65.0 73.2006759643555
65.1 70.2392044067383
65.9 47.6550178527832
66.1 54.9886283874512
66.8 68.41748046875
67.0 39.1443481445313
67.2 133.88037109375
68.0 104.577857971191
68.1 154.106857299805
68.2 140.235488891602
68.3 32.3535194396973
69.1 2050.89868164063
69.9 92.4091110229492
70.0 432.590209960938
70.7 21.0758743286133
70.9 34.9606513977051
71.1 143.101257324219
71.9 53.9932556152344
72.0 28.9079875946045
72.2 18.1189956665039
73.0 1140.85546875
73.9 236.75016784668
75.0 193.915954589844
75.1 73.0239486694336
76.0 280.554046630859
76.1 416.361877441406
77.0 2046.10546875
79.0 712.393493652344
79.9 182.882827758789
81.0 219.822509765625
82.0 459.254547119141
83.0 1315.37329101563
84.0 215.206161499023
84.1 153.086395263672
85.0 410.744323730469
86.0 201.911727905273
86.2 24.5197677612305
86.6 17.470064163208
86.9 49.1649169921875
87.0 194.941329956055
87.1 219.324996948242
87.6 18.786169052124
87.9 691.328735351563
88.1 582.044799804688
88.9 27.2149963378906
89.0 1142.5712890625
90.0 2043.4619140625
91.1 470.463134765625
91.9 42.9747505187988
92.0 97.3797607421875
93.0 80.4665145874023
93.1 58.2101020812988
93.9 83.4539413452148
94.1 27.7753219604492
94.8 29.5783214569092
95.0 26.1064777374268
95.3 22.1313037872314
95.7 14.5788307189941
96.0 105.905982971191
96.1 90.54833984375
96.9 276.008880615234
98.0 132.573364257813
98.1 85.5061874389648
99.0 121.557823181152
99.1 110.993003845215
99.2 47.6101188659668
99.8 33.0237846374512
100.0 78.7265243530273
100.1 15.9663190841675
100.7 24.4683475494385
100.9 44.6572875976563
101.0 152.586868286133
101.1 82.2447814941406
101.2 18.7686328887939
101.9 309.784606933594
102.0 1180.02062988281
103.0 3987.6943359375
103.9 231.682006835938
104.0 952.430541992188
104.9 197.122909545898
105.0 124.004356384277
105.8 13.9228925704956
106.0 108.16918182373
106.8 92.5869522094727
107.0 46.9406280517578
107.1 27.6540622711182
108.1 114.531066894531
109.0 561.616455078125
110.1 84.3081359863281
110.7 14.10205078125
110.9 307.429168701172
111.9 107.513511657715
112.1 198.751525878906
112.7 23.7943859100342
112.9 102.687690734863
113.2 50.4102821350098
113.7 25.0228366851807
114.0 279.021362304688
114.8 47.8881950378418
115.0 203.628112792969
115.8 68.0812454223633
116.0 514.106994628906
116.1 95.775146484375
117.0 834.775329589844
117.0 8.8544921875
118.0 634.318786621094
119.0 265.184600830078
119.2 15.9689378738403
119.9 42.3697700500488
120.1 83.0228958129883
120.7 22.0518569946289
120.9 44.1029853820801
121.0 86.17822265625
121.2 73.0474166870117
121.7 18.4462299346924
121.9 16.9996395111084
122.1 14.9315042495728
122.8 126.558158874512
123.8 16.5119571685791
124.0 43.8025665283203
124.6 18.8067035675049
124.8 55.5686111450195
125.1 20.8703956604004
125.8 36.1255378723145
126.0 30.5668087005615
126.7 43.720630645752
126.9 61.0642395019531
127.1 23.3400974273682
127.2 12.8721227645874
128.0 324.442504882813
128.1 93.7645263671875
128.9 162.416397094727
129.0 1609.71264648438
130.0 2054.337890625
131.0 9366.5810546875
132.0 501.061920166016
132.1 495.495788574219
132.9 352.364196777344
133.1 147.663391113281
133.8 47.0126762390137
134.1 39.6589050292969
134.9 298.148254394531
135.1 79.0620651245117
135.7 53.7434043884277
136.0 206.667190551758
136.1 55.4581604003906
137.0 2805.67578125
138.9 334.997741699219
139.0 165.365097045898
139.8 59.7406806945801
139.8 16.7798385620117
140.0 142.594985961914
140.8 100.567504882813
141.1 93.185546875
141.8 22.1032047271729
141.9 72.2965087890625
142.0 181.910568237305
142.2 12.5809783935547
142.8 16.9521617889404
143.0 5.383544921875
143.1 527.95703125
143.9 29.4345245361328
144.1 1185.41394042969
145.0 11456.173828125
146.0 1239.50134277344
146.1 89.9388656616211
146.3 20.4949207305908
146.8 0.778030395507813
147.0 127.711952209473
147.9 91.4129028320313
148.0 41.0176887512207
148.9 170.26611328125
149.1 71.3491516113281
149.7 15.51429271698
150.2 15.7642860412598
150.9 191.115051269531
151.7 44.8989448547363
151.9 23.8626918792725
152.0 57.6655883789063
152.1 63.7609825134277
152.9 213.908981323242
153.8 45.0495910644531
154.0 43.2878570556641
154.1 22.6403961181641
155.0 15.948974609375
156.1 561.212585449219
157.0 907.272155761719
157.1 72.5799026489258
158.0 717.424377441406
158.1 95.0241088867188
159.0 411.16064453125
160.0 219.204132080078
161.0 402.234375
161.1 83.5043106079102
161.8 18.0795421600342
162.1 38.1987037658691
162.9 839.070129394531
164.8 101.658103942871
165.8 20.391529083252
166.1 20.6135768890381
166.8 183.578109741211
167.0 103.79207611084
167.8 14.7726049423218
168.0 225.885787963867
168.7 24.0785369873047
169.0 251.690856933594
169.1 18.224494934082
170.0 111.466186523438
170.1 252.681350708008
171.0 3510.33544921875
171.8 59.9354553222656
172.0 261.488708496094
172.1 232.703109741211
172.2 43.4656524658203
172.8 125.578254699707
173.0 117.102348327637
173.9 214.54963684082
174.1 128.927474975586
174.7 12.7045030593872
174.9 35.6103706359863
175.0 52.8110237121582
175.9 49.6406135559082
176.1 20.2593727111816
176.3 13.1836462020874
177.0 983.88232421875
177.7 16.9775638580322
178.0 142.99040222168
178.1 27.2638187408447
178.8 15.7124509811401
180.0 17.9737949371338
180.2 20.0746784210205
180.8 57.9458312988281
180.9 268.104095458984
181.9 48.6633453369141
182.0 159.561813354492
182.2 72.7690811157227
182.5 17.7050838470459
182.7 50.518009185791
182.9 9.51934051513672
183.0 147.313568115234
183.2 14.891489982605
183.6 20.4049816131592
183.8 55.6314888000488
184.9 118.521087646484
185.0 1007.69573974609
185.9 237.979629516602
186.1 330.259246826172
187.0 301.45556640625
187.1 183.332275390625
188.1 101.068824768066
188.2 28.2516536712646
188.8 56.2658882141113
189.0 235.013549804688
189.8 22.7295551300049
189.9 64.1213836669922
190.0 27.750732421875
190.8 34.483715057373
191.0 77.2113647460938
191.8 42.5601387023926
192.1 20.8797626495361
192.7 82.0846252441406
193.0 255.200805664063
193.7 37.1762504577637
193.8 15.0061645507813
194.0 63.7019195556641
194.9 387.542358398438
196.1 69.7384414672852
196.8 351.432098388672
197.1 71.1959609985352
198.0 173.337951660156
198.1 20.1108703613281
198.9 248.828979492188
199.8 60.8065757751465
200.0 86.0362243652344
200.9 1610.33239746094
201.7 17.0562038421631
201.8 18.17112159729
201.9 318.642333984375
202.0 17.8691482543945
202.2 16.8016586303711
203.0 96.4058456420898
203.8 41.0689811706543
203.9 14.8893060684204
204.2 21.8075790405273
204.7 12.5646553039551
204.8 0.450416564941406
204.9 92.57373046875
205.0 15.418309211731
205.9 56.5382194519043
206.0 125.496795654297
206.8 95.2161865234375
207.9 91.9968795776367
208.1 172.671585083008
208.9 119.840431213379
209.0 60.5364379882813
209.9 100.493034362793
210.1 27.4634571075439
211.0 657.819213867188
212.0 354.543670654297
212.9 83.8337020874023
213.1 2350.50439453125
214.0 517.237670898438
214.1 355.317260742188
215.0 179.0244140625
215.9 657.395385742188
217.0 123.550170898438
217.6 28.7004489898682
217.9 179.708145141602
218.2 30.9970016479492
218.9 2028.68151855469
220.0 216.320877075195
220.9 402.472503662109
221.1 36.6740684509277
221.9 43.6900482177734
222.1 25.738805770874
222.7 138.542938232422
222.9 41.1357727050781
223.0 31.7233428955078
223.6 35.5101661682129
223.9 49.4802436828613
224.8 80.3842391967773
225.0 53.9728088378906
225.9 45.269603729248
226.0 62.6731109619141
226.1 139.205764770508
226.8 56.8468322753906
227.1 152.923034667969
227.8 32.5056076049805
228.0 29.9596576690674
228.1 74.4404525756836
228.9 207.385696411133
229.0 42.2572326660156
230.0 209.776565551758
230.2 41.406566619873
230.7 54.3959617614746
230.9 372.044525146484
231.1 174.148132324219
231.7 34.900951385498
232.1 159.322494506836
233.1 24950.849609375
234.1 5088.94970703125
235.0 5.46743774414063
235.1 696.416198730469
235.9 77.731330871582
236.0 36.5750617980957
237.0 116.1357421875
237.9 886.650695800781
238.9 463.887969970703
239.8 27.8697910308838
239.9 42.4377555847168
240.1 34.4754676818848
240.2 41.5941276550293
240.8 148.240341186523
241.0 90.4349975585938
241.8 87.2453231811523
242.1 85.264518737793
242.5 13.3561887741089
242.7 13.9004564285278
243.0 199.77067565918
243.6 18.4828758239746
243.9 19.1781787872314
244.0 48.3483848571777
244.7 37.7001152038574
244.8 19.0077533721924
245.0 62.9263763427734
246.0 365.879852294922
246.1 2248.97241210938
246.9 45.3452415466309
247.1 507.894256591797
248.9 66.9444274902344
249.1 34.3178367614746
250.9 13.2196426391602
252.9 74.3498840332031
254.0 25.9003849029541
255.0 116.147071838379
256.0 21.4324283599854
256.9 34.9329223632813
257.0 106.957557678223
257.9 39.1731719970703
258.0 29.4782943725586
258.1 82.1037673950195
258.9 66.8156967163086
259.9 47.7803230285645
260.1 76.1802597045898
260.8 26.521520614624
261.0 146.602981567383
261.9 92.3918075561523
262.1 44.6726684570313
262.9 32.2999458312988
263.0 29.0739650726318
264.7 15.9628934860229
264.9 24.5675563812256
265.2 39.2533378601074
267.0 34.411792755127
269.1 497.387573242188
269.2 116.276634216309
270.0 132.641860961914
270.2 19.1007461547852
270.6 35.7929191589355
271.1 80.5629501342773
271.8 31.2697620391846
272.0 69.139518737793
273.0 286.617980957031
273.2 90.4867553710938
274.0 37.6719169616699
274.9 184.413421630859
275.1 37.3290023803711
275.7 15.174506187439
275.9 45.9403991699219
276.0 115.086906433105
276.8 162.942749023438
277.9 85.6564865112305
278.0 141.406127929688
278.2 34.7670135498047
278.8 131.279846191406
279.1 37.0587005615234
279.6 19.7968845367432
280.5 16.6544418334961
280.8 73.6105346679688
281.1 34.2751121520996
281.8 14.4751329421997
283.0 99.8438491821289
284.8 74.5662002563477
284.9 290.549621582031
285.8 45.6981620788574
285.9 147.098098754883
286.1 170.702682495117
286.8 54.3166618347168
287.0 119.173728942871
287.1 87.3200912475586
288.0 56.9579658508301
289.1 4119.77978515625
289.9 60.2703819274902
290.0 761.5595703125
290.8 95.0199813842773
292.1 17.4598293304443
292.9 570.34716796875
293.8 24.1695404052734
293.9 128.964996337891
294.9 209.138534545898
295.9 29.6966762542725
296.0 88.7265243530273
296.8 99.2887802124023
296.9 366.341339111328
298.0 209.169143676758
298.1 29.9751873016357
298.8 83.9091262817383
299.0 95.3779602050781
299.8 34.986759185791
300.9 43.8297004699707
301.1 294.13720703125
301.2 24.6008358001709
302.0 32.4127044677734
302.1 188.417984008789
302.2 75.0183715820313
302.8 35.6954383850098
303.0 82.6219711303711
303.2 31.5608386993408
305.0 27.8807125091553
307.0 68.6946029663086
310.9 125.526542663574
311.0 52.9266700744629
314.7 36.7410926818848
314.8 15.4986381530762
315.1 59.1098442077637
316.0 32.9746246337891
316.3 12.5371923446655
317.2 28.7551727294922
318.1 1066.19262695313
318.2 2846.35083007813
319.1 499.306640625
319.3 416.766693115234
320.0 189.057846069336
320.1 231.768539428711
321.1 6877.59619140625
322.0 71.8309555053711
322.1 1204.45397949219
322.9 40.4873275756836
323.0 140.542892456055
323.2 87.4536666870117
324.1 39.6223449707031
329.8 24.556022644043
330.0 59.7099952697754
330.1 133.879974365234
330.3 16.809757232666
331.1 77.8825607299805
334.0 135.294296264648
334.3 33.1140747070313
334.9 14.3277702331543
344.9 44.9963989257813
346.1 21.8249053955078
347.0 20.7099018096924
349.0 104.812133789063
349.9 29.916862487793
350.9 22.1766223907471
351.0 15.5324211120605
351.1 21.3908748626709
352.7 17.6267795562744
354.9 15.561577796936
359.1 21.503438949585
361.9 19.9295139312744
362.2 143.582931518555
363.0 52.1413154602051
366.9 19.4931583404541
377.2 456.509490966797
377.3 23.6761703491211
377.8 14.5926275253296
378.1 54.6982421875
378.3 58.1689567565918
401.1 14.7694120407104
402.8 15.7114372253418
409.1 12.93701171875
