#"+EI Scan (rt: 3.034-3.092 min, 11 scans) R4M5.D  Subtract "
#Point,X(Thompsons),Y(Counts)
40.1 1359.92700195313
41.1 21476.70703125
42.1 4640.49560546875
43.1 30551.58203125
44.0 2534.75659179688
45.0 178.934310913086
45.0 1564.24377441406
46.0 132.461303710938
46.1 18.0829086303711
47.0 153.390502929688
47.1 100.761375427246
48.1 34.0068206787109
48.8 18.7162189483643
48.9 157.178863525391
49.0 166.886428833008
50.0 2476.94506835938
51.0 5859.47998046875
51.9 263.736572265625
52.0 1577.83715820313
53.0 2222.87768554688
54.0 2375.90112304688
55.1 10504.236328125
56.1 9173.4755859375
57.0 8208.22265625
58.1 1030.04821777344
58.1 77.1282501220703
59.0 29409.90625
60.0 1101.95776367188
60.0 948.8466796875
60.9 47.9743995666504
61.0 1154.74108886719
62.0 9296.35546875
63.0 12571.5712890625
64.0 3081.09643554688
65.0 1713.15258789063
66.0 163.278900146484
66.1 208.792922973633
66.2 46.7464561462402
66.9 78.8494567871094
67.0 589.150085449219
67.9 49.650936126709
68.0 1628.20471191406
69.0 5611.78759765625
70.1 11336.48046875
71.1 15873.4033203125
72.0 301.580169677734
72.1 2639.82153320313
73.0 5531.232421875
73.9 28.2331085205078
74.0 2477.45703125
75.0 11200.2509765625
76.0 10880.3310546875
76.1 85.0524597167969
77.0 14375.931640625
78.0 5306.990234375
79.0 1024.193359375
79.9 140.960021972656
80.0 382.688537597656
81.0 4851.603515625
81.9 231.569564819336
82.1 2957.30004882813
83.0 90051.2421875
83.9 217.218490600586
84.0 5265.0107421875
85.0 254.248168945313
85.1 1085.20837402344
85.9 463.333984375
86.0 1555.71020507813
87.0 7023.51220703125
88.0 57950.796875
89.0 29032.76171875
90.0 26151.337890625
91.0 4356.28759765625
91.9 36.2517395019531
92.0 578.10888671875
92.1 206.808670043945
93.0 759.687683105469
94.0 1056.71704101563
94.1 590.911071777344
95.0 7818.11572265625
96.0 8134.876953125
96.7 33.4269523620605
97.0 373.850616455078
97.0 1130.32995605469
98.0 4216.97607421875
98.9 335.328094482422
99.1 845.792358398438
100.0 700.214111328125
100.0 620.756774902344
101.0 1064.09899902344
101.1 1545.75988769531
102.0 27832.19921875
103.0 14335.568359375
104.0 9072.8515625
105.1 6784.5
106.1 719.196472167969
106.1 726.369079589844
107.0 21359.1640625
108.1 22990.138671875
109.0 1363788.75
110.0 105820.328125
111.0 4056.248046875
111.7 75.0779724121094
111.9 208.602294921875
112.0 417.483673095703
112.2 159.594009399414
112.5 30.6328716278076
112.9 52.7007713317871
113.0 804.553894042969
114.0 1495.42858886719
115.0 2613.982421875
116.0 3268.79541015625
117.0 9034.73046875
118.0 5790.09814453125
119.0 1990.90991210938
119.9 602.221740722656
120.0 307.814575195313
121.0 1586.53662109375
121.1 158.391662597656
122.0 5836.34716796875
123.0 1667.75769042969
123.8 30.2756786346436
123.9 51.3580322265625
124.0 1629.99304199219
125.0 1504.69543457031
126.0 323.112762451172
126.1 423.485229492188
127.0 1168.13586425781
128.0 1137.89526367188
128.1 641.205078125
129.0 20175.904296875
130.1 18868.34765625
131.0 12887.734375
132.0 680.26416015625
132.1 1551.595703125
132.9 146.533264160156
133.0 1496.02819824219
133.9 71.2134017944336
134.0 724.671264648438
135.0 434.245330810547
135.0 755.095825195313
136.0 183.820098876953
136.1 186.853073120117
137.0 13896.60546875
138.0 998.27685546875
138.1 662.305236816406
139.0 1605.39978027344
139.9 152.888702392578
140.0 252.261093139648
140.1 137.938858032227
140.9 303.362030029297
141.0 769.60009765625
141.8 51.5361938476563
142.0 550.772338867188
142.1 89.6881866455078
143.0 2476.95043945313
144.0 6905.8076171875
145.0 120743.640625
146.0 13345.7392578125
146.9 166.805419921875
147.0 931.507263183594
147.9 100.252021789551
148.0 329.072723388672
148.8 134.647796630859
149.0 629.485595703125
149.9 29.1184139251709
150.0 921.815490722656
151.0 2644.478515625
152.0 746.7607421875
153.0 459.936065673828
153.1 259.428100585938
153.9 62.7376022338867
154.0 305.972808837891
155.0 2253.81787109375
156.0 452.405883789063
156.1 737.272583007813
157.0 2360.23193359375
158.0 867.997131347656
158.1 535.945495605469
159.0 6164.3642578125
160.0 1522.37329101563
161.0 1292.07141113281
161.8 316.208953857422
162.0 131.432418823242
162.2 30.8010807037354
163.0 617.383605957031
163.8 43.1309852600098
164.0 320.437225341797
164.2 32.8928565979004
164.8 21.9904041290283
164.9 244.969207763672
165.0 334.114532470703
165.8 20.7589740753174
165.9 208.988220214844
166.1 110.708099365234
166.9 411.177490234375
167.1 232.912063598633
168.0 1157.62719726563
169.0 3777.22265625
170.0 5685.38134765625
171.0 2548.24853515625
172.0 11077.2412109375
173.0 5371.14208984375
174.0 709.747436523438
174.1 1208.04162597656
174.8 25.0356311798096
175.0 1875.22058105469
176.1 3521.83740234375
177.0 3659.37133789063
177.9 113.821952819824
178.1 1089.79077148438
178.8 18.1432266235352
179.0 307.722534179688
179.1 273.464263916016
180.0 33.8512878417969
180.1 841.003967285156
180.2 119.266426086426
180.9 698.9013671875
181.1 89.5097122192383
181.8 30.3789691925049
181.9 395.728698730469
182.1 106.838188171387
183.0 956.136352539063
183.8 29.245397567749
184.0 234.151748657227
184.1 242.877868652344
184.2 33.1832313537598
185.0 1508.25964355469
186.1 1545.46960449219
187.0 1278.97802734375
187.1 57.779483795166
187.8 77.0099868774414
188.0 168.079284667969
188.7 22.6141834259033
188.9 88.8053665161133
189.0 334.093627929688
189.7 40.9948348999023
189.8 64.9540481567383
190.0 55.6503677368164
190.1 15.3399600982666
191.0 579.745849609375
191.1 97.9643783569336
191.8 17.8104095458984
192.0 180.133056640625
192.9 460.329650878906
193.1 320.662963867188
194.0 2089.36499023438
194.1 240.512878417969
195.0 5291.8916015625
196.1 9587.283203125
197.0 7254.3779296875
198.0 4220.625
198.1 309.343231201172
199.0 1244.61352539063
200.0 3450.38671875
200.9 552.939575195313
201.0 703.850524902344
201.8 80.1858444213867
202.0 348.481658935547
202.9 1.41726684570313
203.0 716.95703125
203.8 102.55004119873
204.0 351.948516845703
204.2 23.1661205291748
205.0 2596.5576171875
205.9 238.970443725586
206.1 517.737731933594
206.2 160.676071166992
207.0 858.239868164063
207.9 58.5324440002441
208.0 477.779815673828
208.1 196.153198242188
208.9 263.511535644531
209.1 509.335174560547
210.0 325.141387939453
210.1 231.598617553711
211.0 3850.30029296875
212.0 641.195922851563
212.0 771.525207519531
213.0 1214.25769042969
214.1 3703.67358398438
215.0 12916.85546875
216.0 3683.4736328125
217.0 2154.19580078125
217.7 20.3393669128418
217.9 138.410766601563
218.0 151.847961425781
218.9 2351.86279296875
219.8 194.974945068359
220.0 318.940765380859
220.1 31.4460563659668
220.9 37.5536346435547
221.0 1050.81921386719
222.0 1021.81695556641
223.1 19646.724609375
224.1 9494.267578125
225.1 22592.443359375
226.0 2694.54272460938
226.1 5297.9599609375
227.0 1802.21325683594
227.1 242.028106689453
227.8 18.1740016937256
227.9 280.122741699219
228.1 982.898620605469
229.0 857.724243164063
229.9 258.387878417969
230.1 188.960952758789
230.8 25.2133293151855
231.0 161.649444580078
231.1 172.982604980469
231.9 137.570846557617
232.1 153.883239746094
233.0 4232.177734375
234.0 1312.78576660156
235.0 1545.65502929688
235.9 70.948974609375
236.0 269.610626220703
236.1 34.7136573791504
236.2 31.0104789733887
237.0 4667.1328125
238.0 1053.59948730469
239.0 1527.79992675781
239.9 201.867584228516
240.0 496.292907714844
241.0 1856.1123046875
241.1 617.398986816406
242.0 863.127380371094
242.1 2090.1826171875
242.8 66.7494201660156
243.0 786.554504394531
243.8 14.8076753616333
244.0 201.763870239258
244.1 46.381763458252
244.8 71.756103515625
245.1 540.45703125
245.3 24.7083797454834
245.9 169.419815063477
246.1 127.533233642578
246.3 84.6571960449219
246.8 55.2596206665039
247.0 147.336151123047
247.1 213.199447631836
247.3 33.9756240844727
247.4 44.9230766296387
247.7 170.528594970703
248.0 178.237197875977
248.2 80.3874740600586
248.4 122.837623596191
248.7 198.377395629883
248.9 139.686477661133
249.0 214.149154663086
249.2 246.966751098633
249.5 23.1771183013916
249.9 77.1645660400391
250.1 566.052368164063
250.2 267.920806884766
251.0 569.259582519531
251.1 5756.33154296875
252.1 11151.482421875
253.1 916823.6875
254.1 155433.140625
255.1 15521.5341796875
256.1 1158.92431640625
256.8 209.722412109375
257.0 141.505920410156
257.1 24.9789810180664
257.9 64.8685836791992
258.1 72.3097534179688
258.5 14.2229318618774
258.8 45.777645111084
258.9 65.4733810424805
259.0 175.353546142578
259.9 35.8429145812988
260.9 52.2068367004395
261.0 95.6196060180664
262.0 63.5447959899902
262.1 24.2995281219482
262.7 29.7042713165283
262.9 29.1539993286133
263.0 59.902042388916
263.1 36.6761169433594
263.3 23.4600391387939
264.0 329.812561035156
264.8 81.3860626220703
264.9 108.709449768066
265.1 185.856643676758
266.0 142.671249389648
266.1 3117.2841796875
267.1 4005.65234375
268.1 3311.37036132813
269.1 121633.9140625
270.1 21512.048828125
271.1 2228.0859375
271.9 197.901504516602
272.0 123.606803894043
272.2 25.5880546569824
272.7 42.0501403808594
272.9 332.803405761719
273.1 114.123168945313
274.1 61953.91015625
275.1 11161.52734375
276.0 755.408569335938
276.1 545.783935546875
276.2 31.2244892120361
276.9 361.83642578125
277.0 141.24772644043
277.9 88.0014266967773
278.9 92.9541168212891
279.1 286.827423095703
279.9 367.082153320313
280.1 137.295425415039
281.1 3781.2724609375
281.2 1269.37219238281
282.1 783.687133789063
282.2 379.892608642578
282.9 132.562637329102
283.1 185.432418823242
283.2 13.9114503860474
285.0 556.004821777344
285.8 84.9218292236328
285.9 145.503875732422
286.1 60.707691192627
286.9 112.391136169434
287.0 151.86311340332
287.8 22.2271480560303
288.0 16.7654666900635
288.1 42.9637222290039
289.0 1114.66540527344
289.8 79.4772872924805
289.9 394.571472167969
290.0 89.8147277832031
290.2 22.8888187408447
290.9 414.794921875
291.0 180.598617553711
291.1 89.114616394043
291.9 170.582641601563
292.0 454.571472167969
292.2 169.413391113281
293.0 1499.43310546875
293.9 331.583801269531
294.1 594.413635253906
294.9 408.887969970703
295.9 60.8202247619629
296.0 126.937492370605
296.1 32.462703704834
296.9 605.714050292969
298.0 269.416687011719
298.1 107.714157104492
298.4 23.3169689178467
298.8 16.8152122497559
298.9 77.8528747558594
299.1 96.3462142944336
300.8 14.25514793396
300.9 57.2419090270996
301.1 41.7725448608398
301.2 16.7971019744873
302.8 39.5366973876953
302.9 52.2812156677246
303.1 44.0641326904297
303.9 25.0238780975342
304.1 30.2187995910645
304.9 43.8143615722656
305.0 194.083099365234
305.2 25.6721134185791
306.1 487.376647949219
306.2 352.354370117188
307.0 420.2578125
307.1 445.327850341797
308.0 195.251800537109
308.1 580.254028320313
309.1 3142.86865234375
310.0 256.021240234375
310.1 561.034545898438
310.9 125.00089263916
311.1 32.4623718261719
311.9 13.8955316543579
312.0 87.8685989379883
313.0 38.3500633239746
315.0 48.0580444335938
315.1 17.72239112854
315.6 15.8221864700317
316.0 62.449161529541
316.1 20.1301441192627
316.6 13.650577545166
316.8 19.3577785491943
317.0 20.8630332946777
318.9 19.2993392944336
319.1 45.8477363586426
319.2 31.7480049133301
319.5 46.8985023498535
320.1 90.3700637817383
321.1 3825.23974609375
322.1 1024.60144042969
322.2 842.75390625
323.1 2045.22473144531
324.1 334154.28125
325.1 72418.4296875
326.0 120.077224731445
326.2 8541.892578125
326.9 69.8346786499023
327.1 325.489471435547
327.2 301.046020507813
327.9 19.8423614501953
328.9 36.0545959472656
330.9 103.509147644043
332.0 104.930572509766
332.7 14.7466421127319
332.9 38.6070899963379
333.1 47.8037986755371
334.0 46.3839302062988
334.1 67.1933135986328
334.3 35.7359504699707
334.8 79.4073715209961
334.9 32.9285736083984
335.1 338.895477294922
335.2 58.151294708252
336.1 834.823852539063
336.2 624.508850097656
337.0 91.9677658081055
337.2 143.452423095703
338.0 23.775915145874
338.1 40.114070892334
338.2 23.3040466308594
338.8 41.9137573242188
339.1 42.0528335571289
340.1 8690.361328125
341.1 8418.654296875
341.9 39.1055603027344
342.1 1186.80859375
342.2 497.10888671875
343.0 46.6800765991211
343.1 161.457534790039
344.9 54.1049957275391
347.7 15.474871635437
348.7 30.8486137390137
348.8 36.2084732055664
349.0 93.2244338989258
349.2 35.8027877807617
350.1 601.368103027344
350.1 355.066040039063
351.0 146.282257080078
351.1 3943.98901367188
352.0 309.079315185547
352.2 1459.15930175781
353.1 388.474029541016
353.9 57.861328125
354.1 159.395614624023
354.3 24.3112659454346
354.9 17.1728839874268
357.0 35.8219261169434
361.1 17.0379657745361
362.9 38.5891456604004
363.0 16.6049404144287
364.2 50.8661766052246
365.0 67.6895065307617
365.1 164.545852661133
365.3 43.0797386169434
366.0 85.8967514038086
366.2 88.9626693725586
366.3 19.8462791442871
366.6 18.3494892120361
367.0 135.716812133789
368.0 53.6130523681641
368.1 731.098815917969
368.9 20.0926284790039
369.0 109.629638671875
369.2 151.191146850586
369.9 14.5260457992554
370.8 13.9026956558228
371.1 19.0662364959717
371.7 15.3742408752441
379.5 19.4698314666748
380.7 14.8562593460083
381.8 50.2977294921875
382.0 48.3408317565918
382.1 371.930541992188
383.2 24060.673828125
383.3 368.646087646484
384.2 5555.84912109375
384.3 578.290283203125
385.0 164.710876464844
385.2 641.711364746094
386.1 103.867584228516
386.2 18.2891998291016
387.1 15.7101926803589
397.1 20.4453411102295
397.2 35.214054107666
400.9 20.54807472229
483.0 32.0550804138184
