#"+EI Scan (rt: 3.716-3.774 min, 11 scans) R8M5.D  Subtract "
#Point,X(Thompsons),Y(Counts)
40.1 2211.92822265625
41.1 36566.9375
42.1 6670.2744140625
43.1 33062.8828125
44.0 3787.41943359375
44.9 212.834854125977
45.0 289.643035888672
46.0 85.5317764282227
47.0 309.320526123047
48.6 18.9324188232422
48.9 139.682678222656
49.0 55.1881217956543
50.0 1070.20227050781
51.0 3307.05297851563
52.0 515.079528808594
52.1 1112.34692382813
53.1 8411.1240234375
54.0 1137.93249511719
54.1 3030.2431640625
55.1 19215.392578125
56.1 5666.36962890625
57.1 5571.16015625
58.1 5133.595703125
59.0 3361.998046875
59.9 284.9765625
60.7 21.8043003082275
60.9 68.5856781005859
61.0 196.898544311523
61.1 50.5087013244629
61.9 126.104957580566
62.0 942.694519042969
63.0 3163.7978515625
64.0 1526.42297363281
65.0 7909.44384765625
66.0 5994.111328125
67.0 23619.7578125
68.1 3872.49682617188
69.1 7488.95361328125
70.1 2702.44360351563
71.1 1951.84594726563
71.9 111.427391052246
72.0 327.2099609375
72.2 101.068695068359
73.0 2239.9345703125
73.9 290.290252685547
74.0 222.375213623047
74.1 216.056259155273
75.0 394.931182861328
75.0 2642.794921875
76.0 6410.0830078125
77.0 44293.84375
78.0 12048.779296875
79.1 45051.9453125
80.1 10063.5068359375
81.1 16974.603515625
82.1 3901.22827148438
83.1 1442.53393554688
84.0 552.4580078125
84.1 86.3082885742188
85.0 514.230834960938
85.8 35.7276191711426
86.0 272.782135009766
86.1 17.7492256164551
86.9 184.938491821289
87.0 1058.55688476563
88.0 13587.8955078125
89.0 15995.458984375
90.0 33020.2734375
91.1 48674.375
92.1 39897.484375
93.1 72158.828125
94.1 37979.70703125
95.1 7190.51123046875
96.1 2182.65234375
96.9 250.810623168945
97.1 248.879806518555
97.7 92.2405700683594
98.0 294.5341796875
98.4 28.7313404083252
98.8 44.561954498291
98.9 31.6983413696289
99.1 159.574356079102
99.7 22.7686901092529
99.9 128.612258911133
100.1 163.815673828125
100.3 31.4273738861084
100.8 132.668655395508
101.0 1021.015625
102.0 15090.84765625
103.0 41676.25
104.0 18493.365234375
105.0 13890.5517578125
106.1 9238.724609375
107.1 16584.513671875
108.1 16838.298828125
109.1 9751.349609375
110.0 1542.90539550781
110.9 183.148376464844
111.0 137.206176757813
111.2 185.307266235352
111.4 44.0814514160156
111.7 24.3764591217041
111.8 237.241226196289
112.1 23.4703388214111
112.9 271.156127929688
113.0 227.539810180664
113.9 319.246368408203
114.1 303.057067871094
115.0 1397.75219726563
115.1 1747.77075195313
116.0 5140.49267578125
117.0 21247.439453125
118.0 8798.40234375
119.1 10685.2490234375
120.1 5954.767578125
121.0 2335.5419921875
121.9 146.480377197266
122.1 1603.31494140625
122.9 101.852935791016
123.1 846.582946777344
123.7 17.9776782989502
123.9 38.5020599365234
124.0 152.72119140625
124.1 101.005439758301
124.6 163.787643432617
124.8 293.499786376953
125.3 90.4764938354492
125.5 1419.96081542969
125.7 161.586441040039
125.9 197.934814453125
126.1 67.6759872436523
126.3 47.6367301940918
126.9 398.539855957031
127.0 983.2421875
128.1 3867.00244140625
129.0 19032.48828125
130.0 15911.10546875
131.1 85847.125
132.1 14018.58984375
133.0 7387.88330078125
134.0 48.5387268066406
134.1 7775.408203125
135.1 75329.2578125
136.1 16336.2822265625
137.0 12592.955078125
138.0 1329.18310546875
138.8 105.279441833496
139.0 736.24365234375
139.7 36.6756019592285
139.8 57.8756103515625
140.0 446.021179199219
140.2 35.1822166442871
141.0 1200.6328125
142.0 657.296142578125
142.0 1447.95629882813
142.9 46.7296447753906
143.1 6554.02197265625
144.0 15656.74609375
145.0 278669.6875
146.0 28056.388671875
147.0 3127.9638671875
148.0 62.9083099365234
148.1 2047.72583007813
149.1 4847.04541015625
150.1 124132.1015625
151.1 15249.23828125
152.1 1100.33276367188
152.8 31.2311096191406
153.0 149.920455932617
153.1 244.275817871094
154.0 966.612731933594
154.2 80.6123046875
155.0 3091.39990234375
156.1 5083.05908203125
157.1 6065.138671875
158.0 4504.1416015625
158.1 2652.6982421875
159.0 6948.4404296875
160.0 2397.7802734375
161.0 9732.2236328125
162.0 433.834503173828
162.1 1144.66735839844
162.9 633.789367675781
163.8 87.1862564086914
163.9 44.8705596923828
164.0 186.50732421875
164.1 47.1573257446289
165.0 328.713684082031
165.1 277.184509277344
165.7 30.7743453979492
166.1 324.012329101563
166.7 42.7751121520996
167.0 1348.22399902344
167.9 494.89208984375
168.0 404.713073730469
168.2 48.7835960388184
169.1 2126.37817382813
169.9 58.462230682373
170.1 2069.28979492188
171.1 8748.7822265625
172.1 2813.80444335938
173.1 2647.8798828125
174.1 22760.59375
174.9 237.090270996094
175.1 7132.92333984375
175.9 67.4870376586914
176.0 936.874572753906
176.2 176.954162597656
177.0 688.423156738281
178.0 161.669570922852
178.1 256.735382080078
179.0 188.841949462891
179.1 152.533615112305
179.9 443.662475585938
180.1 373.078491210938
180.6 37.8015518188477
181.0 489.645782470703
181.1 391.497772216797
181.8 47.2328109741211
181.9 59.7363739013672
182.1 636.088806152344
182.2 176.025787353516
183.0 877.006103515625
183.1 481.811889648438
183.9 135.504669189453
184.1 1255.03869628906
185.1 6007.8701171875
186.0 406.063385009766
186.1 3663.12646484375
187.1 15316.4541015625
188.1 1419.83435058594
188.1 1752.36755371094
189.1 9864.2197265625
190.1 1476.17980957031
190.3 64.4280548095703
190.8 69.8331604003906
191.0 646.449951171875
191.9 46.9427337646484
192.0 427.848175048828
192.9 258.165893554688
193.0 211.914978027344
193.8 101.017311096191
194.0 573.563842773438
195.0 1109.54431152344
195.8 83.5358123779297
196.0 522.987487792969
197.0 1342.96557617188
197.7 26.6664352416992
198.0 706.144592285156
198.1 525.206237792969
199.0 3249.66552734375
199.9 32.4641571044922
200.0 1488.51892089844
200.2 152.713516235352
201.1 3220.81030273438
202.1 28343.85546875
203.1 4497.34130859375
203.9 53.1624526977539
204.1 774.868530273438
204.9 217.984466552734
205.1 291.130065917969
205.8 16.9981937408447
205.9 166.619094848633
206.0 137.223114013672
206.1 73.7045974731445
207.0 1406.77746582031
208.1 1035.30749511719
208.2 41.9252815246582
209.0 179.506927490234
209.1 837.291381835938
210.0 610.386779785156
210.1 908.341247558594
211.0 2567.076171875
212.0 549.432983398438
212.1 1143.62561035156
213.1 7369.32177734375
214.0 21.6074981689453
214.1 5296.59326171875
215.1 378669.46875
216.1 55589.71484375
217.1 6852.15673828125
218.0 261.9091796875
218.1 455.82763671875
218.9 1713.9150390625
220.0 590.448486328125
220.1 344.149597167969
220.8 57.7403526306152
220.9 118.676391601563
221.0 592.224182128906
221.9 281.744995117188
222.0 441.17724609375
222.1 113.408683776855
222.6 34.4253044128418
223.0 772.900146484375
224.1 624.058471679688
225.0 62.8735046386719
225.1 398.10400390625
225.9 161.298324584961
226.1 266.654174804688
226.3 27.5498027801514
227.1 858.366760253906
228.0 493.076782226563
228.2 260.474029541016
229.1 1278.06469726563
229.2 406.471405029297
230.1 6772.46142578125
231.1 2184.392578125
232.1 601.494323730469
232.1 878.975646972656
233.0 4074.54833984375
234.0 1252.76489257813
234.9 236.043731689453
235.0 146.454193115234
236.0 999.095703125
236.1 235.175689697266
237.0 3882.1650390625
238.1 4292.578125
239.1 2249.0302734375
240.1 1077.84313964844
241.1 1754.87231445313
241.9 17.585391998291
242.1 750.351623535156
242.2 268.364776611328
243.0 74.7687225341797
243.2 1927.88159179688
243.9 54.5444450378418
244.1 499.084686279297
244.2 187.206192016602
244.7 21.5072002410889
245.0 343.716583251953
246.0 82.5498580932617
246.1 19.6832294464111
246.8 27.4190444946289
247.0 57.7806396484375
247.1 88.3533554077148
247.9 22.9810829162598
248.1 39.1836547851563
249.1 2049.2529296875
250.1 1938.65283203125
251.1 1998.30078125
251.3 51.5210914611816
252.1 2845.84350585938
253.0 739.097473144531
253.2 715.431823730469
253.9 19.2426681518555
254.1 895.813293457031
254.9 66.5021286010742
255.0 286.070526123047
255.2 406.416290283203
255.3 51.7487144470215
255.9 80.3308563232422
256.0 237.486083984375
256.2 126.363204956055
256.9 149.760375976563
257.1 196.350051879883
257.8 18.7426776885986
258.0 82.8908386230469
258.7 27.3461055755615
258.9 179.640975952148
259.2 39.9682769775391
260.1 15.0804023742676
260.5 29.7390804290771
260.8 27.737268447876
261.0 198.331634521484
261.1 41.887996673584
261.9 95.2660140991211
262.1 20.8781509399414
263.1 2639.06787109375
264.1 916.195373535156
264.2 304.499389648438
265.1 1497.60339355469
265.2 8125.89404296875
266.2 3234.01147460938
266.3 45.9382019042969
266.9 32.806583404541
267.1 959.151916503906
267.2 386.784454345703
267.9 18.5957050323486
268.0 186.544631958008
268.2 201.943450927734
268.9 78.3066101074219
269.1 703.4892578125
270.0 152.747344970703
270.2 4288.77587890625
271.0 212.946624755859
271.1 4939.51220703125
272.1 927.581420898438
272.2 2106.66870117188
273.1 678.871887207031
273.1 373.215942382813
273.8 27.0258502960205
274.1 95.087646484375
274.3 30.4131717681885
274.9 40.4861145019531
275.0 493.424835205078
275.9 76.6389846801758
276.0 186.682510375977
276.2 54.8797988891602
277.1 1602.20397949219
277.2 498.7099609375
277.9 111.779396057129
278.1 843.569885253906
278.2 786.424560546875
279.2 3833.8505859375
280.2 60900.6640625
281.2 15194.17578125
282.1 117.775856018066
282.2 1835.04174804688
282.3 318.841827392578
282.9 28.4656600952148
283.0 156.392715454102
283.1 347.403930664063
284.1 54.7995834350586
284.3 23.1620082855225
285.0 612.69140625
285.8 113.375419616699
286.0 189.174133300781
286.5 26.8215656280518
286.8 21.1550731658936
287.0 30.716178894043
287.1 146.827880859375
287.9 14.7356109619141
289.0 1338.53430175781
290.0 545.618774414063
290.1 767.236389160156
291.0 822.162475585938
291.2 68.1783599853516
291.8 18.6198139190674
292.0 362.504730224609
292.2 525.847106933594
293.0 2065.64916992188
294.2 136251.84375
295.2 31071.060546875
296.2 7132.955078125
297.0 166.580047607422
297.1 1835.38952636719
297.9 33.4200592041016
298.0 178.471389770508
298.2 143.617492675781
298.4 16.6265239715576
298.5 22.9518451690674
298.9 34.4883728027344
299.1 111.718017578125
300.9 124.720085144043
301.1 21.9973907470703
301.9 28.1530094146729
302.0 17.9209423065186
302.8 45.8416786193848
303.0 168.438003540039
303.2 23.4943351745605
303.3 51.9131927490234
303.5 17.2250804901123
304.0 59.61279296875
304.1 168.132034301758
304.3 35.0282402038574
305.0 329.120971679688
305.2 424.458312988281
305.3 69.0010681152344
306.0 34.8945274353027
306.1 599.361083984375
306.2 46.671558380127
307.0 224.311386108398
307.1 768.28857421875
308.2 44961.79296875
309.2 12917.2978515625
310.1 446.403015136719
310.2 2261.10986328125
310.9 99.3483352661133
311.0 66.4849624633789
311.1 220.080627441406
311.2 184.33366394043
312.9 14.7069311141968
314.1 32.7078971862793
314.3 16.0735931396484
315.0 134.934951782227
315.2 15.7187252044678
317.0 16.0988121032715
317.7 17.7762413024902
318.0 50.9582862854004
318.2 47.1682472229004
319.1 344.095275878906
319.2 1808.31127929688
320.2 49144.61328125
321.2 15849.7998046875
322.2 9846.5595703125
323.2 2664.67553710938
324.2 2916.9443359375
324.3 92.243034362793
325.2 574.27734375
326.3 57.1864624023438
326.8 20.9017791748047
327.0 43.4798812866211
328.9 44.1619491577148
329.1 59.2857437133789
330.1 36.415340423584
330.9 110.298561096191
331.8 14.9742698669434
332.2 23.1438674926758
332.3 31.8675556182861
332.7 35.8592185974121
332.8 44.5814247131348
333.0 51.1771812438965
333.3 29.5179252624512
334.1 57.1216659545898
334.3 19.2743511199951
334.6 14.9714202880859
334.8 17.4438648223877
335.1 43.2196388244629
335.2 159.648452758789
335.4 48.5662078857422
336.2 6928.54345703125
337.2 124652.78125
338.2 32066.611328125
339.2 3504.55493164063
340.0 48.9469032287598
340.2 235.715225219727
340.3 48.7030487060547
340.4 34.8807525634766
340.5 15.6692562103271
344.9 103.130714416504
345.0 40.3282012939453
346.1 45.2907600402832
346.3 46.0467643737793
347.1 162.681930541992
347.2 67.3847732543945
348.1 107.278312683105
348.3 503.115600585938
348.3 208.985534667969
348.6 23.9979076385498
349.0 113.646713256836
349.1 306.840362548828
350.1 186.370086669922
350.2 745.134948730469
351.0 63.2263298034668
351.1 177.038192749023
351.3 126.219261169434
352.6 60.744930267334
352.8 53.3086051940918
352.9 2.53025054931641
353.1 18.4719676971436
356.1 14.3741598129272
359.0 16.1599712371826
360.8 18.1135692596436
362.2 138.623229980469
362.4 14.0133724212646
362.9 14.8221769332886
363.2 286.858367919922
364.2 4322.37744140625
365.3 88264.453125
366.2 23420.57421875
367.2 3232.24438476563
368.2 252.027847290039
368.4 80.5523376464844
369.2 14.9425020217896
370.8 18.9256057739258
381.1 34.7369346618652
381.4 16.1765594482422
396.1 41.624267578125
401.0 18.5439167022705
414.1 16.2765350341797
414.2 72.1649627685547
414.4 17.2142906188965
