#"+EI Scan (rt: 4.316-4.386 min, 13 scans) R8M5.D  Subtract "
#Point,X(Thompsons),Y(Counts)
40.1 1313.53735351563
40.2 46.4665603637695
41.1 36560.56640625
42.1 2902.3193359375
43.1 14108.27734375
44.0 713.068725585938
45.0 662.977966308594
45.1 285.619171142578
46.0 422.54833984375
46.1 270.379180908203
47.0 10617.14453125
48.0 199.04573059082
48.1 154.544036865234
48.9 108.211639404297
49.1 76.9755783081055
50.0 3022.39208984375
51.0 9375.96484375
51.9 77.2700653076172
52.0 2081.49389648438
53.0 3494.96533203125
54.0 128.831283569336
54.1 716.815063476563
55.1 5813.07275390625
55.9 65.0534210205078
56.0 172.312576293945
56.1 301.423309326172
56.9 54.8808135986328
57.0 539.676818847656
58.0 249.777557373047
58.1 21.0054931640625
59.0 8076.7197265625
60.0 124.654510498047
60.1 495.746765136719
61.0 2818.6494140625
61.2 128.789245605469
62.0 2218.91772460938
63.0 7048.47998046875
63.9 535.651306152344
64.0 3403.2333984375
65.0 4362.34423828125
65.8 21.821704864502
65.9 41.380126953125
66.0 835.012573242188
67.1 2797.99975585938
67.9 15.802191734314
68.0 272.047546386719
68.1 377.235778808594
69.1 9696.068359375
70.0 178.787704467773
70.1 574.465942382813
70.9 150.008575439453
71.1 109.151153564453
71.9 86.5867004394531
72.1 64.8224487304688
72.2 68.472053527832
73.0 2699.18359375
74.0 4713.6884765625
75.0 16259.7578125
76.0 20454.9453125
77.0 51166.07421875
78.0 7743.22021484375
79.0 1168.30847167969
79.8 20.8395614624023
80.0 245.417068481445
81.0 769.355224609375
81.9 49.4754486083984
82.0 252.256530761719
82.1 117.276725769043
82.8 120.990203857422
83.0 494.911499023438
83.1 47.0102233886719
83.8 13.0266637802124
83.9 49.959716796875
84.1 78.9329376220703
84.9 457.69580078125
85.0 432.649841308594
86.0 438.884246826172
86.0 923.461303710938
86.9 432.316528320313
87.0 3010.9951171875
88.0 1972.58581542969
88.1 135.675262451172
89.0 5042.78173828125
90.0 12267.4638671875
91.0 5883.9599609375
92.0 3357.18359375
92.8 39.8664360046387
93.0 545.103881835938
93.1 322.637084960938
93.8 161.690948486328
93.9 160.249526977539
94.1 48.9672012329102
94.2 212.924499511719
94.3 62.6820068359375
94.5 72.6821823120117
94.6 56.0268936157227
94.8 194.619354248047
95.1 289.893035888672
95.2 19.6494979858398
95.7 98.9821701049805
95.9 98.9899139404297
96.0 136.362319946289
96.6 12.0477457046509
96.9 76.6972427368164
97.1 429.518005371094
98.0 1712.14477539063
99.0 3020.93798828125
99.9 87.5370635986328
100.0 3408.60595703125
100.2 73.5003204345703
101.0 25686.4765625
102.0 24183.81640625
103.0 29700.0625
104.0 6695.22900390625
105.0 624.385375976563
105.1 378.938598632813
105.7 49.5600509643555
106.0 208.397979736328
106.1 148.027877807617
106.2 59.9880027770996
106.9 226.114974975586
107.1 152.274047851563
107.4 172.210922241211
107.5 95.0294876098633
107.7 560.598876953125
107.9 141.734436035156
108.1 284.455261230469
108.2 82.4621047973633
109.0 4657.3056640625
110.0 405.399749755859
110.0 168.972229003906
110.9 39.5013847351074
111.0 594.306030273438
111.1 58.8008155822754
111.8 36.5826148986816
111.9 94.4868316650391
112.0 189.159408569336
112.1 162.894500732422
113.0 2654.0556640625
113.2 80.8561248779297
114.0 3655.0986328125
115.0 11742.0302734375
116.0 5308.66845703125
117.0 7261.19775390625
118.1 7724.2705078125
119.0 3528.51611328125
119.9 103.356307983398
120.1 477.560882568359
120.2 98.5139999389648
120.6 75.5115432739258
120.8 8.20404052734375
121.0 379.148223876953
121.2 385.7890625
121.5 2462.75634765625
121.6 1161.96411132813
122.7 82.8785858154297
123.0 532.581970214844
123.9 233.196136474609
124.0 366.474060058594
124.1 328.525726318359
124.3 69.9788208007813
125.0 8747.3193359375
126.1 81906.3203125
127.0 486475.34375
128.0 68010.6171875
129.0 18998.47265625
130.0 10374.7470703125
131.0 10398.7197265625
131.9 172.383453369141
132.0 2858.2177734375
133.0 354.051208496094
133.1 498.398803710938
133.6 54.6916275024414
133.9 157.278869628906
134.0 745.646057128906
134.2 61.6626434326172
134.4 261.414093017578
134.7 106.11417388916
134.8 528.441223144531
135.0 486.590087890625
135.0 635.065795898438
135.9 574.400024414063
136.1 1652.65307617188
137.0 13200.3642578125
138.0 2889.04443359375
139.0 6689.0712890625
140.1 7772.29931640625
141.0 12136.1875
142.1 2332.06811523438
142.1 2998.6474609375
142.2 103.274291992188
143.0 5682.84326171875
144.0 326.002563476563
144.1 3037.3564453125
145.0 6766.96826171875
145.9 135.159027099609
146.0 452.759704589844
146.1 715.665405273438
146.6 112.744644165039
147.0 593.760803222656
147.1 715.574829101563
147.8 31.8704795837402
147.9 312.840545654297
148.1 191.292587280273
148.7 13.9647693634033
149.0 549.200256347656
149.1 400.301879882813
149.8 45.1285552978516
149.9 247.176513671875
150.0 1245.2431640625
151.0 2617.76440429688
152.0 7204.52734375
153.0 11788.9775390625
153.9 121.532135009766
154.1 5291.0859375
155.0 120178.09375
156.1 17504.283203125
157.0 8080.8251953125
157.9 72.0148468017578
158.0 2783.53735351563
158.1 1249.00756835938
159.0 5674.126953125
160.0 1192.89770507813
161.0 1014.54699707031
161.7 16.3219432830811
161.8 113.798042297363
161.9 170.26318359375
162.1 204.421936035156
163.0 944.415649414063
163.8 27.0664653778076
164.0 758.333435058594
164.1 1101.97644042969
165.0 3125.59765625
166.0 291.443084716797
166.1 1421.99243164063
167.0 631.668518066406
167.1 2817.99633789063
168.0 1767.52221679688
168.2 103.237144470215
168.4 23.1927661895752
169.0 365.139709472656
169.1 2583.8896484375
170.0 286.541778564453
170.1 514.385681152344
171.0 8025.1806640625
171.9 22.4222297668457
172.1 1593.95141601563
172.7 68.5324783325195
172.9 261.035827636719
173.1 286.395141601563
173.8 45.4294624328613
174.0 295.965362548828
174.1 63.9536895751953
174.9 328.018585205078
175.0 224.77165222168
175.2 33.3220863342285
175.8 24.9052562713623
176.0 991.759399414063
176.2 20.8784694671631
177.0 340.279571533203
177.1 1194.56140136719
177.9 110.49543762207
178.0 1060.04382324219
178.1 20.8331604003906
179.0 857.116882324219
179.9 102.8427734375
180.0 1872.31359863281
181.0 1561.13110351563
181.9 13.6260261535645
182.0 568.977905273438
182.1 59.0758209228516
182.8 25.1672286987305
183.1 683.204956054688
183.2 27.5247898101807
183.9 116.785720825195
184.0 183.490081787109
184.1 113.530921936035
185.0 1917.91491699219
185.8 23.3303661346436
186.0 229.562088012695
186.1 486.377105712891
186.2 48.6674041748047
186.9 267.029113769531
187.0 927.4375
187.1 796.415466308594
188.0 1364.83215332031
188.1 572.95703125
189.0 3761.79248046875
189.1 598.725524902344
189.9 50.2989044189453
190.0 2569.72509765625
190.1 420.949188232422
191.0 1440.88720703125
192.0 298.752166748047
192.1 186.534744262695
192.9 10.601806640625
193.0 530.158081054688
193.8 53.1423263549805
193.9 273.091094970703
194.1 117.065910339355
195.0 1833.78796386719
195.7 19.6730308532715
195.9 201.8173828125
196.0 367.226989746094
196.9 549.725036621094
197.7 46.9548416137695
198.0 267.174621582031
198.1 46.8403587341309
198.9 736.276123046875
200.0 691.217224121094
200.1 311.162658691406
200.9 356.964416503906
201.0 1283.18530273438
201.1 231.408508300781
202.0 1690.25988769531
203.0 1821.15942382813
203.8 36.4450492858887
204.0 151.240570068359
204.1 1382.02795410156
204.2 31.8035297393799
205.1 6503.2373046875
206.1 684.524169921875
206.1 651.709350585938
207.0 1180.97058105469
207.7 17.3810997009277
208.0 72.0171508789063
208.2 26.5429859161377
208.8 46.7253684997559
208.9 63.6180572509766
209.0 12.0181884765625
209.8 34.6762466430664
210.0 18.2302932739258
210.1 47.5441055297852
211.0 2144.4580078125
212.0 1764.1015625
213.0 2154.60375976563
214.0 8785.2138671875
215.0 11228.5966796875
216.0 8149.92578125
217.0 5053.74072265625
218.0 51.8148803710938
218.0 776.561279296875
218.1 368.595062255859
219.0 1389.04614257813
219.9 8.88818359375
220.0 220.923202514648
220.8 238.452651977539
221.1 1.49703979492188
222.0 94.3306579589844
222.9 435.154632568359
223.8 61.3538055419922
224.0 124.5234375
224.9 208.027908325195
225.0 379.081390380859
225.1 109.171264648438
225.9 116.55931854248
226.0 416.021636962891
226.1 302.405059814453
227.0 1056.42077636719
227.1 1299.38012695313
228.0 1591.14855957031
228.1 679.943359375
229.0 2254.82202148438
230.1 2713.375
230.7 38.1003684997559
231.0 353.723449707031
231.1 1273.99304199219
231.1 117.02180480957
231.9 58.5728302001953
232.1 253.763320922852
232.2 84.4408111572266
233.0 3842.7626953125
234.0 489.106323242188
234.9 512.079711914063
235.1 92.5692138671875
235.8 30.398681640625
236.0 70.5269317626953
236.0 20.8232650756836
237.0 3111.7841796875
237.9 649.502319335938
238.1 170.426300048828
239.0 1296.248046875
240.0 44.9728164672852
240.1 2890.43725585938
241.1 14442.5849609375
242.1 45799.66015625
243.1 90765.875
244.1 71146.65625
245.1 17417.767578125
246.1 2314.67529296875
246.9 53.0171546936035
247.0 194.849502563477
247.2 18.0968952178955
247.8 32.7542877197266
248.0 28.8717041015625
248.9 99.326774597168
249.0 54.9438209533691
249.4 20.1793956756592
249.9 14.8021488189697
250.1 35.1193237304688
250.7 12.3011331558228
251.0 100.858924865723
251.0 177.838638305664
251.2 96.0269927978516
252.0 224.436981201172
252.1 231.714660644531
252.3 41.9702835083008
253.1 1909.81298828125
253.9 48.7170257568359
254.0 495.655639648438
254.1 1203.78247070313
255.1 22724.123046875
256.1 33040.24609375
257.1 84090.2109375
258.1 79139.015625
259.1 15477.943359375
260.0 436.84765625
260.1 1156.3515625
260.8 46.6368751525879
261.0 104.153717041016
261.1 161.478164672852
262.0 32.9029998779297
262.8 29.576192855835
263.0 87.765380859375
263.9 50.3748321533203
264.1 80.3316497802734
264.9 127.896125793457
265.0 114.426109313965
265.2 17.8524475097656
265.4 117.931488037109
266.0 295.253143310547
266.1 195.43244934082
266.2 95.0106201171875
266.7 16.3133926391602
266.9 85.1962585449219
267.1 981.718078613281
267.2 89.2591094970703
268.1 1205.72180175781
268.1 728.256896972656
269.1 12372.458984375
270.1 30297.751953125
271.1 390585.40625
272.1 89075.578125
273.1 10950.3427734375
274.1 1125.72937011719
274.8 291.633911132813
274.9 227.403198242188
275.6 15.4345893859863
275.8 18.998722076416
275.9 65.3238677978516
276.9 296.713989257813
277.0 110.069412231445
277.7 22.8192710876465
277.9 83.109748840332
278.9 307.805236816406
279.1 219.949371337891
280.1 600.449584960938
281.1 1183.31176757813
282.1 839.707153320313
283.1 5056.38232421875
284.0 392.050567626953
284.1 3278.59033203125
285.1 24498.052734375
286.1 635.588623046875
286.1 6254.4482421875
287.0 256.854339599609
287.1 1757.27758789063
287.9 100.505508422852
288.1 162.901275634766
289.0 857.550048828125
289.8 47.8717384338379
289.9 273.745178222656
291.0 327.305694580078
291.0 176.127853393555
291.7 11.7059278488159
291.9 52.2181053161621
292.0 178.022598266602
292.2 42.8051300048828
293.0 1269.50244140625
294.0 729.153076171875
295.1 1308.95703125
296.0 103.907150268555
296.1 380.889801025391
296.3 81.85546875
297.0 127.229064941406
297.1 2739.69140625
297.9 94.8636856079102
298.1 1348.17358398438
298.2 71.7490692138672
299.1 18394.39453125
300.0 239.372817993164
300.1 4242.3896484375
301.0 134.388946533203
301.1 566.052795410156
302.0 76.6290740966797
303.1 313.212829589844
303.8 11.9981164932251
303.9 56.1717376708984
304.1 15.144721031189
304.8 12.0479669570923
304.9 44.9482879638672
305.1 119.800384521484
305.2 17.6465530395508
305.8 15.6563205718994
306.0 46.4429588317871
306.1 47.6922378540039
307.0 133.907257080078
307.1 273.412933349609
307.2 23.2409744262695
307.9 33.0538368225098
308.0 115.04972076416
308.1 130.753845214844
308.2 16.3504390716553
308.9 134.957305908203
309.1 459.196990966797
309.2 81.7886505126953
309.9 29.1630382537842
310.0 64.9243850708008
310.1 187.052337646484
311.1 1673.38391113281
311.2 262.973602294922
312.0 78.0901031494141
312.1 447.229431152344
312.2 122.380165100098
312.9 96.8320693969727
313.1 1413.11059570313
314.0 218.100997924805
314.1 250.938217163086
314.8 17.3071327209473
314.9 142.405487060547
316.0 16.959285736084
317.1 24.4930896759033
318.9 45.7930908203125
319.1 14.2593269348145
321.0 72.1885528564453
321.1 21.0179710388184
322.1 66.4381866455078
322.2 15.5096492767334
323.0 64.8586730957031
323.2 159.238800048828
324.1 265.858215332031
324.3 29.2662544250488
325.0 58.5063400268555
325.1 112.813003540039
325.2 69.5347518920898
326.0 33.5931625366211
326.1 37.7370758056641
326.9 85.8295135498047
327.0 403.217071533203
327.2 120.751708984375
327.8 50.6230392456055
328.0 91.2318420410156
328.8 18.1695919036865
328.9 124.940315246582
329.0 165.696517944336
329.2 106.382827758789
330.0 346.551055908203
330.1 271.340881347656
331.2 68373.078125
332.2 18312.953125
333.1 132.866958618164
333.1 2044.21350097656
334.0 113.263236999512
334.1 14.796290397644
334.3 25.8466358184814
334.9 53.1547775268555
337.1 15.5830335617065
337.2 93.6201934814453
339.1 1237.20104980469
339.2 786.853759765625
340.0 442.632385253906
340.1 836.912353515625
341.0 153.926330566406
341.1 458.943725585938
341.9 14.7822313308716
342.2 483.994842529297
343.0 105.482978820801
343.2 2388.41259765625
344.0 22.5822124481201
344.1 1142.76513671875
344.2 182.408554077148
345.1 185.249664306641
345.2 489.846160888672
346.1 243.608169555664
346.2 108.473297119141
346.9 16.1346817016602
347.1 74.024055480957
347.2 30.3528461456299
348.7 23.3757438659668
348.9 147.190734863281
349.1 132.674652099609
349.7 14.665060043335
350.1 12.7197961807251
350.9 50.149600982666
351.1 12.2391920089722
351.2 47.2045516967773
352.0 13.7176103591919
352.6 23.00758934021
352.8 110.89094543457
353.9 18.1928596496582
354.6 15.063364982605
354.8 47.5224342346191
354.9 47.8057594299316
355.0 16.6340637207031
355.1 59.5947456359863
355.3 14.6389102935791
355.6 25.9025554656982
356.1 12.6556396484375
356.4 12.4211168289185
356.7 38.0819969177246
356.9 36.9071235656738
357.0 134.081146240234
357.1 184.819641113281
357.3 47.0346336364746
357.9 19.1319923400879
358.1 1942.62255859375
359.2 322649.09375
360.2 215319.796875
361.2 43790.43359375
362.2 5576.109375
362.9 20.3793659210205
363.1 130.988388061523
363.2 364.374481201172
364.0 31.87380027771
364.1 19.4519519805908
366.9 34.9920883178711
367.0 12.8921165466309
371.0 36.2891845703125
372.1 26.9695148468018
373.1 15.0852365493774
374.9 31.0790634155273
375.2 12.5982341766357
383.2 14.6360130310059
386.9 11.7347173690796
387.0 11.6773386001587
400.8 12.2345132827759
401.1 67.9753341674805
409.0 12.97243309021
