#"+EI Scan (rt: 4.322-4.392 min, 13 scans) R5M5.D  Subtract "
#Point,X(Thompsons),Y(Counts)
40.1 1379.26062011719
41.1 39567.8671875
41.9 43.9460792541504
42.1 2796.005859375
43.1 15584.0576171875
44.1 840.969787597656
44.9 107.691680908203
45.1 521.633728027344
45.9 43.8415298461914
46.1 674.957702636719
47.1 11534.984375
47.9 130.369598388672
48.0 254.494888305664
48.9 94.1243896484375
49.0 29.0830593109131
49.1 90.7559509277344
49.3 28.1915874481201
50.0 3550.9931640625
51.0 10362.2080078125
51.9 387.682006835938
52.0 2239.89916992188
53.0 3511.14404296875
53.9 37.5563812255859
54.1 950.496398925781
55.1 5905.64453125
56.0 273.529357910156
56.1 73.8636016845703
57.0 510.643859863281
57.1 305.635009765625
57.9 137.367416381836
58.1 262.652160644531
59.0 7262.76171875
60.0 741.359680175781
61.0 550.025939941406
61.0 2506.05615234375
62.0 2112.638671875
63.0 7924.8271484375
64.0 4525.4150390625
65.0 4676.19189453125
65.9 101.502731323242
66.0 276.855926513672
66.1 549.465270996094
67.0 2472.505859375
67.9 23.2229824066162
68.1 589.884338378906
68.3 22.2358913421631
69.1 10497.40234375
70.0 640.324890136719
70.1 115.911392211914
71.0 241.698638916016
71.0 150.658386230469
71.8 71.2912979125977
71.9 49.8242721557617
72.1 123.622688293457
72.2 84.5124053955078
73.0 1982.66796875
74.0 5941.1845703125
75.0 18371.0625
76.0 22060.443359375
77.0 58767.88671875
78.0 8146.05078125
79.0 88.566162109375
79.1 894.239318847656
79.7 17.8725166320801
80.0 167.030197143555
81.0 917.467529296875
81.8 81.4518585205078
82.0 92.7723617553711
82.1 158.524993896484
82.9 142.320571899414
83.0 561.023864746094
83.8 35.6181564331055
84.0 27.4161510467529
84.1 71.2921524047852
84.9 608.485473632813
85.0 293.086975097656
86.0 1408.89038085938
86.1 71.1125183105469
87.0 1363.51196289063
87.1 2112.63525390625
88.0 2505.9326171875
89.0 6177.154296875
90.0 14113.48828125
91.0 7147.89892578125
92.1 4194.86572265625
93.1 592.2548828125
93.5 36.2040252685547
93.9 108.89794921875
94.0 8.55560302734375
94.2 152.476425170898
94.3 45.6584091186523
94.6 32.1920013427734
94.7 144.617691040039
94.9 91.2896270751953
95.0 75.4409484863281
95.6 19.396427154541
95.8 149.805847167969
95.9 25.8092346191406
96.1 111.498077392578
96.2 14.0305337905884
97.0 547.309692382813
97.1 166.287353515625
97.9 22.0117301940918
98.0 1757.18505859375
99.0 3716.64501953125
100.0 491.572052001953
100.1 3358.46069335938
101.0 31239.3203125
102.0 27407.771484375
103.0 31293.779296875
104.0 7556.95263671875
104.9 94.3645935058594
105.0 1002.25537109375
105.7 42.5334548950195
105.9 103.293548583984
106.0 208.298828125
106.2 164.206329345703
106.8 104.482734680176
107.3 139.845581054688
107.4 138.790054321289
107.5 209.328582763672
107.7 303.529846191406
107.9 361.859680175781
108.2 528.417663574219
108.3 124.786689758301
109.0 4240.89697265625
110.0 646.892456054688
110.2 51.6994018554688
110.8 76.9770660400391
111.0 670.876831054688
111.8 54.1467208862305
112.0 129.171279907227
112.0 380.918792724609
113.0 2647.7216796875
114.0 4220.00537109375
115.0 13515.296875
116.0 5994.24267578125
117.0 8659.994140625
118.0 8213.1630859375
119.0 3226.19750976563
119.1 1387.63354492188
120.1 501.877410888672
120.3 66.0423583984375
120.5 64.0227432250977
120.7 31.479434967041
121.1 270.728546142578
121.3 192.197906494141
121.4 2282.42211914063
121.5 1019.25103759766
121.6 986.036010742188
122.1 45.1406860351563
122.8 182.840423583984
123.0 433.284729003906
123.9 161.033462524414
124.1 466.530212402344
124.2 187.703872680664
125.1 10191.927734375
126.0 95521.21875
127.1 573694.25
128.1 81962.3046875
129.0 22869.30078125
130.0 11421.5302734375
131.0 11790.5791015625
132.0 3370.72241210938
133.0 881.216674804688
133.1 877.096435546875
133.6 88.9369430541992
134.0 840.80078125
134.2 701.439575195313
134.9 275.317993164063
135.0 1580.35229492188
135.9 559.40625
136.0 2187.82275390625
137.0 11528.55078125
138.0 4377.68603515625
139.0 6887.80615234375
140.0 8644.16796875
141.0 15235.8515625
142.0 853.898010253906
142.1 5559.8837890625
142.7 358.593811035156
142.9 728.487365722656
143.0 4734.55224609375
144.0 758.249755859375
144.1 3421.84375
145.0 7400.15283203125
145.8 31.2178230285645
146.0 951.798095703125
146.1 268.501892089844
146.2 21.2260303497314
146.9 170.47883605957
147.0 1521.08251953125
147.1 54.6411094665527
147.7 42.4411239624023
148.0 361.695007324219
148.1 353.549377441406
148.9 55.0232543945313
149.0 526.451843261719
149.1 550.056396484375
149.8 73.8662643432617
150.0 560.540405273438
150.1 1212.46826171875
151.0 2756.259765625
152.0 6571.88037109375
152.1 2532.5185546875
153.0 13607.830078125
154.1 6266.53515625
155.0 141501.5
156.0 20500.4296875
157.1 9113.8125
158.1 4240.65625
159.0 5974.0693359375
160.0 911.707214355469
160.9 787.979736328125
161.0 228.842346191406
161.9 333.286468505859
162.1 415.347106933594
163.0 3103.72998046875
163.9 63.430061340332
164.0 2504.60693359375
165.0 561.832824707031
165.0 3245.2978515625
166.0 84.5600051879883
166.1 1666.13696289063
167.0 3940.04467773438
168.1 2161.29467773438
169.1 3669.986328125
169.8 74.3904876708984
170.0 404.995544433594
170.1 687.266296386719
170.2 81.9426727294922
171.0 9696.8212890625
172.1 1778.62915039063
172.3 44.7537307739258
172.7 83.0723114013672
173.0 503.300323486328
173.1 296.453643798828
173.9 181.774475097656
174.0 226.100799560547
174.7 36.8269691467285
174.9 491.813507080078
175.1 171.840118408203
175.7 21.1984825134277
176.0 795.324768066406
176.1 176.083343505859
176.9 124.289077758789
177.0 1300.99865722656
178.1 1254.97888183594
178.9 325.955017089844
179.1 719.2470703125
180.0 1164.27355957031
180.1 627.976196289063
181.0 1800.79870605469
181.9 149.590957641602
182.0 391.75390625
182.1 75.4564971923828
182.9 89.2368927001953
183.0 477.364318847656
183.1 346.921173095703
184.0 270.783996582031
184.1 58.8767929077148
185.0 2389.19287109375
186.0 549.158569335938
186.1 243.048492431641
187.0 2330.44506835938
188.1 2463.8046875
189.1 5113.66748046875
190.0 1137.35083007813
190.1 2574.83081054688
191.0 1550.7880859375
191.9 239.462966918945
192.0 201.504531860352
192.1 111.647247314453
193.0 1177.11499023438
193.2 137.877029418945
193.7 14.2620811462402
193.9 135.140396118164
194.0 7.77760314941406
194.1 168.154373168945
195.0 1275.71508789063
195.9 190.704956054688
196.1 64.6036682128906
197.0 221.906982421875
197.1 281.562683105469
197.9 151.274063110352
198.0 88.777458190918
198.1 86.6569366455078
198.2 21.3280811309814
198.9 920.507690429688
200.0 792.932312011719
200.1 246.334808349609
201.0 1229.00122070313
201.1 240.633819580078
201.9 195.023208618164
202.0 1654.63525390625
203.0 1957.46350097656
204.1 1836.61193847656
205.1 5773.40283203125
205.1 2103.4541015625
206.0 422.7451171875
206.1 965.198120117188
207.0 517.936950683594
207.1 227.165100097656
207.9 74.3805541992188
208.0 176.925155639648
208.1 136.236846923828
208.9 18.6229858398438
209.0 103.765594482422
210.0 125.502334594727
211.0 2301.9013671875
212.0 924.851806640625
213.0 2082.71875
214.1 10514.568359375
215.0 11805.259765625
216.1 12846.8994140625
217.0 7766.611328125
218.0 122.886108398438
218.1 1308.43884277344
219.0 1208.73901367188
220.0 368.047760009766
220.1 151.286392211914
220.9 574.404663085938
221.9 169.49951171875
222.0 50.9715309143066
223.0 329.900390625
223.8 36.5620994567871
223.9 87.8723526000977
224.0 38.1278305053711
224.2 19.2100601196289
224.9 350.211975097656
225.1 90.4527893066406
225.2 72.6318817138672
226.0 877.869445800781
226.1 243.032821655273
226.3 24.3030433654785
227.0 2584.9287109375
227.2 52.1412162780762
228.1 2691.87646484375
228.2 66.0914611816406
229.1 1935.60009765625
230.1 3465.31420898438
231.1 2120.88623046875
231.9 64.8295440673828
232.0 385.4833984375
232.2 59.3813323974609
233.0 2181.7431640625
234.0 64.327392578125
235.0 1214.31750488281
235.7 34.6251068115234
235.9 193.007827758789
236.0 131.027267456055
237.0 2837.97021484375
237.9 561.900451660156
238.0 368.159057617188
239.0 2059.53173828125
240.1 3409.61865234375
241.1 16780.541015625
242.1 55649.03515625
243.1 113041.875
244.1 85095.375
245.1 21252.8125
246.0 380.990936279297
246.1 2209.669921875
246.8 29.9110069274902
247.1 195.010238647461
247.9 12.1415119171143
248.8 40.2439498901367
248.9 9.90922546386719
249.1 29.4733505249023
249.2 27.4391555786133
249.8 34.7925148010254
249.9 27.6822891235352
250.9 75.7612533569336
251.0 262.056182861328
251.7 52.7479820251465
251.9 156.372009277344
252.1 396.214080810547
252.9 52.0015335083008
253.1 2025.8642578125
253.9 126.334808349609
254.1 1891.83740234375
255.1 27147.3203125
256.1 38573.50390625
257.1 100826.359375
258.1 98854.2890625
259.1 18107.90234375
260.0 1028.54663085938
260.1 858.947998046875
260.9 91.922981262207
261.0 217.289520263672
261.1 152.514404296875
261.9 34.5099754333496
262.2 33.8683433532715
262.3 18.3182697296143
262.5 37.8857345581055
262.6 34.877269744873
262.8 17.8027324676514
262.9 31.4286022186279
263.1 41.4322166442871
263.1 71.0054016113281
263.7 30.1987113952637
263.8 32.0931053161621
264.0 84.4597625732422
264.9 64.2262878417969
265.0 165.644943237305
265.2 54.5058937072754
265.8 138.088302612305
266.0 295.988952636719
266.2 194.252899169922
267.0 547.651916503906
267.1 569.360778808594
268.1 2295.17456054688
269.1 15143.9736328125
270.1 35910.546875
271.1 471040.75
272.1 104867.890625
273.1 13714.279296875
274.1 1441.09008789063
274.9 399.405456542969
275.0 360.119262695313
275.9 112.14892578125
276.9 242.309066772461
277.0 419.295257568359
277.9 64.7998046875
278.0 146.209884643555
278.2 28.0854797363281
278.8 97.8043518066406
278.9 192.520233154297
279.0 117.621337890625
279.9 53.913688659668
280.0 190.670959472656
280.1 480.35986328125
280.3 39.4846000671387
281.1 1349.62780761719
281.9 95.6648635864258
282.1 374.668731689453
282.1 518.801696777344
283.1 5724.97998046875
284.1 4385.654296875
285.1 30576.197265625
286.1 8006.62451171875
287.0 404.474304199219
287.1 1757.23571777344
288.0 151.480331420898
288.0 114.502548217773
288.1 121.752799987793
289.0 1527.15649414063
290.0 553.459533691406
290.9 263.489288330078
291.0 13.8265991210938
292.1 201.965103149414
292.2 30.1202716827393
293.0 1207.38415527344
294.0 713.742370605469
294.2 125.818168640137
294.9 330.866485595703
295.0 919.364013671875
296.0 387.031402587891
296.1 148.234436035156
297.1 3326.87670898438
297.2 437.559417724609
298.0 1232.19030761719
298.1 345.31494140625
299.1 22198.81640625
300.1 5199.24560546875
300.8 27.4514656066895
300.9 157.616851806641
301.1 691.066711425781
302.0 11.966833114624
302.8 49.9457473754883
303.0 338.133117675781
303.2 73.2928619384766
303.9 13.37180519104
304.0 100.192024230957
304.8 12.4209241867065
305.0 143.299011230469
306.1 37.9913063049316
307.0 177.273651123047
307.1 247.717178344727
307.2 92.0156631469727
307.8 38.8234786987305
308.0 87.331184387207
308.1 211.823379516602
309.0 296.498260498047
309.1 452.744934082031
310.0 177.832366943359
310.2 174.930801391602
311.0 112.243049621582
311.1 2199.73999023438
312.0 138.551147460938
312.1 449.236450195313
312.2 286.110107421875
313.1 1889.85083007813
314.0 94.4961013793945
314.1 354.726196289063
314.8 56.5364189147949
314.9 49.9884338378906
315.1 141.008026123047
316.9 12.2961463928223
317.1 42.093994140625
318.8 49.2899589538574
319.0 54.1286354064941
319.2 12.1952428817749
320.2 11.7021646499634
321.0 46.1052932739258
321.2 91.5469207763672
321.9 14.3500366210938
322.0 28.9842948913574
322.2 27.2038860321045
322.3 11.8039197921753
322.8 13.3556776046753
323.0 62.0614547729492
323.2 206.421630859375
324.0 44.1717987060547
324.1 121.425201416016
324.2 33.1164054870605
324.8 31.6114120483398
324.9 27.7955532073975
325.1 215.446853637695
325.2 18.1710319519043
325.3 28.8309135437012
326.0 43.347354888916
326.1 14.5389490127563
327.0 598.357666015625
327.2 178.812484741211
327.9 94.9903564453125
328.1 122.595161437988
328.9 101.450271606445
329.0 198.944747924805
329.2 224.017501831055
329.9 18.3774318695068
330.1 693.773071289063
331.2 82563.9609375
332.2 20723.416015625
333.0 57.5259742736816
333.1 2687.11206054688
333.3 47.4701766967773
334.0 21.1419563293457
334.2 138.744201660156
334.3 28.4933795928955
334.5 13.8016147613525
334.8 61.8760948181152
335.0 33.8551063537598
335.1 26.0534763336182
335.3 12.2232904434204
337.1 121.71858215332
337.3 20.4596118927002
338.9 23.8449726104736
339.2 2226.0302734375
339.9 35.5387535095215
340.1 163.636016845703
340.2 1620.86743164063
341.0 200.444580078125
341.2 629.019897460938
341.8 45.0480918884277
342.0 29.7284240722656
342.1 444.903137207031
343.1 2064.74389648438
343.2 1045.67248535156
344.2 1431.75964355469
345.0 79.5815582275391
345.0 272.248077392578
345.1 212.515213012695
345.2 69.0692443847656
346.0 69.4944000244141
346.1 145.168670654297
346.2 88.8007354736328
346.9 27.6539344787598
347.1 60.0104713439941
347.2 21.4031028747559
349.0 41.5306015014648
349.1 122.265594482422
350.1 19.8491439819336
350.7 13.4308319091797
350.8 13.2294311523438
351.0 14.746880531311
351.1 54.6174736022949
352.7 12.2218523025513
352.9 107.549842834473
353.0 92.4334869384766
354.0 18.9688110351563
354.8 71.5484924316406
354.9 52.3555450439453
355.2 29.4531555175781
355.8 15.1740655899048
356.1 27.4843635559082
356.8 39.7941474914551
357.0 125.679733276367
357.1 263.749847412109
357.2 76.7480392456055
357.8 24.4200000762939
357.9 20.7588062286377
358.1 2512.53344726563
359.2 388175.5
360.2 251173.75
361.2 52265.52734375
362.2 6748.806640625
363.0 354.448120117188
363.1 312.042449951172
363.3 14.041431427002
365.3 32.112174987793
367.0 46.3234710693359
368.0 14.6050682067871
369.1 17.805814743042
370.8 28.626895904541
371.1 42.0906639099121
372.0 68.6045074462891
372.2 12.5417623519897
373.0 48.9346160888672
373.2 13.049222946167
374.8 21.6965599060059
375.0 13.0213766098022
375.1 26.7920665740967
381.1 13.1822700500488
387.0 37.7284393310547
401.1 41.259334564209
408.9 13.6859455108643
412.7 12.6286334991455
414.2 15.511622428894
416.8 12.1798620223999
