#"+EI Scan (rt: 4.578-4.678 min, 18 scans) R10M5.D  Subtract "
#Point,X(Thompsons),Y(Counts)
40.1 178.337387084961
40.2 20.9014053344727
41.1 538.270141601563
41.9 51.8639373779297
42.0 165.059539794922
42.1 184.343658447266
42.8 24.0704498291016
43.1 220.494094848633
43.2 18.765100479126
44.0 912.135070800781
44.8 15.836124420166
45.0 57.2897033691406
45.1 23.5379848480225
45.9 28.7758693695068
46.9 212.402877807617
48.9 35.2393341064453
49.9 6.29172515869141
50.1 134.371643066406
50.9 38.3925247192383
51.0 60.173095703125
51.8 9.46033573150635
51.9 80.2965545654297
52.0 20.6902084350586
53.0 279.023376464844
53.2 12.8878555297852
53.9 42.9578399658203
54.9 101.991897583008
55.1 371.054443359375
55.8 12.3551158905029
56.1 197.728790283203
56.2 40.9580421447754
56.9 173.511856079102
57.9 148.958450317383
58.2 14.4139165878296
59.0 1242.52001953125
59.9 79.0708465576172
60.0 194.727142333984
60.1 13.9769382476807
60.8 17.4840564727783
60.9 72.6180725097656
61.1 47.5987014770508
61.9 53.3559989929199
62.0 153.989227294922
62.1 27.7182102203369
62.8 66.4911727905273
63.0 144.030395507813
63.1 10.4894714355469
63.7 9.9585428237915
63.9 48.2950820922852
64.0 112.851821899414
64.9 81.1331481933594
65.1 141.608581542969
65.8 9.78511810302734
66.0 50.2125091552734
66.0 22.4145431518555
66.9 131.554458618164
67.1 71.8116836547852
67.9 8.73601913452148
68.1 45.1081390380859
68.9 252.05793762207
69.9 86.1557235717773
70.0 178.930358886719
70.2 48.0976448059082
70.9 55.779468536377
71.1 160.486633300781
71.2 36.024341583252
71.8 9.8819522857666
72.0 336.398223876953
72.1 213.213287353516
73.0 309.607177734375
73.8 18.9783248901367
74.0 260.814727783203
75.0 762.443969726563
76.0 160.573471069336
76.1 209.830856323242
78.0 179.9482421875
78.8 44.949390411377
79.1 301.007446289063
79.8 38.6141052246094
80.0 142.864151000977
81.0 29.52099609375
81.9 97.672119140625
82.1 45.9423828125
82.9 58.4346580505371
83.0 1653.90600585938
83.8 22.4349136352539
83.9 33.1039886474609
84.1 80.8980484008789
85.0 37.6904754638672
85.9 89.406982421875
86.0 27.6875534057617
86.8 66.3140716552734
86.9 134.395919799805
87.1 87.7994689941406
88.0 927.058044433594
88.1 15.0907373428345
89.0 694.823608398438
90.0 509.966094970703
90.8 15.8659343719482
90.9 140.006042480469
91.1 83.8934707641602
92.0 114.027328491211
92.1 14.4464483261108
92.8 12.5466451644897
92.9 38.5056076049805
93.0 4.96556091308594
93.1 98.9960556030273
93.8 44.0345916748047
94.0 30.0503330230713
94.9 210.283203125
95.1 241.482208251953
96.0 230.73893737793
96.7 27.7566566467285
97.2 31.4869613647461
97.3 9.51765441894531
97.8 21.1317729949951
97.9 89.2561798095703
98.9 34.9719123840332
99.1 25.9535293579102
99.2 37.8321266174316
99.9 37.4416046142578
100.0 12.1147480010986
100.1 73.1193618774414
100.7 9.09195518493652
101.0 62.0176048278809
101.2 9.01910018920898
101.7 24.280158996582
101.9 51.0593185424805
102.0 489.274200439453
102.8 33.3535079956055
103.0 198.981994628906
103.1 60.6309127807617
103.8 83.0908050537109
104.0 146.838455200195
104.1 28.8951416015625
104.8 43.1341857910156
105.0 73.3330459594727
105.1 108.559051513672
105.2 13.9834260940552
106.1 36.8458709716797
106.7 8.79722881317139
106.8 48.6360855102539
107.0 467.087677001953
107.1 75.4868087768555
107.9 41.6720504760742
108.1 287.819793701172
109.0 16949.271484375
110.0 1529.67211914063
110.9 99.7041091918945
111.0 95.4384384155273
111.1 54.4344902038574
111.8 8.74210739135742
111.9 28.7110939025879
112.1 8.79817485809326
112.9 119.887588500977
113.0 139.079391479492
113.2 21.9091644287109
113.8 9.65644454956055
114.0 64.5307540893555
114.1 16.4603996276855
114.3 12.6445226669312
115.1 204.766815185547
115.2 24.2958316802979
115.8 11.7060699462891
115.9 66.9943084716797
116.1 122.360870361328
116.2 10.054859161377
116.8 29.9888782501221
118.0 133.613708496094
118.1 44.2498321533203
118.8 108.681694030762
120.1 9.14705467224121
120.9 1.34799957275391
121.0 78.8027801513672
121.1 29.8740062713623
121.7 13.1252517700195
121.9 51.2360992431641
122.0 90.7370758056641
122.7 11.6156463623047
123.0 144.820129394531
123.2 15.0703773498535
123.8 14.4208183288574
123.9 24.7917995452881
124.9 165.168930053711
125.1 41.8106002807617
125.7 8.60498237609863
125.9 1.98841094970703
126.0 76.0595397949219
126.1 9.72817707061768
126.8 166.271408081055
127.0 147.143951416016
127.1 42.6081008911133
127.2 26.3570537567139
127.7 10.3906564712524
127.9 124.595039367676
128.2 84.0140380859375
128.9 49.6821823120117
129.0 537.514892578125
129.1 10.8898515701294
129.7 55.4107246398926
129.9 55.4801177978516
130.6 9.19147872924805
130.8 91.3409652709961
130.9 55.0447158813477
131.1 189.448089599609
131.2 33.029914855957
131.8 70.2405853271484
131.9 105.498466491699
132.1 73.7619934082031
132.2 11.4233980178833
132.7 24.9577808380127
132.9 280.368103027344
133.7 11.6706285476685
133.8 12.250883102417
134.8 40.4743537902832
135.8 93.1138687133789
137.0 3553.5986328125
137.9 560.611755371094
139.0 774.884460449219
139.9 130.051040649414
140.2 11.2487373352051
140.9 206.29931640625
141.0 160.776733398438
142.0 41.3265800476074
142.2 9.33765029907227
142.7 16.2134666442871
142.8 24.8448543548584
143.0 96.1025695800781
143.1 72.7514877319336
143.8 62.0123138427734
143.9 85.8647766113281
144.0 142.450439453125
144.2 17.8036575317383
144.9 33.2050476074219
145.0 1367.7939453125
145.1 278.069946289063
145.7 8.71651172637939
145.8 36.199291229248
146.0 206.708251953125
146.1 74.125244140625
146.9 74.7659912109375
147.9 34.5832977294922
148.1 13.1992921829224
148.9 74.3499755859375
149.0 64.0799942016602
149.8 9.7193078994751
149.9 23.730562210083
150.9 310.337524414063
151.9 32.0885009765625
152.1 91.1634902954102
153.0 231.070907592773
153.2 27.7779064178467
153.8 42.6225929260254
153.9 42.7433395385742
154.1 44.2766609191895
154.2 9.30663871765137
154.9 115.685981750488
155.0 254.294311523438
155.7 10.7839050292969
155.9 95.2455291748047
156.0 27.0420837402344
156.3 15.3053197860718
156.8 68.8005523681641
157.1 85.0953750610352
157.7 12.9064998626709
158.0 123.15030670166
158.2 40.0611953735352
159.0 447.67919921875
160.0 581.680114746094
161.0 360.047790527344
162.0 17.2365493774414
162.9 434.400787353516
163.8 30.7231979370117
164.0 58.957160949707
164.9 191.160766601563
165.2 34.7450141906738
166.0 37.1737747192383
166.2 22.4154777526855
166.8 279.828125
167.2 30.75807762146
167.7 23.4062404632568
167.9 47.9764556884766
168.9 73.5386962890625
169.0 165.388732910156
169.8 13.70250415802
169.9 77.399787902832
170.0 111.728256225586
170.5 9.37507057189941
170.8 94.6144866943359
171.1 11.6715574264526
171.9 62.1609039306641
172.0 53.3577194213867
172.2 8.44331836700439
172.8 35.3785705566406
172.9 55.1043853759766
173.0 21.4920883178711
173.8 9.06255149841309
174.0 11.7808294296265
174.9 10.6954050064087
176.0 69.8115081787109
176.3 22.8068313598633
176.8 51.4052696228027
177.0 99.6377105712891
177.1 14.3501195907593
177.9 10.498556137085
178.1 19.5760669708252
178.8 21.8515377044678
179.0 20.6785678863525
180.0 23.1040840148926
180.8 157.491653442383
181.1 48.1669311523438
181.7 9.8427267074585
181.8 42.6540908813477
182.0 71.8732604980469
182.7 18.8340358734131
182.9 140.779098510742
183.1 94.3153228759766
183.9 9.46876335144043
184.0 20.9851455688477
184.6 14.6484260559082
184.9 296.452941894531
185.9 78.4665985107422
186.1 61.9699363708496
186.2 19.9998455047607
186.9 244.513000488281
187.1 20.3228549957275
187.6 10.0768041610718
188.0 33.1856117248535
188.2 12.6001777648926
188.7 48.7489891052246
189.0 84.3476638793945
190.8 83.8837814331055
191.0 146.416152954102
191.7 18.6911888122559
192.3 9.15233421325684
192.8 215.258972167969
193.7 25.2978172302246
193.9 67.1685256958008
194.0 63.5559692382813
194.9 111.241859436035
195.8 74.1832427978516
196.2 55.302001953125
197.0 800.719482421875
197.1 119.897811889648
197.8 72.0371856689453
197.9 8.97058868408203
198.0 56.9173049926758
198.9 578.105834960938
199.7 59.1670074462891
199.9 60.6887741088867
200.0 59.2053565979004
200.9 212.302337646484
201.8 54.2714385986328
201.9 59.9643363952637
202.1 18.9087314605713
202.7 15.9425830841064
202.8 17.0095977783203
202.9 3.74559020996094
203.0 73.2131042480469
203.7 9.10663032531738
203.9 48.7096481323242
204.1 36.8279113769531
204.7 26.3636951446533
204.7 15.9292144775391
204.9 98.7184753417969
205.0 142.092742919922
205.2 12.1630201339722
206.0 21.9066600799561
206.9 261.031677246094
207.9 87.2132110595703
208.1 93.3560638427734
208.8 57.0343627929688
209.7 21.3363094329834
210.0 25.8905811309814
210.1 30.3350448608398
211.0 141.5771484375
211.9 65.051025390625
212.0 273.147125244141
212.9 234.420547485352
213.1 150.031677246094
214.0 150.04426574707
214.1 239.47770690918
215.0 828.2509765625
216.0 158.75927734375
217.0 471.125061035156
217.7 22.9484176635742
218.0 27.6414165496826
219.0 386.96923828125
219.7 33.2710914611816
219.9 155.724060058594
221.1 149.026702880859
222.0 48.5886077880859
222.8 210.370880126953
223.9 94.3705215454102
224.1 60.526481628418
224.7 23.4929294586182
224.9 6.98411560058594
225.0 224.571746826172
225.1 61.5241432189941
225.9 9.45777893066406
226.0 43.6095390319824
226.2 13.0433483123779
226.7 23.2766494750977
226.9 57.8460006713867
228.1 39.8977432250977
229.0 247.054626464844
229.9 39.5362586975098
230.1 22.4948635101318
230.8 51.2428932189941
231.0 46.4342384338379
234.0 345.421264648438
234.9 376.758453369141
235.1 51.2017478942871
235.8 34.7751884460449
236.0 69.3382949829102
237.0 509.0087890625
238.0 756.414611816406
238.0 154.156539916992
238.9 237.932647705078
239.9 33.6285858154297
240.0 62.9079933166504
240.1 9.91283321380615
241.0 527.708618164063
241.1 101.474700927734
241.8 28.2074718475342
241.9 11.0664148330688
242.1 20.9422588348389
242.7 20.9939823150635
242.9 75.5160293579102
243.9 8.63266086578369
244.8 71.2829055786133
244.9 57.3601951599121
246.9 8.63661861419678
247.1 14.9770765304565
248.9 29.2879238128662
249.0 37.0744476318359
249.8 12.3296995162964
249.9 10.3869771957397
250.1 8.38770294189453
250.7 49.7412071228027
250.9 52.2598457336426
251.0 101.350219726563
251.8 8.81534004211426
251.9 88.1464309692383
252.0 162.202697753906
252.1 98.1084136962891
253.0 126.185806274414
253.1 10654.29296875
253.9 51.4093818664551
254.1 1899.22778320313
255.0 102.984970092773
255.1 177.214157104492
255.8 15.8013648986816
256.0 183.250930786133
256.8 93.1858901977539
256.9 63.0292358398438
257.2 10.0725908279419
258.1 37.0125274658203
258.8 29.0739002227783
259.0 79.7779006958008
259.1 8.60675430297852
260.7 21.4165172576904
260.9 27.8626708984375
263.0 34.9050712585449
265.1 11.8725156784058
266.8 46.7056999206543
266.9 30.3624095916748
267.7 10.5553827285767
268.0 69.2105407714844
268.6 14.8536176681519
268.7 15.6477069854736
268.9 8.35971069335938
269.1 403.865264892578
269.9 53.3065338134766
270.1 66.3481674194336
271.1 288.771728515625
271.8 37.4506721496582
272.0 68.0963439941406
272.7 25.3275871276855
272.9 101.207206726074
273.8 8.73136901855469
274.9 88.2527160644531
275.7 21.9967079162598
275.9 28.5202541351318
276.7 119.317855834961
277.1 28.1539916992188
277.8 8.47639465332031
278.1 8.9898099899292
278.7 12.8117408752441
278.9 114.974395751953
280.1 14.3945503234863
280.8 84.2221450805664
281.0 138.879745483398
281.3 8.76664733886719
281.9 21.945987701416
282.1 15.1498222351074
282.7 20.610237121582
282.8 9.02482128143311
283.0 28.4822826385498
283.1 35.8994331359863
284.8 80.0835876464844
284.9 401.858917236328
285.9 91.8285293579102
286.8 43.1963310241699
288.8 59.0634574890137
289.7 29.7284927368164
290.0 108.552886962891
290.1 35.3639259338379
290.8 46.924201965332
290.9 56.3836288452148
291.9 58.111083984375
293.0 1203.39794921875
293.7 37.3220291137695
293.9 148.616348266602
294.0 180.600296020508
294.2 9.10929489135742
295.0 313.294036865234
295.2 21.1675510406494
296.0 54.5484924316406
296.7 16.9265060424805
296.9 246.614776611328
297.7 10.7781953811646
298.7 15.9204778671265
299.1 45.6563568115234
300.1 8.72627258300781
302.7 8.55810260772705
303.0 23.623384475708
304.2 11.8877944946289
304.9 8.75138664245605
305.9 22.8876152038574
306.0 9.21060562133789
306.8 22.6604061126709
307.0 68.9143905639648
307.9 23.5260620117188
308.1 27.8140659332275
309.1 33.4184150695801
311.0 35.779914855957
312.0 19.2504043579102
315.0 35.1910705566406
315.2 22.8577537536621
318.9 9.07700634002686
319.0 22.0335311889648
320.9 57.9886817932129
321.0 223.505218505859
321.1 118.001098632813
321.9 89.6080856323242
322.1 141.776336669922
322.9 8.93387126922607
323.0 74.0977478027344
324.1 5880.6669921875
325.1 1515.67333984375
326.0 57.7551689147949
326.1 63.7051544189453
326.2 34.4428024291992
329.0 20.8073139190674
330.6 17.8013858795166
331.0 4.69153594970703
332.9 9.38435363769531
334.6 22.5984325408936
335.0 35.6802177429199
336.0 9.1705265045166
342.0 8.96139907836914
344.1 39.8910713195801
344.8 57.1864624023438
345.1 21.377685546875
345.2 18.8279075622559
348.9 46.3480110168457
350.0 29.1529941558838
350.2 31.6101341247559
350.9 24.2054710388184
351.0 22.8754062652588
351.1 84.8818893432617
351.9 21.6618003845215
352.8 8.89132308959961
352.9 23.4963607788086
357.0 9.20168304443359
359.0 12.7394523620605
359.2 20.0450801849365
361.1 9.19193363189697
368.0 9.8470458984375
370.9 22.177734375
400.9 18.9923572540283
410.7 10.1386289596558
