#"+EI Scan (rt: 6.205-6.286 min, 15 scans) R5M5.D  Subtract "
#Point,X(Thompsons),Y(Counts)
40.1 809.622375488281
41.1 25951.904296875
42.1 1220.69763183594
42.9 25.0092086791992
43.0 519.736633300781
44.0 171.892822265625
44.9 63.7254066467285
45.0 260.766296386719
46.9 118.929466247559
47.1 53.6163444519043
48.7 13.359338760376
49.0 63.871826171875
49.1 24.3985347747803
50.0 330.942840576172
50.1 97.7033843994141
51.0 1391.54296875
51.1 60.84228515625
51.9 109.494071960449
52.0 493.364074707031
53.0 1791.94189453125
53.1 23.2317810058594
53.8 17.176872253418
53.9 160.426712036133
54.1 315.531982421875
54.2 28.9983024597168
55.0 1110.359375
56.1 219.587875366211
57.1 186.102310180664
57.9 122.059120178223
58.2 85.6953125
59.0 1640.587890625
60.1 150.223937988281
60.7 14.4178352355957
61.0 118.161949157715
61.2 28.7109260559082
62.0 852.766235351563
63.0 2518.77709960938
63.9 688.08154296875
65.0 205.648406982422
65.0 1616.32849121094
65.9 57.3527450561523
66.1 198.879653930664
67.0 819.493530273438
67.1 1161.00561523438
67.9 72.3277130126953
68.0 69.0422058105469
68.2 122.696044921875
69.1 4378.5078125
69.9 17.6281356811523
70.0 288.460357666016
70.2 71.2422332763672
70.7 16.5372104644775
70.9 75.5681838989258
71.0 178.351257324219
71.8 23.3153877258301
72.2 22.4207553863525
73.0 1154.99487304688
74.0 536.543151855469
74.1 219.104919433594
75.0 2145.20385742188
76.0 2112.06884765625
77.0 3563.5166015625
78.0 1231.61328125
79.0 1526.20166015625
79.9 3.32510375976563
80.0 133.058578491211
82.0 195.970184326172
82.8 116.554893493652
83.0 58.5042114257813
83.1 35.2110328674316
84.0 80.8061676025391
84.2 21.5901260375977
85.0 347.776885986328
85.1 38.2691459655762
85.7 26.649112701416
86.0 280.148162841797
86.1 106.369453430176
86.7 27.8453159332275
86.9 154.215866088867
87.0 644.84033203125
87.1 116.706283569336
87.9 204.622131347656
88.0 1749.25891113281
88.2 53.5034332275391
89.0 7819.25390625
90.0 759.901672363281
90.1 368.837615966797
90.8 60.2979469299316
91.0 1756.30493164063
91.9 52.7293128967285
92.1 183.881423950195
92.2 59.899097442627
92.9 259.758911132813
93.2 30.1584033966064
93.6 26.9793338775635
93.8 63.0372161865234
93.9 74.090934753418
94.0 4.71353149414063
94.2 83.993766784668
94.4 46.128116607666
94.6 49.419246673584
94.8 58.7223510742188
95.0 240.338302612305
95.2 37.7340126037598
95.7 44.1621894836426
96.0 45.4986877441406
96.2 37.3608474731445
96.8 45.9231986999512
97.0 104.16828918457
97.7 13.1199598312378
97.9 125.40274810791
98.0 55.7040252685547
98.2 64.0360412597656
98.8 35.3163108825684
98.9 185.731353759766
99.0 199.88346862793
99.1 54.9407615661621
99.4 11.138503074646
99.8 76.6443328857422
100.0 525.398071289063
100.2 143.026779174805
101.0 4162.25390625
102.0 9140.6611328125
103.0 3296.14404296875
103.8 43.0647964477539
104.0 424.441497802734
104.1 22.2752914428711
104.8 86.0417327880859
105.0 220.646270751953
105.2 14.1338844299316
105.5 51.3310394287109
106.0 155.618118286133
106.2 90.5896987915039
106.3 232.935562133789
106.5 174.710647583008
106.6 312.158569335938
106.8 81.7739181518555
107.0 235.356903076172
107.3 114.088554382324
107.4 64.2700347900391
107.6 56.0079002380371
107.7 55.2103157043457
107.8 77.3883438110352
108.0 47.6220588684082
108.3 105.120048522949
109.0 1062.6298828125
109.9 64.3294982910156
110.1 273.072631835938
110.8 113.611663818359
111.0 231.916473388672
111.1 34.8520278930664
111.9 219.006576538086
112.1 276.636871337891
112.2 52.3436317443848
113.0 3793.30639648438
114.1 4743.23388671875
115.0 55808.2109375
116.0 17128.98828125
117.0 3096.01220703125
118.0 601.48583984375
118.2 160.19953918457
118.6 29.3117008209229
118.7 160.337295532227
119.3 407.835083007813
119.5 693.721923828125
119.7 334.44873046875
120.2 89.8933486938477
120.3 74.8573532104492
120.6 1550.32934570313
120.7 573.256164550781
120.8 153.634185791016
121.2 192.751617431641
121.3 269.754180908203
121.4 223.952621459961
121.6 253.441970825195
122.2 47.593620300293
122.8 116.040000915527
123.0 55.9739074707031
123.8 27.554313659668
123.9 34.4012870788574
124.1 20.3699474334717
124.9 134.263763427734
125.0 265.719299316406
125.1 36.7354278564453
125.9 49.1200408935547
126.0 688.000183105469
126.1 1658.12915039063
127.0 246.0380859375
127.1 6818.8271484375
128.0 12315.8544921875
129.0 9232.0771484375
130.1 11533.078125
131.0 1691.79467773438
131.8 12.574803352356
131.9 22.2700424194336
132.0 201.681488037109
132.2 123.799491882324
132.3 363.788726806641
132.5 110.127044677734
132.7 439.305847167969
132.8 217.184921264648
133.5 1334.95593261719
133.6 1920.61376953125
134.1 76.3211822509766
134.3 481.948760986328
134.5 491.534393310547
134.6 2845.10668945313
134.9 242.99365234375
135.2 681.116394042969
135.5 1009.94641113281
135.7 830.622314453125
136.1 29.5733642578125
137.0 5881.84765625
138.0 1260.90649414063
139.0 21985.984375
140.1 7212.9482421875
141.1 47062.0859375
141.9 1043.57751464844
142.0 8423.3369140625
142.1 928.144592285156
143.0 6660.9892578125
144.0 27269.19140625
145.0 3215.10009765625
146.0 1369.29333496094
146.6 61.3006744384766
147.0 117.427444458008
147.1 203.873931884766
147.5 334.152465820313
147.6 731.686340332031
147.8 61.1425476074219
148.5 3277.85620117188
148.6 7084.67333984375
149.2 487.89501953125
149.3 205.847381591797
149.5 224.917282104492
149.7 843.946960449219
149.8 70.4989700317383
150.0 165.247344970703
150.1 95.2734756469727
151.0 535.714660644531
151.1 505.414398193359
152.0 745.228942871094
152.1 1455.94750976563
153.0 2670.55908203125
153.8 106.737274169922
154.0 1183.38623046875
154.1 941.641357421875
155.0 4597.8642578125
156.0 943.992309570313
156.1 1433.03833007813
157.1 1495.10192871094
158.0 2540.92846679688
158.1 571.143737792969
159.0 1387.34521484375
160.0 804.083129882813
160.9 176.122146606445
161.5 27.0417366027832
161.7 75.0999069213867
161.9 99.0904846191406
162.1 77.8789215087891
162.8 85.6007919311523
162.9 657.426513671875
163.1 44.9422187805176
163.8 57.8986053466797
164.0 390.398162841797
164.1 244.859664916992
164.9 14.1148376464844
165.0 1380.10766601563
165.8 203.708343505859
166.0 509.111511230469
166.2 66.0129623413086
167.0 1329.54553222656
167.1 403.60888671875
167.8 52.9942016601563
168.1 2634.09765625
169.1 89582.4921875
170.1 18175.6015625
171.1 2292.76733398438
171.8 26.5605087280273
171.9 164.366180419922
172.0 309.875091552734
172.1 60.705680847168
172.8 83.211051940918
173.0 164.353942871094
173.9 13.367470741272
174.0 282.111022949219
174.2 35.1082611083984
174.8 76.5090179443359
175.0 298.936553955078
175.2 27.4668617248535
175.7 20.6668567657471
175.9 146.642150878906
176.0 684.410705566406
176.7 65.871955871582
176.9 344.753601074219
177.0 145.755218505859
177.1 74.1717071533203
177.9 166.878646850586
178.0 483.614776611328
178.9 56.8300361633301
179.0 235.417755126953
179.1 174.808364868164
180.0 143.318069458008
180.1 486.669708251953
180.2 31.8314723968506
181.0 13407.185546875
182.0 3342.81811523438
182.8 44.3612747192383
183.1 1457.07470703125
184.1 11310.560546875
185.1 2237.69873046875
185.9 6.12135314941406
186.0 281.159362792969
186.2 56.9148292541504
187.0 1270.46350097656
187.1 81.1633834838867
188.0 584.390441894531
188.1 83.3778839111328
188.2 23.8608322143555
189.0 1182.56408691406
189.1 105.938568115234
189.9 12.4435300827026
190.0 498.801239013672
190.2 23.744441986084
191.0 367.609832763672
191.1 74.7375640869141
191.7 60.9378051757813
191.9 48.729190826416
192.0 223.255859375
193.0 437.092010498047
193.1 47.0994148254395
193.9 283.395233154297
194.0 20.2351207733154
194.2 49.0309257507324
194.9 327.43310546875
195.0 444.580017089844
196.0 348.306457519531
196.1 50.0691452026367
197.0 1119.15661621094
198.0 18.4707794189453
198.1 862.361511230469
198.9 574.243469238281
199.0 615.256408691406
200.0 1532.12731933594
200.1 208.563949584961
200.8 70.5775680541992
201.0 1163.947265625
202.0 1836.55932617188
202.1 106.018241882324
203.0 60.761962890625
203.1 443.35205078125
203.7 13.7759389877319
203.9 101.188148498535
204.1 199.264678955078
204.7 73.6282501220703
205.0 241.340240478516
205.8 11.0135803222656
205.9 60.8372497558594
206.1 22.8804664611816
207.0 49.2860107421875
208.1 279.067413330078
208.6 28.6658897399902
209.0 146.612777709961
209.1 181.179824829102
209.6 15.6021108627319
209.9 85.5662307739258
210.0 534.944519042969
210.1 194.843597412109
211.0 1434.3564453125
212.1 37781.1328125
213.1 9859.529296875
214.0 135.964630126953
214.1 3589.2138671875
215.0 3572.9609375
216.0 871.97412109375
217.0 780.0517578125
217.8 13.4401836395264
217.9 100.046203613281
218.1 172.32405090332
218.9 719.901123046875
219.7 146.299942016602
220.9 524.528869628906
221.7 47.4113540649414
221.9 0.292549133300781
222.0 127.508613586426
222.8 4.42317199707031
223.0 613.502502441406
223.9 93.95703125
224.1 1370.95263671875
225.1 1791.744140625
226.1 4748.3671875
226.1 1755.13439941406
227.0 82.720329284668
227.1 3137.94262695313
227.9 50.8522491455078
228.1 3251.4228515625
229.1 1982.16333007813
229.9 89.4330368041992
230.0 121.916473388672
230.1 329.614227294922
230.9 99.6224670410156
231.0 80.8844528198242
231.5 10.7974510192871
231.9 72.6341323852539
232.0 68.0589599609375
233.0 1673.94091796875
234.0 498.072326660156
234.1 102.745643615723
235.0 175.589965820313
235.7 11.9045343399048
236.0 85.5902557373047
237.0 1661.001953125
238.0 1187.76171875
238.2 75.8091201782227
239.0 2662.09594726563
239.1 847.715026855469
240.0 5824.0322265625
241.1 12579.8515625
242.1 4033.69897460938
243.0 622.570983886719
243.1 211.655502319336
243.8 48.803050994873
244.0 148.681365966797
244.1 81.4099578857422
244.6 46.8564033508301
244.9 108.965217590332
245.0 93.4001159667969
246.0 17.3537406921387
246.1 14.1306171417236
246.8 27.7281303405762
246.9 11.9812002182007
248.0 35.6733169555664
248.8 35.6451606750488
248.9 158.794692993164
249.1 13.7682075500488
249.2 29.2582263946533
249.9 90.1635055541992
250.0 294.470336914063
250.2 49.3924102783203
251.0 1474.52099609375
251.1 442.591674804688
251.9 89.0779800415039
252.1 2193.08032226563
253.1 4777.83447265625
254.1 17944.37890625
255.1 9203.1943359375
256.1 3604.6826171875
257.0 757.271667480469
257.1 209.377349853516
257.7 12.5098552703857
257.9 46.2415351867676
258.0 175.153335571289
258.2 41.3035545349121
258.9 102.948165893555
259.0 12.5980224609375
260.0 11.7694883346558
260.7 18.5956974029541
260.8 84.4296798706055
261.0 10.6015920639038
261.9 19.9617824554443
262.1 89.4479751586914
263.0 136.60498046875
263.1 58.4218521118164
263.9 297.663177490234
264.1 466.628326416016
264.2 83.955436706543
264.8 15.3889350891113
265.0 788.333435058594
265.1 563.172668457031
265.5 12.4839563369751
265.9 147.687469482422
266.1 2875.75
266.2 37.7770233154297
267.0 85.2681884765625
267.1 4422.6845703125
268.1 9486.185546875
269.1 9171.7890625
270.1 8607.654296875
271.0 1939.12109375
271.1 213.264678955078
272.0 365.451995849609
272.1 60.7564926147461
273.0 324.209014892578
273.9 96.2112121582031
274.0 36.7280197143555
274.9 326.738311767578
275.1 71.202392578125
275.7 18.7692375183105
275.9 119.536163330078
276.0 41.9270057678223
276.3 17.7334022521973
276.8 73.529914855957
277.0 257.268890380859
277.8 34.0623588562012
278.0 540.927551269531
278.1 295.212890625
278.9 105.528739929199
279.1 630.087219238281
279.2 33.9364471435547
280.0 83.7870635986328
280.1 2916.46337890625
281.1 3084.74340820313
282.1 10142.5966796875
283.1 11957.0146484375
284.1 20889.677734375
285.1 5279.8671875
285.9 40.0888061523438
286.0 742.118225097656
286.1 312.619598388672
286.9 146.723571777344
287.1 127.094207763672
287.2 43.8369483947754
287.9 59.042236328125
288.9 566.355041503906
289.8 92.0315628051758
290.0 98.4537963867188
291.1 417.874633789063
291.9 131.630187988281
292.1 444.894470214844
293.0 1191.65612792969
294.1 3978.98291015625
295.0 570.451538085938
295.1 917.506896972656
296.1 8834.205078125
297.1 5135.0966796875
298.1 30511.021484375
299.1 9773.712890625
300.1 1577.8046875
300.9 128.477828979492
301.1 80.1269607543945
301.2 30.9987258911133
301.8 13.6232862472534
302.0 52.2310447692871
302.2 16.4825229644775
302.9 55.7512168884277
303.1 30.0325813293457
303.9 136.066482543945
305.0 89.7936553955078
305.2 86.248176574707
305.9 141.438232421875
306.1 101.468101501465
306.3 14.926926612854
306.8 81.9730758666992
306.9 113.844230651855
307.1 4.39328765869141
307.2 11.5400524139404
307.9 82.6252746582031
308.1 1296.22387695313
308.2 168.305160522461
308.4 23.477445602417
309.0 452.657653808594
309.1 380.231536865234
310.1 17891.8671875
311.1 4815.9853515625
312.0 72.155158996582
312.1 3427.66625976563
312.9 26.2226619720459
313.0 88.0199813842773
313.1 758.061279296875
313.9 24.4654579162598
314.1 47.2694320678711
314.7 40.8672714233398
315.0 44.385555267334
315.1 26.6308097839355
315.9 10.4568977355957
316.0 12.3652143478394
318.2 10.8437957763672
319.0 84.5447998046875
319.1 24.597354888916
319.9 94.0501861572266
320.1 347.584564208984
320.2 364.816680908203
321.1 258.737274169922
321.2 108.291358947754
322.1 663.130065917969
322.2 999.375366210938
323.1 742.027465820313
323.2 448.029510498047
324.1 3727.33642578125
325.0 162.619812011719
325.1 578.187316894531
325.2 461.851470947266
326.0 262.466400146484
326.2 75.1584091186523
326.7 12.740047454834
326.9 40.6044311523438
327.0 28.7341232299805
327.9 11.8604116439819
328.9 10.0728693008423
330.9 53.7711410522461
331.1 28.6725978851318
332.7 12.1583452224731
332.9 81.5545806884766
333.1 55.4237213134766
333.9 73.3567276000977
334.0 210.59162902832
334.1 264.264770507813
334.2 247.78662109375
334.8 61.5318756103516
334.9 97.8542633056641
335.1 279.549407958984
335.2 39.2197341918945
336.2 15736.5830078125
336.2 3498.17553710938
337.2 5890.10302734375
338.1 5798.4365234375
339.1 789.690063476563
339.2 797.329284667969
339.8 15.0820960998535
340.0 71.9169464111328
340.2 160.363632202148
340.4 13.5959692001343
345.1 33.2463455200195
345.3 15.8019256591797
346.9 44.8764801025391
347.1 51.3656768798828
347.9 12.6672992706299
348.1 34.6357612609863
348.9 128.065216064453
349.0 80.5287246704102
349.9 23.2947597503662
350.0 164.108352661133
350.2 79.7706832885742
350.6 12.2354669570923
350.8 11.100417137146
351.0 64.8009719848633
351.1 248.646926879883
352.2 24572.814453125
353.2 69881.296875
354.2 18616.060546875
355.2 2851.51000976563
356.2 203.981094360352
356.3 19.8769416809082
356.8 11.9384441375732
357.1 24.8029003143311
358.0 10.2462148666382
358.9 10.2661619186401
360.1 16.3674716949463
360.9 14.7147092819214
361.2 38.2982559204102
362.0 10.1909074783325
364.0 13.2440938949585
364.9 10.9093780517578
366.0 13.5267648696899
366.8 23.9282474517822
367.0 60.0815849304199
367.2 26.4824867248535
368.1 25.7010383605957
370.8 35.3797760009766
371.3 12.129955291748
401.0 37.3166160583496
