#"+EI Scan (rt: 6.840-6.933 min, 17 scans) R5M5.D  Subtract "
#Point,X(Thompsons),Y(Counts)
40.1 575.53173828125
41.1 10113.7255859375
42.1 1282.60217285156
43.1 1979.71789550781
44.0 713.792724609375
44.7 18.2278270721436
44.8 33.5147361755371
44.9 38.5499877929688
45.0 13.9551391601563
45.8 5.40889692306519
46.1 18.07887840271
47.0 0.589710235595703
48.9 203.626434326172
49.0 201.477310180664
49.9 36.5631866455078
50.0 206.824462890625
50.1 40.6047172546387
51.0 118.637023925781
51.1 803.8564453125
51.9 13.1397218704224
52.0 469.711639404297
52.2 18.5328903198242
53.0 2028.779296875
53.9 102.977012634277
54.1 945.499145507813
55.1 4125.2724609375
56.0 533.774658203125
56.1 560.123657226563
57.0 1057.40771484375
58.0 517.286010742188
58.1 324.771057128906
59.0 1373.16845703125
59.9 51.1773681640625
59.9 60.7422180175781
60.7 9.70568180084229
60.8 1.4919376373291
61.0 117.59464263916
61.8 83.556266784668
62.0 322.076293945313
62.0 23.5488700866699
62.2 15.1411724090576
62.9 585.495239257813
63.0 947.991455078125
63.9 201.353485107422
64.0 216.617340087891
65.1 2208.69189453125
66.0 756.168273925781
66.1 669.234130859375
67.1 5551.8662109375
67.9 20.0058059692383
68.1 805.76416015625
68.1 213.232879638672
68.3 6.78856754302979
69.1 6955.73779296875
70.0 338.388214111328
70.1 510.562072753906
70.2 16.2433242797852
70.9 44.3390007019043
71.1 49.0503540039063
71.8 8.14927291870117
72.1 33.9098243713379
73.0 917.776123046875
73.9 27.3297958374023
74.0 148.870635986328
75.0 886.049621582031
76.0 953.351135253906
76.1 460.437683105469
77.0 9857.2744140625
78.0 2807.75732421875
79.0 9170.8466796875
80.0 2332.67895507813
81.0 2972.33740234375
82.0 741.067687988281
82.1 58.8813514709473
82.7 0.372966766357422
82.9 50.4361724853516
83.0 135.575317382813
83.2 47.1426696777344
83.8 10.9032182693481
84.0 49.1825561523438
84.2 14.4272861480713
84.8 30.5921669006348
85.0 67.168212890625
85.9 37.3982162475586
86.0 22.7419261932373
87.0 357.647369384766
87.2 9.29095363616943
88.0 1436.19775390625
88.1 1322.9482421875
89.0 2893.44995117188
90.0 6131.517578125
91.0 10230.4453125
92.1 8554.8603515625
93.1 13835.455078125
94.1 7482.7041015625
95.1 1385.58959960938
95.9 82.6135711669922
96.0 380.656127929688
96.2 44.7177429199219
96.8 34.6059303283691
97.0 216.359954833984
97.7 9.90318012237549
97.9 17.3947334289551
98.0 49.798038482666
98.1 10.1799364089966
98.2 13.0138158798218
98.6 26.3020172119141
98.9 74.3629837036133
99.2 13.7617702484131
99.5 8.88949966430664
99.8 15.4707012176514
99.9 10.8043785095215
100.0 73.7166366577148
100.2 10.2723979949951
100.8 26.4019966125488
100.9 135.849411010742
101.1 285.623291015625
101.9 32.0402069091797
102.0 3568.38427734375
103.0 8947.9580078125
104.0 424.709625244141
104.0 3304.3232421875
105.0 35.8495330810547
105.1 2868.38647460938
105.9 97.5321655273438
106.0 1776.98742675781
106.2 106.327102661133
107.1 3186.88818359375
108.0 1147.01000976563
108.1 2244.025390625
109.0 2064.06982421875
109.9 22.1423072814941
110.0 107.609069824219
110.1 259.31591796875
110.8 89.052360534668
111.0 10.2579879760742
111.1 61.3306541442871
111.7 12.7708587646484
111.8 12.607647895813
112.0 9.12628936767578
112.1 9.04165172576904
112.9 107.369194030762
113.0 29.0507202148438
113.9 53.3834266662598
114.0 110.916427612305
114.2 11.9240837097168
114.9 136.560653686523
115.0 739.35546875
116.0 346.046661376953
116.1 772.4462890625
116.2 21.0390510559082
117.0 4318.88134765625
118.0 1019.44921875
118.1 752.57080078125
119.0 1689.01489257813
119.1 269.193206787109
119.9 100.347541809082
120.0 939.573974609375
120.1 233.745468139648
120.8 101.004745483398
121.0 459.450103759766
121.7 36.6980438232422
121.9 60.495475769043
122.0 177.185180664063
122.1 136.004821777344
122.9 64.5128936767578
123.0 13.2049560546875
123.1 62.6419334411621
123.9 3.30447769165039
124.1 7.5829553604126
125.0 199.963562011719
125.1 201.316360473633
125.4 120.007034301758
125.6 179.35676574707
125.7 109.038589477539
125.9 35.4560928344727
126.1 47.1688613891602
126.8 196.252670288086
127.0 163.564239501953
127.1 69.5312271118164
127.9 70.3773880004883
128.0 457.189727783203
128.1 423.654693603516
129.0 4807.775390625
130.0 3467.986328125
130.1 434.465393066406
131.1 17724.92578125
132.0 1263.51318359375
132.1 1475.77209472656
133.0 1611.27966308594
133.1 178.450180053711
133.9 19.387508392334
134.1 1743.95520019531
135.1 12433.2998046875
136.1 3665.16357421875
137.0 5111.654296875
138.0 523.241088867188
138.9 207.750732421875
139.0 55.4515686035156
139.8 1.16785049438477
140.0 143.024139404297
141.0 530.499633789063
142.0 463.338073730469
142.1 96.0802154541016
142.6 17.198917388916
143.0 1491.6728515625
144.0 1017.96868896484
144.1 1757.21301269531
145.0 41796.734375
146.0 4326.98779296875
146.7 5.60975170135498
146.9 160.708282470703
147.0 453.052276611328
147.7 45.6047859191895
147.9 153.529190063477
148.1 140.901916503906
148.2 14.8537406921387
148.9 146.685852050781
149.1 740.147155761719
150.1 24177.0546875
151.1 3732.17358398438
152.0 103.240623474121
152.1 156.748626708984
152.2 39.9133529663086
152.9 10.6016998291016
153.0 254.59358215332
153.3 50.4378089904785
153.7 56.8928108215332
153.9 119.956878662109
154.1 102.356506347656
154.2 40.0458908081055
155.0 1044.76904296875
156.0 1952.23706054688
156.9 398.229125976563
157.0 791.968322753906
157.1 569.759887695313
158.0 1231.56396484375
158.1 443.348571777344
159.0 1945.271484375
159.9 230.671264648438
160.0 136.033782958984
160.9 268.726959228516
161.0 154.054992675781
161.7 71.0013122558594
161.9 47.0725708007813
162.1 10.6035709381104
162.3 37.8504409790039
163.0 522.350463867188
163.8 18.5100727081299
164.0 89.2290878295898
164.7 39.857795715332
165.0 461.783203125
165.9 94.5753021240234
166.0 85.7848358154297
166.1 10.1267738342285
166.3 12.6322011947632
166.6 0.195416450500488
167.0 737.492553710938
167.1 55.7066650390625
167.9 273.879913330078
168.1 175.177795410156
168.6 9.11805820465088
168.9 9.92115783691406
169.0 574.225463867188
169.1 77.2467498779297
169.9 135.1171875
170.0 284.289489746094
170.1 108.433311462402
171.0 2626.46997070313
172.0 433.743011474609
172.1 112.759437561035
172.8 15.5044345855713
173.0 349.447723388672
173.1 94.7514801025391
174.0 336.369842529297
174.1 4349.7861328125
174.9 130.082885742188
175.0 963.541015625
175.1 327.243408203125
175.9 139.986938476563
176.1 80.6249618530273
176.9 147.893005371094
177.1 93.2851486206055
177.8 10.3393411636353
177.9 24.6555042266846
178.0 31.9921836853027
178.2 29.237943649292
178.6 10.6071462631226
178.9 42.4231948852539
179.0 95.3770294189453
179.1 53.0746078491211
179.7 11.5211935043335
179.8 5.03069496154785
179.9 66.0087814331055
180.0 38.9358329772949
180.2 21.0790214538574
181.0 468.227416992188
181.1 90.456901550293
181.8 31.3377799987793
181.9 82.2693099975586
182.0 166.824859619141
182.2 20.8390274047852
182.9 17.3570251464844
183.0 360.197845458984
183.1 59.0319404602051
183.8 17.0797214508057
183.9 205.606567382813
184.1 221.991882324219
185.0 2413.94458007813
186.0 266.444519042969
186.1 672.308532714844
187.0 703.262145996094
187.7 10.7823104858398
187.8 20.4807834625244
188.0 81.3712539672852
188.1 115.387405395508
188.6 33.7685279846191
188.9 69.4441909790039
189.0 12.7094345092773
189.1 21.7372589111328
190.0 60.9720458984375
190.9 327.765838623047
191.7 11.8471899032593
191.9 60.7947120666504
192.0 81.4167022705078
193.0 1540.14575195313
193.9 115.770523071289
194.0 161.729232788086
195.0 848.786926269531
195.9 125.79451751709
196.0 188.467315673828
197.0 598.096557617188
197.9 136.989562988281
198.1 138.803268432617
198.9 287.559936523438
199.0 786.6884765625
199.7 4.60539245605469
199.9 111.59757232666
200.0 173.132995605469
200.1 67.5141143798828
200.9 78.9074401855469
201.0 59.6723022460938
202.0 205.408050537109
202.1 21.6683025360107
202.3 16.7823028564453
202.8 2.18112945556641
203.1 123.381172180176
203.6 10.4606714248657
203.8 38.896484375
204.7 16.9184246063232
205.0 56.8670768737793
205.7 10.6370325088501
205.9 68.3477935791016
206.1 29.7215595245361
207.0 242.801544189453
207.0 32.6907348632813
207.9 185.764801025391
208.0 25.1873626708984
208.2 38.8890151977539
208.7 10.1098775863647
208.8 8.55960845947266
208.9 41.9241333007813
209.0 95.6034851074219
209.2 1.72882652282715
209.9 146.887084960938
210.1 179.456253051758
210.2 40.1652526855469
211.0 845.708984375
212.0 274.185791015625
212.1 362.150329589844
213.1 9607.126953125
214.0 1732.1845703125
215.0 3027.4970703125
215.9 145.540237426758
216.0 294.419921875
217.0 277.72119140625
217.1 121.948417663574
217.8 14.8837432861328
218.0 114.941101074219
218.1 8.18211364746094
218.9 263.197265625
220.0 39.8456420898438
220.1 75.9492492675781
220.9 680.89013671875
221.9 124.547172546387
222.1 146.849609375
222.2 44.7310485839844
223.0 1619.81140136719
223.8 28.2004413604736
224.0 170.303802490234
224.1 143.247817993164
224.7 10.2500238418579
224.9 25.4327545166016
225.0 518.634399414063
225.9 130.282669067383
226.1 110.954742431641
226.2 9.1507625579834
227.0 146.708099365234
227.8 48.420337677002
228.0 44.3268356323242
228.1 75.2901306152344
228.9 28.5737609863281
229.0 135.253814697266
230.0 430.922729492188
230.2 82.4741973876953
231.0 65.145263671875
231.9 11.6013870239258
232.0 84.4826889038086
232.3 21.7778835296631
233.0 1163.94140625
234.0 301.740539550781
235.0 641.857482910156
236.1 4637.86376953125
237.0 1807.8369140625
238.0 2053.208984375
239.0 588.975891113281
240.0 100.674530029297
240.1 59.722110748291
241.0 471.500274658203
242.0 196.322204589844
242.1 173.381652832031
242.8 60.9422988891602
243.0 159.700286865234
244.8 139.854232788086
245.0 31.9979553222656
245.7 9.62132358551025
246.0 32.1970520019531
246.1 11.1485271453857
246.6 13.6600542068481
246.9 75.2680892944336
247.0 385.135375976563
247.1 152.014083862305
247.7 21.7347888946533
247.8 46.21875
248.0 117.392936706543
248.1 260.052886962891
249.1 40711.578125
250.1 6818.177734375
251.1 13742.7099609375
252.1 2449.27392578125
252.9 76.8695297241211
253.0 218.626556396484
253.2 43.4513053894043
253.8 55.880126953125
254.0 58.7901916503906
254.8 3.36717414855957
254.9 98.4361419677734
255.1 15.5556602478027
256.0 36.0030212402344
256.9 36.564868927002
257.0 113.103988647461
259.0 27.6093215942383
260.5 9.48710060119629
260.7 20.2686042785645
260.8 2.92873382568359
261.0 35.7518463134766
261.1 33.7884101867676
261.8 9.62569427490234
261.9 48.4679946899414
262.1 35.8508949279785
262.8 34.946117401123
262.9 0.401820182800293
263.1 370.060150146484
263.2 150.15803527832
263.7 9.51375102996826
263.9 28.6666717529297
264.1 304.587371826172
264.2 83.8787689208984
264.3 16.5890960693359
265.1 1186.65100097656
265.2 113.747985839844
266.1 417.271942138672
266.2 196.10383605957
266.8 40.7281494140625
266.9 17.055419921875
267.0 130.765258789063
267.1 125.4697265625
267.4 10.0506210327148
267.9 26.3737945556641
268.0 84.0941009521484
268.1 51.8979606628418
268.3 12.8179178237915
269.0 247.768981933594
269.9 78.0748596191406
270.1 44.696403503418
270.7 16.9939308166504
270.8 97.21728515625
271.0 42.8702697753906
271.7 31.9219627380371
271.9 50.7396774291992
272.8 49.8562545776367
272.9 60.3357391357422
273.0 199.114151000977
273.8 58.5906448364258
274.0 124.297317504883
274.8 210.451461791992
275.0 114.556770324707
275.9 76.078971862793
276.1 126.318878173828
276.2 10.8737144470215
276.5 9.15585327148438
276.9 43.7753143310547
277.0 558.016418457031
277.2 72.67578125
277.9 41.6402206420898
278.0 112.958358764648
278.1 508.132293701172
278.9 167.316741943359
279.0 192.841262817383
279.2 30.6689453125
279.3 21.5937595367432
279.9 18.5460948944092
280.0 293.244445800781
280.1 281.933349609375
280.4 10.8521919250488
280.9 138.770263671875
281.1 142.140930175781
281.6 11.5757808685303
281.9 29.7136459350586
282.0 62.3794097900391
282.8 39.6040344238281
283.0 26.4988346099854
284.1 25.8089237213135
285.0 174.863525390625
285.9 86.6307754516602
286.0 61.4970474243164
286.9 166.530975341797
287.7 9.02806568145752
287.9 50.5040512084961
288.1 117.269989013672
288.9 192.045593261719
289.0 258.579711914063
289.8 65.3815002441406
290.0 233.250152587891
291.0 156.789764404297
291.1 112.424270629883
291.8 39.7004051208496
291.9 70.4018630981445
292.0 72.1571807861328
292.1 25.6738529205322
292.3 14.5826187133789
293.0 522.17626953125
294.1 26948.232421875
295.1 6037.33203125
296.0 56.7445373535156
296.0 485.080383300781
296.2 321.135009765625
296.9 116.81396484375
297.1 39.1586761474609
297.7 1.49841022491455
298.0 56.0232582092285
298.9 43.9286460876465
299.0 233.394653320313
299.1 20.3714847564697
299.9 9.34111785888672
300.0 82.9772109985352
300.2 32.5425033569336
300.8 21.6977691650391
301.0 117.593658447266
301.2 30.9876537322998
301.9 47.7019462585449
302.0 58.6460571289063
302.2 24.0750789642334
302.9 104.943115234375
303.0 109.759376525879
303.1 72.3625411987305
303.8 18.6462287902832
304.0 154.656860351563
304.1 504.026641845703
304.2 289.001922607422
305.0 669.657592773438
305.1 589.352600097656
306.1 332.419036865234
306.2 804.230163574219
307.0 264.879364013672
307.1 464.951324462891
308.0 22.6575164794922
308.1 2074.189453125
309.0 83.4445190429688
309.1 519.527282714844
309.2 169.062728881836
310.0 27.565544128418
310.1 95.9918746948242
310.8 12.461446762085
311.0 140.281951904297
311.1 71.280876159668
311.9 21.1358280181885
312.0 65.1610870361328
312.2 52.300537109375
312.9 71.2629470825195
313.1 305.170867919922
313.2 61.5141181945801
314.1 6768.6123046875
315.0 959.290405273438
315.1 1189.9765625
316.1 910.980407714844
316.1 1795.81567382813
317.0 268.419067382813
317.1 365.494140625
317.8 10.188892364502
318.0 60.4716720581055
318.1 76.9810028076172
318.3 15.4749507904053
319.0 185.910781860352
319.1 80.7533645629883
319.2 110.471130371094
320.0 71.9420776367188
320.1 83.6607818603516
320.2 24.706335067749
321.1 99.6966781616211
321.2 118.478454589844
321.4 12.7487411499023
322.0 44.5773696899414
322.1 90.5736236572266
323.0 19.1421051025391
323.1 14.7458457946777
323.9 35.4354858398438
324.0 72.7548370361328
324.1 62.2435150146484
325.0 28.4378395080566
326.0 23.2075080871582
326.1 31.4542274475098
326.8 32.4473037719727
326.9 36.0764579772949
328.0 62.3752136230469
328.1 181.638961791992
328.8 31.520336151123
328.9 35.6880645751953
329.0 100.468467712402
329.1 55.501579284668
330.0 234.169174194336
330.1 701.166442871094
330.2 41.7934799194336
330.8 29.4438571929932
331.0 47.2994918823242
331.1 122.223075866699
331.2 153.342193603516
331.9 69.9424438476563
332.1 290.299346923828
332.3 17.6691226959229
333.0 91.0362396240234
333.1 27.2936573028564
333.2 54.4754486083984
333.9 9.87675666809082
334.0 12.7330226898193
334.2 16.5213108062744
334.9 38.0788345336914
335.0 106.826591491699
335.2 46.0644950866699
335.4 12.7722778320313
335.9 39.2884750366211
336.1 242.096649169922
336.3 49.7815704345703
337.0 63.5143699645996
337.1 87.3445129394531
337.2 37.3310737609863
337.5 11.4819307327271
338.1 48.1048431396484
338.7 10.4758367538452
338.9 43.9799194335938
339.0 40.8939437866211
339.2 9.73608303070068
340.0 34.897144317627
340.9 10.2168445587158
341.1 69.2900695800781
342.1 7408.25244140625
343.1 1000.36303710938
343.1 680.061584472656
344.1 2879.10668945313
345.0 307.402770996094
345.1 361.809417724609
345.8 39.6863861083984
346.0 25.3998622894287
346.1 64.0138626098633
346.2 76.6582183837891
346.9 44.0967178344727
347.9 9.18560028076172
348.1 21.0954265594482
348.2 9.92387390136719
348.4 10.0627546310425
348.9 59.8265686035156
349.1 43.534553527832
349.8 26.5287952423096
350.1 37.6129608154297
350.5 10.4888153076172
351.0 10.5789308547974
352.0 14.1892642974854
352.8 32.0519676208496
353.1 229.185623168945
353.2 108.719871520996
354.2 6152.47998046875
355.1 107.844383239746
355.2 2104.93701171875
356.2 3379.70947265625
356.8 34.2990837097168
357.0 211.317199707031
357.2 730.525573730469
357.3 29.0406150817871
357.9 14.944845199585
358.0 164.56706237793
358.2 749.703918457031
358.4 18.3189010620117
358.8 11.3413848876953
359.1 126.003211975098
359.3 72.2770309448242
359.9 19.2685546875
360.1 228.791015625
360.4 14.6206378936768
361.0 30.4290657043457
361.2 12.2596111297607
362.0 15.7378520965576
362.2 61.1292419433594
362.3 20.3096523284912
362.4 10.0257139205933
362.9 25.0322017669678
363.0 12.1387691497803
363.2 72.7334976196289
363.4 14.2822799682617
364.0 58.7557678222656
364.2 71.6235198974609
364.3 147.302108764648
364.4 61.6631507873535
365.1 92.0609512329102
365.2 32.4452362060547
365.4 45.8848915100098
366.1 22.8494701385498
366.8 10.5594711303711
367.0 53.3888931274414
367.1 27.7834014892578
368.1 9.2614803314209
369.0 19.5421504974365
370.0 31.0184535980225
370.1 313.519622802734
370.2 370.398590087891
371.2 18656.748046875
372.1 299.177612304688
372.2 4758.7451171875
373.0 66.908805847168
373.2 6145.98828125
373.3 97.6727447509766
374.1 67.1189651489258
374.2 867.869934082031
374.3 550.784240722656
375.0 13.0112352371216
375.1 155.972381591797
375.3 46.554443359375
382.1 55.4934539794922
382.2 9.96955585479736
383.0 11.231258392334
383.9 25.0513000488281
384.1 93.8059768676758
384.3 56.6677207946777
387.1 12.2157535552979
398.0 102.79248046875
398.1 284.819030761719
398.3 91.0459671020508
399.2 10698.5556640625
400.2 3121.66870117188
401.2 4130.96630859375
402.1 648.958129882813
402.3 342.322357177734
403.2 74.4455108642578
