#"+EI Scan (rt: 1.973-2.026 min, 10 scans) R3M6.D  Subtract "
#Point,X(Thompsons),Y(Counts)
40.1 850.89306640625
41.1 23002.779296875
42.1 3185.79467773438
43.1 27560.2890625
44.0 3354.818359375
45.0 414.603790283203
45.1 141.090789794922
46.8 54.0435371398926
47.1 13.7226715087891
48.9 7.65627288818359
49.1 70.6392822265625
49.9 47.6556129455566
50.1 88.4936981201172
51.0 697.398254394531
51.8 21.4213409423828
51.9 155.468200683594
52.0 230.621856689453
53.1 3322.05590820313
54.1 923.740478515625
54.2 35.7445373535156
55.1 14420.8994140625
56.1 2608.40405273438
57.1 21307.181640625
58.0 152.088180541992
58.1 1180.51049804688
59.0 1081.4765625
60.0 183.795349121094
60.9 42.8529815673828
62.0 211.892776489258
62.9 28.256591796875
63.0 464.994506835938
63.8 1.96212959289551
63.9 282.959533691406
64.1 43.8338813781738
64.9 917.929443359375
65.0 1620.9150390625
65.9 6.19242095947266
66.0 826.190673828125
66.1 47.6220207214355
67.0 3805.26245117188
67.9 21.777473449707
68.0 398.467346191406
68.1 104.368217468262
69.1 6547.53564453125
70.1 1141.83557128906
71.1 5356.4501953125
72.0 23.9976119995117
72.1 425.075775146484
72.2 194.313674926758
73.0 1352.12158203125
73.9 21.9330749511719
74.1 66.8401794433594
74.9 81.4887390136719
75.0 338.084808349609
75.9 34.6508331298828
76.1 203.666809082031
76.2 152.879089355469
77.0 9314.8544921875
78.0 3185.77294921875
79.1 11839.689453125
79.9 83.5548782348633
80.1 1776.17626953125
81.0 30698.9765625
82.0 2656.72338867188
83.0 2054.76098632813
84.0 393.962707519531
84.2 37.8907623291016
85.1 4921.3125
85.9 40.4478378295898
86.1 726.273376464844
87.0 316.741271972656
87.1 103.791786193848
87.9 52.1328926086426
88.1 86.2768249511719
89.0 1067.34838867188
89.7 37.3141212463379
90.0 95.7530975341797
90.1 390.565155029297
90.3 53.258373260498
91.0 17084.033203125
91.9 24.1527500152588
92.1 2066.57421875
93.1 3562.8291015625
93.8 38.7662582397461
94.0 919.445861816406
95.0 3921.66552734375
96.1 639.868896484375
97.1 2188.11938476563
98.0 336.376098632813
98.1 109.427200317383
99.1 736.952087402344
99.9 194.477294921875
100.1 393.026184082031
100.5 24.6180095672607
100.9 89.9120941162109
101.0 304.436584472656
101.1 88.0936737060547
102.0 1076.56677246094
103.0 5002.380859375
103.9 35.4731979370117
104.0 1572.919921875
105.0 10074.8291015625
106.0 691.169067382813
106.1 998.660400390625
107.0 23944.078125
107.9 35.23876953125
108.0 2235.13403320313
109.0 1606.05639648438
109.8 105.558395385742
110.0 284.545501708984
111.0 97.2564392089844
111.1 309.224700927734
111.9 98.4600219726563
112.0 20.9206466674805
112.2 25.4929962158203
113.0 97.5800170898438
113.1 157.16682434082
113.7 34.5465316772461
113.9 91.2246551513672
114.1 239.093048095703
115.0 12006.72265625
116.0 33.8491058349609
116.1 3950.47875976563
117.0 9004.4599609375
118.0 2336.16357421875
119.0 5518.50390625
120.0 3566.55590820313
121.0 11887.3701171875
121.9 37.1042709350586
122.0 1134.68737792969
122.9 571.616760253906
123.0 372.525329589844
124.0 242.290710449219
124.2 49.7515869140625
124.8 104.097091674805
125.1 271.323486328125
125.6 24.8994522094727
125.8 86.9940414428711
125.9 5.88886260986328
126.0 386.781402587891
126.2 22.3386878967285
127.0 4678.44482421875
128.0 9447.16015625
129.0 6676.78955078125
130.0 2417.27612304688
131.0 10918.1513671875
132.0 3980.8017578125
133.0 24487.751953125
134.0 4849.1435546875
135.0 17697.560546875
136.1 2527.70947265625
137.0 7573.568359375
138.0 951.648193359375
138.9 188.880187988281
139.0 530.952880859375
139.9 213.063873291016
140.1 278.266052246094
141.0 4753.7587890625
142.0 2076.02563476563
143.1 2861.42529296875
144.0 4425.50146484375
145.0 11661.626953125
145.9 235.294906616211
146.1 3962.04833984375
147.1 24702.689453125
148.1 11806.0419921875
149.0 3735.76635742188
150.0 586.883728027344
150.1 276.956817626953
151.0 821.682312011719
152.0 210.397659301758
152.1 952.20751953125
153.1 2096.0283203125
153.9 149.77001953125
154.1 918.702331542969
155.0 2787.1884765625
156.0 987.461364746094
157.0 4935.93212890625
158.0 2997.47802734375
159.0 10346.685546875
160.0 4876.748046875
161.1 27654.869140625
162.1 5927.63916015625
163.0 1536.41967773438
163.9 325.664154052734
165.0 1287.03149414063
165.9 41.3199882507324
166.0 481.317108154297
167.0 1481.65222167969
167.9 224.581298828125
168.0 213.672927856445
168.1 60.4205017089844
169.0 1358.03283691406
169.9 235.692840576172
170.1 369.082336425781
170.1 128.790969848633
171.0 6229.4033203125
172.0 4221.8486328125
172.2 124.23127746582
173.1 12145.81640625
174.1 3239.9560546875
175.1 3433.36303710938
175.9 0.546764373779297
176.1 1027.32006835938
176.1 518.516784667969
177.0 694.90478515625
177.9 69.122688293457
178.0 254.281372070313
178.7 67.4674530029297
178.9 194.148498535156
179.0 46.8060989379883
179.9 173.321060180664
180.1 35.7133026123047
181.0 1098.3603515625
181.8 14.3194160461426
181.9 30.9021148681641
182.0 340.432189941406
182.2 13.2076225280762
182.8 9.15355682373047
183.0 448.496948242188
183.1 162.382934570313
184.0 231.238433837891
184.2 104.822219848633
185.1 3887.9990234375
186.1 2103.78955078125
187.1 13970.9228515625
188.1 2709.46411132813
188.9 64.2535552978516
189.1 1725.37878417969
189.2 327.827087402344
190.0 504.894195556641
190.2 129.951278686523
191.0 576.041564941406
191.1 205.411285400391
191.9 111.086074829102
192.0 60.2474136352539
192.9 109.688598632813
193.0 123.451400756836
193.7 12.8546485900879
193.9 66.1015853881836
194.0 20.4827117919922
195.0 499.438415527344
196.0 218.985015869141
197.0 404.717041015625
198.0 290.323394775391
199.1 3078.54296875
200.0 579.453002929688
200.1 1062.92687988281
201.1 7016.00146484375
202.0 1656.56921386719
203.0 919.723999023438
203.2 156.266036987305
203.8 22.9641799926758
204.0 287.556274414063
204.2 60.9831428527832
204.4 26.4902076721191
205.0 289.098266601563
205.1 860.670288085938
205.7 17.4662971496582
205.8 25.2764778137207
205.9 139.738708496094
206.0 87.9510269165039
206.9 569.882507324219
207.8 7.3266773223877
208.1 60.0560607910156
208.2 106.4541015625
208.8 61.1517333984375
209.1 96.4735717773438
209.3 103.06396484375
209.5 23.4121360778809
209.8 32.5135879516602
210.1 179.815368652344
211.0 1308.97900390625
211.9 124.90022277832
212.0 39.974365234375
212.1 131.069076538086
213.0 165.038055419922
213.1 1265.21752929688
214.1 3921.87451171875
215.1 206223.40625
216.1 52083.90234375
217.1 10694.603515625
218.0 511.050048828125
218.1 521.072265625
218.2 164.276824951172
219.0 2849.72314453125
219.8 106.394477844238
219.9 238.399719238281
220.1 180.175323486328
220.8 101.128204345703
220.9 221.866363525391
221.8 81.3338775634766
222.9 94.4571075439453
224.0 23.4659900665283
224.1 44.4602241516113
225.1 180.712768554688
225.2 70.8977127075195
225.8 29.0876655578613
226.0 65.6205596923828
226.1 18.3043479919434
227.0 710.9248046875
227.2 39.0676651000977
228.0 531.825988769531
228.2 418.537902832031
228.7 55.4971694946289
229.0 543.488037109375
229.7 37.1971206665039
229.9 43.605598449707
230.1 292.199584960938
230.2 88.7736740112305
230.3 46.7386932373047
231.1 4722.01220703125
231.3 130.252029418945
232.1 1613.94165039063
233.1 182251.546875
234.1 32618.80078125
235.0 227.72265625
235.1 3619.74291992188
235.9 114.222366333008
236.1 165.210052490234
236.2 69.4251708984375
237.0 2220.61962890625
238.0 119.806518554688
238.9 647.120300292969
239.7 23.7453804016113
239.8 32.3442039489746
241.0 443.939422607422
241.1 62.5081100463867
241.9 101.501899719238
242.1 137.159332275391
242.9 42.8203125
243.0 166.666625976563
243.1 696.42431640625
244.1 942.097045898438
244.2 101.782104492188
245.1 991.040161132813
245.2 310.116638183594
246.1 21.3904476165771
246.2 297.253112792969
247.1 566.205322265625
247.4 20.1929531097412
248.0 17.6259250640869
248.1 110.391891479492
248.4 23.9639511108398
248.7 4.35612201690674
248.8 48.5874099731445
249.0 28.7549743652344
249.8 24.3791561126709
250.8 35.2469825744629
251.0 17.6884231567383
253.0 100.582885742188
253.1 38.3326454162598
254.9 89.8975372314453
255.1 132.688461303711
255.2 19.402400970459
256.1 141.80126953125
256.3 21.5621814727783
256.8 44.962100982666
257.1 401.654632568359
257.2 24.4927558898926
258.2 2047.20166015625
259.0 262.684631347656
259.1 231.111526489258
260.2 6428.95556640625
261.2 1740.41552734375
261.3 74.0225372314453
262.1 132.499694824219
262.2 88.0979232788086
262.5 8.31619548797607
262.9 74.9694366455078
263.1 104.710632324219
263.2 132.245254516602
265.0 17.235502243042
266.1 16.0609016418457
267.0 15.3048820495605
268.6 42.1223182678223
269.0 287.001190185547
269.2 73.9295043945313
269.9 12.595947265625
270.0 23.7954521179199
271.0 794.15380859375
271.2 375.592407226563
272.0 257.026794433594
272.2 111.624435424805
273.0 537.106201171875
273.7 54.4204063415527
274.8 68.1622009277344
274.9 219.952880859375
275.1 7.55438995361328
276.0 90.1938705444336
276.9 259.550842285156
277.4 18.6900863647461
277.8 16.8200187683105
277.9 4.95533466339111
278.0 67.2412948608398
278.2 38.3006782531738
278.7 42.9990653991699
278.9 139.251235961914
279.1 35.5863838195801
280.7 20.4722194671631
280.9 183.965789794922
281.8 38.9500122070313
282.8 15.9802961349487
283.1 29.1894016265869
285.0 52.0455322265625
285.0 115.617874145508
286.1 326.321166992188
286.2 428.815612792969
287.1 338.213684082031
287.2 46.5606994628906
288.0 40.1553535461426
288.2 18.864330291748
288.9 879.003295898438
290.1 321.939636230469
290.5 27.3381996154785
291.0 16.7417297363281
291.1 119.914962768555
293.0 651.52685546875
293.9 93.7041320800781
294.0 145.055892944336
294.8 178.102966308594
295.0 83.0088195800781
295.8 0.944160461425781
296.0 54.5754623413086
296.6 44.9216461181641
296.8 414.110534667969
298.9 59.9845504760742
299.1 478.025939941406
299.3 377.259918212891
300.0 53.8922843933105
300.2 72.8991470336914
300.3 104.719482421875
300.8 54.9902038574219
301.0 66.7516021728516
301.5 40.6570434570313
301.9 23.6777725219727
302.8 89.1027984619141
303.0 16.1801223754883
304.8 4.47284126281738
305.0 59.7656860351563
307.0 134.769378662109
307.2 19.9427680969238
310.0 34.599235534668
311.0 172.903717041016
312.1 30.128662109375
313.1 81.09375
313.2 355.095123291016
314.2 11950.6533203125
315.1 490.316467285156
315.2 2638.41455078125
316.1 249.393753051758
316.3 350.191558837891
317.1 300.575653076172
317.3 103.382873535156
318.2 47.1132316589355
318.3 25.9703102111816
318.7 18.210880279541
319.0 21.5832500457764
323.2 20.9200878143311
327.0 20.5940036773682
329.1 43.2527046203613
329.6 15.6616725921631
330.1 105.179748535156
330.3 105.549011230469
330.4 69.7658233642578
330.7 17.834659576416
330.8 8.29136657714844
331.0 42.3384971618652
331.1 110.977066040039
332.3 19194.06640625
333.3 4729.6484375
334.1 215.975341796875
334.2 353.453552246094
334.4 35.5079498291016
334.8 54.3019828796387
335.0 56.4302864074707
335.2 19.0908718109131
336.8 45.4233283996582
340.7 15.5614833831787
344.9 35.5101623535156
345.1 17.5334987640381
347.1 20.2250480651855
348.8 44.8294067382813
349.9 22.5738563537598
350.7 33.6965789794922
351.1 18.091215133667
352.6 6.72531700134277
352.8 18.1465740203857
352.9 14.2892742156982
353.0 18.6575794219971
354.9 15.3890991210938
359.1 20.0519256591797
362.8 15.9256563186646
363.0 16.447774887085
366.8 1.60386276245117
367.0 114.258026123047
368.0 23.8879814147949
370.9 4.62313842773438
371.1 99.103515625
375.2 16.01198387146
389.1 16.6416988372803
391.1 36.0492668151855
393.1 23.9278030395508
400.9 22.9422073364258
401.0 20.8230781555176
405.1 17.2386512756348
