#"+EI Scan (rt: 3.063-3.115 min, 10 scans) R4M6.D  Subtract "
#Point,X(Thompsons),Y(Counts)
40.1 1803.67602539063
41.1 35644.08984375
42.1 6945.01806640625
43.1 42315.609375
44.0 38413.953125
45.0 2345.95849609375
45.9 215.587738037109
46.1 142.903961181641
47.1 113.186157226563
48.0 13.7858953475952
48.8 45.0254745483398
48.9 118.195785522461
49.1 54.2207565307617
50.0 1417.77954101563
51.0 3510.32592773438
51.9 700.669372558594
52.1 1023.80194091797
52.9 145.521865844727
53.1 2785.33984375
54.0 2255.22094726563
55.1 20588.322265625
56.1 10162.537109375
57.1 6824.4375
58.1 1131.73376464844
59.0 3479.0625
59.9 81.5590438842773
60.0 55.833080291748
60.9 154.147048950195
61.0 216.935577392578
61.1 46.059497833252
62.0 2493.38134765625
62.0 853.876586914063
63.0 4882.142578125
64.0 1927.29418945313
64.1 317.489410400391
65.0 2268.85205078125
65.1 73.2533493041992
65.9 104.827697753906
66.0 656.810302734375
67.0 1419.76403808594
68.0 1541.53063964844
69.1 5648.3017578125
70.1 7292.67724609375
71.1 15107.6259765625
72.1 26071.900390625
73.1 4440.45849609375
74.0 882.050598144531
74.2 41.9847030639648
75.0 4680.97119140625
76.0 10878.80078125
77.0 21601.109375
78.0 4766.24560546875
79.0 1235.71862792969
79.9 182.911651611328
80.0 207.085525512695
81.0 1331.16528320313
82.0 1132.171875
83.0 1105.89233398438
83.1 986.504150390625
84.0 406.954467773438
84.1 625.5244140625
85.0 166.995300292969
85.1 908.208862304688
86.0 1329.0009765625
86.9 119.506164550781
87.0 2884.02978515625
88.0 25371.12890625
89.0 22326.91796875
90.0 48332.81640625
91.0 7679.62646484375
92.0 886.697937011719
92.1 1470.0849609375
92.9 50.1472473144531
93.0 309.036987304688
93.5 60.0912666320801
93.8 194.241226196289
94.0 117.806587219238
94.9 120.00560760498
95.0 272.455383300781
95.2 26.9293270111084
96.0 320.542175292969
96.1 124.105728149414
96.9 142.438079833984
97.0 329.439086914063
98.0 1076.10729980469
98.1 3098.44384765625
99.0 636.119873046875
99.1 259.999938964844
100.0 1034.07739257813
100.9 193.959365844727
101.0 1729.2705078125
102.0 24642.970703125
103.0 66959.2421875
104.0 24224.73046875
104.9 79.8338317871094
105.0 2720.205078125
105.9 106.026306152344
106.1 512.292175292969
106.2 137.230987548828
106.8 90.0428924560547
106.9 246.234405517578
107.1 25.8179168701172
107.3 188.014663696289
107.4 136.277786254883
107.5 432.461364746094
108.1 200.50471496582
108.2 201.929138183594
109.0 1703.65698242188
109.8 26.2996940612793
110.0 288.238342285156
110.9 66.6023406982422
111.1 91.8200531005859
111.9 61.3909912109375
112.0 72.8955535888672
112.1 59.0025024414063
112.5 26.7570552825928
112.6 26.0132331848145
113.0 252.518844604492
113.1 243.024291992188
113.9 128.065872192383
114.1 633.3369140625
114.3 127.426391601563
115.0 5464.326171875
116.0 6417.513671875
117.0 24720.31640625
118.0 9201.0849609375
119.0 3208.57250976563
120.0 454.108215332031
120.1 78.1329116821289
120.8 40.6895637512207
121.0 60.4007911682129
121.1 9.37625122070313
121.3 254.216674804688
121.5 96.1882629394531
121.6 141.328704833984
121.8 161.403411865234
122.1 41.2978134155273
122.8 129.096130371094
123.0 101.718414306641
123.9 62.028507232666
124.0 8.40298843383789
124.1 58.8173027038574
124.9 44.2911911010742
125.0 221.024322509766
126.0 172.824661254883
126.1 235.910308837891
127.0 1681.95532226563
128.0 4429.4619140625
129.0 25867.498046875
130.0 23023.318359375
131.0 80589.7421875
132.0 11139.884765625
132.8 56.1425476074219
133.0 2055.21875
133.7 19.0517311096191
133.9 115.121826171875
134.0 175.330581665039
135.0 646.706726074219
135.5 134.656494140625
135.8 110.886962890625
136.0 197.870452880859
137.0 10404.53125
138.0 1074.849609375
139.0 818.037170410156
139.9 214.913116455078
140.0 222.555938720703
140.3 60.7561225891113
141.0 1237.26806640625
142.0 2764.642578125
143.0 8316.333984375
144.1 18251.15234375
145.0 338687.15625
146.0 33964.15625
146.9 150.455001831055
147.0 2805.21142578125
147.9 255.664108276367
148.0 182.566848754883
149.0 210.725219726563
149.1 39.1515884399414
149.9 91.9991455078125
150.0 29.495885848999
151.0 663.191589355469
151.7 13.2464685440063
152.0 317.427490234375
152.7 21.4606418609619
152.9 110.593048095703
153.1 180.144378662109
154.0 1067.91223144531
155.0 3148.14208984375
156.0 3212.79248046875
157.0 6439.8701171875
158.1 8553.3876953125
159.0 6252.03857421875
160.0 2077.3984375
161.0 4852.0283203125
162.0 523.999633789063
162.2 55.2489356994629
162.9 252.493789672852
163.0 300.699096679688
163.8 47.4582290649414
164.0 72.0677795410156
164.8 124.227294921875
164.9 89.9156723022461
165.1 46.6640625
165.9 105.806739807129
166.0 22.9930572509766
166.2 25.344783782959
166.6 36.5995140075684
166.8 40.7947998046875
167.0 50.2708435058594
167.1 379.26220703125
167.9 170.627532958984
168.0 543.456359863281
168.2 46.0621185302734
169.0 1154.02624511719
169.1 127.259613037109
170.0 2029.39318847656
171.0 10680.42578125
172.0 3924.46557617188
173.0 2468.37182617188
174.1 11416.8896484375
175.0 4192.98583984375
176.0 352.938751220703
176.1 238.325103759766
177.0 307.722564697266
177.9 75.2477722167969
178.0 97.2810745239258
178.9 79.0697784423828
179.1 117.356094360352
179.6 20.6350879669189
179.8 22.2312335968018
179.9 78.0292510986328
180.1 57.0560913085938
180.8 19.3370666503906
181.0 423.707946777344
182.0 370.140014648438
182.1 54.260368347168
182.9 238.800018310547
183.1 458.115692138672
183.8 14.9606246948242
184.1 972.761535644531
184.2 40.9912490844727
185.1 6630.1806640625
186.1 4821.89990234375
187.1 5910.0244140625
187.9 18.986234664917
188.1 1364.4931640625
188.9 281.585205078125
189.1 362.025329589844
189.9 15.7406387329102
190.3 15.3636827468872
190.9 363.619262695313
191.8 1.75950622558594
192.0 143.456466674805
192.2 20.0139083862305
192.9 291.060638427734
193.0 155.539703369141
193.9 110.642349243164
194.0 113.145431518555
194.9 599.64892578125
195.9 59.4990310668945
196.0 432.160125732422
197.0 499.648559570313
197.1 117.375823974609
197.7 72.5789031982422
198.0 105.067367553711
198.1 289.577728271484
199.0 2880.44482421875
199.9 76.4290008544922
200.0 2097.38037109375
201.0 1356.71459960938
202.0 546.881286621094
202.1 369.279388427734
202.8 48.4240570068359
202.9 238.857620239258
203.8 18.1579570770264
203.9 106.087142944336
204.7 10.538143157959
204.9 207.035186767578
205.8 22.7405433654785
205.9 53.7708854675293
206.0 72.1556015014648
207.0 750.35009765625
207.7 98.9554061889648
207.9 52.7320976257324
208.1 108.745208740234
208.2 63.7041015625
208.8 40.2690010070801
209.0 326.883544921875
209.3 94.6546783447266
209.7 99.0751800537109
209.9 203.087356567383
210.1 561.744750976563
210.2 193.273315429688
211.0 2776.8134765625
211.9 478.214416503906
212.0 797.263427734375
212.3 202.741683959961
213.1 11589.41015625
214.1 10619.015625
215.1 821175.5
216.1 125313.7109375
217.1 11966.4326171875
218.1 1096.64343261719
218.9 993.86669921875
220.0 226.139709472656
220.9 277.455200195313
221.8 30.7392597198486
222.0 119.281372070313
222.7 89.0027313232422
222.9 68.8854675292969
223.0 186.314147949219
223.7 2.4714994430542
224.0 46.0441246032715
224.2 16.9412994384766
225.0 311.089538574219
225.1 14.1552467346191
225.8 35.3364143371582
225.9 43.7968482971191
226.0 194.619720458984
227.1 722.988830566406
228.0 66.2376708984375
228.1 3676.00512695313
229.1 2269.451171875
230.0 54.9029006958008
230.1 2020.16064453125
231.1 2716.79248046875
232.0 316.093200683594
232.1 284.739440917969
233.0 3233.74609375
234.0 680.010375976563
234.9 205.672286987305
235.0 231.509963989258
235.9 22.1790542602539
236.0 82.8996963500977
237.0 3133.943359375
238.0 537.783752441406
239.0 575.119934082031
239.8 63.2807846069336
240.0 141.780868530273
240.9 287.466003417969
241.1 258.141845703125
242.0 96.0037536621094
242.1 1014.24603271484
242.2 107.321273803711
242.9 80.1578674316406
243.1 949.963684082031
244.0 257.937225341797
244.1 211.532272338867
244.2 247.767608642578
244.7 29.7755126953125
244.9 80.7533721923828
245.0 167.849716186523
245.9 15.5394897460938
247.0 12.8932476043701
248.9 39.6094589233398
249.8 15.5539779663086
250.0 37.4324989318848
250.9 54.3520317077637
252.2 46.6456718444824
252.8 49.5733489990234
252.9 290.211853027344
253.0 129.995971679688
253.8 9.69417762756348
254.0 78.7596130371094
254.1 812.202026367188
254.3 34.3371276855469
254.8 35.73681640625
255.0 233.608047485352
255.1 184.615280151367
255.2 220.359100341797
255.9 60.3764953613281
256.1 840.572448730469
256.2 83.6016311645508
256.9 82.5086898803711
257.1 289.018432617188
257.2 378.5615234375
257.9 51.2495193481445
258.1 240.283355712891
258.2 146.339401245117
259.0 54.2335777282715
259.1 110.448463439941
260.0 39.4711608886719
260.2 21.4455871582031
260.9 42.8036499023438
261.1 47.6403198242188
262.9 7.84989738464355
264.9 17.8711795806885
265.8 41.9042739868164
267.0 107.023696899414
267.1 90.3980407714844
268.0 154.451034545898
268.1 322.557678222656
268.2 208.65202331543
269.0 62.8392105102539
269.1 2826.47338867188
270.1 2606.65576171875
270.2 187.406890869141
271.0 1118.71154785156
271.1 1239.064453125
271.6 43.5664978027344
271.9 3.41746711730957
272.2 633.816223144531
273.1 2090.99536132813
273.9 2.52235794067383
274.0 412.200775146484
274.1 35.3926467895508
274.8 4.49797058105469
274.9 187.909133911133
275.0 60.1291656494141
275.7 1.45291900634766
275.9 57.4169235229492
276.0 104.570419311523
276.9 377.172149658203
278.0 135.051467895508
278.2 33.3957748413086
278.5 17.7423534393311
278.7 135.652069091797
278.9 88.9509429931641
279.1 65.2615280151367
279.5 77.1977310180664
280.4 33.7958831787109
280.6 39.1956596374512
280.8 55.8435745239258
280.9 120.822662353516
281.0 155.322189331055
281.3 41.9939918518066
281.6 116.629776000977
281.9 66.5605697631836
282.1 144.318649291992
282.3 67.9380722045898
282.7 19.3638668060303
282.8 35.1093101501465
283.0 91.7156600952148
283.2 203.911926269531
283.3 17.5695304870605
284.1 1362.62585449219
284.2 398.571105957031
285.1 3406.96728515625
286.2 386865.03125
287.2 79807.2578125
288.2 8500.7890625
289.0 870.2509765625
289.1 201.169036865234
289.9 200.900009155273
290.0 77.0997314453125
290.9 81.7450332641602
291.1 125.30046081543
291.9 33.97216796875
292.9 1140.23852539063
293.7 18.2818145751953
293.9 206.021179199219
294.0 42.7625961303711
294.9 132.999481201172
295.0 120.75365447998
295.7 74.3510360717773
295.9 100.561180114746
296.9 158.309478759766
297.1 179.218536376953
298.0 599.649047851563
298.1 373.454498291016
298.3 61.4091186523438
299.0 337.352325439453
299.1 67.6966552734375
300.0 13.9436635971069
300.9 83.0044555664063
301.1 73.8873291015625
301.3 17.3727836608887
302.0 17.4065399169922
302.2 30.7750301361084
302.9 37.9846687316895
303.1 45.9830131530762
304.0 17.2151107788086
304.2 22.5429039001465
304.7 22.9814300537109
304.9 51.683277130127
305.0 58.4170379638672
306.7 38.926383972168
306.9 55.5511322021484
307.1 82.443962097168
307.2 17.3483982086182
308.2 17.3129844665527
309.0 19.1039161682129
309.2 28.4683570861816
310.0 99.4275665283203
310.2 125.832656860352
310.9 29.5396633148193
311.0 117.310577392578
311.2 192.988311767578
312.2 1121.87475585938
312.4 21.5079936981201
313.1 997.026550292969
313.2 121.647216796875
314.0 20.5136871337891
314.1 175.909408569336
314.3 36.5272903442383
314.9 50.1687088012695
315.1 1055.93737792969
315.4 17.6699523925781
315.8 16.2253303527832
316.0 173.268676757813
316.9 19.0335330963135
322.9 16.7396621704102
324.1 50.7596054077148
325.1 15.5841932296753
326.0 17.4158821105957
326.8 22.229923248291
327.0 60.9504585266113
327.2 19.2086544036865
328.7 19.5114707946777
329.0 173.794937133789
329.2 83.2994613647461
330.1 568.066589355469
330.2 1710.16442871094
331.1 266.430725097656
331.2 426.464752197266
332.0 104.331970214844
332.6 24.9838256835938
332.8 17.7789688110352
333.0 41.5323143005371
344.7 22.100736618042
346.9 51.3502311706543
347.8 16.9455909729004
348.7 32.2260513305664
348.9 170.332443237305
349.1 4.04157638549805
349.7 21.6729431152344
350.0 27.516881942749
350.2 18.1183300018311
351.0 25.6590843200684
352.9 30.533935546875
353.8 16.093469619751
354.9 21.9671211242676
363.0 20.0088977813721
366.8 16.1023826599121
366.9 49.642936706543
367.0 42.7389640808105
368.0 7.78705263137817
370.9 49.0836181640625
371.0 26.710958480835
387.1 14.1425790786743
401.1 41.8562774658203
426.9 21.0304069519043
461.1 17.1917839050293
483.2 16.511137008667
