#"+EI Scan (rt: 6.193-6.281 min, 16 scans) R10M6.D  Subtract "
#Point,X(Thompsons),Y(Counts)
40.1 539.913146972656
41.1 18886.98828125
41.9 50.2280426025391
42.1 1020.10876464844
42.1 801.415893554688
43.1 37365.88671875
44.0 1350.07507324219
45.0 149.345291137695
45.8 11.4533014297485
46.9 148.730560302734
47.0 25.6803283691406
48.9 45.8109245300293
49.9 228.924423217773
50.0 361.62841796875
50.9 52.5428466796875
51.0 1747.5400390625
51.9 178.041442871094
52.0 530.986389160156
53.0 492.634338378906
53.1 803.74169921875
53.7 14.0898342132568
53.9 94.434455871582
54.1 234.229187011719
55.1 5642.3505859375
56.0 271.874816894531
56.1 107.118469238281
57.0 115.772994995117
57.1 227.005004882813
57.1 125.543746948242
57.7 29.4141387939453
58.0 71.7266845703125
59.0 1841.2880859375
59.9 186.206176757813
60.1 10.4200859069824
60.9 27.9617252349854
61.0 157.890777587891
62.0 1200.29418945313
63.0 1268.32238769531
63.0 2331.60717773438
63.9 64.80517578125
64.0 524.275634765625
64.1 179.704833984375
64.9 76.9426345825195
65.0 1754.50549316406
65.8 25.4480857849121
65.9 61.493091583252
66.0 172.082244873047
67.0 448.022827148438
67.8 14.5009241104126
68.0 62.2026977539063
68.1 39.8499145507813
68.9 13.4304809570313
69.0 760.996215820313
69.2 135.044570922852
69.9 105.810096740723
70.1 106.38126373291
71.0 266.326568603516
71.1 753.121337890625
71.8 25.1841945648193
71.9 32.6553573608398
72.1 48.6335067749023
72.2 1.55243301391602
73.0 1211.98315429688
73.9 471.212860107422
74.0 590.713745117188
75.0 3493.83471679688
76.0 3706.87231445313
77.0 6858.8076171875
78.0 3533.54931640625
79.0 820.906494140625
79.8 11.1464281082153
79.9 126.282119750977
81.0 720.400634765625
81.8 76.278450012207
81.9 81.5909118652344
83.0 132.065414428711
83.1 93.044189453125
84.0 70.7112121582031
84.9 176.332168579102
85.1 79.1488037109375
85.9 248.603363037109
86.0 559.310607910156
86.8 37.6011543273926
87.0 938.94482421875
87.0 702.181640625
87.9 407.943603515625
88.0 2688.7255859375
89.0 13478.5888671875
90.0 1999.07653808594
91.0 3454.34497070313
91.9 147.063003540039
92.1 226.734985351563
92.8 20.9047966003418
92.9 84.0661849975586
93.1 138.700164794922
93.6 48.1661758422852
93.8 52.0134620666504
94.0 36.4133033752441
94.2 135.156448364258
94.5 134.911834716797
94.6 181.957427978516
94.8 66.5240707397461
94.9 47.7586822509766
95.1 21.2952651977539
95.3 43.1965866088867
95.6 7.87595319747925
95.9 112.345779418945
96.2 42.1686820983887
96.9 44.4842987060547
97.0 107.55638885498
97.9 196.533706665039
98.0 265.088897705078
98.8 115.917617797852
98.9 252.62712097168
99.1 174.028945922852
99.2 44.4828262329102
99.7 5.83409738540649
99.9 130.067459106445
100.1 846.741516113281
101.0 6977.3642578125
102.0 17293.427734375
103.0 5897.7001953125
103.9 319.403747558594
104.1 664.969848632813
104.8 44.5321350097656
104.9 228.050415039063
105.1 74.1184005737305
105.5 64.9336013793945
105.8 50.8933486938477
106.0 56.5146369934082
106.2 161.557769775391
106.4 91.594596862793
106.5 391.789947509766
106.6 114.741081237793
106.7 409.187561035156
106.9 9.52763366699219
107.1 448.663543701172
107.3 90.0936431884766
107.4 91.0762939453125
107.6 147.343566894531
107.7 222.988403320313
108.0 81.43408203125
109.0 1470.94262695313
109.8 5.39508438110352
110.0 283.180236816406
110.5 17.8856353759766
111.0 346.613922119141
111.1 75.8681640625
111.7 128.885986328125
111.9 57.8274726867676
112.0 111.261306762695
112.1 325.078338623047
112.8 33.7138671875
113.0 5303.85546875
113.8 156.967880249023
114.1 7065.5205078125
115.0 89882.7109375
116.0 32990.96875
117.0 5250.3203125
118.0 304.477020263672
118.1 504.656066894531
118.2 306.602172851563
118.7 70.2975006103516
118.8 9.27515411376953
119.0 234.796722412109
119.1 255.64094543457
119.4 592.79248046875
119.6 952.913696289063
119.8 193.464614868164
119.9 57.5737419128418
120.2 35.517017364502
120.4 560.167602539063
120.6 1933.91357421875
120.6 928.978637695313
121.1 348.774139404297
121.5 125.348350524902
121.6 89.2173004150391
121.7 133.326766967773
122.0 23.8945693969727
122.2 31.5292015075684
122.7 0.623542785644531
123.0 186.025924682617
123.8 60.723876953125
124.0 87.4638519287109
124.2 3.13033032417297
124.5 20.8825626373291
125.0 435.170318603516
125.1 379.898834228516
125.9 170.999404907227
126.1 3843.03955078125
126.9 60.8517837524414
127.1 10337.029296875
128.0 20549.720703125
129.0 16479.125
130.1 11378.515625
130.9 126.970336914063
131.0 2186.20068359375
131.7 14.7870788574219
132.0 728.049743652344
132.1 876.482116699219
132.2 449.571868896484
132.3 64.2779159545898
132.7 498.134887695313
132.9 261.471801757813
133.4 794.880249023438
133.5 1005.99847412109
133.6 1926.35803222656
134.0 22.1284790039063
134.3 639.510192871094
134.4 754.851379394531
134.6 2231.87060546875
134.9 1.75853729248047
135.0 106.027389526367
135.2 274.106140136719
135.5 2721.99951171875
135.6 2050.82543945313
136.2 84.2471771240234
137.0 8997.771484375
138.0 2479.75390625
139.0 35463.65625
140.1 12569.9345703125
141.1 75738.90625
141.7 258.066833496094
141.9 3664.82177734375
142.0 3792.12768554688
143.0 6570.4248046875
143.1 168.961380004883
144.0 69120.1640625
145.0 7480.94580078125
145.9 36.424488067627
146.0 461.718688964844
146.1 239.916061401367
146.7 49.4193534851074
146.8 194.991302490234
147.0 26.5853843688965
147.1 87.7334442138672
147.3 87.4548873901367
147.5 73.9135284423828
147.7 94.2131423950195
147.9 50.141227722168
148.2 67.1100769042969
148.4 100.83943939209
148.6 3046.77172851563
148.7 595.555236816406
149.0 1.35642433166504
149.2 649.745300292969
149.3 231.13835144043
149.4 117.78059387207
149.6 267.441833496094
149.7 1217.73596191406
150.0 248.02229309082
150.2 89.3278198242188
151.0 1395.74365234375
151.1 562.3291015625
152.1 3201.46752929688
153.0 4343.4951171875
154.1 2809.4814453125
155.0 5041.32275390625
156.0 1085.33642578125
156.1 2673.255859375
157.0 779.025024414063
157.1 1055.28173828125
158.0 1860.01452636719
158.9 1085.35571289063
159.0 1465.94677734375
159.9 343.714721679688
160.0 88.8054504394531
160.8 242.570251464844
160.9 75.7062683105469
161.0 171.543869018555
161.9 202.885192871094
162.0 324.794677734375
162.2 87.9205627441406
163.0 1627.96594238281
163.1 152.031173706055
163.9 579.5546875
164.0 586.317321777344
164.1 100.925621032715
165.0 2265.57788085938
166.0 859.313842773438
166.1 100.497749328613
167.0 1383.814453125
167.1 72.4151306152344
168.0 291.757720947266
168.1 2215.7685546875
169.1 52499.65234375
170.1 10511.6240234375
171.0 607.230285644531
171.0 750.091003417969
171.7 6.14276838302612
171.9 17.644624710083
172.0 297.810455322266
172.1 124.846771240234
172.6 5.55615997314453
173.0 114.666610717773
173.1 164.549957275391
173.8 35.0991439819336
174.0 849.563110351563
174.1 79.1922225952148
174.9 74.6883392333984
175.0 391.873413085938
175.1 100.713928222656
175.9 272.132385253906
176.0 848.44091796875
176.8 12.0867805480957
177.0 69.6732635498047
177.4 238.592880249023
177.6 454.362396240234
177.7 945.359191894531
177.8 815.288635253906
178.1 234.466049194336
178.6 27.0279521942139
178.8 127.195243835449
179.0 310.670959472656
179.1 147.930908203125
179.8 153.861465454102
180.1 475.767242431641
180.2 19.7274265289307
181.0 33910.7734375
182.1 5685.611328125
183.0 721.581176757813
183.1 230.578094482422
184.0 787.322998046875
184.1 703.535278320313
185.0 993.020080566406
186.1 1822.94384765625
186.1 2371.27465820313
187.1 2035.25061035156
188.0 327.979553222656
188.1 457.292022705078
188.1 162.28662109375
188.8 48.7431564331055
189.0 609.891174316406
189.1 1174.25524902344
190.0 444.740539550781
190.1 229.352737426758
190.8 64.1361618041992
191.0 391.420867919922
191.8 43.770149230957
191.9 101.070526123047
192.0 100.157699584961
193.0 485.802947998047
193.8 14.4906978607178
193.9 143.487091064453
194.0 185.080215454102
195.0 1489.59033203125
195.9 74.8259582519531
196.0 181.744140625
196.1 176.365203857422
196.3 20.9626312255859
196.9 174.558746337891
197.0 225.082611083984
197.1 93.5642242431641
197.9 38.8205795288086
198.0 531.835693359375
198.1 136.881958007813
199.0 972.08984375
200.0 2472.57568359375
201.0 2257.51440429688
202.0 2877.91088867188
202.1 189.590774536133
203.0 1011.36212158203
203.8 13.3334293365479
203.9 90.7293548583984
204.1 275.549438476563
204.2 34.967098236084
204.7 23.5139408111572
204.8 6.20074462890625
204.9 44.7141036987305
205.0 136.636383056641
205.8 29.6129951477051
205.9 80.4843215942383
206.1 52.6516799926758
207.0 602.027954101563
207.9 132.235504150391
208.0 105.237701416016
208.1 0.637779235839844
208.8 28.3873405456543
208.9 24.1590194702148
209.1 144.238662719727
209.8 71.0479583740234
210.0 122.55615234375
210.1 75.2166442871094
211.0 2240.78881835938
212.0 2065.07934570313
213.1 6485.10888671875
214.1 88082.5234375
215.0 19715.18359375
216.0 128.085906982422
216.1 2501.47705078125
217.0 851.052856445313
217.9 79.6838607788086
218.0 190.116027832031
218.9 962.117248535156
219.7 14.2784414291382
220.0 342.954681396484
220.1 11.3095149993896
220.7 16.1116828918457
221.0 302.017272949219
221.8 56.2523384094238
221.9 60.1149749755859
222.0 72.4968490600586
222.6 35.32763671875
222.9 119.615325927734
223.0 304.750946044922
223.9 262.238891601563
224.1 1984.50366210938
224.9 66.7806854248047
225.1 2646.0595703125
226.1 10649.5322265625
227.1 6153.794921875
228.1 2227.06396484375
228.1 4155.19482421875
229.0 1525.34899902344
229.1 1811.62426757813
229.9 63.2272415161133
230.1 1005.2080078125
230.8 32.0404357910156
231.0 250.991897583008
231.1 150.720596313477
231.8 57.0812454223633
231.9 6.78944873809814
232.1 15.5404968261719
233.0 2233.79541015625
234.0 878.265686035156
235.0 674.698974609375
235.9 192.649108886719
236.0 231.432373046875
237.0 3378.5927734375
237.9 109.762939453125
238.0 2182.73461914063
239.1 5094.10546875
240.1 10715.060546875
241.1 32112.6796875
242.1 8478.13671875
242.9 29.1595420837402
243.0 772.508666992188
243.1 587.742065429688
244.0 148.973785400391
244.1 174.842681884766
244.9 64.8245544433594
245.0 54.6072616577148
245.1 24.308292388916
246.1 49.2079696655273
246.8 6.47602987289429
246.9 59.5899887084961
247.0 26.5489501953125
247.2 28.9799499511719
248.0 59.0932464599609
248.2 12.5481662750244
248.8 25.3761787414551
249.0 136.315124511719
249.1 134.40299987793
249.7 14.3186531066895
249.9 118.974067687988
250.0 510.258850097656
250.8 50.0714340209961
250.9 69.0125350952148
251.1 2913.60205078125
252.0 603.865783691406
252.1 3277.244140625
253.1 8191.17431640625
254.1 32468.453125
255.1 17368.8515625
256.1 10246.5029296875
257.1 1764.83654785156
257.1 998.238159179688
258.0 318.601837158203
258.1 543.901733398438
258.6 5.16861772537231
258.8 23.3665542602539
258.9 104.369338989258
259.1 110.19994354248
260.0 12.0057144165039
260.8 55.0457954406738
260.9 43.7973747253418
261.1 16.6343517303467
261.7 10.9355192184448
261.9 50.3149719238281
262.0 23.5692596435547
262.1 85.9111251831055
262.8 60.2949600219727
263.0 231.150848388672
263.1 79.5482406616211
264.0 314.180725097656
264.1 1161.5205078125
264.8 47.1386871337891
265.1 2185.5556640625
265.2 153.392791748047
266.0 186.040817260742
266.1 4456.7900390625
267.1 7296.96484375
268.1 18389.732421875
269.1 18680.599609375
270.1 19754.279296875
271.0 1062.22888183594
271.1 3859.00634765625
272.0 157.672866821289
272.1 455.868408203125
272.2 178.501113891602
272.9 9.5762939453125
273.0 254.22802734375
273.7 22.0901031494141
273.9 45.2210693359375
274.0 73.5637283325195
274.2 13.1097106933594
274.7 19.2235164642334
274.8 160.436553955078
274.9 95.5063018798828
275.9 18.0399894714355
276.0 119.102760314941
276.8 47.9866180419922
277.0 154.421203613281
277.1 86.5889129638672
277.8 48.3053207397461
278.0 351.783172607422
278.1 581.1455078125
278.6 10.1577596664429
278.9 85.3404541015625
279.1 514.255432128906
279.2 230.825775146484
280.0 69.5536193847656
280.1 4936.0078125
281.0 63.8294296264648
281.1 5682.15966796875
282.1 10551.044921875
283.1 14626.05078125
284.1 56422.50390625
285.1 12940.1650390625
286.1 725.087524414063
286.1 1897.88854980469
286.9 126.192985534668
287.1 272.976959228516
287.2 19.6768188476563
287.4 13.4501628875732
287.8 13.4531230926514
288.0 7.20545244216919
288.1 21.7581844329834
289.0 659.157104492188
289.8 69.5461959838867
290.0 48.6468124389648
290.2 71.0891647338867
290.9 98.0679244995117
291.0 120.475410461426
291.1 124.84880065918
291.9 105.694351196289
292.0 301.083770751953
292.2 79.6337127685547
293.0 831.098815917969
293.0 185.771301269531
294.0 1509.9580078125
294.1 1159.56335449219
295.0 1135.95971679688
295.2 15.3452682495117
296.1 4380.7822265625
297.1 4036.8291015625
298.1 81983.6796875
299.1 19206.482421875
300.1 2498.98852539063
300.8 32.8405456542969
301.0 165.969161987305
301.1 131.044418334961
301.2 15.3455533981323
301.9 6.00897121429443
302.7 26.5915679931641
302.9 18.3545341491699
303.1 54.3179779052734
303.9 26.6778049468994
304.1 44.0153350830078
304.9 34.3313293457031
305.0 123.080764770508
305.1 22.4576568603516
306.0 54.5420761108398
306.1 66.8427276611328
306.9 87.44921875
307.0 170.814193725586
307.2 29.3023777008057
308.0 155.683151245117
308.1 512.252258300781
308.2 363.78466796875
308.9 72.7724227905273
309.0 220.717803955078
309.1 158.668594360352
309.8 22.4852752685547
310.1 643.477905273438
310.1 294.0517578125
311.0 208.779815673828
311.2 530.320617675781
311.9 65.2942276000977
312.0 290.381286621094
312.1 2169.740234375
313.0 552.131713867188
313.2 329.626037597656
313.8 10.3357038497925
313.9 12.0460815429688
314.1 50.630802154541
314.7 25.4802665710449
314.8 12.444730758667
314.9 45.4010162353516
315.1 40.9203834533691
316.2 9.63871479034424
316.7 9.54592514038086
316.9 10.7895565032959
318.8 20.0990982055664
318.9 30.4121856689453
320.2 38.0663375854492
320.9 12.8890924453735
321.1 61.9621124267578
322.1 1596.31628417969
322.2 1790.44250488281
323.1 286.290771484375
323.2 649.724243164063
323.8 12.6951036453247
324.0 84.7363891601563
324.1 461.508117675781
324.2 45.4491958618164
324.9 53.9752960205078
325.1 78.8566665649414
325.2 287.222503662109
326.0 45.0846824645996
326.2 4232.95263671875
326.9 40.1658020019531
327.0 201.610656738281
327.2 2463.21948242188
327.3 244.018737792969
328.0 126.267669677734
328.1 723.694152832031
328.3 15.5036201477051
328.4 10.857873916626
328.9 21.9892673492432
329.0 112.801811218262
329.2 37.2787246704102
330.7 9.39397525787354
330.9 18.732666015625
331.0 28.1125221252441
333.1 14.5250434875488
333.8 50.6074142456055
334.0 28.3526859283447
334.1 24.3803405761719
334.3 10.1300916671753
334.8 24.1664390563965
334.9 19.6027507781982
335.1 22.3953685760498
335.2 24.78249168396
336.2 3633.20874023438
337.1 499.725616455078
337.2 1080.85205078125
338.2 76930.9140625
339.2 21479.810546875
340.2 25730.400390625
340.9 80.9020614624023
341.2 6584.46630859375
342.1 328.581268310547
342.2 630.542053222656
343.1 55.3077392578125
344.8 34.5369567871094
346.1 9.68036365509033
346.9 10.9725208282471
348.8 30.4804725646973
349.0 74.5700225830078
349.2 34.2016143798828
349.8 26.0731163024902
350.1 41.4022636413574
350.8 77.5574035644531
351.0 35.2881393432617
351.2 74.5846710205078
351.3 12.9256105422974
351.9 27.5252456665039
352.0 139.910171508789
352.2 210.928039550781
352.9 12.9525051116943
353.1 644.958618164063
353.2 221.49104309082
354.2 64201.7265625
355.2 139620.421875
356.2 35165.046875
357.1 2608.4052734375
357.2 2383.1953125
358.2 376.136535644531
358.3 89.443717956543
359.1 60.918342590332
360.9 11.3767728805542
363.0 22.3421859741211
364.9 10.4891977310181
367.1 8.10871887207031
367.2 55.2721481323242
368.1 10.2159757614136
369.3 32.3905792236328
370.9 1.45804405212402
384.9 10.2516965866089
401.0 17.5254898071289
434.9 11.5198001861572
