#"+EI Scan (rt: 8.332-8.437 min, 19 scans) R9M6.D  Subtract "
#Point,X(Thompsons),Y(Counts)
40.1 75.1820755004883
41.1 6844.12744140625
41.9 83.3355712890625
42.1 647.012878417969
43.1 13644.1435546875
44.0 654.331665039063
44.9 5.32421493530273
45.0 50.7821426391602
45.1 19.4519577026367
46.0 0.77779221534729
46.2 12.7910661697388
47.0 37.2959899902344
49.0 13.2084941864014
50.0 203.024490356445
50.1 84.0055541992188
51.0 613.14892578125
51.9 55.7531051635742
52.0 219.8984375
52.9 45.4522094726563
53.0 565.765197753906
54.0 81.9538955688477
54.1 57.5071563720703
54.3 11.5811367034912
55.0 2072.40405273438
56.0 113.551544189453
56.1 3.49533748626709
56.2 19.8301029205322
57.0 162.170944213867
57.8 33.7921371459961
57.9 30.8166275024414
58.2 54.1040420532227
58.3 11.6597690582275
59.0 1296.86181640625
59.9 172.777603149414
60.8 1.00126171112061
61.0 18.3592224121094
61.1 47.1306381225586
61.9 182.314453125
62.0 293.432556152344
62.9 426.652221679688
63.0 642.081176757813
63.9 231.460372924805
64.0 211.761276245117
64.7 9.25802516937256
64.8 23.371639251709
65.0 254.755828857422
65.1 78.2764129638672
65.7 6.13749408721924
66.0 57.6209449768066
67.0 236.931732177734
67.2 1.65602684020996
68.0 17.809591293335
69.0 601.79833984375
70.0 30.9279365539551
70.3 17.4263553619385
71.0 189.83332824707
71.1 118.455703735352
71.2 59.4172477722168
72.0 28.0702381134033
72.1 18.1047210693359
73.0 610.09765625
73.9 272.825866699219
74.0 232.05810546875
74.2 5.78845977783203
75.0 1213.44409179688
75.9 324.927490234375
76.0 860.645080566406
77.0 3064.20263671875
78.0 1362.25146484375
79.0 441.611541748047
79.1 99.6710968017578
80.1 29.7447814941406
81.0 244.329345703125
81.8 70.1771697998047
82.0 36.656551361084
82.2 30.4609050750732
82.9 35.5166778564453
83.0 27.4533233642578
83.2 15.6682205200195
84.1 21.5128688812256
84.8 119.324249267578
85.1 20.5853958129883
85.3 8.25879096984863
85.6 9.97983932495117
85.9 99.3432846069336
86.1 231.031982421875
86.9 339.23046875
87.1 562.430114746094
87.9 460.390319824219
88.0 2312.48706054688
89.0 3502.388671875
90.0 617.689208984375
91.0 476.028472900391
91.9 29.6357460021973
92.0 32.3853073120117
92.6 8.75077629089355
93.0 15.3972663879395
93.2 92.2294311523438
93.5 28.456600189209
93.7 46.7121696472168
93.8 12.2145090103149
94.0 13.7922840118408
94.2 71.1859970092773
94.4 72.2680892944336
94.5 89.6952209472656
94.6 144.808410644531
94.7 360.327392578125
95.2 53.3315734863281
95.3 63.0560836791992
95.7 125.779823303223
96.0 46.0451011657715
96.6 7.66784143447876
96.9 75.1489562988281
97.0 10.6591949462891
97.2 9.42446899414063
97.6 25.2211055755615
97.8 28.3046264648438
97.9 94.797477722168
98.1 81.8400650024414
98.2 34.0313301086426
98.8 128.526947021484
99.0 260.060791015625
99.1 46.7637405395508
99.5 10.4593486785889
99.8 18.5020599365234
100.0 458.534942626953
100.1 68.7297973632813
100.2 152.035263061523
101.0 1738.2607421875
101.1 880.472473144531
102.0 5695.99365234375
102.9 13.044075012207
103.0 2042.54602050781
103.9 229.469955444336
104.0 128.681823730469
104.2 39.9964828491211
104.6 6.26896572113037
104.9 5.64296340942383
105.0 58.576732635498
105.1 125.963851928711
105.6 20.4608383178711
105.8 19.3235015869141
106.0 90.4590911865234
106.2 231.590042114258
106.4 47.7824325561523
106.6 318.629455566406
106.7 314.2890625
106.9 142.356201171875
107.0 101.592178344727
107.2 134.705337524414
107.3 133.567794799805
107.4 59.6565895080566
107.6 438.628967285156
107.7 41.8471984863281
108.3 111.100250244141
108.4 62.8585510253906
108.8 307.883544921875
108.9 120.114318847656
109.0 355.694458007813
109.9 74.9111404418945
110.0 127.319320678711
110.9 198.040420532227
111.0 20.0505409240723
111.2 23.1306686401367
111.8 82.5075759887695
112.0 121.202690124512
112.2 68.1865463256836
113.0 3749.76123046875
114.0 19173.521484375
115.0 6790.34814453125
116.0 7781.640625
116.9 177.108428955078
117.0 1623.44091796875
117.8 27.9218502044678
117.9 223.263137817383
118.1 111.899169921875
118.6 23.9851303100586
119.0 124.226470947266
119.1 60.4047164916992
119.6 135.99919128418
119.7 62.059211730957
119.9 46.8025550842285
120.4 849.325561523438
120.6 1759.01989746094
120.8 88.2662811279297
121.2 174.532150268555
121.5 148.386779785156
121.6 282.760467529297
121.8 62.5061950683594
122.0 113.110725402832
122.1 43.5257987976074
122.6 34.6056632995605
122.8 83.3326416015625
122.9 65.9254531860352
123.0 22.7893886566162
123.7 24.8303680419922
124.0 84.2240219116211
125.0 398.960754394531
125.1 127.116645812988
126.0 478.445373535156
126.1 2942.58129882813
127.0 9902.3818359375
128.0 10120.24609375
129.0 1488.20434570313
129.0 5831.54541015625
129.9 118.95947265625
130.0 3605.68627929688
130.9 289.345916748047
131.0 438.459503173828
131.9 208.772354125977
132.0 275.324859619141
132.1 148.142288208008
132.5 12.1952285766602
132.8 112.481033325195
132.9 44.996166229248
133.0 198.643859863281
133.5 66.1800689697266
133.7 94.6047973632813
133.9 122.536102294922
134.1 35.1074295043945
134.3 19.3098964691162
134.9 175.769073486328
135.1 745.64892578125
135.2 317.108764648438
135.4 123.744232177734
135.6 297.447479248047
135.8 399.461730957031
136.1 510.581024169922
136.3 146.6376953125
137.0 4150.751953125
138.0 38.38330078125
138.1 434.17578125
139.0 1254.42858886719
139.9 122.196487426758
140.0 284.777862548828
140.1 276.346374511719
141.0 251.928741455078
141.1 1339.75158691406
142.0 6740.59423828125
143.0 3237.76293945313
143.2 200.329879760742
144.0 19755.0390625
145.0 2231.15991210938
145.8 25.5221710205078
146.0 198.39599609375
146.1 57.1325225830078
146.9 104.527099609375
147.0 45.8300628662109
147.2 13.1564493179321
147.4 18.7063541412354
147.8 9.25757312774658
148.2 27.2282638549805
148.4 25.995756149292
148.6 102.725341796875
148.7 71.3082046508789
148.9 89.9546966552734
149.1 119.065361022949
149.3 79.8156280517578
149.4 97.2119369506836
149.5 220.660461425781
149.7 282.829162597656
149.7 229.084350585938
150.0 400.789764404297
150.1 382.172119140625
150.2 74.3834991455078
151.0 646.707946777344
151.1 262.865753173828
151.9 160.505020141602
152.0 247.882461547852
152.2 85.1536636352539
153.0 398.692230224609
153.2 36.1674728393555
153.7 10.7493057250977
154.0 598.126098632813
154.1 600.327880859375
155.0 1278.29150390625
155.1 241.567947387695
156.1 698.591857910156
156.2 1123.61950683594
156.4 255.996063232422
157.0 9110.8662109375
157.8 22.0494537353516
157.9 368.366119384766
158.1 1817.10546875
158.2 59.6959686279297
159.0 1571.916015625
159.9 42.6723022460938
160.0 196.576187133789
160.9 90.1357879638672
161.0 205.981353759766
161.8 8.50837135314941
162.0 188.470687866211
162.1 11.2542018890381
162.7 21.8707942962646
163.0 779.131652832031
163.0 132.117156982422
163.7 9.89590454101563
163.8 192.982513427734
163.9 9.22896385192871
164.0 311.235321044922
164.2 10.1475715637207
164.7 1.47587108612061
164.9 135.911102294922
165.0 188.523529052734
165.1 31.5516967773438
165.8 14.9781351089478
165.9 98.0908203125
166.1 90.0453948974609
166.2 44.8385620117188
166.9 58.1911163330078
167.0 544.600646972656
167.6 12.1640577316284
167.8 29.9666748046875
167.9 105.873397827148
168.0 267.532409667969
168.1 35.0539398193359
168.9 39.6106414794922
169.0 641.22119140625
169.1 192.971710205078
170.0 1510.78930664063
170.1 568.22705078125
171.0 1578.62573242188
171.1 372.636322021484
171.6 10.4822683334351
171.8 108.329978942871
171.9 181.637481689453
172.0 200.468688964844
172.1 79.5456771850586
172.8 29.8887901306152
173.0 77.4267730712891
173.8 30.8478965759277
173.9 107.457382202148
174.0 273.276763916016
174.1 46.9332275390625
175.0 239.44970703125
175.1 185.761795043945
175.9 127.915534973145
176.0 549.846313476563
176.6 41.6449546813965
177.0 134.176971435547
177.1 86.2523345947266
177.8 34.606689453125
177.9 147.946807861328
178.0 52.6475944519043
178.2 106.362327575684
178.6 15.4943313598633
178.7 24.8246307373047
178.9 36.502758026123
179.5 8.53489685058594
179.8 32.5635604858398
179.9 110.088500976563
180.1 8.1494722366333
180.2 12.7230358123779
180.7 19.3975028991699
180.9 138.484344482422
181.0 63.6958236694336
181.8 120.388641357422
181.9 157.039047241211
182.1 165.814453125
182.2 80.3363494873047
182.9 270.342864990234
183.0 1098.29235839844
184.0 735.344543457031
184.1 789.162414550781
185.0 22570.001953125
186.0 4442.33056640625
187.0 837.023498535156
187.1 500.162628173828
187.9 86.0049591064453
188.0 405.704071044922
189.0 361.644958496094
189.0 459.761413574219
189.9 145.886108398438
190.0 150.610595703125
190.2 8.63715267181396
190.9 63.5753936767578
191.0 226.309539794922
191.1 51.760986328125
191.8 14.7969341278076
191.9 146.956878662109
192.9 103.153030395508
193.0 60.6893768310547
193.8 2.89603233337402
194.0 51.7789154052734
194.1 44.6191940307617
195.0 192.009368896484
195.0 121.769027709961
195.9 75.694450378418
196.0 228.135971069336
196.2 8.1580057144165
197.0 9706.240234375
198.0 1829.44775390625
198.1 34.0060615539551
198.9 737.619201660156
199.9 18.7465686798096
200.0 2669.72241210938
201.0 3161.64208984375
202.1 4153.13427734375
203.0 1218.26501464844
203.1 179.707977294922
203.8 39.8348655700684
204.0 303.518981933594
204.1 147.64404296875
204.2 29.7636051177979
204.9 160.420593261719
205.0 39.8468475341797
205.1 29.6882419586182
206.0 33.8272819519043
207.0 298.988586425781
208.0 123.556007385254
208.1 39.8388824462891
208.7 2.07565689086914
208.8 50.1832084655762
208.9 38.679744720459
209.1 57.9572296142578
209.8 46.5126762390137
209.9 177.710968017578
210.2 10.002007484436
211.0 1413.19482421875
212.0 747.4287109375
212.1 78.5337677001953
213.0 2237.59448242188
214.1 23063.8203125
215.0 6552.8525390625
215.9 485.526947021484
216.0 762.603515625
217.0 1026.8037109375
217.9 146.698654174805
218.1 129.41796875
218.9 342.352416992188
219.0 130.533050537109
219.9 92.5745010375977
220.9 136.700927734375
221.0 13.5521383285522
221.9 5.91486740112305
222.0 37.3184509277344
222.5 13.1996154785156
222.8 26.8747711181641
223.0 163.2841796875
223.6 25.6596260070801
223.9 77.9189682006836
224.0 146.789260864258
224.8 36.9452133178711
224.9 62.8005218505859
225.1 466.309997558594
225.9 135.114273071289
226.1 805.173828125
226.2 163.183319091797
227.1 2705.18383789063
228.1 7515.33447265625
229.1 3458.29711914063
229.9 33.5207633972168
230.1 2500.58862304688
231.0 222.928100585938
231.1 283.282104492188
231.1 244.378036499023
231.6 9.8630256652832
232.0 94.402458190918
233.0 1045.806640625
234.0 315.142456054688
234.8 147.119155883789
234.9 44.3905792236328
235.9 19.934907913208
236.0 75.2886505126953
236.2 9.84188079833984
237.0 1065.3525390625
238.0 975.330322265625
239.0 759.156921386719
240.1 3378.138671875
241.1 5821.978515625
241.1 3217.86596679688
242.1 3997.564453125
242.9 48.0870018005371
242.9 173.346374511719
243.1 1239.28198242188
243.8 33.1914138793945
244.0 387.759185791016
244.1 153.43359375
244.3 13.0309858322144
244.9 117.140617370605
245.0 120.616424560547
245.2 11.0800399780273
245.9 8.0386438369751
246.0 12.5815601348877
246.8 8.09789752960205
246.9 15.4297189712524
247.0 5.67074966430664
247.9 11.0230016708374
248.8 22.6147632598877
248.9 51.4438705444336
250.1 20.9989624023438
250.9 35.773796081543
251.0 99.9691314697266
251.1 94.6940307617188
251.9 66.218376159668
252.0 318.324462890625
252.2 49.3154830932617
252.6 12.1608228683472
252.8 7.3350887298584
253.0 372.806793212891
253.1 473.210693359375
254.1 3341.81176757813
255.0 531.073974609375
255.1 999.042846679688
256.1 3873.24047851563
257.1 4919.23046875
257.8 7.08162832260132
257.9 66.2711791992188
258.0 1050.431640625
258.1 467.816802978516
258.8 101.632514953613
259.0 261.069274902344
260.1 76.4301986694336
260.8 23.2662353515625
260.9 8.80566787719727
262.7 20.7336730957031
262.9 11.381760597229
263.7 8.23849582672119
264.0 18.3310260772705
264.1 8.09526634216309
264.2 8.65769672393799
264.8 27.4618854522705
264.9 16.2333183288574
265.0 111.424293518066
265.8 13.3759994506836
265.9 26.8787250518799
266.0 175.334686279297
266.1 61.7052726745605
266.8 67.956428527832
267.0 214.312774658203
267.1 135.447067260742
267.7 15.4960517883301
268.0 268.640380859375
268.1 374.53076171875
269.1 2899.67749023438
270.1 4702.74609375
271.0 114.828086853027
271.1 2569.69482421875
272.0 58.6837768554688
272.1 2860.7529296875
272.2 172.945495605469
273.1 928.251708984375
273.9 59.3074760437012
274.0 83.2706909179688
274.1 47.6688537597656
274.3 55.8035774230957
274.7 2.4036750793457
274.9 36.6915435791016
275.0 39.7665786743164
275.7 7.44880390167236
275.8 43.8674278259277
276.1 9.355149269104
276.6 19.0639533996582
276.9 54.8851928710938
277.0 70.436279296875
277.1 12.2370443344116
277.8 58.9644012451172
277.9 70.9993209838867
278.1 30.3040142059326
278.2 15.3271913528442
278.8 78.5847625732422
279.0 165.189605712891
279.1 11.2498397827148
280.0 89.6294708251953
280.1 149.759811401367
280.8 43.5650329589844
281.0 320.162139892578
281.1 169.216079711914
282.1 1731.57800292969
283.0 148.303131103516
283.1 1344.1103515625
283.9 36.7833213806152
284.1 2939.92065429688
285.1 7619.27392578125
286.1 3973.19677734375
287.0 96.8209381103516
287.1 997.828857421875
287.9 11.2960891723633
288.0 270.103607177734
288.2 47.6244201660156
288.9 472.483154296875
289.9 72.1324844360352
290.0 42.4729537963867
290.1 37.2461013793945
291.0 84.5759735107422
291.1 48.6914176940918
291.8 23.3484420776367
291.9 29.4086170196533
292.1 15.8064823150635
293.0 609.345947265625
293.9 96.6103363037109
294.1 216.93083190918
294.7 10.9125900268555
295.0 178.219100952148
295.1 33.5293350219727
295.3 11.2462692260742
295.9 17.4248523712158
296.1 802.306396484375
296.3 37.7637901306152
296.9 102.439758300781
297.0 1038.39868164063
298.1 3111.44482421875
299.0 341.023254394531
299.1 2117.81201171875
300.1 10472.806640625
301.0 1094.55981445313
301.1 1608.0927734375
302.0 188.328521728516
302.1 434.097503662109
302.9 58.3565406799316
303.1 96.1632537841797
303.2 12.5358467102051
304.1 18.2817096710205
305.0 17.5380725860596
305.2 8.82379055023193
305.9 32.4479484558105
306.0 11.8727178573608
306.8 45.6265640258789
307.0 1.66895866394043
307.1 45.1795501708984
307.2 30.611722946167
307.8 18.7277297973633
308.1 15.0657186508179
308.9 8.3637056350708
309.1 39.7688484191895
309.8 40.0330696105957
310.0 123.43000793457
310.1 415.277984619141
310.7 10.4086418151855
310.9 116.595901489258
311.1 372.534271240234
311.3 44.2795524597168
311.8 9.55945301055908
312.0 663.430786132813
312.2 274.734283447266
312.9 79.7476577758789
313.0 236.450241088867
313.1 345.284912109375
314.1 21384.755859375
315.1 5393.1611328125
316.0 390.378601074219
316.1 360.454925537109
316.9 24.7413482666016
317.0 18.7604598999023
317.3 13.4763202667236
321.9 45.6860466003418
322.1 297.429016113281
322.3 143.691711425781
322.7 12.1247472763062
322.9 54.7031135559082
323.0 22.6093711853027
323.1 33.8188972473145
323.2 10.0588798522949
323.4 8.18123626708984
323.9 106.574493408203
324.1 144.269088745117
325.0 77.0898742675781
325.2 30.4599647521973
325.9 63.3735427856445
326.0 81.9967041015625
326.1 165.867553710938
326.3 38.4112396240234
326.9 37.3488464355469
327.1 165.938217163086
327.2 15.5789470672607
328.0 581.220336914063
328.1 3079.34692382813
329.0 426.487609863281
329.1 623.089599609375
330.0 65.6681060791016
330.1 29.6675472259521
330.2 16.3135242462158
330.4 10.0176057815552
330.7 26.8617725372314
331.0 26.8425807952881
332.6 8.29457378387451
332.9 10.5351266860962
335.0 9.82532119750977
338.0 50.1524085998535
338.1 154.063003540039
338.2 36.8393478393555
338.3 11.1808824539185
338.9 91.3645782470703
339.0 108.107986450195
339.1 251.474716186523
339.3 151.414474487305
340.1 1944.16552734375
340.2 737.879089355469
341.0 138.16535949707
341.1 635.861450195313
341.3 59.266960144043
341.9 11.039044380188
342.1 332.907897949219
342.2 327.576568603516
342.9 21.2238121032715
343.0 31.6961536407471
343.1 564.565856933594
343.9 13.0961475372314
344.1 117.198844909668
344.2 70.6073608398438
344.4 15.7512845993042
345.0 35.8846588134766
345.2 16.5607051849365
348.7 10.3357782363892
348.9 37.3830375671387
349.0 31.9752063751221
349.8 6.58424282073975
350.0 3.72265195846558
351.1 17.7395267486572
351.8 28.328031539917
352.1 297.904388427734
352.2 754.8056640625
352.2 267.010101318359
353.0 225.080459594727
353.2 432.587280273438
354.2 22149.76953125
355.2 5118.08642578125
355.2 1759.97497558594
356.2 9107.6123046875
357.0 76.6457672119141
357.1 2528.78442382813
357.8 9.54231452941895
358.0 203.67529296875
358.2 176.082153320313
359.0 9.19717407226563
359.2 38.3189010620117
360.1 13.6916122436523
362.9 9.13460063934326
364.9 10.0700273513794
366.0 9.35750579833984
366.2 13.5428094863892
366.5 9.73227214813232
366.8 5.56457185745239
367.0 37.1074905395508
367.1 39.2509765625
367.8 12.8348760604858
368.0 38.4261016845703
368.1 71.3865051269531
369.0 164.204284667969
369.1 201.16633605957
370.2 23230.83984375
371.2 46288.8671875
372.2 12710.5009765625
373.0 55.3713264465332
373.2 1332.2060546875
373.2 490.502197265625
374.1 65.3829650878906
374.2 83.4029693603516
374.9 11.202823638916
384.0 8.1972074508667
385.1 8.74748229980469
401.3 16.981761932373
408.9 16.7122650146484
