#"+EI Scan (rt: 4.998-5.109 min, 20 scans) JWH-018-2.D  Subtract "
#Point,X(Thompsons),Y(Counts)
40.1800 3260.17333984375
41.0800 70557.96875
42.1600 8394.283203125
43.0900 138360.3125
44.0693 4868.64892578125
44.8965 25.5255680084229
45.0086 71.9148483276367
45.1200 9.73212623596191
46.7700 8.63051414489746
46.8887 9.48752975463867
47.1400 18.3296356201172
48.9900 21.5101280212402
49.1200 66.9225921630859
49.2200 31.2774848937988
50.0300 4023.14306640625
51.0401 11738.1123046875
52.0500 3656.06958007813
53.0599 5665.056640625
54.0000 159.87744140625
54.1500 1061.50244140625
55.0799 21501.419921875
55.9498 145.184600830078
56.0700 1532.6796875
56.9935 447.442504882813
57.0800 139.46142578125
57.9788 52.4664573669434
58.1197 61.6108474731445
59.0145 571.84423828125
59.8733 27.0006465911865
60.0022 47.5612487792969
60.9500 346.674346923828
61.0800 189.344619750977
62.0200 5677.3759765625
63.0300 14253.228515625
63.9900 599.300903320313
64.0399 2301.45825195313
65.0300 4013.81005859375
65.9700 288.356384277344
66.0700 423.889892578125
66.9408 182.570831298828
67.0400 1201.73999023438
67.9200 104.303176879883
68.0200 58.7305603027344
68.1600 49.1124458312988
69.0189 564.808166503906
69.0704 2321.95434570313
69.8500 14.3166608810425
69.9500 51.3126220703125
70.0200 102.59260559082
70.1500 142.240707397461
70.2800 55.0349807739258
71.0800 3904.57958984375
71.9000 38.71630859375
72.0100 96.1250686645508
72.1302 115.339866638184
73.0237 731.053955078125
74.0298 9647.7978515625
75.0300 32460.146484375
76.0400 26093.810546875
77.0391 72849.7890625
78.0361 11941.029296875
79.0020 1693.029296875
79.9899 209.307800292969
81.0311 769.315979003906
81.1900 45.414134979248
81.5500 67.0566024780273
81.6600 27.9623012542725
81.7800 18.2882289886475
81.9769 143.931091308594
82.0916 40.8366165161133
82.7300 41.5376777648926
82.8830 29.7469234466553
82.9655 28.3930931091309
83.1300 21.0673713684082
83.7000 8.9472541809082
83.9100 51.6528701782227
84.0300 98.5909423828125
84.8994 130.346008300781
85.0498 263.316680908203
86.0300 3482.67919921875
87.0200 9685.5087890625
88.0300 17734.4375
89.0400 57693.7578125
90.0300 8461.5
90.9985 1344.84130859375
91.0595 1246.45617675781
91.9000 133.498016357422
92.0400 220.236053466797
92.2300 25.2534599304199
92.9090 165.715927124023
93.0200 233.711013793945
93.2395 189.087524414063
93.4500 365.009826660156
93.5500 434.704284667969
93.7500 210.767822265625
93.9000 114.514694213867
94.2000 73.6427841186523
94.4800 1903.23120117188
94.5700 721.780151367188
95.1992 127.27303314209
95.3300 38.8601951599121
95.5100 72.7684783935547
95.7100 87.3285675048828
95.8584 31.9002571105957
96.0300 24.4224395751953
96.1767 6.4807653427124
96.8452 19.367374420166
96.9521 106.249862670898
97.0517 48.5300674438477
97.2000 13.008171081543
98.0000 3164.98364257813
99.0200 5577.5244140625
100.0500 9141.7509765625
101.0400 77712.90625
102.0400 87478.46875
103.0400 26677.48046875
104.0300 4307.267578125
104.9385 249.016006469727
105.0900 285.909454345703
105.2600 261.089416503906
105.8500 43.1769218444824
106.0100 81.6816177368164
106.3500 351.689453125
106.4700 1385.06384277344
106.5600 3174.83251953125
107.3000 891.97412109375
107.4500 708.338195800781
107.6100 488.177429199219
107.8800 54.0426139831543
108.3300 253.031692504883
108.4800 564.3955078125
108.5800 82.5534133911133
108.7456 33.6915664672852
108.8912 674.679748535156
109.7627 9.94896030426025
109.9087 368.002166748047
110.0390 397.989471435547
110.8812 68.1304473876953
110.9900 1215.89245605469
111.0900 242.256195068359
111.8400 61.6000442504883
112.0500 2203.54736328125
112.1600 915.463562011719
112.2900 243.662353515625
113.0300 17693.283203125
114.0400 27637
115.0400 79127.1796875
116.0400 126781.4140625
117.0399 24369.646484375
118.0600 4025.63598632813
118.8985 153.447372436523
119.0395 705.938049316406
119.1300 942.802856445313
119.3600 246.785202026367
119.5300 1174.2841796875
119.6700 368.650695800781
120.5500 12250.3515625
121.2600 136.852386474609
121.9800 391.648498535156
122.8854 113.139823913574
122.9785 511.359741210938
123.0887 202.575637817383
123.8100 32.0892105102539
124.0200 368.282653808594
124.1200 311.834259033203
125.0700 11051.0263671875
126.0700 130563.078125
127.0500 688811.375
128.0500 182761.984375
129.0400 84304.0078125
130.0500 61323.17578125
131.0500 9532.2939453125
132.0500 3363.71166992188
132.1100 1606.17797851563
132.6600 197.498733520508
132.7699 340.092987060547
132.9232 404.771057128906
133.0200 277.336975097656
133.1406 63.8941955566406
133.2795 116.524276733398
133.4400 550.531860351563
133.5300 1129.79418945313
133.6000 423.630859375
133.8100 210.342727661133
133.9885 163.399749755859
134.1800 555.738464355469
134.3000 154.415985107422
134.4800 358.512298583984
134.7841 109.742385864258
134.8912 555.879699707031
135.0573 747.436279296875
135.2001 575.392028808594
135.3800 672.663269042969
135.5100 1231.75744628906
135.7000 75.6924362182617
135.8200 29.857364654541
136.1508 90.7019805908203
137.0100 5353.59228515625
138.0047 1518.54809570313
138.0689 882.016479492188
139.0498 22112.072265625
140.0700 8591.1025390625
141.2800 1205.26171875
141.4500 26505.837890625
141.5800 1531.46899414063
142.0487 574.657409667969
143.0500 30972.486328125
144.0300 329346.625
145.0400 33580.4375
146.0200 2831.78881835938
146.9300 85.1703872680664
147.0601 440.798858642578
147.2600 83.5693740844727
147.3900 16.4534339904785
147.5200 40.5178375244141
147.6400 11.8606662750244
147.8000 82.0501174926758
147.9900 142.426788330078
148.1200 88.0740814208984
148.2900 116.878807067871
148.4000 52.6864929199219
148.5300 43.6194801330566
148.8000 22.9171772003174
148.9599 687.385559082031
149.0500 1209.46154785156
150.0400 7392.1826171875
151.0494 8274.619140625
152.0500 10047.1767578125
153.0499 5459.3193359375
154.0800 16225.4970703125
155.0498 282181.0625
156.0500 47755.359375
157.0496 10174.2392578125
158.0600 9661.8359375
158.9820 2466.3056640625
159.9547 444.613037109375
160.0460 401.259765625
161.0396 2342.59545898438
162.0600 3326.30200195313
162.1300 515.508178710938
163.0500 11709.8798828125
164.0600 5453.34521484375
165.0600 5044.83642578125
166.0800 2712.90087890625
167.0299 135203.578125
168.0500 22300.130859375
169.0501 3651.22412109375
170.0800 19773.61328125
170.8261 437.268005371094
170.9289 597.3486328125
171.0003 912.539001464844
171.0700 621.871276855469
171.9205 48.6687278747559
172.0700 1547.66540527344
172.9798 484.335266113281
173.0600 527.379516601563
174.0600 5679.2080078125
175.0500 4108.8369140625
175.9800 238.036895751953
176.0600 6751.0498046875
177.0496 2698.24462890625
178.0600 2201.21313476563
178.9299 210.466751098633
179.0200 508.52490234375
179.0900 406.403259277344
179.9501 413.037963867188
180.0700 793.330444335938
180.1600 69.728401184082
181.0100 1338.77185058594
181.0701 1279.51354980469
181.9900 594.278442382813
182.0600 1066.02868652344
182.9782 344.823974609375
183.1000 760.492980957031
184.0700 7070.6875
185.0000 280.234527587891
185.0800 3232.94580078125
186.1100 34965.3359375
187.0700 25233.064453125
188.0800 13101.67578125
189.0700 20850.1484375
190.0600 5654.84326171875
190.8861 5.03487396240234
191.0352 1449.39318847656
191.9294 188.345672607422
192.0597 480.439575195313
192.9544 468.983276367188
193.0751 299.945709228516
193.9248 37.6605415344238
194.0200 364.840087890625
194.1000 136.050262451172
194.8913 16.7858810424805
194.9971 238.639266967773
195.0916 91.733642578125
196.0111 383.133575439453
196.1300 233.694488525391
197.0156 725.850402832031
198.0500 2969.4892578125
198.9790 754.944458007813
199.0500 2723.19018554688
200.0700 11859.4794921875
201.0693 7753.64599609375
202.0800 11202.1064453125
203.0700 3420.98608398438
204.0198 637.159118652344
204.1000 603.798889160156
204.9583 237.216033935547
205.0801 543.37841796875
205.9900 228.280120849609
206.0900 193.323532104492
207.0219 540.021606445313
207.8919 24.7186489105225
208.0202 231.909637451172
208.1400 62.9553718566895
208.8944 28.6358413696289
209.0397 393.011566162109
209.1586 51.6996955871582
209.9401 96.4971618652344
210.0600 1068.04516601563
211.0555 13797.62109375
212.0897 16311.548828125
213.1000 96798.2578125
214.1300 696021.3125
215.1200 184264.03125
216.1098 26046.958984375
217.0799 4175.1220703125
218.0289 551.063110351563
218.1100 364.85009765625
218.9612 1111.23107910156
219.9417 127.586303710938
220.0834 123.314346313477
220.8709 11.2715759277344
220.9659 259.491271972656
221.0750 49.1061782836914
221.9998 1018.78082275391
222.1600 37.3535842895508
223.0297 1366.24572753906
223.1300 495.117431640625
224.0800 12782.78125
225.0898 13806.189453125
226.0900 45637.26953125
227.0999 24615.69921875
228.1100 23709.375
229.0992 10225.474609375
230.0899 3418.78784179688
230.9965 104.507637023926
231.0698 761.410888671875
231.2400 17.4748420715332
231.8500 8.97547817230225
232.0100 115.846397399902
232.0800 101.866966247559
233.0058 1657.82836914063
233.9400 187.250503540039
234.0464 181.080627441406
234.8795 8.85588073730469
234.9838 101.320999145508
235.0891 393.710815429688
235.8472 28.1627063751221
236.0700 848.445495605469
236.1400 253.796661376953
237.0160 4143.38232421875
238.0896 18648.826171875
239.0999 25667.17578125
240.1000 99613.5546875
241.1100 241881.1875
242.1200 115193.2265625
243.1200 29884.16796875
244.1000 6430.63525390625
244.1800 71.8389129638672
245.0800 981.305480957031
245.9300 103.97509765625
246.0900 91.7134170532227
246.2300 41.907585144043
246.8900 34.1424865722656
247.1000 65.4691925048828
247.9600 21.4550552368164
248.1100 101.31901550293
248.2500 14.9529676437378
248.9719 67.4170227050781
249.0900 1165.51489257813
250.0900 1764.06018066406
251.1000 15126.2734375
252.1100 16009.5771484375
253.1200 31651.92578125
254.1200 169461.40625
255.1100 78143.359375
256.1200 91879.7265625
257.1200 20608.79296875
258.1100 2844.21411132813
258.9414 56.1693534851074
259.0500 222.516571044922
259.1300 165.673797607422
260.2200 7.88297367095947
260.8098 44.5731773376465
260.9567 18.0725383758545
261.0500 49.8154373168945
261.9500 137.478179931641
262.0500 144.637908935547
262.1800 12.0832567214966
262.8900 111.614601135254
263.0400 239.460906982422
263.1600 136.157958984375
264.0900 3160.3740234375
265.0300 227.800445556641
265.1200 6935.0947265625
266.1200 30455.09765625
267.1200 40954.18359375
268.1200 42942.92578125
269.1200 88324.3828125
270.1100 332040.6875
271.1200 74692.4609375
272.1200 12625.0771484375
273.0900 1917.33190917969
273.8580 6.90514135360718
273.9775 85.7416915893555
274.1593 136.057006835938
274.8200 12.6168670654297
274.9300 143.070037841797
275.0371 60.6232757568359
275.1300 46.3451614379883
275.8800 16.1700057983398
276.0000 172.90022277832
276.1203 46.2757606506348
276.2200 44.1634101867676
276.9901 382.96337890625
277.0997 163.662139892578
278.0600 477.282318115234
278.1200 2154.82568359375
279.1000 1461.23132324219
280.1200 12897.6708984375
281.0796 2691.77954101563
281.1300 3735.05932617188
282.1200 23474.978515625
283.1300 24452.880859375
284.1300 523307
285.1299 129029.3046875
286.1200 16226.740234375
287.0798 1129.12609863281
287.1999 442.265319824219
288.0700 95.5144424438477
288.1800 50.2230911254883
288.7930 47.7375640869141
288.9381 27.2678756713867
289.0329 292.147583007813
289.2000 29.0225620269775
289.9600 119.146629333496
290.0411 204.788619995117
290.2014 12.7814207077026
291.0697 543.725158691406
291.1894 117.780288696289
292.0500 630.601623535156
292.1500 144.98454284668
293.0429 1284.72814941406
294.1299 6358.02001953125
295.0324 498.549133300781
295.1300 1618.0087890625
296.1300 4747.55712890625
297.0899 2094.16235351563
298.1299 10057.2509765625
299.1399 2571.09716796875
300.0000 121.527328491211
300.1200 284.611724853516
300.2200 41.3572463989258
300.9808 40.2625541687012
301.1100 22.6523780822754
302.8600 16.3831958770752
303.0217 33.6519927978516
304.0300 28.7308387756348
304.2600 10.2099628448486
304.7800 8.92498683929443
305.0800 35.6620941162109
305.8000 9.89725494384766
305.9800 12.7503299713135
306.1000 163.508392333984
306.2200 22.9396781921387
306.9998 126.38597869873
307.1399 295.500213623047
308.1000 760.197998046875
308.2000 138.094635009766
308.9300 48.0839157104492
309.1200 328.602600097656
309.3700 8.72097396850586
310.0300 144.516891479492
310.1400 1569.57604980469
311.1100 980.198364257813
311.2000 435.773529052734
312.1800 14125.0703125
313.1900 9888.974609375
314.1900 2613.07470703125
315.0800 189.2958984375
315.2000 241.048675537109
316.0700 8.17822742462158
316.1900 13.1133937835693
317.0900 36.580207824707
318.0000 21.7450103759766
318.8800 23.4596405029297
320.1700 46.4350662231445
320.2600 43.6190910339355
321.0700 36.8003311157227
321.2000 131.225112915039
322.1900 20117.333984375
323.1900 7731.59521484375
324.2000 319616.4375
325.2000 86010.484375
326.1900 17322.330078125
327.0907 205.336669921875
327.2000 2860.45068359375
328.0600 64.8895263671875
328.1700 267.782989501953
328.3100 17.8521518707275
329.2200 21.9662532806396
331.0400 8.98672580718994
332.8300 9.93564796447754
333.0000 8.97651767730713
334.0700 15.1422119140625
334.7500 9.70757865905762
334.8400 16.2085647583008
335.0100 20.0968475341797
335.1800 10.9086637496948
336.0000 28.1341438293457
336.1300 9.96770095825195
336.4600 7.83040761947632
336.6100 17.4309883117676
336.7100 21.182596206665
336.8600 42.2218399047852
337.0900 93.5007171630859
337.2800 15.9854717254639
337.5300 12.7701187133789
338.0113 62.4764556884766
338.1109 402.199127197266
338.2398 409.036804199219
339.0409 74.3163223266602
339.1800 2276.45385742188
340.2100 290381.0625
341.2200 618907.125
342.2200 159258.34375
343.2300 20902.84375
344.1500 805.212707519531
344.2200 1078.54296875
344.9500 10.5025777816772
345.1300 135.85905456543
345.2300 25.7000846862793
348.8200 9.85086631774902
348.9757 44.7440338134766
353.2500 9.66251277923584
