#"+EI Scan (rt: 1.877-1.924 min, 9 scans) MIX1-6.D  Subtract "
#Point,X(Thompsons),Y(Counts)
41.0 1565.43151855469
42.0 5954.26123046875
43.0 3642.8720703125
44.0 279.889770507813
45.0 69.2714538574219
50.0 1596.77551269531
51.0 3453.62475585938
52.0 893.0947265625
53.0 1088.06628417969
54.0 754.365661621094
55.0 1369.45874023438
56.0 23687.0078125
57.0 4274.4560546875
58.1 236564.59375
59.1 9149.83203125
60.0 93.5843353271484
61.0 56.3063163757324
62.0 613.713623046875
63.0 2287.88671875
64.0 755.362060546875
65.0 1714.17639160156
65.9 226.092407226563
66.9 44.3450546264648
70.9 16.950891494751
71.1 17.1746425628662
71.2 17.7338314056396
72.9 68.3196411132813
74.0 577.2080078125
75.0 735.43896484375
76.0 1120.21081542969
77.0 9259.8681640625
78.0 2642.8251953125
79.0 6323.33056640625
80.0 135.194259643555
80.1 401.343048095703
80.5 49.3144874572754
84.1 19.7180233001709
85.1 18.021842956543
85.9 25.985631942749
86.0 80.7459106445313
86.9 129.635314941406
87.0 58.4295120239258
87.6 60.0249366760254
87.9 48.5822944641113
89.0 3765.03125
90.0 2685.96899414063
91.0 2787.13891601563
92.0 295.157348632813
96.0 79.6514434814453
98.0 16.7905197143555
100.9 18.8201198577881
101.0 134.986175537109
102.0 1098.51672363281
103.0 5175.73974609375
104.0 1641.03759765625
105.0 4588.52001953125
105.9 66.5704116821289
106.0 610.731079101563
115.0 970.159912109375
116.0 308.121337890625
117.0 678.832153320313
118.0 369.014465332031
119.0 1190.353515625
120.0 153.631164550781
126.9 139.519744873047
128.0 324.883422851563
129.0 191.049377441406
130.0 277.513702392578
131.0 551.144775390625
131.9 52.1250457763672
132.0 487.30859375
133.0 5923.306640625
134.0 753.155639648438
135.0 87.2290344238281
143.0 62.0337944030762
144.0 306.109161376953
145.0 129.90283203125
145.9 35.4336318969727
146.0 453.070190429688
147.0 702.356567382813
148.0 1141.45068359375
149.1 81.9964904785156
158.0 139.153396606445
159.1 17.4519462585449
159.9 32.2627716064453
160.0 752.067993164063
161.0 392.570556640625
162.0 264.466369628906
172.0 20.1761035919189
173.0 41.3729095458984
174.0 139.103729248047
175.0 220.710174560547
176.1 441.013031005859
176.9 19.23166847229
188.0 16.7892456054688
189.1 34.0367851257324
190.0 45.061408996582
191.0 79.6604766845703
207.0 18.8834228515625
208.0 42.0865936279297
