#"+EI Scan (rt: 3.200-3.241 min, 8 scans) MIX1-7.D  Subtract "
#Point,X(Thompsons),Y(Counts)
41.0 1199.54113769531
42.0 1835.2353515625
43.0 1552.935546875
44.1 18015.365234375
45.0 501.179656982422
50.0 178.370162963867
51.0 283.658233642578
53.0 274.266845703125
53.9 47.4672698974609
55.0 296.581207275391
56.0 447.004608154297
56.9 33.5616760253906
57.0 101.116218566895
58.0 57.9997711181641
60.9 49.9937744140625
62.0 458.651763916016
62.9 142.29833984375
63.0 1394.09240722656
64.0 226.794509887695
65.0 2138.82543945313
66.0 136.987762451172
67.0 22.1009922027588
68.0 45.5055809020996
69.0 20.0531482696533
69.1 24.6271991729736
70.0 1063.07177734375
71.0 150.104873657227
73.9 53.6015853881836
75.9 20.9280242919922
77.0 184.580001831055
77.9 20.2639579772949
78.9 78.4609069824219
84.0 1313.35314941406
85.0 222.423599243164
86.1 26212.109375
87.1 1584.810546875
89.0 65.8801498413086
91.0 1149.07275390625
92.0 162.045776367188
92.9 138.871429443359
102.9 20.4998245239258
105.0 44.1572113037109
118.0 21.4361038208008
119.0 425.803070068359
120.0 186.633392333984
121.0 1722.15478515625
122.0 223.694595336914
135.0 133.231643676758
146.0 196.658126831055
147.0 185.834381103516
148.0 183.03955078125
149.0 3359.78564453125
150.0 557.830017089844
175.9 20.2320175170898
177.0 92.7680511474609
178.0 99.6668319702148
192.0 145.501892089844
207.0 9.69097900390625
208.0 44.8098373413086
