#"+EI Scan (rt: 3.194-3.241 min, 9 scans) MIX1-3.D  Subtract "
#Point,X(Thompsons),Y(Counts)
41.0 1135.18103027344
42.0 1772.35766601563
43.0 1461.08666992188
44.0 15794.1357421875
45.0 456.588104248047
49.9 115.807708740234
51.0 215.078063964844
53.0 217.356506347656
54.0 20.2244644165039
55.0 287.354766845703
56.0 386.656707763672
56.9 19.9667320251465
57.0 141.365386962891
57.9 21.5949954986572
58.0 9.40955352783203
60.9 40.8660202026367
62.0 404.890777587891
63.0 1391.16125488281
64.0 186.425628662109
65.0 1914.45422363281
66.0 132.610504150391
67.9 49.7833251953125
69.0 41.2436332702637
69.9 28.160005569458
70.0 870.911376953125
71.0 87.3834075927734
71.1 22.8825435638428
74.0 79.5207977294922
76.9 128.151458740234
79.0 89.6325759887695
84.0 1387.54077148438
85.0 234.670623779297
86.1 22559.666015625
87.1 1344.91027832031
88.9 38.6739883422852
91.0 979.5224609375
92.0 161.496551513672
92.9 123.254570007324
96.1 6.78390884399414
103.0 17.9932422637939
105.0 34.9924926757813
119.0 292.160095214844
120.0 172.794845581055
121.0 1515.12255859375
122.0 181.410568237305
135.0 124.261512756348
146.0 184.630996704102
147.0 140.039657592773
148.0 169.373489379883
149.0 2946.16772460938
150.0 441.546508789063
177.0 60.5561866760254
178.0 81.9740142822266
178.1 17.6252193450928
192.0 168.500228881836
