#"+EI Scan (rt: 5.561-5.584 min, 5 scans) MIX1-7.D  Subtract "
#Point,X(Thompsons),Y(Counts)
41.0 9595.3193359375
42.0 3168.46997070313
43.0 3385.6611328125
44.0 3503.51000976563
45.0 149.332794189453
50.0 432.812072753906
51.0 948.110046386719
52.0 250.578811645508
53.0 1413.54406738281
54.0 923.67431640625
55.0 5817.9013671875
56.0 5967.6396484375
57.1 8654.400390625
58.0 489.16796875
60.9 191.056884765625
62.0 1347.89453125
63.0 5566.75341796875
64.0 961.273742675781
65.0 10044.08984375
66.0 778.752807617188
67.0 333.673889160156
68.0 927.338195800781
69.0 429.964447021484
70.0 5741.482421875
70.9 95.7752075195313
71.1 553.755310058594
72.1 17124.41796875
73.0 957.095825195313
74.0 277.042449951172
75.0 190.638824462891
76.0 283.608428955078
77.0 1080.17749023438
78.0 300.889343261719
79.0 589.110656738281
80.0 224.150115966797
80.9 47.2102203369141
81.0 131.070831298828
82.0 386.331573486328
83.0 307.267120361328
84.1 3806.72119140625
85.0 487.731628417969
86.1 4324.1357421875
87.1 324.703308105469
88.0 39.7322463989258
89.0 399.286071777344
90.0 182.954711914063
91.0 3269.41430664063
92.0 720.018676757813
93.0 883.917175292969
94.2 151.206817626953
94.9 148.211715698242
95.3 103.935501098633
95.4 50.4049415588379
96.0 795.864318847656
97.1 70.1938323974609
98.0 768.825805664063
99.0 215.278732299805
99.1 117.109596252441
100.0 141.310562133789
101.9 142.517547607422
103.0 348.312316894531
104.0 299.092346191406
105.0 444.688049316406
105.9 78.51171875
106.9 35.6636962890625
112.1 1122.10620117188
113.0 108.478416442871
115.0 316.60302734375
116.0 85.8527984619141
116.1 38.3485794067383
117.0 468.985260009766
118.0 220.993118286133
119.0 1090.83166503906
120.0 921.166870117188
121.0 10790.115234375
122.0 1399.93835449219
123.0 380.478546142578
124.0 71.1811904907227
126.1 5209.3544921875
127.2 1251.57141113281
128.1 254263.828125
129.1 23442.69921875
130.1 1036.59130859375
131.0 384.184997558594
132.0 262.498321533203
132.9 256.509124755859
134.0 147.731048583984
135.0 5824.52197265625
136.0 631.812805175781
144.9 283.758483886719
146.0 238.183303833008
146.1 79.2669525146484
147.0 827.232666015625
148.0 1248.16711425781
149.0 17225.490234375
150.0 2352.18676757813
151.0 256.626953125
159.0 84.9893417358398
159.9 144.187118530273
161.0 260.702087402344
162.0 385.340240478516
163.0 137.689208984375
164.0 668.084289550781
174.0 421.030426025391
175.0 368.049011230469
176.0 181.85188293457
177.0 710.055053710938
177.9 36.9618453979492
178.0 268.250213623047
188.0 31.7659950256348
189.0 32.0436172485352
190.0 247.119781494141
190.9 150.136489868164
192.0 140.036483764648
203.9 42.3105545043945
204.1 260.664703369141
205.0 86.8393020629883
206.1 2836.87622070313
207.0 413.57861328125
208.0 52.6503829956055
208.9 31.4977607727051
230.0 69.0895843505859
232.0 36.9806976318359
234.1 926.987609863281
235.1 116.193984985352
248.0 32.0721626281738
259.1 108.288696289063
281.0 85.4532852172852
