#"+EI Scan (rt: 1.720-1.766 min, 9 scans) MIX2-8.D  Subtract "
#Point,X(Thompsons),Y(Counts)
41.0 2038.47180175781
42.0 7800.3447265625
43.0 5334.76025390625
44.0 849.246765136719
45.0 243.427429199219
48.9 19.3388595581055
50.0 2147.04565429688
51.0 5763.73095703125
52.0 1431.18420410156
53.0 1545.68212890625
54.0 1024.9130859375
55.0 1842.10144042969
56.0 38173.75
57.1 6165.82421875
58.1 342482.5625
59.1 13099.64453125
60.0 179.281539916992
61.0 125.976127624512
62.0 909.29296875
63.0 3437.57299804688
64.0 1021.59637451172
65.0 2371.08813476563
65.9 92.7675552368164
66.0 262.683288574219
66.8 73.6571731567383
67.0 43.9790802001953
67.9 16.7830009460449
69.0 17.4767055511475
70.0 97.4847564697266
71.0 159.0107421875
71.2 59.7849311828613
71.9 124.600463867188
72.1 29.3581008911133
72.9 183.740859985352
73.0 21.9086380004883
74.0 954.694885253906
75.0 1110.34289550781
76.0 1536.70812988281
77.0 15800.484375
78.0 5027.55322265625
79.0 8807.5908203125
80.0 729.5009765625
80.9 22.9154224395752
81.0 35.6930351257324
83.0 22.6947059631348
84.1 18.1867294311523
85.0 35.9176750183105
86.0 230.609725952148
87.0 368.729248046875
88.0 159.959289550781
89.0 4652.919921875
90.0 2342.16674804688
91.0 4588.92919921875
92.0 439.751159667969
92.9 56.1033325195313
95.0 18.8469772338867
97.9 70.1169128417969
98.9 39.5301055908203
100.9 17.067569732666
101.0 339.240112304688
102.0 2016.10803222656
103.0 8593.0654296875
104.0 4368.86083984375
105.0 5580.890625
106.0 793.989868164063
107.0 172.227478027344
112.9 51.0616035461426
113.0 19.6315937042236
114.1 79.2908554077148
115.0 4545.26025390625
116.0 1166.17431640625
117.0 2065.40893554688
118.0 743.464477539063
119.0 1269.47741699219
120.0 212.46711730957
126.0 80.0788497924805
127.0 749.365905761719
128.0 1404.94689941406
129.0 906.897705078125
130.0 698.578796386719
131.0 1385.46215820313
132.0 810.786499023438
133.0 7502.7734375
134.0 1154.7890625
135.0 232.403823852539
138.9 39.2626075744629
141.0 269.888153076172
142.0 91.4880523681641
142.1 18.6208477020264
143.0 439.09814453125
144.0 811.809326171875
145.0 1813.51513671875
145.9 124.60831451416
146.0 867.024169921875
146.9 141.509643554688
147.0 345.829956054688
148.0 425.468048095703
148.9 164.808197021484
150.0 88.3656616210938
156.0 117.263092041016
156.9 41.4753303527832
157.0 198.09814453125
158.0 670.276611328125
159.0 390.074310302734
160.0 1074.70495605469
161.0 325.476165771484
161.1 64.7655487060547
161.9 17.5351123809814
162.0 146.930847167969
163.0 18.3012428283691
171.9 17.7100486755371
172.0 83.8628616333008
173.0 66.6787719726563
174.0 169.027862548828
175.1 158.714736938477
176.0 80.8655319213867
176.1 390.772308349609
189.0 68.9623718261719
190.0 17.6227722167969
190.9 39.7703590393066
191.0 168.783874511719
192.0 18.5875587463379
