#"+EI Scan (rt: 1.912-1.958 min, 9 scans) MIX2-7.D  Subtract "
#Point,X(Thompsons),Y(Counts)
41.0 533.42529296875
42.0 1795.34265136719
43.0 1364.14965820313
50.0 434.769958496094
51.0 1289.03918457031
52.0 584.218139648438
53.0 878.13134765625
54.0 368.334259033203
55.0 402.769683837891
56.0 11023.4326171875
57.0 1530.01416015625
58.1 81886.0078125
59.0 3140.86865234375
60.0 18.4110584259033
60.9 89.1438598632813
62.0 452.582641601563
63.0 1369.05200195313
64.0 379.086151123047
65.0 2183.14892578125
65.9 160.047729492188
66.0 90.1674118041992
70.0 40.7582664489746
71.0 17.2039527893066
71.9 18.857027053833
73.0 19.5244655609131
74.0 268.698333740234
75.0 258.551788330078
76.0 300.045715332031
77.0 3974.96435546875
78.0 1499.76403808594
79.0 2429.26220703125
79.9 17.4904441833496
80.0 163.095657348633
86.9 19.9840965270996
87.0 47.4645690917969
90.0 98.8093414306641
91.0 1434.24194335938
92.0 228.751495361328
92.9 37.798828125
93.1 17.4201641082764
96.0 18.1295967102051
99.0 16.875804901123
101.0 17.6642189025879
102.0 575.539123535156
103.0 2353.76342773438
104.0 965.35400390625
105.0 3067.15844726563
106.0 69.7908935546875
106.0 383.279418945313
107.0 111.019554138184
115.0 519.397216796875
116.0 256.940765380859
117.0 124.615074157715
117.0 303.185302734375
118.0 125.026260375977
118.9 18.5526351928711
119.0 559.664001464844
120.0 84.5137100219727
120.9 325.465759277344
127.0 127.866424560547
128.0 313.2353515625
129.0 205.754180908203
130.0 140.103668212891
131.0 175.79150390625
132.0 260.825317382813
133.0 2485.18994140625
134.0 355.441864013672
135.0 181.137741088867
143.0 16.8180599212646
143.9 27.8321838378906
144.0 124.222625732422
145.0 264.657989501953
146.0 292.417755126953
147.0 38.1070594787598
148.0 158.523071289063
149.0 5064.7607421875
150.0 397.794921875
157.0 17.5769557952881
158.0 201.977355957031
159.0 125.868896484375
159.9 22.662805557251
160.0 134.026763916016
161.0 69.7100982666016
161.1 62.0379486083984
174.0 293.260528564453
175.0 123.295745849609
176.0 79.0135269165039
189.0 63.7001609802246
191.0 90.254997253418
192.0 394.135833740234
