#"+EI Scan (rt: 1.912-1.958 min, 9 scans) MIX2-9.D  Subtract "
#Point,X(Thompsons),Y(Counts)
41.0 621.092163085938
42.0 1897.8291015625
43.0 1335.75109863281
50.0 463.136169433594
51.0 1364.64306640625
52.0 546.213500976563
53.0 846.049560546875
54.0 320.477783203125
55.0 287.997863769531
56.0 10844.873046875
57.0 1507.25842285156
58.1 82050.7265625
59.0 3129.64624023438
61.0 91.6798858642578
62.0 489.110229492188
63.0 1451.39270019531
64.0 375.441284179688
65.0 2273.81689453125
65.9 146.793045043945
66.1 96.742919921875
71.0 19.6825160980225
73.9 267.890899658203
75.0 258.053100585938
76.0 274.917785644531
77.0 3953.39306640625
78.0 1532.73583984375
79.0 2385.92041015625
80.0 201.09294128418
86.8 19.3336372375488
86.9 59.4657783508301
90.0 141.898864746094
91.0 1393.69982910156
91.9 74.0348587036133
92.0 129.471923828125
93.0 57.2308769226074
96.0 58.6726493835449
101.0 55.4901275634766
101.9 173.180114746094
102.0 418.762817382813
103.0 2796.5205078125
104.0 723.385620117188
105.0 3116.03442382813
106.0 478.599487304688
107.0 90.947021484375
115.0 590.603332519531
116.0 240.95426940918
116.9 50.6524276733398
117.0 379.475158691406
118.0 120.038383483887
119.0 569.642761230469
119.9 59.4514579772949
120.9 359.866363525391
126.9 62.5512008666992
127.0 55.5963363647461
128.0 309.386535644531
129.0 212.414367675781
130.0 132.346588134766
131.0 166.633697509766
132.0 134.79931640625
133.0 2424.43725585938
134.0 364.835266113281
143.0 18.7730598449707
143.9 20.5175819396973
144.0 163.775955200195
145.0 256.099090576172
146.0 247.060409545898
146.9 17.2521438598633
147.0 78.1474761962891
148.0 130.265121459961
149.0 5386.3623046875
150.0 500.942199707031
158.0 221.672073364258
159.0 102.203216552734
159.9 17.5504627227783
160.0 16.724853515625
161.0 149.699035644531
173.1 17.2619552612305
174.0 285.658020019531
175.0 126.100723266602
176.0 106.095764160156
189.0 53.6763458251953
192.0 408.913940429688
193.0 17.764289855957
208.0 59.7501373291016
