#"+EI Scan (rt: 2.763-2.809 min, 9 scans) MIX2-3.D  Subtract "
#Point,X(Thompsons),Y(Counts)
41.0 1193.46606445313
42.0 6236.4091796875
43.0 2304.4658203125
44.1 36283.16015625
45.0 1101.53161621094
48.9 16.9261989593506
50.0 800.21533203125
51.0 1350.13854980469
52.0 411.734802246094
53.0 1523.92138671875
54.0 437.581268310547
55.0 1093.03942871094
56.0 4562.25927734375
57.0 708.935791015625
58.0 273.546081542969
61.0 479.875854492188
62.0 2136.83520507813
63.0 6407.0224609375
64.0 1571.60974121094
65.0 12847.546875
66.0 1123.07775878906
67.0 207.738067626953
68.0 386.492736816406
69.0 272.514587402344
70.0 4526.0673828125
71.1 1433.41247558594
72.1 151383.734375
73.1 7565.41650390625
74.0 758.10400390625
75.0 480.064453125
76.0 384.913543701172
77.0 1112.80859375
78.0 390.591125488281
79.0 490.743988037109
79.9 84.7251586914063
80.1 17.4371814727783
81.0 66.7539138793945
81.1 17.9841995239258
86.9 20.2320308685303
89.0 453.95068359375
90.0 304.351196289063
91.0 4355.39794921875
92.0 1425.67395019531
93.0 661.391357421875
93.9 20.6639461517334
94.0 56.5450210571289
94.2 39.6977958679199
95.0 183.154312133789
95.9 23.9078330993652
96.0 62.6614723205566
102.0 145.302337646484
102.1 53.8079299926758
102.8 19.7121467590332
103.0 493.158843994141
103.9 43.1089210510254
104.0 241.562713623047
105.0 245.188507080078
106.0 95.9719543457031
106.9 399.436614990234
108.0 99.9024887084961
115.0 36.22607421875
115.9 17.1866054534912
116.9 51.5928344726563
117.0 64.2201995849609
117.9 168.047546386719
118.0 139.015197753906
118.9 36.8167533874512
119.0 1188.546875
120.0 732.709228515625
121.0 3614.9853515625
122.0 1135.18237304688
122.9 39.3073654174805
122.9 102.863647460938
130.0 39.6520576477051
131.0 262.356079101563
132.0 214.805679321289
132.9 207.813461303711
134.0 109.002311706543
135.0 1829.75305175781
136.0 261.912780761719
146.0 396.813140869141
147.0 557.745544433594
147.8 29.6983909606934
148.0 448.384399414063
149.0 15370.5263671875
150.0 1859.99267578125
151.0 209.323852539063
159.0 17.4648494720459
160.0 62.2826347351074
162.0 76.3929748535156
163.0 16.9818840026855
175.0 39.2633743286133
176.0 281.371215820313
177.0 239.420959472656
178.0 1808.78369140625
178.9 18.0648155212402
179.0 185.40869140625
190.0 46.6115112304688
190.9 36.288200378418
192.0 17.7010307312012
203.9 20.265115737915
204.1 40.5271415710449
205.0 34.4084281921387
206.0 156.007415771484
207.0 16.778564453125
208.0 72.01513671875
220.0 296.150268554688
221.0 146.330505371094
