#"+EI Scan (rt: 2.763-2.809 min, 9 scans) MIX2-4.D  Subtract "
#Point,X(Thompsons),Y(Counts)
41.0 1152.16809082031
42.0 7028.44580078125
43.0 2041.35229492188
44.1 36600.078125
45.0 1098.22534179688
48.9 20.1034355163574
50.0 794.744140625
51.0 1425.63757324219
52.0 432.095642089844
53.0 1483.64965820313
54.0 452.428894042969
55.0 1126.75866699219
56.0 4548.8427734375
57.0 729.656494140625
58.0 202.787216186523
61.0 487.935394287109
62.0 2054.13549804688
63.0 6643.41162109375
64.0 1628.03784179688
65.0 13079.6953125
66.0 1147.44897460938
67.0 197.051177978516
68.0 360.423187255859
69.0 256.957946777344
70.1 5231.16357421875
71.1 1548.04870605469
72.1 150946.984375
73.1 7537.29736328125
74.0 770.362426757813
75.0 476.445648193359
76.0 338.668914794922
77.0 1147.36828613281
78.0 374.273071289063
79.0 427.4384765625
80.0 86.1100921630859
80.9 20.6832542419434
81.0 59.0232391357422
88.0 18.9413166046143
89.0 444.220275878906
89.9 146.612182617188
90.0 198.35368347168
91.0 4264.06982421875
92.0 1417.42236328125
93.0 711.705688476563
94.0 140.317626953125
94.9 162.390411376953
95.9 87.3948287963867
101.1 17.8797035217285
101.9 162.780456542969
102.1 33.1591033935547
103.0 533.373901367188
104.0 283.623352050781
105.0 316.497924804688
106.0 102.363494873047
107.0 368.608123779297
107.9 47.479175567627
108.0 61.3529205322266
114.9 23.3860778808594
115.0 56.473503112793
115.9 23.2927989959717
117.0 143.770294189453
118.0 331.663818359375
119.0 1200.47509765625
120.0 762.234619140625
121.0 3562.43872070313
122.0 1155.97338867188
123.0 156.411911010742
130.0 60.9485282897949
130.8 27.5278091430664
131.0 256.154724121094
132.0 247.216781616211
132.9 207.802505493164
134.0 139.913482666016
135.0 1875.50537109375
136.0 189.214202880859
144.9 17.1454792022705
146.0 381.820495605469
147.0 536.532531738281
148.0 458.207153320313
149.0 15134.888671875
150.0 1856.72485351563
150.9 269.995361328125
159.0 19.5450534820557
159.9 60.4926490783691
162.0 84.8461227416992
164.0 4.67497062683105
175.0 71.9442520141602
175.9 19.2023124694824
176.0 288.196807861328
177.0 212.050720214844
178.0 1690.06689453125
179.0 193.739608764648
190.0 62.5444068908691
192.0 42.9526824951172
204.0 40.9494972229004
204.9 20.8190746307373
206.0 164.044479370117
207.0 26.7216796875
208.0 39.736572265625
220.0 292.601684570313
221.0 138.252334594727
