#"+EI Scan (rt: 3.328-3.381 min, 10 scans) MIX2-5.D  Subtract "
#Point,X(Thompsons),Y(Counts)
41.0 651.067810058594
42.0 2816.08862304688
43.0 830.767028808594
44.0 7055.9208984375
45.0 194.998794555664
50.0 217.899856567383
51.0 411.708343505859
51.9 102.833824157715
53.0 441.867919921875
54.0 197.566787719727
55.0 1097.47521972656
56.0 1485.95166015625
57.0 1781.26538085938
58.0 2758.3818359375
59.0 73.4366302490234
59.1 30.7168769836426
60.9 15.6844482421875
62.0 368.814697265625
63.0 1454.662109375
63.9 23.567066192627
64.0 308.039947509766
65.0 3110.34936523438
66.0 251.368499755859
67.0 56.8651351928711
68.0 136.989974975586
68.9 43.4770355224609
69.0 61.1904792785645
70.0 817.956298828125
71.0 179.550537109375
71.9 17.578254699707
72.0 17.8097076416016
73.9 24.6660900115967
74.0 34.909049987793
74.9 45.1801986694336
75.0 18.4714984893799
76.0 98.3889617919922
77.0 513.345275878906
78.0 169.115844726563
79.0 255.314331054688
83.0 15.5242204666138
84.0 1354.39111328125
85.0 17.2941398620605
85.1 248.295288085938
86.1 41650.4140625
87.1 2500.94653320313
88.0 52.1100997924805
88.9 90.994384765625
89.9 16.1424217224121
90.0 41.4030227661133
91.0 920.963439941406
92.0 335.670654296875
93.0 188.537109375
95.4 36.1154975891113
95.6 122.507186889648
95.7 17.7419090270996
95.9 18.2808609008789
100.0 1271.51391601563
101.0 61.8853759765625
102.9 195.490036010742
104.0 147.291900634766
105.0 201.1318359375
106.0 35.2965812683105
106.9 68.100944519043
107.0 49.0080757141113
115.0 159.783279418945
116.0 15.8781127929688
117.0 57.4259262084961
118.9 252.896270751953
120.0 139.777084350586
121.0 909.700012207031
121.9 251.879119873047
128.0 31.0929317474365
131.0 35.9790878295898
132.0 36.5361442565918
133.0 272.167205810547
134.0 62.1864395141602
135.0 377.264709472656
136.0 17.1450595855713
143.9 17.7514457702637
146.9 99.4445037841797
147.0 24.7102184295654
149.0 2276.89135742188
150.0 367.455841064453
150.9 16.1782569885254
162.0 296.682281494141
164.0 1062.21899414063
164.9 32.9844436645508
165.0 64.8746566772461
177.0 40.2728500366211
190.9 18.3546485900879
192.0 348.8876953125
193.0 50.7452087402344
207.0 42.179931640625
208.0 66.3416442871094
