#"+EI Scan (rt: 3.328-3.380 min, 10 scans) MIX2-9.D  Subtract "
#Point,X(Thompsons),Y(Counts)
41.0 657.854431152344
42.0 2775.67993164063
43.0 797.852294921875
44.0 7002.0087890625
45.0 188.736129760742
50.0 193.730194091797
51.0 428.530212402344
52.0 88.2522735595703
53.0 412.066162109375
54.0 184.621475219727
55.0 1073.62451171875
56.0 1453.70666503906
57.0 1779.3935546875
58.0 2847.96337890625
59.0 74.3184814453125
60.9 35.8376388549805
62.0 380.864013671875
63.0 1480.83618164063
64.0 326.846954345703
65.0 3068.40942382813
66.0 276.235076904297
66.9 37.7551155090332
67.0 17.0409202575684
68.0 151.990005493164
68.9 34.7019271850586
69.0 62.8113021850586
70.0 796.323181152344
71.0 240.447799682617
72.0 43.964225769043
73.9 58.8619995117188
74.9 59.314323425293
75.0 16.0286464691162
76.0 66.1643447875977
77.0 545.937561035156
78.0 142.339447021484
79.0 287.149993896484
81.1 16.9085235595703
84.0 1377.119140625
85.0 51.5806655883789
85.1 211.90071105957
86.1 41476.33203125
87.0 20.6165084838867
87.1 2412.51293945313
88.0 34.3890762329102
88.1 18.6688442230225
88.9 141.517395019531
89.9 17.8012523651123
90.9 145.226715087891
91.0 746.381286621094
91.9 168.489303588867
92.0 139.11003112793
93.0 163.073638916016
95.5 146.32096862793
95.8 52.7842826843262
96.0 22.5514507293701
99.9 17.8091869354248
100.0 1273.93762207031
101.0 62.7257614135742
103.0 167.916946411133
104.0 106.750221252441
105.0 290.358001708984
106.0 33.984790802002
107.0 90.974983215332
115.0 135.052200317383
117.0 43.2160911560059
118.0 36.4503555297852
119.0 244.491485595703
119.9 151.205718994141
120.9 15.6638965606689
121.0 912.820617675781
122.0 229.060958862305
131.0 53.8827133178711
131.8 25.0711097717285
132.0 88.9377288818359
133.0 287.403991699219
134.0 88.0769500732422
135.0 403.627838134766
136.0 45.3138771057129
146.9 104.211685180664
147.9 15.0724506378174
148.0 17.6746501922607
149.0 2330.18725585938
150.0 272.126251220703
150.0 66.8894805908203
151.0 32.9633750915527
162.0 278.994659423828
163.0 15.2276334762573
164.0 1051.00695800781
165.0 71.3065795898438
176.9 31.8200130462646
192.0 387.171691894531
193.0 21.2084922790527
208.0 9.46834754943848
