#"+EI Scan (rt: 3.981-4.027 min, 9 scans) MIX2-9.D  Subtract "
#Point,X(Thompsons),Y(Counts)
41.0 776.768737792969
42.0 3945.140625
43.0 1068.728515625
44.0 1205.36462402344
45.0 151.039611816406
46.0 182.46012878418
50.0 186.8408203125
51.0 433.605834960938
52.0 91.0765380859375
53.0 506.423461914063
54.0 196.236343383789
55.0 1448.14587402344
56.0 2808.28955078125
57.0 841.056640625
58.1 6716.17431640625
58.9 19.7388401031494
59.0 226.064239501953
60.9 63.2790107727051
62.0 621.089233398438
63.0 2292.34057617188
64.0 306.280578613281
65.0 3381.3681640625
66.0 224.578643798828
67.0 75.7192764282227
68.0 395.515319824219
69.0 112.343170166016
70.0 1763.58276367188
71.1 5378.3369140625
72.1 1975.16516113281
73.0 135.685852050781
73.9 134.994079589844
74.9 19.4253368377686
75.0 64.2998886108398
76.0 63.8562202453613
76.1 47.6988067626953
77.0 480.686431884766
78.0 128.671508789063
79.0 269.095794677734
80.0 17.402961730957
81.0 35.8995513916016
82.0 230.316482543945
83.0 178.770935058594
84.0 1529.52233886719
85.0 303.352844238281
86.0 126.835777282715
88.9 163.76985168457
90.0 19.8564682006836
91.0 1326.60876464844
92.0 254.402938842773
95.8 37.7019119262695
96.0 40.810661315918
97.9 21.3664283752441
98.0 738.830200195313
99.1 430.835754394531
100.1 90748.0625
101.1 6325.67919921875
102.1 170.372207641602
102.2 101.917442321777
102.7 75.1982727050781
102.9 148.982666015625
104.0 111.117881774902
104.9 223.940475463867
114.9 19.3091087341309
115.0 135.816741943359
117.0 63.3425445556641
118.0 59.4016647338867
119.0 468.601898193359
120.0 308.999908447266
121.0 3013.35205078125
121.8 16.8530044555664
122.0 350.333679199219
130.9 52.7210693359375
131.9 60.8482475280762
132.1 18.1959629058838
132.9 115.148223876953
135.0 955.001525878906
135.9 36.4192771911621
145.0 84.3498229980469
146.0 81.9455718994141
147.0 407.639739990234
148.0 167.891296386719
149.0 4109.42919921875
150.0 425.032440185547
159.9 18.521146774292
160.0 23.0065746307373
162.0 60.3651733398438
164.0 270.845581054688
175.0 153.745513916016
175.9 20.2151832580566
176.0 83.8544311523438
177.0 184.1689453125
178.0 473.397094726563
187.9 21.7513542175293
188.1 21.0029621124268
189.9 26.233585357666
190.0 43.5406265258789
191.0 37.1126899719238
204.0 228.600204467773
206.0 281.633392333984
207.0 68.25830078125
