#"+EI Scan (rt: 6.627-6.656 min, 6 scans) MIX2-8.D  Subtract "
#Point,X(Thompsons),Y(Counts)
41.0 9973.140625
42.0 14823.8193359375
43.0 5078.26806640625
44.0 5051.45751953125
45.0 10411.9384765625
46.0 440.892242431641
47.0 718.556396484375
50.0 1661.94372558594
51.0 1252.37817382813
52.0 306.621795654297
53.0 532.945129394531
54.0 1999.966796875
55.0 5041.82763671875
56.0 6297.443359375
57.0 2286.6865234375
58.0 2077.54296875
59.0 252.319473266602
59.9 37.0676689147949
60.9 87.9351577758789
62.0 209.261840820313
63.0 1392.732421875
64.0 272.852478027344
65.0 869.674377441406
66.0 136.866119384766
66.1 39.9127082824707
67.0 655.674255371094
68.0 2583.98388671875
69.0 7243.86083984375
70.1 5124.39697265625
71.0 915.251037597656
72.0 492.495025634766
73.0 191.226379394531
74.0 519.092224121094
75.0 744.71240234375
76.0 1506.46398925781
77.0 4829.3193359375
78.0 1267.31237792969
79.0 4707.90673828125
80.0 396.361968994141
80.9 319.121551513672
82.0 3079.5517578125
83.0 604.931579589844
84.1 19537.802734375
85.1 1806.49853515625
86.0 1938.84973144531
87.0 524.330688476563
88.0 151.622787475586
89.0 655.552001953125
90.0 284.588592529297
91.0 1892.90832519531
91.9 222.332565307617
92.9 224.211044311523
94.0 66.8235321044922
94.9 194.675354003906
96.0 698.908325195313
97.0 1490.90466308594
98.0 397.481414794922
99.0 158.139633178711
102.0 308.140411376953
103.0 634.750610351563
104.0 623.919250488281
105.0 415.633911132813
105.9 92.0493087768555
106.0 35.0653953552246
106.9 300.202667236328
107.1 31.8547306060791
108.0 6956.89892578125
109.0 1300.58056640625
110.0 684.488830566406
111.0 106.625
112.0 1199.90173339844
112.9 63.1827697753906
113.0 70.7382888793945
114.0 35.0752601623535
115.0 1363.82604980469
116.0 568.922546386719
117.0 1495.52941894531
118.0 696.833312988281
118.9 63.355598449707
119.0 178.03337097168
121.0 1650.8369140625
122.0 1125.529296875
123.0 3885.0537109375
124.0 917.91015625
125.0 511.65380859375
126.1 4391.10595703125
127.1 1919.76513671875
128.1 424241.5
129.1 35128.39453125
130.1 2417.35083007813
131.0 1114.96008300781
132.0 315.764801025391
132.9 108.239349365234
134.0 494.117950439453
135.0 932.6591796875
136.0 1155.58190917969
137.0 1264.23400878906
137.9 174.085159301758
139.0 27.4207515716553
143.0 32.1745262145996
144.0 150.680313110352
145.0 575.088195800781
146.0 576.110168457031
147.0 294.901184082031
147.9 32.2096977233887
148.0 34.7370262145996
149.0 508.829833984375
150.0 649.475463867188
151.0 11763.5146484375
152.0 1243.91247558594
153.0 650.721862792969
154.0 25.6242141723633
158.0 67.6579132080078
159.0 70.0666122436523
160.0 28.3702449798584
162.0 80.056640625
162.8 30.3503646850586
163.0 106.412170410156
164.0 56.3830375671387
165.0 966.28515625
165.9 60.0903930664063
166.0 126.971412658691
176.0 54.9594688415527
176.9 97.8387832641602
177.0 85.4583358764648
190.9 84.5138397216797
192.0 656.550964355469
193.0 138.781677246094
193.0 78.3212356567383
194.0 357.06298828125
195.0 26.0250720977783
207.0 5.5216064453125
208.1 52.8935241699219
209.1 33.1127624511719
236.1 292.179748535156
252.9 55.4365081787109
264.1 375.140991210938
265.0 26.7962779998779
281.0 14.9271850585938
282.0 24.9477882385254
