#"+EI Scan (rt: 6.627-6.656 min, 6 scans) MIX2-1.D  Subtract "
#Point,X(Thompsons),Y(Counts)
41.0 10229.7021484375
42.0 15125.8173828125
43.0 5092.736328125
44.0 5122.95166015625
45.0 10687.0927734375
46.0 447.004791259766
47.0 713.556396484375
50.0 1606.33410644531
51.0 1326.3291015625
52.0 310.281097412109
53.0 505.219329833984
54.0 2022.04382324219
55.0 5056.13232421875
56.0 6481.9970703125
57.0 2224.3173828125
58.0 2150.40698242188
59.0 256.943878173828
59.9 59.6589469909668
61.0 83.3082962036133
62.0 270.895233154297
63.0 1427.16955566406
64.0 274.724517822266
65.0 916.388122558594
66.0 166.46337890625
67.0 682.911804199219
68.0 2662.24658203125
69.0 7405.34619140625
70.0 5249.96533203125
71.0 817.801147460938
72.0 516.931945800781
73.0 162.697570800781
74.0 597.495666503906
75.0 823.985900878906
76.0 1556.69055175781
77.0 4762.97509765625
78.0 1209.91235351563
79.0 4768.44189453125
79.9 95.8655395507813
80.0 340.556640625
80.9 300.736724853516
81.0 65.6457138061523
82.0 3107.58227539063
83.0 638.919128417969
84.1 20012.822265625
85.0 1772.27111816406
86.0 2041.63537597656
87.0 596.035034179688
88.0 117.204933166504
89.0 678.197326660156
90.0 239.578598022461
91.0 1904.47045898438
92.0 205.169250488281
92.9 224.498229980469
94.0 69.1156539916992
95.0 191.518356323242
96.0 726.196105957031
97.0 1512.55126953125
98.0 415.390716552734
99.0 184.976638793945
100.0 25.2094554901123
102.0 246.703491210938
102.0 124.11109161377
103.0 631.236389160156
104.0 592.853515625
105.0 426.568878173828
106.0 125.358764648438
107.0 270.214202880859
108.0 6944.83740234375
109.0 1288.32849121094
110.0 684.560852050781
111.0 150.169738769531
112.0 1160.98181152344
113.0 179.289505004883
114.0 62.8139343261719
115.0 1397.1318359375
116.0 305.017822265625
116.1 292.933807373047
117.0 1532.73718261719
118.0 617.671813964844
119.0 208.600936889648
120.0 25.2203826904297
121.0 1691.48864746094
122.0 1089.81005859375
123.0 3922.76953125
124.0 952.754089355469
125.0 521.065002441406
126.1 3691.55639648438
127.1 1918.10632324219
128.1 432341.84375
129.1 35895.703125
130.1 2395.93676757813
131.0 1123.384765625
132.0 251.2880859375
132.9 142.478698730469
134.0 494.317016601563
135.0 893.2548828125
136.0 1121.64001464844
137.0 1205.87438964844
138.0 159.540267944336
143.0 52.8210029602051
144.0 140.328659057617
145.0 627.393615722656
146.0 563.869079589844
147.0 316.708770751953
148.0 127.682167053223
149.0 519.423278808594
150.0 643.220886230469
151.0 11963.21484375
152.0 1282.27624511719
152.9 675.317260742188
156.0 54.1759605407715
158.0 113.91455078125
158.9 37.1389427185059
159.0 93.8012619018555
160.9 29.3137741088867
162.0 68.8603210449219
162.9 114.613708496094
164.0 34.8710517883301
165.0 1005.61541748047
166.0 195.565353393555
176.0 25.7306594848633
177.0 192.323974609375
178.0 62.2910614013672
190.9 56.2581024169922
192.0 742.152526855469
193.0 217.076278686523
194.0 359.498748779297
205.0 27.1004886627197
207.0 8.4825439453125
236.0 396.047485351563
237.1 29.4873218536377
252.9 23.146936416626
264.0 415.720581054688
265.0 80.2758560180664
282.0 13.0728321075439
340.9 48.6719207763672
