#"+EI Scan (rt: 2.092-2.139 min, 9 scans) MIX3-7.D  Subtract "
#Point,X(Thompsons),Y(Counts)
41.0 5590.5986328125
42.0 7999.54736328125
43.0 1445.84350585938
44.0 6317.447265625
45.0 229.553527832031
48.9 47.5288391113281
49.0 33.0579872131348
50.0 3051.73876953125
51.0 1897.80859375
52.0 280.587036132813
52.9 256.325775146484
54.0 788.371887207031
55.0 1044.27575683594
56.1 5571.548828125
57.0 14650.2666015625
58.0 716.787048339844
60.9 308.781127929688
62.0 220.403823852539
63.0 543.227905273438
63.9 22.7435283660889
64.9 33.281364440918
65.0 100.488464355469
67.0 36.5537033081055
68.0 435.489868164063
69.0 334.338134765625
70.1 6914.97509765625
71.1 1291.91333007813
72.1 133183.5625
73.1 6745.84716796875
74.0 1811.61560058594
75.0 8034.9052734375
76.0 1906.69250488281
77.0 1464.49084472656
78.0 187.627685546875
83.9 225.935958862305
85.0 982.316101074219
85.9 173.37727355957
87.0 403.311828613281
87.9 18.9597187042236
89.0 579.273315429688
90.0 100.106597900391
91.0 364.961303710938
96.0 108.119827270508
98.0 17.0419311523438
98.9 130.206909179688
101.0 247.733337402344
102.0 204.759994506836
103.0 197.077041625977
104.0 168.636703491211
104.9 164.074005126953
105.1 18.0529384613037
109.9 245.560302734375
111.0 11656.2109375
112.0 1186.36047363281
113.0 3921.57373046875
113.9 376.085968017578
114.9 25.2150726318359
115.0 439.174774169922
116.0 176.182235717773
117.0 221.703582763672
118.0 137.770263671875
118.9 65.267707824707
119.0 21.7892990112305
122.9 42.1902275085449
124.9 757.050720214844
126.0 114.001304626465
127.0 463.9453125
128.0 250.886993408203
129.0 84.7101898193359
129.9 92.4582748413086
130.9 18.4298553466797
131.0 109.312034606934
131.9 79.0448913574219
132.0 28.8105850219727
132.9 114.416610717773
134.9 74.4243469238281
135.9 70.6812057495117
136.0 27.4951992034912
136.9 154.525756835938
137.9 171.010696411133
139.0 6393.88330078125
139.8 19.947961807251
140.0 601.373596191406
141.0 2166.248046875
141.9 172.553787231445
144.0 110.013679504395
145.0 191.019104003906
146.0 330.443420410156
147.0 2182.14282226563
148.0 240.76969909668
148.9 122.641792297363
150.9 20.3596935272217
151.9 101.729476928711
152.9 18.9880828857422
153.9 49.5563888549805
154.0 992.895202636719
154.9 141.301208496094
156.0 336.884552001953
159.9 28.6383628845215
163.9 108.201385498047
164.9 37.2972183227539
166.0 237.363662719727
167.0 232.57341003418
167.9 89.9376525878906
169.0 39.426383972168
180.0 133.76741027832
181.0 162.020324707031
182.0 1478.52380371094
183.0 182.5927734375
184.0 434.739135742188
194.0 17.0200061798096
207.0 33.6279907226563
208.0 70.1252975463867
209.0 61.8899116516113
