#"+EI Scan (rt: 2.087-2.139 min, 10 scans) MIX3-5.D  Subtract "
#Point,X(Thompsons),Y(Counts)
41.0 5033.8564453125
42.0 7685.1005859375
43.0 1303.06042480469
44.0 5737.22412109375
45.0 205.879028320313
49.0 107.13468170166
50.0 2795.57739257813
51.0 1758.6142578125
52.0 253.064849853516
52.9 231.602691650391
54.0 712.768859863281
55.0 907.57568359375
56.0 5103.17333984375
57.0 13266.4775390625
58.0 666.403564453125
58.7 35.0436782836914
61.0 237.260986328125
61.9 180.963165283203
63.0 493.933288574219
63.9 16.1465263366699
64.0 16.2381992340088
65.0 148.206634521484
66.9 49.1203346252441
68.0 427.064300537109
69.0 300.53759765625
70.0 7456.2060546875
71.1 1252.31237792969
72.1 121774.328125
73.1 6066.5673828125
74.0 1647.90234375
75.0 7471.0361328125
76.0 1781.61389160156
77.0 1367.93359375
78.0 178.497283935547
78.9 16.7621383666992
83.9 230.756439208984
84.9 926.533874511719
85.9 188.759292602539
86.9 397.652679443359
88.0 15.1930484771729
89.0 492.475341796875
89.9 108.721115112305
91.0 305.3046875
95.9 51.1683578491211
96.1 15.2532300949097
98.0 16.2408866882324
99.0 103.7861328125
100.9 191.220016479492
101.1 17.551628112793
102.0 205.042449951172
103.0 184.047149658203
104.0 148.813201904297
105.0 164.793502807617
110.0 216.100051879883
111.0 10943.7529296875
112.0 1105.28674316406
113.0 3666.53125
113.9 356.814117431641
115.0 429.113128662109
116.0 195.545532226563
117.0 223.332122802734
118.0 150.745391845703
119.0 54.3036727905273
122.9 58.4071655273438
125.0 717.244689941406
125.9 83.6335678100586
126.9 347.850830078125
128.0 227.330474853516
128.9 37.709358215332
129.9 84.1098937988281
131.0 106.00666809082
131.9 62.6863021850586
132.1 21.3198223114014
132.9 106.645729064941
135.0 95.2757720947266
135.9 139.557922363281
136.9 109.051681518555
137.9 143.365020751953
138.0 33.7260055541992
139.0 5812.2236328125
139.9 584.285278320313
140.9 2010.40686035156
141.9 159.581573486328
144.0 67.7405090332031
145.0 51.0377616882324
145.0 104.660804748535
146.0 311.613586425781
147.0 2025.78967285156
148.0 233.41828918457
148.9 123.864280700684
150.9 41.3367042541504
151.8 15.53187084198
152.0 116.787582397461
153.0 15.3940830230713
154.0 994.067565917969
154.9 82.0675277709961
156.0 363.517883300781
156.9 15.9185380935669
160.0 35.0897903442383
163.8 23.176736831665
164.0 60.0039672851563
165.0 17.7986125946045
165.9 166.930679321289
166.9 198.292709350586
167.9 130.533233642578
169.0 34.7466850280762
179.8 18.1999816894531
180.0 164.175964355469
181.0 117.151123046875
182.0 1330.82788085938
183.0 176.266815185547
184.0 383.177551269531
207.0 21.9450073242188
207.8 16.0654335021973
208.0 50.387092590332
209.0 49.656379699707
