#"+EI Scan (rt: 4.121-4.173 min, 10 scans) MIX3-10.D  Subtract "
#Point,X(Thompsons),Y(Counts)
41.0 250.697082519531
42.0 256.760437011719
43.0 295.520355224609
44.0 368.970031738281
49.9 15.8486814498901
51.0 91.9853134155273
52.9 93.6545333862305
54.0 31.2338314056396
55.0 494.07958984375
56.0 773.175659179688
57.0 150.112442016602
58.0 1374.46667480469
61.9 115.940017700195
63.0 491.240814208984
63.9 15.3446025848389
64.0 18.1695442199707
64.9 42.482349395752
65.0 721.659790039063
70.0 310.21337890625
71.0 231.643951416016
72.0 129.169830322266
77.0 93.5600357055664
84.0 132.590393066406
91.0 339.663269042969
95.9 56.5616989135742
98.0 565.580749511719
98.1 19.3522529602051
99.0 56.9041519165039
100.1 14636.021484375
101.1 1075.9287109375
118.8 17.2164573669434
118.9 62.6276626586914
121.0 763.89208984375
122.0 72.2541122436523
127.0 117.526611328125
132.9 4.49379348754883
134.9 173.436492919922
149.0 1261.28259277344
149.9 36.7107810974121
150.0 62.9682502746582
154.9 55.0741882324219
172.0 49.0383567810059
176.0 32.9076118469238
176.9 15.7596616744995
178.0 138.199157714844
206.0 93.2758941650391
207.0 35.1055908203125
