#"+EI Scan (rt: 7.006-7.041 min, 7 scans) MIX3-5.D  Subtract "
#Point,X(Thompsons),Y(Counts)
41.0 3484.4072265625
42.0 4724.61572265625
43.0 1804.66418457031
44.0 274.137268066406
50.0 272.523864746094
51.0 728.222595214844
52.0 186.68017578125
53.0 715.3310546875
54.0 1797.14379882813
55.0 6007.34619140625
56.0 1890.62109375
57.0 705.20751953125
61.9 55.7218437194824
62.0 28.0175342559814
63.0 460.438690185547
63.7 75.9988784790039
65.0 73.0355453491211
67.0 412.888366699219
68.0 1342.7080078125
69.0 3334.32373046875
70.0 2547.36474609375
71.0 531.425842285156
71.9 24.7365245819092
72.1 227.860244750977
73.0 80.5914916992188
74.0 447.869873046875
75.0 884.962951660156
76.0 543.8798828125
77.0 2247.82006835938
78.0 260.566467285156
79.0 148.291839599609
80.0 466.751007080078
80.9 23.6463832855225
81.0 298.873352050781
82.0 703.302795410156
83.1 284.165435791016
84.1 3893.9375
85.0 382.824005126953
86.0 55.3990058898926
87.0 229.719207763672
88.9 94.4284744262695
89.0 33.200813293457
91.0 196.408584594727
92.9 52.6167602539063
93.9 34.0061187744141
94.0 474.022796630859
95.0 387.397735595703
96.0 4428.9638671875
97.1 4077.26098632813
98.1 1743.07458496094
99.0 279.306976318359
99.9 192.045883178711
101.0 1364.70422363281
102.0 345.419708251953
102.9 26.1296062469482
104.9 186.998992919922
105.0 55.946647644043
108.0 138.897018432617
109.1 32.5223693847656
110.1 1689.37731933594
111.0 231.072662353516
111.1 41.9028549194336
113.0 24.9836559295654
114.9 24.7540912628174
115.0 645.30224609375
118.7 100.125587463379
119.0 44.8179206848145
122.0 613.868103027344
123.1 80.8016357421875
124.1 4027.81201171875
125.1 1301.46960449219
126.1 176711.90625
127.1 34349.4140625
128.0 4049.205078125
128.9 29.5674648284912
129.0 362.086730957031
132.9 68.8610610961914
135.0 69.0282592773438
139.0 467.743438720703
140.0 187.354736328125
141.0 1377.80627441406
142.0 127.34854888916
142.1 54.1707038879395
146.9 13.2354507446289
147.0 32.5196533203125
150.0 45.3684272766113
151.0 214.138717651367
152.0 789.523254394531
153.0 540.906799316406
154.0 505.583801269531
155.0 6811.40283203125
156.0 1014.65423583984
156.9 21.8914890289307
163.0 127.999580383301
163.9 32.5515823364258
165.0 792.262878417969
166.0 361.464050292969
167.1 430.651458740234
168.0 140.904571533203
170.0 1415.75280761719
171.0 165.553237915039
177.0 48.3283004760742
178.0 247.400512695313
178.9 22.0601501464844
179.0 137.066009521484
180.0 156.572509765625
180.1 22.1636981964111
181.0 424.319274902344
182.0 124.683158874512
183.0 238.772689819336
190.9 35.2335014343262
192.0 24.8851299285889
193.0 104.537902832031
194.0 24.5561809539795
195.0 219.134674072266
196.0 22.7731513977051
197.0 22.0492763519287
207.0 15.876708984375
208.0 131.808624267578
208.9 22.1888408660889
209.0 88.1793060302734
210.1 1211.54138183594
211.1 250.443069458008
212.0 241.805557250977
222.0 58.474494934082
223.0 58.1496086120605
236.1 213.334365844727
238.1 408.638885498047
239.1 69.8559951782227
250.1 123.936698913574
253.0 63.4461059570313
279.1 212.253936767578
280.0 23.4249000549316
280.1 27.1240653991699
281.0 72.6236877441406
326.9 55.048267364502
340.9 41.1469345092773
