#"+EI Scan (rt: 7.006-7.041 min, 7 scans) MIX3-9.D  Subtract "
#Point,X(Thompsons),Y(Counts)
41.0 3363.89965820313
42.0 4786.21826171875
43.0 1849.31677246094
44.0 260.684997558594
50.0 286.007965087891
51.0 728.674621582031
52.0 187.669647216797
53.0 698.453552246094
54.0 1824.05859375
55.0 5895.00341796875
56.0 1905.07934570313
57.0 661.786865234375
62.0 76.8653182983398
63.0 468.124938964844
63.7 113.243286132813
64.9 49.1623954772949
66.1 22.3876190185547
67.0 403.612365722656
68.0 1281.26196289063
69.0 3330.3271484375
70.0 2565.42333984375
71.0 527.26513671875
72.0 267.600646972656
73.0 106.401489257813
74.0 451.270782470703
75.0 901.109741210938
76.0 520.56884765625
76.1 52.1648063659668
77.0 2235.59912109375
78.0 277.402038574219
79.0 119.54020690918
80.0 472.49755859375
81.0 346.537811279297
82.0 689.067749023438
83.0 377.631042480469
84.1 3803.833984375
85.0 424.996887207031
86.0 48.5741233825684
86.9 172.505294799805
87.0 35.0870323181152
88.9 130.459579467773
90.9 21.1283683776855
91.0 136.83918762207
93.0 67.9999465942383
94.0 518.210388183594
95.0 394.49072265625
96.1 4703.689453125
97.1 4153.47314453125
98.0 1789.09155273438
99.0 286.724578857422
100.0 201.939590454102
101.0 1385.53430175781
102.0 265.550872802734
102.1 74.9745101928711
103.0 25.6724967956543
105.0 200.285446166992
108.0 90.9482192993164
108.1 36.1320762634277
109.0 22.3282909393311
110.1 1670.47326660156
110.8 22.9008026123047
111.0 249.658584594727
113.0 50.2419052124023
115.0 660.01318359375
118.7 40.0271301269531
119.0 103.136238098145
122.0 585.964782714844
123.0 48.5949401855469
124.1 3916.89111328125
125.1 1349.95324707031
126.1 177498.625
127.1 34646.76953125
128.0 3969.48071289063
129.0 413.793151855469
132.9 3.28182983398438
135.0 81.6620483398438
139.0 458.142852783203
139.9 234.134674072266
141.0 1338.68212890625
142.0 183.435272216797
147.0 10.5310363769531
149.9 33.7667961120605
151.0 181.712203979492
151.1 22.1799259185791
152.0 747.888244628906
152.1 22.4932136535645
153.0 555.374084472656
154.0 463.953918457031
155.0 6766.86669921875
156.0 950.742553710938
156.9 43.6771507263184
162.9 84.8277053833008
164.0 77.1220016479492
165.0 702.543273925781
166.0 352.7939453125
167.0 423.754821777344
168.0 100.727348327637
170.0 1368.64562988281
170.9 27.771520614624
171.0 119.546401977539
172.0 26.4546375274658
177.0 78.3451995849609
178.0 209.396148681641
179.0 195.01057434082
180.0 160.44660949707
181.0 399.306732177734
182.0 94.0616073608398
183.0 240.908981323242
190.8 26.1667747497559
190.9 24.5384521484375
192.0 21.5811710357666
193.0 165.13410949707
194.0 25.7792987823486
194.9 40.2021217346191
195.0 214.003494262695
195.9 22.6550941467285
207.0 23.579345703125
208.0 126.704193115234
209.0 117.781845092773
210.1 1229.66198730469
211.1 235.70524597168
212.1 255.393753051758
222.1 55.556282043457
223.0 49.0137672424316
236.1 247.025665283203
238.1 385.740570068359
239.1 64.4822158813477
250.1 120.989479064941
253.0 78.8126831054688
279.1 193.481170654297
281.0 38.8168029785156
281.9 26.2348537445068
282.0 37.364574432373
327.0 30.0924110412598
