#"+EI Scan (rt: 5.697 min) Cathinone_4.D "
#Point,X(Thompsons),Y(Counts)
41.1 2526.46752929688
42.1 15133.4423828125
43.1 6565.4814453125
44.1 288695.03125
45.1 7794.35205078125
46.9 171.311080932617
48.0 292.71826171875
49.0 456.463592529297
50.0 9789.087890625
51.1 29732.853515625
52.1 3377.51220703125
53.0 826.123352050781
54.0 272.694702148438
55.0 613.242004394531
56.0 285.290954589844
57.0 287.498016357422
57.9 152.574768066406
59.0 1563.89489746094
61.1 265.510070800781
62.0 942.034729003906
63.0 1687.22729492188
64.0 900.3779296875
65.0 795.955810546875
65.8 459.191345214844
66.8 261.016967773438
69.0 162.822006225586
73.0 918.1435546875
74.1 3550.12744140625
75.0 2467.02612304688
76.0 3641.48876953125
77.0 57824.28515625
78.1 11316.6064453125
79.0 3749.08935546875
80.0 461.912170410156
81.0 734.215148925781
85.0 818.832641601563
86.0 229.652313232422
87.1 163.971130371094
89.1 1047.25036621094
90.0 653.603637695313
91.1 1615.48693847656
92.0 817.714599609375
92.9 174.31364440918
102.1 460.000610351563
103.0 898.436218261719
104.0 1099.27307128906
105.0 26682.2109375
106.0 5773.98681640625
107.0 556.916198730469
108.9 380.815368652344
115.0 1397.14672851563
116.0 983.560424804688
117.0 1382.93640136719
118.0 554.566040039063
119.0 301.966583251953
120.0 280.602935791016
128.0 235.303192138672
130.0 1075.46533203125
131.0 839.939880371094
132.1 1091.66674804688
133.1 2394.85498046875
134.0 3178.341796875
135.0 489.944915771484
137.0 3380.44677734375
137.9 324.953704833984
138.9 225.197296142578
141.0 263.053863525391
148.0 393.539001464844
149.0 284.22509765625
152.9 154.732086181641
155.1 298.168151855469
159.0 1037.380859375
160.0 171.625335693359
163.0 194.223587036133
171.9 154.137512207031
206.9 154.021240234375
211.0 368.098236083984
215.1 1965.2705078125
216.1 286.29345703125
217.0 299.866546630859
218.9 758.948059082031
232.9 565.184997558594
234.0 164.517303466797
237.0 1121.01013183594
237.9 208.101577758789
238.9 158.502105712891
274.9 173.614562988281
289.1 190.537536621094
293.0 544.357177734375
294.0 159.969802856445
296.8 178.371704101563
