#"+EI Scan (rt: 5.697 min) Cathinone_9.D "
#Point,X(Thompsons),Y(Counts)
40.1 1516.0302734375
41.1 2632.07763671875
42.1 15817.85546875
43.1 6786.7763671875
44.1 316214.3125
45.1 8331.2021484375
47.0 157.140533447266
49.1 437.985504150391
50.0 10170.697265625
51.1 32574.669921875
52.1 3254.87231445313
53.0 897.926330566406
53.9 152.745742797852
54.0 152.205795288086
55.0 731.303833007813
56.1 374.842529296875
57.0 257.191467285156
58.9 1261.90747070313
61.0 320.343353271484
62.0 1011.54876708984
63.0 1761.66833496094
64.1 570.176940917969
65.0 977.925476074219
66.0 440.498870849609
66.9 322.297515869141
70.0 251.194442749023
73.0 881.754455566406
74.0 3830.44067382813
75.0 2549.98559570313
76.0 4210.41015625
77.1 61173.45703125
78.1 11897.3271484375
79.0 3826.23706054688
80.0 405.646850585938
81.0 653.559326171875
82.9 165.44792175293
84.9 695.915649414063
86.0 299.623992919922
87.1 254.915267944336
89.0 1187.05639648438
90.0 464.495910644531
91.0 1821.53857421875
92.0 893.684692382813
93.0 212.627548217773
102.0 530.269287109375
103.0 1114.96716308594
104.0 1271.01489257813
105.0 27828.892578125
106.1 5854.08203125
107.0 641.401245117188
109.0 414.027984619141
115.0 1178.67797851563
116.0 1001.35327148438
117.1 1427.59399414063
118.0 696.325256347656
119.0 246.760406494141
120.0 416.884185791016
128.0 251.843704223633
130.0 1139.64221191406
131.0 981.406005859375
132.0 1088.67822265625
133.1 2386.0068359375
134.1 2984.6689453125
135.0 392.191864013672
137.0 2294.48754882813
138.1 310.521575927734
139.1 158.266998291016
145.9 210.352767944336
148.0 284.171173095703
149.0 382.992858886719
155.1 187.915222167969
159.0 844.3115234375
160.0 164.844039916992
162.9 155.846755981445
171.0 240.81559753418
211.0 287.574188232422
215.0 1598.62487792969
215.9 452.211456298828
217.0 261.35205078125
218.9 479.011138916016
233.0 348.497039794922
237.0 1005.15734863281
293.0 375.043884277344
