#"+EI Scan (rt: 5.697 min) Cathinone_1.D "
#Point,X(Thompsons),Y(Counts)
40.1 1360.97106933594
41.0 3165.7734375
42.1 17880.14453125
43.1 7314.595703125
44.1 326442.15625
45.1 8663.953125
47.0 192.795684814453
49.0 543.503112792969
50.0 11565.783203125
51.1 35027.72265625
52.0 3799.69921875
53.0 1046.53588867188
54.0 288.255737304688
55.0 926.258666992188
56.1 300.582489013672
57.0 391.879669189453
58.9 320.666168212891
61.0 230.953842163086
62.0 1134.30554199219
63.0 1704.65808105469
64.0 427.437133789063
65.0 1081.63916015625
65.9 285.553131103516
67.1 180.091369628906
69.0 213.025177001953
69.9 163.394241333008
73.0 590.688415527344
74.0 3921.31396484375
75.0 2719.78857421875
76.1 4428.24853515625
77.0 62988.64453125
78.0 11426.8701171875
79.1 3732.57739257813
80.1 353.011138916016
80.9 408.365020751953
82.9 234.921447753906
85.0 754.238525390625
86.0 192.601211547852
87.0 257.703277587891
89.0 1114.06384277344
90.0 637.621520996094
91.0 1701.244140625
92.0 792.383361816406
92.9 193.284454345703
102.0 535.136779785156
103.1 1184.33166503906
104.0 1160.16027832031
105.0 29907.796875
106.0 6165.84130859375
107.0 761.934387207031
115.1 1044.64099121094
116.0 804.632446289063
117.0 1201.22351074219
118.0 829.140869140625
118.9 288.848083496094
119.9 230.054534912109
128.0 197.134170532227
130.0 1222.1552734375
131.0 758.144104003906
132.0 1160.84375
133.1 2331.0146484375
134.1 3365.3623046875
135.1 351.714721679688
136.9 433.852294921875
148.1 357.000305175781
149.0 266.527435302734
154.9 173.341979980469
158.9 194.99365234375
214.9 202.553558349609
