#"+EI Scan (rt: 1.894-1.976 min, 15 scans) MIX4-8.D  Subtract "
#Point,X(Thompsons),Y(Counts)
41.0 25.9586334228516
42.0 121.415191650391
43.0 63.287841796875
44.0 483.3984375
49.9 45.5941619873047
51.0 96.625244140625
54.9 30.88551902771
56.0 98.9031295776367
57.0 165.274444580078
58.0 53.4640235900879
70.0 174.384185791016
71.0 11.0686292648315
72.0 1380.79943847656
73.0 47.7648696899414
75.0 155.707183837891
77.0 87.3294677734375
84.0 12.2530746459961
86.1 55.4471397399902
90.9 17.9271087646484
95.9 62.8753890991211
105.0 81.2510986328125
110.9 126.671157836914
112.9 36.7272148132324
114.9 21.8408508300781
131.0 24.805570602417
133.0 82.5680618286133
133.9 12.1132192611694
138.9 152.154052734375
140.9 21.914701461792
190.9 77.1940841674805
207.0 52.86865234375
209.0 61.3034133911133
