#"+EI Scan (rt: 1.923-1.970 min, 9 scans) MIX4-10.D  Subtract "
#Point,X(Thompsons),Y(Counts)
41.0 45.3131713867188
42.0 143.617858886719
43.0 48.2736663818359
44.0 695.067199707031
50.0 119.133392333984
50.9 54.8259429931641
51.0 59.5225143432617
55.0 43.8782958984375
56.0 146.525115966797
57.0 58.3492584228516
70.0 291.151000976563
71.0 37.7909278869629
72.1 2166.98706054688
73.0 177.210891723633
75.0 221.156433105469
77.0 157.904479980469
77.9 17.367805480957
84.0 26.323616027832
86.0 48.2270431518555
105.0 109.495391845703
110.9 257.881011962891
122.0 17.0956001281738
138.9 245.731582641602
140.9 27.0782241821289
207.0 90.7650146484375
208.0 20.0889434814453
208.9 36.7802543640137
