#"+EI Scan (rt: 3.421-3.468 min, 9 scans) MIX4-4.D  Subtract "
#Point,X(Thompsons),Y(Counts)
40.1 100.469284057617
41.0 3897.26513671875
42.0 14853.0078125
43.0 3296.373046875
44.0 3905.89624023438
45.0 150.791687011719
50.0 830.423156738281
51.0 1447.91027832031
52.0 416.411407470703
53.0 1898.34936523438
54.0 873.118896484375
55.0 21698.6484375
56.0 4530.0517578125
57.0 858.723083496094
58.0 829.103881835938
61.0 404.603637695313
62.0 2523.7060546875
63.0 8389.7109375
64.0 1342.23999023438
65.0 11126.125
66.0 953.672302246094
67.0 305.384948730469
67.1 17.3472003936768
68.0 711.83447265625
69.0 657.64794921875
70.1 8373.775390625
71.1 14298.2119140625
72.0 810.124877929688
73.0 37.1429634094238
74.0 476.110717773438
75.0 339.383453369141
76.0 410.908874511719
77.0 1304.49633789063
77.9 79.1898498535156
78.0 352.793640136719
79.0 700.211608886719
80.0 154.843673706055
80.9 21.8483810424805
81.2 91.0710144042969
81.9 280.777740478516
83.0 167.083587646484
83.1 44.2758941650391
84.1 2840.28369140625
85.1 1261.06774902344
86.1 220257.015625
87.1 13223.7509765625
88.1 433.930877685547
89.0 369.596801757813
90.0 244.414520263672
91.0 4097.34130859375
92.0 901.982482910156
93.0 616.440063476563
93.9 56.4211349487305
94.1 49.307258605957
95.5 156.766952514648
95.6 323.672576904297
95.9 5.15425300598145
96.1 20.7709331512451
98.0 18.436731338501
102.0 157.258544921875
103.0 311.551605224609
104.0 308.364807128906
105.0 469.059906005859
106.0 235.446563720703
107.0 98.3114242553711
115.0 346.689270019531
116.0 247.778137207031
117.0 262.656646728516
118.0 206.67057800293
119.0 1255.75891113281
120.0 839.080017089844
121.0 11146.3515625
122.0 1565.46716308594
122.9 166.592529296875
123.0 112.528343200684
126.9 40.0372314453125
127.0 63.0936126708984
128.0 23.7434158325195
129.0 17.4898452758789
131.0 262.81591796875
132.0 162.754425048828
132.9 325.647247314453
134.0 1208.64807128906
135.0 1548.93884277344
135.9 163.438690185547
144.0 169.380844116211
145.0 277.611907958984
145.9 57.5296974182129
146.0 257.856323242188
147.0 396.391815185547
147.1 17.7851066589355
148.0 237.071350097656
148.0 109.532768249512
149.0 15369.8232421875
150.0 1675.3310546875
151.0 180.26985168457
159.0 18.6370220184326
160.1 88.4268493652344
161.0 226.592056274414
162.0 4695.6923828125
163.0 646.002380371094
164.0 3125.2958984375
165.0 314.691986083984
172.0 60.2409133911133
174.0 395.678100585938
175.0 194.304901123047
176.0 252.814392089844
176.9 21.2260437011719
177.0 179.448486328125
178.0 18.0967388153076
187.9 17.2778968811035
189.0 135.928115844727
190.0 285.699523925781
191.0 406.828582763672
192.0 5520.73828125
193.0 744.840698242188
194.0 55.6827545166016
202.0 134.581634521484
203.1 19.1961250305176
204.0 120.771621704102
206.0 59.1110153198242
207.0 42.6605224609375
208.0 48.2315711975098
217.0 17.6027431488037
217.9 20.7414894104004
218.0 17.1072826385498
219.1 18.2895431518555
220.1 63.8468170166016
