#"+EI Scan (rt: 4.721-4.768 min, 9 scans) MIX4-4.D  Subtract "
#Point,X(Thompsons),Y(Counts)
41.0 10025.017578125
42.0 7319.876953125
43.0 3489.88989257813
44.0 829.901062011719
45.0 17.1252880096436
50.0 384.926635742188
51.0 934.429138183594
52.0 375.828308105469
53.0 1246.61242675781
54.0 3686.79321289063
55.0 7858.99609375
56.0 4387.26123046875
57.0 1041.51831054688
58.0 18.3054428100586
62.0 202.326843261719
63.0 1261.640625
64.0 433.369415283203
65.0 7347.17822265625
66.0 515.503662109375
67.0 1008.54797363281
68.0 2722.35400390625
69.1 8375.8955078125
70.0 4235.10986328125
71.0 586.885803222656
72.0 441.483459472656
73.0 95.2479400634766
73.9 57.2496337890625
75.0 143.679260253906
75.9 56.7825202941895
76.0 103.157646179199
77.0 976.224060058594
78.0 303.740509033203
79.0 585.158813476563
80.0 876.587890625
81.0 778.490295410156
82.0 1368.38537597656
83.0 777.021789550781
84.1 9646.7314453125
84.9 17.9468669891357
85.0 672.951721191406
86.0 223.178115844727
86.9 65.6542510986328
89.0 2068.3203125
90.0 1238.22033691406
91.0 16875.7421875
91.9 46.9445838928223
92.0 1680.31750488281
92.9 22.6227912902832
93.0 336.13427734375
94.0 1114.63037109375
95.0 644.7724609375
96.1 9832.775390625
97.1 7231.0751953125
98.1 4170.56640625
99.0 294.998931884766
102.0 115.280044555664
103.0 498.953277587891
104.0 232.148544311523
105.0 2185.2431640625
106.0 103.777412414551
106.0 207.892883300781
108.0 532.695373535156
109.0 147.889144897461
110.1 4689.23291015625
111.0 597.416015625
112.1 404.361053466797
112.9 17.9481239318848
115.0 1068.98852539063
116.0 461.587768554688
117.0 733.103759765625
117.9 61.1774139404297
118.0 522.991821289063
119.0 13455.703125
120.0 1429.58935546875
121.0 104.403648376465
122.0 115.748916625977
124.0 315.373901367188
125.1 17.649658203125
125.9 18.1262588500977
127.0 251.529373168945
128.0 563.745300292969
129.0 521.145263671875
130.0 407.83056640625
131.0 664.085021972656
132.0 210.909545898438
133.0 231.835800170898
134.0 1570.65600585938
135.0 200.882919311523
136.1 759.803588867188
137.0 123.756134033203
138.1 6677.64892578125
139.2 1806.517578125
140.1 323380.6875
141.1 33474.84375
142.1 1698.09106445313
143.0 269.515167236328
144.0 348.784362792969
145.0 649.413391113281
145.9 18.574613571167
146.0 212.658508300781
147.0 577.217407226563
148.0 40.6201095581055
155.0 100.534538269043
156.0 57.7380294799805
157.0 106.080978393555
158.0 158.979934692383
159.0 337.073120117188
160.0 130.105773925781
166.9 18.5466537475586
168.1 20.7700328826904
170.0 95.0487060546875
171.1 17.9526748657227
172.0 224.134338378906
173.0 259.022155761719
174.1 2116.8203125
175.1 355.805206298828
184.0 122.264785766602
186.0 17.0644645690918
186.1 403.57080078125
187.0 204.012023925781
188.0 129.828796386719
198.0 76.5481948852539
200.1 416.321655273438
201.0 58.0342826843262
202.1 1429.82592773438
203.1 288.519683837891
207.0 20.4677124023438
208.0 78.3717956542969
209.0 6.9398193359375
214.1 149.569198608398
228.1 249.586883544922
257.1 165.076263427734
257.2 67.6987609863281
258.1 156.155517578125
