#"+EI Scan (rt: 4.721-4.768 min, 9 scans) MIX4-10.D  Subtract "
#Point,X(Thompsons),Y(Counts)
41.0 10032.1611328125
42.0 7329.08935546875
43.0 3525.77001953125
44.0 845.335998535156
49.9 17.8303527832031
50.0 373.753387451172
51.0 927.791564941406
52.0 362.47509765625
53.0 1243.73852539063
54.0 3699.18969726563
55.0 7730.64306640625
56.0 4304.16650390625
57.0 1039.14501953125
58.0 34.7230072021484
62.0 224.755889892578
63.0 1296.22631835938
64.0 453.719360351563
65.0 7264.52783203125
66.0 544.998596191406
67.0 997.74267578125
68.0 2727.76025390625
69.1 8537.8515625
70.0 4376.3369140625
70.9 23.0878753662109
71.0 581.806884765625
72.0 463.629455566406
72.9 14.1362066268921
73.0 53.7211494445801
73.9 42.8858795166016
74.9 32.8303527832031
75.0 102.708892822266
76.0 139.956237792969
77.0 1011.36413574219
78.0 342.639801025391
79.0 553.930786132813
80.0 910.628784179688
81.0 695.009765625
82.0 1378.60986328125
83.0 758.269897460938
84.1 9552.734375
85.0 653.911926269531
86.0 136.387130737305
86.1 100.330696105957
86.9 60.3543014526367
89.0 2015.44665527344
90.0 1203.83251953125
91.0 16924.16015625
92.0 1699.72924804688
93.0 350.995422363281
93.9 31.2420959472656
94.0 1096.46752929688
95.0 659.3369140625
96.1 9865.06640625
97.1 7280.71484375
98.1 4197.97119140625
99.0 304.665832519531
102.0 127.817085266113
103.0 490.194885253906
104.0 183.823211669922
105.0 2236.82055664063
106.0 312.714904785156
107.0 18.8668594360352
108.0 547.7431640625
109.0 159.154403686523
110.1 4551.72998046875
111.0 558.09814453125
112.1 392.503845214844
115.0 1058.20727539063
116.0 88.7294311523438
116.0 389.086791992188
117.0 715.224304199219
118.0 542.135131835938
119.0 13520.3212890625
120.0 1367.86218261719
121.0 72.2305068969727
122.0 142.935546875
122.1 22.7731437683105
124.0 290.868041992188
125.9 38.0746879577637
127.0 254.512420654297
128.0 549.284423828125
129.0 533.439392089844
130.0 397.901672363281
131.0 681.500732421875
132.0 188.756332397461
132.9 173.509857177734
134.0 1547.95886230469
135.0 185.47151184082
136.1 807.378845214844
137.1 136.748840332031
138.1 6504.09765625
139.2 1828.19274902344
140.1 322068.375
141.1 33434.00390625
142.1 1679.95581054688
143.0 273.161773681641
144.0 349.686065673828
144.9 11.1630544662476
145.0 600.968505859375
145.9 34.3706207275391
146.1 186.191711425781
147.0 592.903381347656
147.9 39.1671752929688
148.0 41.5315246582031
155.0 42.1203460693359
155.9 55.5398216247559
157.0 105.857749938965
158.0 147.576782226563
158.9 22.5644302368164
159.0 301.2099609375
160.0 162.229705810547
166.9 17.4605541229248
169.1 34.5691108703613
169.9 20.3885879516602
170.0 40.0218925476074
171.0 21.6312313079834
172.0 200.315185546875
172.9 25.1565113067627
173.0 223.352722167969
174.1 2138.05200195313
175.0 337.227081298828
184.0 97.6536483764648
185.9 17.1184864044189
186.0 422.460327148438
187.0 122.97501373291
187.1 37.9769744873047
188.1 165.469512939453
190.9 34.9949150085449
198.0 91.3577880859375
200.1 404.755096435547
201.1 41.5945587158203
202.1 1509.72155761719
203.1 267.428344726563
207.9 20.4648895263672
214.1 122.47469329834
228.1 257.573669433594
257.1 230.21955871582
258.1 155.027191162109
