#"+EI Scan (rt: 1.393-1.446 min, 10 scans) MIX5-4.D  Subtract "
#Point,X(Thompsons),Y(Counts)
41.0 490.993286132813
42.0 1992.64697265625
43.0 4268.9609375
44.0 200.750427246094
44.9 138.949325561523
48.9 153.318450927734
50.0 2074.76708984375
51.0 1087.6318359375
51.9 109.757217407227
52.9 171.855667114258
54.0 298.039672851563
55.0 334.804443359375
56.0 6837.361328125
57.0 1063.9052734375
58.1 36160.9453125
59.0 1439.53015136719
59.9 17.3392524719238
60.9 226.08984375
61.9 201.167007446289
63.0 304.674377441406
64.9 23.9055595397949
67.9 45.9448318481445
68.0 215.172027587891
69.0 574.328735351563
70.0 158.959762573242
71.1 17.3137302398682
73.0 381.217803955078
74.0 1436.11547851563
75.0 5984.119140625
76.0 1156.71630859375
77.0 413.263458251953
80.9 72.9846801757813
81.9 47.110466003418
82.9 60.3312568664551
83.0 63.7275009155273
83.9 150.61408996582
84.9 534.892639160156
85.9 38.1847610473633
86.0 68.8897552490234
87.0 192.450698852539
88.9 34.6731224060059
91.0 103.880989074707
91.9 17.5653266906738
92.9 34.6422500610352
93.0 66.0179977416992
94.0 422.203674316406
95.0 4527.6455078125
96.0 551.470336914063
96.9 159.217864990234
100.9 17.3136425018311
101.0 109.514877319336
103.0 168.054428100586
103.9 61.617431640625
105.0 58.4338150024414
107.0 135.800994873047
108.0 51.2023620605469
109.0 367.318511962891
109.9 149.933944702148
111.0 8194.8740234375
111.9 637.785766601563
113.0 2626.27099609375
113.9 159.729995727539
119.0 227.011413574219
120.0 22.0494346618652
120.9 62.6178092956543
121.0 44.1617851257324
122.0 179.868148803711
123.0 2674.05444335938
124.0 228.120559692383
132.9 87.8333740234375
133.0 57.992431640625
134.9 44.6943244934082
135.0 57.2624588012695
136.0 105.003952026367
138.0 217.86328125
139.0 15656.9697265625
139.9 1331.96411132813
141.0 5149.494140625
141.9 408.27490234375
148.1 17.0455131530762
149.9 15.554967880249
150.0 173.536285400391
151.0 204.181533813477
151.9 32.7001571655273
152.0 45.001293182373
155.9 153.772109985352
165.0 63.9530639648438
166.0 212.289459228516
181.9 240.66340637207
183.9 31.9479312896729
184.0 16.4699668884277
207.0 50.868896484375
208.0 13.0332183837891
