#"+EI Scan (rt: 1.918-1.970 min, 10 scans) MIX5-8.D  Subtract "
#Point,X(Thompsons),Y(Counts)
40.0 100.478866577148
41.0 1923.541015625
42.0 20411.185546875
43.0 2629.78271484375
44.1 18467.08203125
45.0 942.290405273438
46.0 33.989875793457
49.0 299.371643066406
50.0 5765.044921875
51.0 3510.24487304688
52.0 503.606536865234
53.0 533.393493652344
54.0 1662.13000488281
55.0 3402.76782226563
56.0 17038.154296875
57.0 7533.81103515625
58.0 1026.951171875
59.9 15.7313766479492
60.0 15.5244569778442
61.0 611.113891601563
62.0 499.941650390625
63.0 1093.65942382813
64.0 120.515625
65.0 95.677001953125
65.8 16.9519004821777
68.0 206.172927856445
69.0 36.2366638183594
69.2 93.9209442138672
69.3 31.1090602874756
70.1 12159.96875
71.1 4486.0498046875
72.1 331795.34375
73.1 16909.0703125
74.0 3726.45556640625
75.0 15271.4921875
76.0 3502.08935546875
77.0 2697.74438476563
78.0 419.013763427734
79.0 72.4728851318359
80.5 15.7462816238403
80.6 24.0942497253418
84.0 491.939788818359
85.0 1930.1943359375
86.0 488.994873046875
87.0 833.05029296875
87.9 120.863357543945
89.0 889.305480957031
90.0 222.813323974609
91.0 156.648773193359
92.0 15.3073320388794
95.9 98.9517822265625
96.9 118.196166992188
97.0 22.1461849212646
98.0 146.258560180664
98.9 242.752044677734
100.0 72.3127212524414
100.9 37.7829132080078
101.0 449.481689453125
102.0 629.932373046875
102.9 92.9399642944336
103.0 1382.84606933594
104.0 401.462615966797
105.0 248.573699951172
108.9 54.9073905944824
109.1 15.0768480300903
109.9 389.731506347656
111.0 18247.962890625
112.0 1962.00610351563
113.0 6075.7109375
113.9 718.312927246094
115.0 709.628784179688
116.0 252.893264770508
117.0 266.846588134766
118.0 99.2889251708984
118.9 7.27569580078125
122.9 131.329772949219
123.9 34.801887512207
125.0 1278.34753417969
125.8 16.3464126586914
126.0 108.646339416504
127.0 451.775207519531
128.0 60.8048210144043
129.9 100.471145629883
130.0 94.5951080322266
131.0 678.355163574219
132.0 353.543701171875
133.0 770.766235351563
136.0 83.8258361816406
136.9 245.225387573242
137.8 19.4982948303223
138.0 152.184936523438
139.0 7766.072265625
139.9 740.745483398438
141.0 2512.64184570313
141.9 223.104248046875
143.0 19.5947341918945
144.0 195.947174072266
145.0 875.926452636719
146.0 206.521728515625
148.9 145.084762573242
150.0 146.672775268555
150.9 112.113059997559
152.0 311.199951171875
152.9 36.7030639648438
153.9 84.8375091552734
160.0 317.434020996094
161.0 272.731872558594
163.9 15.6201610565186
165.0 113.145248413086
166.0 558.016052246094
167.0 322.895202636719
168.0 953.137817382813
168.9 20.5041065216064
169.0 124.994400024414
170.0 232.671340942383
177.9 97.5663833618164
180.0 571.778991699219
181.0 156.556243896484
182.0 513.020080566406
183.0 58.808967590332
183.1 16.8682060241699
184.0 125.01416015625
190.9 16.7739753723145
194.0 666.861145019531
195.0 176.831512451172
196.0 652.844482421875
196.1 31.2111415863037
197.0 61.1124267578125
198.0 98.3587951660156
207.0 29.1340942382813
208.0 187.866806030273
209.0 256.528411865234
210.0 231.031219482422
211.0 144.75634765625
