#"+EI Scan (rt: 1.918-1.970 min, 10 scans) MIX5-3.D  Subtract "
#Point,X(Thompsons),Y(Counts)
41.0 1932.05798339844
42.0 20620.130859375
43.0 2542.24755859375
44.0 17424.85546875
45.0 881.938842773438
46.0 20.570858001709
46.1 15.8455457687378
48.9 40.3797836303711
49.0 236.509429931641
50.0 5782.5869140625
51.0 3514.208984375
52.0 475.422180175781
53.0 506.317626953125
54.0 1607.322265625
55.0 3473.97412109375
56.0 16764.830078125
57.0 7461.1162109375
58.0 1025.9765625
59.9 50.8688278198242
61.0 654.352661132813
62.0 499.093017578125
63.0 1087.85766601563
64.0 126.031700134277
65.0 301.149475097656
66.0 39.7385787963867
68.0 208.959838867188
69.0 41.5926895141602
69.2 109.174240112305
70.1 12456.8505859375
71.1 4497.8125
72.1 332839.78125
73.1 16978.28125
74.0 3806.55029296875
75.0 15273.66015625
76.0 3551.85546875
77.0 2724.69995117188
78.0 462.940734863281
79.0 103.469993591309
80.2 15.6310348510742
80.3 32.5760917663574
80.8 15.8051300048828
83.9 527.789855957031
85.0 1994.33850097656
86.0 501.644134521484
86.9 58.2582893371582
87.0 769.022766113281
87.9 124.483810424805
88.9 31.3077144622803
89.0 743.133056640625
89.1 23.9973659515381
90.0 230.629058837891
91.0 167.300109863281
96.0 69.8436508178711
96.9 166.219543457031
97.9 23.2733459472656
98.0 109.101112365723
98.9 235.420852661133
100.0 20.2892456054688
101.0 234.451019287109
101.0 243.942428588867
102.0 594.942016601563
103.0 1603.24047851563
104.0 408.511627197266
105.0 304.5927734375
108.9 67.4594573974609
109.9 406.992858886719
111.0 18226.990234375
112.0 1970.44689941406
113.0 6160.2646484375
114.0 729.060424804688
115.0 735.770629882813
116.0 249.934661865234
117.0 240.92887878418
117.1 16.4611911773682
118.0 72.5585784912109
122.9 123.259841918945
123.9 36.2999992370605
125.0 1308.9296875
125.9 133.504211425781
127.0 457.028167724609
127.9 57.5353012084961
130.0 214.781951904297
131.0 689.411499023438
132.0 157.170532226563
132.0 218.699417114258
133.0 759.827026367188
134.0 63.3129577636719
135.9 83.9340972900391
137.0 270.836486816406
137.9 57.1605415344238
138.0 90.678955078125
139.0 7681.97119140625
139.9 743.71142578125
141.0 2593.0283203125
141.9 219.985885620117
144.0 195.956451416016
145.0 868.100891113281
146.0 181.294952392578
146.9 15.2678852081299
148.9 154.903533935547
150.0 99.7213439941406
150.9 121.9697265625
152.0 328.944793701172
152.9 61.2380561828613
153.9 15.6819305419922
154.0 75.2799530029297
160.0 303.437805175781
160.9 16.8305263519287
161.0 287.074401855469
163.9 16.2436141967773
164.9 119.110763549805
165.0 38.8157577514648
166.0 568.064636230469
167.0 330.107513427734
168.0 979.978393554688
169.0 146.88134765625
170.0 257.052642822266
174.0 59.7809295654297
175.0 16.6929607391357
178.0 66.8813247680664
179.9 179.909942626953
180.0 356.569488525391
181.0 119.704856872559
182.0 613.104614257813
183.0 103.435424804688
184.0 127.326072692871
190.9 15.8191528320313
194.0 664.726684570313
195.0 162.314865112305
196.0 695.437561035156
197.0 92.7668609619141
197.9 122.30020904541
208.0 195.521881103516
209.0 197.57487487793
210.0 229.362182617188
211.0 134.690673828125
211.9 32.5666580200195
