#"+EI Scan (rt: 2.978-3.031 min, 10 scans) MIX5-10.D  Subtract "
#Point,X(Thompsons),Y(Counts)
41.0 265.16259765625
42.0 147.28678894043
43.0 136.043594360352
43.1 23.5757675170898
44.0 104.704040527344
53.9 15.6123304367065
55.0 308.816528320313
56.0 510.419342041016
57.0 62.2867393493652
65.0 166.224945068359
69.0 143.365051269531
69.9 37.5214424133301
70.0 40.9609870910645
91.0 431.183898925781
94.0 18.2717037200928
96.0 319.397979736328
97.0 16.3906745910645
98.1 4340.00732421875
99.0 282.989715576172
119.0 356.964477539063
149.0 14.4863662719727
207.0 16.048583984375
208.0 17.7599239349365
