#"+EI Scan (rt: 1.510-1.556 min, 9 scans) MIX6-9.D  Subtract "
#Point,X(Thompsons),Y(Counts)
40.0 216.797821044922
41.0 2583.87744140625
42.0 8108.84619140625
43.1 3364.3046875
44.1 285244.1875
45.1 7961.2099609375
46.0 19.3361053466797
46.3 27.6327514648438
46.4 21.3346290588379
46.6 40.0096435546875
49.0 68.0441207885742
50.0 2815.47192382813
51.0 7505.86474609375
52.0 6323.9873046875
53.0 3174.86059570313
54.0 789.375732421875
55.0 1078.36962890625
56.0 1560.78381347656
57.0 666.774108886719
58.5 421.622772216797
58.5 334.238067626953
59.4 29.3974208831787
59.5 234.304504394531
59.6 373.014831542969
60.9 257.553131103516
62.0 1296.00659179688
63.0 4434.720703125
64.0 1819.51196289063
65.0 5578.0439453125
66.0 821.514587402344
66.9 22.4858360290527
67.1 251.911682128906
67.2 424.748046875
67.5 41.7600288391113
68.0 32.5775985717773
69.0 40.3467407226563
70.1 17.9861354827881
73.0 91.7151260375977
74.1 189.096572875977
74.3 375.247406005859
75.0 2729.2109375
76.0 1099.80236816406
77.0 16033.986328125
78.0 18817.9609375
79.0 5634.275390625
80.0 1586.82751464844
81.0 367.301147460938
81.9 131.762435913086
85.0 59.9405097961426
85.9 204.632995605469
87.0 266.540618896484
88.0 70.4654006958008
89.0 4794.20068359375
90.0 2262.26342773438
91.0 11874.0673828125
92.0 2809.326171875
93.0 1072.27856445313
94.0 592.4736328125
95.0 113.386924743652
96.0 85.3266296386719
98.0 16.735071182251
100.9 55.7189483642578
101.0 21.339469909668
102.0 526.494873046875
103.0 1512.93273925781
104.0 1159.42333984375
105.0 1282.58129882813
106.0 4156.25244140625
107.0 8201.9140625
108.0 1582.27453613281
109.0 258.199401855469
115.0 1460.99743652344
115.9 17.8122634887695
116.0 574.855712890625
117.0 1537.74572753906
118.0 2408.88989257813
119.0 2363.81567382813
119.9 31.2778720855713
120.1 815.725219726563
121.0 38238.7734375
122.1 84897.640625
123.0 7715.32373046875
124.0 465.609924316406
127.9 17.9089660644531
130.0 223.459609985352
131.0 554.447082519531
132.0 793.905883789063
133.0 834.358459472656
134.0 3513.8115234375
135.0 1564.12194824219
136.0 263.175659179688
144.9 64.6012954711914
145.9 19.4832057952881
146.0 160.156433105469
147.0 834.534057617188
148.0 1518.64819335938
149.0 1010.228515625
150.1 2295.32250976563
151.0 229.114562988281
161.9 22.5147361755371
162.0 202.205856323242
163.0 620.75732421875
164.1 752.114379882813
165.1 1499.8271484375
166.0 183.96272277832
177.0 57.6986503601074
190.9 21.062313079834
208.0 0.820648193359375
