#"+EI Scan (rt: 1.929-1.976 min, 9 scans) MIX6-7.D  Subtract "
#Point,X(Thompsons),Y(Counts)
41.0 747.484558105469
42.0 2335.537109375
43.0 1279.25036621094
44.0 256.372680664063
50.0 937.204467773438
51.0 3999.31787109375
52.0 757.638122558594
53.0 654.496643066406
54.0 160.183792114258
54.0 96.4481887817383
55.0 317.713745117188
56.0 4492.44677734375
57.1 1250.35534667969
58.1 95231.59375
59.1 3686.43481445313
60.0 64.4616775512695
60.9 63.7717895507813
62.0 399.633026123047
63.0 1086.86865234375
64.0 241.080627441406
65.0 867.983459472656
66.0 161.629440307617
66.9 164.778213500977
67.0 83.0626754760742
68.0 60.6499176025391
69.0 17.0101184844971
70.0 167.391296386719
71.0 67.0407867431641
71.9 28.6078262329102
72.0 39.7279663085938
73.0 80.947509765625
73.9 19.0572338104248
74.0 220.724639892578
75.0 312.630737304688
75.9 51.571044921875
76.0 483.053924560547
77.0 5033.58056640625
78.0 1414.15734863281
79.0 1034.19543457031
80.0 142.688064575195
80.2 26.3498363494873
80.8 29.1203536987305
80.9 95.7722854614258
87.1 18.1121616363525
87.6 16.8292484283447
88.6 1549.58911132813
90.0 151.068740844727
91.0 630.050964355469
92.0 177.620254516602
93.0 116.75439453125
94.0 76.1451034545898
95.2 23.1712589263916
95.4 30.4036960601807
95.5 76.244873046875
95.8 126.291397094727
96.0 20.1125411987305
102.0 222.071868896484
103.0 800.128784179688
104.0 535.092956542969
105.0 1531.5703125
106.0 509.401519775391
107.0 267.768463134766
108.0 16.8635864257813
114.9 82.9296569824219
117.0 157.137741088867
118.0 276.204711914063
119.0 203.643951416016
119.9 20.2803745269775
120.0 325.715270996094
121.0 543.576416015625
122.0 178.955429077148
131.0 341.386413574219
132.0 195.260299682617
132.9 31.6075820922852
133.0 384.989624023438
134.0 317.569427490234
135.0 6032.46728515625
136.0 3252.365234375
137.0 276.873413085938
146.0 59.3478050231934
147.0 378.701812744141
147.9 20.5449657440186
148.0 334.825805664063
148.9 600.365539550781
149.9 33.8764495849609
159.8 18.8538837432861
160.0 18.3629989624023
161.0 154.215393066406
162.0 262.307006835938
162.9 30.416036605835
163.0 269.411987304688
176.0 167.530700683594
177.0 232.871337890625
178.0 447.010009765625
179.0 17.8996315002441
191.0 334.768188476563
191.9 17.1624412536621
192.0 240.469314575195
193.0 183.305404663086
207.0 35.7843627929688
208.0 74.051513671875
