#"+EI Scan (rt: 1.935-1.976 min, 8 scans) MIX6-10.D  Subtract "
#Point,X(Thompsons),Y(Counts)
41.0 841.994567871094
42.0 2690.48388671875
43.0 1460.61645507813
44.0 345.510559082031
50.0 1136.55456542969
51.0 4458.0703125
52.0 801.1455078125
53.0 729.843444824219
54.0 288.276306152344
55.0 382.716339111328
56.0 5107.49755859375
57.0 1429.06359863281
58.1 105390.96875
59.1 3978.19775390625
60.0 69.2803268432617
60.9 31.6194019317627
62.0 457.474426269531
63.0 1160.84399414063
64.0 277.295806884766
65.0 926.398315429688
65.9 68.1397171020508
66.0 106.319808959961
67.0 268.672485351563
68.0 83.8116302490234
70.0 218.832244873047
71.0 140.03059387207
72.0 231.670471191406
72.9 21.6681251525879
73.0 70.8716430664063
73.2 21.4383983612061
73.9 301.778869628906
74.9 347.959289550781
76.0 578.802978515625
77.0 5570.046875
78.0 1473.47485351563
79.0 1212.38110351563
80.0 165.176727294922
80.1 22.0546684265137
80.9 83.2826232910156
81.0 50.0989685058594
87.2 38.3387069702148
88.6 1627.93090820313
88.7 84.3334197998047
89.9 19.6650714874268
90.0 148.159622192383
91.0 720.662780761719
92.0 163.219512939453
93.0 89.4637985229492
94.0 61.0635528564453
95.5 71.7989883422852
95.6 116.613540649414
95.9 67.8109130859375
102.0 200.884963989258
103.0 877.774719238281
104.0 540.663146972656
105.0 1740.26989746094
106.0 592.750610351563
107.0 312.284423828125
115.0 43.2125625610352
117.0 178.428497314453
118.0 338.366638183594
119.0 285.405456542969
120.0 435.104888916016
121.0 576.82568359375
122.0 194.706985473633
129.9 39.0692710876465
130.9 25.3348827362061
131.0 338.364593505859
132.0 228.096817016602
132.9 23.3426628112793
133.0 405.017059326172
134.0 444.915161132813
135.0 6679.69091796875
136.0 3654.05126953125
137.0 290.401611328125
146.0 86.96826171875
147.0 440.852142333984
148.0 414.005554199219
149.0 767.468688964844
149.9 23.3732166290283
159.9 41.4632034301758
161.0 197.357833862305
162.0 325.087707519531
163.0 332.033599853516
176.0 209.82698059082
177.0 270.129272460938
178.0 518.675659179688
191.0 328.064422607422
192.0 277.3583984375
193.0 170.067840576172
208.0 54.7600250244141
