#"+EI Scan (rt: 2.285-2.343 min, 11 scans) MIX6-4.D  Subtract "
#Point,X(Thompsons),Y(Counts)
41.0 175.964477539063
42.0 336.470672607422
43.0 258.283142089844
44.0 16.0548706054688
49.9 146.744781494141
51.0 97.9213104248047
53.0 45.6323509216309
55.0 141.501937866211
56.0 1136.45043945313
57.0 341.043487548828
58.0 8909.75
59.0 331.702392578125
63.0 208.894241333008
64.0 258.503356933594
65.0 69.0547180175781
75.9 33.9945106506348
77.0 634.574035644531
78.0 79.524787902832
79.0 30.5708503723145
91.0 131.560546875
91.9 14.3445491790771
92.0 491.310363769531
105.0 18.096305847168
107.0 151.101821899414
121.0 34.3749237060547
132.9 22.1928329467773
135.0 857.906799316406
136.0 63.2811279296875
149.9 14.2061738967896
150.0 16.4453201293945
207.0 28.708984375
207.9 14.6638517379761
208.9 23.7687129974365
