#"+EI Scan (rt: 3.707-3.754 min, 9 scans) MIX6-6.D  Subtract "
#Point,X(Thompsons),Y(Counts)
41.0 883.703979492188
42.0 1843.94641113281
43.0 115.000144958496
44.0 203.065185546875
50.0 260.359375
51.0 844.289306640625
52.0 168.653045654297
53.0 42.2877883911133
54.0 148.885513305664
55.0 217.751907348633
56.0 2138.4453125
57.0 374.777526855469
58.0 226.96305847168
62.0 56.679012298584
63.0 718.872192382813
64.0 197.907974243164
65.0 4950.505859375
66.0 271.700073242188
70.0 129.976135253906
74.9 16.8252449035645
76.0 76.3944778442383
77.0 926.147766113281
78.0 387.871795654297
79.0 222.251510620117
86.0 144.982849121094
89.0 1052.48815917969
90.0 77.6864166259766
90.0 624.525634765625
91.0 56090.4296875
92.0 4481.00927734375
93.0 143.893035888672
102.0 42.484245300293
103.0 386.337493896484
104.0 257.944366455078
105.0 541.115051269531
115.0 529.815612792969
116.0 183.286895751953
116.9 62.7360305786133
117.0 679.346008300781
118.0 424.276184082031
119.0 172.95539855957
120.0 172.500366210938
130.0 168.553695678711
131.0 253.509170532227
132.0 732.41552734375
133.0 144.901794433594
134.0 53.4674491882324
143.9 48.0928802490234
146.1 628.974975585938
146.9 41.3662109375
147.0 197.88591003418
147.1 152.128845214844
148.1 45531.671875
149.1 5308.052734375
150.0 281.637542724609
164.9 20.2011756896973
207.0 46.8251342773438
208.0 31.9851531982422
224.1 23.3582286834717
