#"+EI Scan (rt: 3.707-3.753 min, 9 scans) MIX6-1.D  Subtract "
#Point,X(Thompsons),Y(Counts)
41.0 917.496887207031
42.0 1803.37646484375
43.0 160.314483642578
44.0 260.578552246094
50.0 265.848815917969
51.0 843.065856933594
51.9 42.6025810241699
52.0 176.664916992188
53.0 41.9327545166016
54.0 122.513862609863
55.0 203.211242675781
56.0 2097.67211914063
57.0 321.309814453125
58.0 216.41552734375
61.9 18.1135902404785
63.0 708.694641113281
64.0 192.003204345703
65.0 4816.701171875
66.0 278.073883056641
70.0 91.7137832641602
74.0 16.7371559143066
75.0 54.5216827392578
75.9 45.6928672790527
76.0 18.5750255584717
76.9 38.3782920837402
77.0 880.498962402344
78.0 404.039428710938
79.0 261.084655761719
85.9 19.8909950256348
86.0 123.117744445801
89.0 966.466918945313
90.0 685.740844726563
91.0 54807.15234375
92.0 4436.314453125
93.0 95.9509887695313
93.1 28.6812038421631
95.8 29.6881980895996
96.0 0.792232990264893
101.9 19.5503978729248
102.0 52.7085838317871
103.0 372.021118164063
104.0 239.60432434082
105.0 523.852783203125
115.0 550.007385253906
116.0 150.839141845703
117.0 779.570190429688
118.0 415.809814453125
118.9 22.7406539916992
119.0 174.642486572266
120.0 129.734878540039
130.0 154.149108886719
131.0 204.792190551758
132.0 681.101257324219
132.9 193.528213500977
134.0 39.7527809143066
144.0 49.0895042419434
146.1 601.667114257813
147.1 361.969635009766
148.1 45143.57421875
149.1 5199.45166015625
150.0 256.553955078125
167.0 17.5775623321533
207.0 42.2421264648438
208.0 61.5935821533203
209.0 13.9551935195923
224.1 72.0979919433594
