#"+EI Scan (rt: 3.707-3.754 min, 9 scans) MIX6-3.D  Subtract "
#Point,X(Thompsons),Y(Counts)
41.0 907.007202148438
42.0 1818.74328613281
43.0 129.991455078125
44.0 225.078247070313
50.0 250.717468261719
50.9 28.5786972045898
51.0 812.236267089844
52.0 212.589309692383
53.0 38.5812911987305
54.0 109.371788024902
55.0 206.554748535156
56.0 2139.4736328125
57.0 345.021270751953
58.0 246.923751831055
61.9 90.4291000366211
63.0 709.875183105469
64.0 211.998809814453
65.0 4910.44140625
66.0 281.644561767578
70.0 36.1806488037109
74.9 19.2942562103271
75.8 38.3577003479004
76.0 40.5919952392578
77.0 878.594970703125
78.0 394.724853515625
79.0 246.774353027344
86.0 18.4143390655518
86.1 109.986015319824
89.0 987.887145996094
89.9 20.4086074829102
90.0 638.339782714844
91.0 55134.03515625
92.0 4464.3798828125
93.0 158.798477172852
96.0 0.736042022705078
102.0 58.1856842041016
103.0 372.109344482422
104.0 240.706573486328
105.0 524.335205078125
115.0 556.610778808594
116.0 166.190933227539
116.9 25.2572822570801
117.0 743.214599609375
118.0 367.374542236328
119.0 203.238967895508
120.0 170.426712036133
129.9 57.7733955383301
130.0 144.358016967773
131.0 235.824676513672
132.0 704.059387207031
132.9 122.259353637695
134.0 59.6358642578125
143.9 47.3713264465332
144.0 19.7528228759766
146.0 566.783630371094
147.1 370.963684082031
148.1 45052.37890625
149.1 5067.5732421875
150.0 222.774780273438
150.1 25.2328319549561
207.0 31.55908203125
208.0 31.7744331359863
224.0 38.5123405456543
