#"+EI Scan (rt: 5.065-5.129 min, 12 scans) MIX6-1.D  Subtract "
#Point,X(Thompsons),Y(Counts)
41.0 5748.966796875
42.0 1879.15539550781
43.0 2260.07446289063
44.0 2273.22192382813
45.0 39.4787673950195
50.0 310.773162841797
51.0 678.357177734375
52.0 192.669723510742
53.0 1022.12518310547
54.0 582.043151855469
55.0 4341.65966796875
56.0 2655.46801757813
57.0 4326.70556640625
58.0 428.896820068359
60.9 103.553428649902
61.0 12.9249048233032
62.0 952.465637207031
63.0 3768.67333984375
64.0 624.389709472656
65.0 6772.18896484375
66.0 496.077850341797
67.0 304.016876220703
68.0 692.216491699219
68.9 84.1085815429688
69.0 284.192413330078
70.0 5542.029296875
71.0 526.339538574219
72.1 41867.94921875
73.1 2159.78344726563
74.0 163.156265258789
75.0 125.050140380859
76.0 191.240661621094
77.0 760.30224609375
78.0 213.351669311523
78.9 45.5772247314453
79.0 347.559936523438
80.0 82.0747985839844
81.0 175.396926879883
82.0 389.797637939453
82.9 52.4754333496094
83.0 142.936752319336
84.0 1317.15356445313
85.0 155.443115234375
88.8 13.4805498123169
89.0 274.501312255859
89.9 14.0277414321899
90.0 138.046630859375
91.0 2369.45458984375
92.0 474.633422851563
93.0 763.773132324219
94.0 15.7019529342651
94.2 147.867370605469
95.0 364.217651367188
95.9 72.866943359375
96.0 191.660888671875
98.1 2072.48168945313
99.0 707.745849609375
100.0 65.2416610717773
101.9 32.8134536743164
102.0 72.7858963012695
103.0 356.321655273438
104.0 167.338928222656
105.0 298.666870117188
105.1 29.0147838592529
105.9 13.5176153182983
112.1 612.799133300781
113.0 45.1971168518066
115.0 250.029525756836
116.0 39.8328056335449
117.0 251.173873901367
118.0 161.770095825195
119.0 897.212585449219
120.0 673.361328125
121.0 6896.60693359375
121.9 12.9552946090698
122.0 904.061096191406
123.0 343.292266845703
123.9 20.9379825592041
124.1 464.183868408203
126.1 2773.89526367188
127.0 18.5019550323486
127.1 721.412841796875
128.1 129940.3125
129.1 12357.828125
130.1 583.711975097656
131.0 269.347747802734
132.0 189.647888183594
133.0 270.456451416016
133.9 13.2542657852173
134.0 66.9013900756836
135.0 1629.55700683594
136.0 219.628372192383
144.0 14.1703643798828
145.0 161.952651977539
146.0 301.973480224609
146.9 291.031585693359
147.0 290.246307373047
148.0 1525.28112792969
149.0 14748.2646484375
150.0 3130.29516601563
151.0 323.944763183594
160.0 62.1385498046875
161.0 207.09992980957
162.0 128.469085693359
162.1 16.9507923126221
163.0 517.208190917969
164.0 379.07470703125
172.0 16.1217460632324
174.0 769.34375
175.0 338.240081787109
175.9 32.1482353210449
176.0 214.423538208008
177.0 439.980133056641
178.0 474.754547119141
179.0 30.2864227294922
188.0 15.5414304733276
190.0 190.245483398438
190.9 13.688232421875
193.0 12.7956581115723
203.9 14.2872772216797
204.0 358.756744384766
205.0 129.951904296875
206.1 1933.51818847656
207.0 316.221435546875
208.0 66.8749389648438
208.9 4.81696319580078
230.1 83.7397079467773
232.1 13.7649354934692
234.1 430.089202880859
235.0 12.5729494094849
248.1 279.278381347656
259.1 58.9195365905762
262.1 17.0656223297119
