#"+EI Scan (rt: 3.083-3.130 min, 9 scans) MIX7-9.D  Subtract "
#Point,X(Thompsons),Y(Counts)
41.0 4245.39404296875
42.0 5276.7705078125
43.0 1777.525390625
44.0 311.198364257813
50.0 824.403198242188
51.0 3409.7880859375
51.9 17.8909931182861
52.0 445.725708007813
53.0 949.936767578125
54.0 2671.021484375
55.0 6520.255859375
56.0 2349.9755859375
57.0 756.540100097656
58.0 35.3294067382813
62.9 203.750701904297
63.9 20.1791667938232
65.0 379.966033935547
66.0 63.4151611328125
67.0 525.132873535156
68.0 1715.83459472656
69.0 5906.81787109375
70.1 3156.18188476563
71.0 371.138061523438
71.9 17.1802196502686
72.0 467.556488037109
72.9 74.6298370361328
74.0 200.880874633789
75.0 210.775573730469
76.0 473.878356933594
77.0 10427.2138671875
78.0 1334.9130859375
78.9 49.5480499267578
79.0 410.969787597656
80.0 516.041625976563
81.0 331.162506103516
82.0 906.3837890625
83.0 392.797210693359
84.1 6394.57373046875
85.0 455.142303466797
89.0 254.519638061523
90.0 97.8808670043945
91.0 1561.54663085938
92.0 151.431518554688
92.9 17.5711441040039
93.0 69.1641159057617
94.0 693.540954589844
94.9 86.5167617797852
95.0 399.126495361328
96.1 7395.46337890625
97.1 15703.16796875
98.1 2870.16430664063
99.0 139.029495239258
102.0 209.426635742188
103.0 390.150177001953
104.0 295.435363769531
105.0 7344.5048828125
106.0 740.233154296875
106.9 36.8323364257813
108.0 147.598205566406
109.1 18.4512310028076
110.0 1421.77600097656
111.0 199.891937255859
115.0 778.81103515625
116.0 216.619705200195
117.0 373.77587890625
118.0 145.387344360352
118.9 19.9767017364502
120.0 468.641815185547
121.0 36.5222587585449
122.0 544.64697265625
123.0 43.3577690124512
123.1 22.211555480957
124.1 5069.98583984375
125.1 1001.94012451172
126.1 130252.484375
127.1 12313.021484375
128.0 898.685913085938
129.0 251.478515625
130.0 199.5283203125
130.9 26.8354206085205
131.0 341.354888916016
132.0 221.154388427734
133.0 700.989074707031
134.0 358.784454345703
140.9 28.5492820739746
141.0 39.8583030700684
142.9 36.9709358215332
143.9 42.7437324523926
144.0 62.5594749450684
145.0 185.941925048828
145.9 59.4776344299316
146.0 81.3392868041992
158.0 88.0890808105469
159.0 132.180114746094
160.1 876.271179199219
161.0 102.554946899414
162.0 18.5432319641113
170.0 69.3413772583008
172.0 60.5124359130859
173.0 40.2916793823242
186.1 176.656341552734
188.1 849.679077148438
189.1 591.026000976563
190.0 18.029577255249
190.9 61.8594169616699
200.1 125.434852600098
207.0 156.530029296875
229.1 143.1025390625
230.1 64.669677734375
281.0 17.7103862762451
