#"+EI Scan (rt: 3.083-3.130 min, 9 scans) MIX7-10.D  Subtract "
#Point,X(Thompsons),Y(Counts)
41.0 4433.06103515625
42.0 5219.02001953125
43.0 1865.67810058594
44.0 255.794921875
50.0 839.064086914063
51.0 3447.81640625
52.0 457.280212402344
53.0 993.390075683594
54.0 2656.44213867188
55.0 6482.47119140625
56.0 2457.556640625
57.0 775.330078125
57.9 37.0429954528809
58.0 37.1685600280762
62.0 17.7427005767822
63.0 229.031188964844
63.9 20.3564224243164
64.1 19.4002780914307
65.0 432.793273925781
66.0 90.2022705078125
67.0 502.713043212891
68.0 1760.47900390625
69.0 5951.49951171875
70.1 3208.69091796875
71.0 376.5791015625
72.0 423.485900878906
73.0 98.2668762207031
74.0 188.215148925781
75.0 215.806137084961
76.0 489.352874755859
77.0 10442.1923828125
78.0 1310.20849609375
79.0 433.810577392578
80.0 551.424377441406
81.0 349.207458496094
82.0 918.325744628906
83.0 387.943756103516
84.1 6462.810546875
85.0 500.551879882813
89.0 247.522644042969
90.0 70.4927139282227
91.0 1634.25634765625
92.0 147.132095336914
93.0 118.507514953613
94.0 749.932495117188
94.9 24.1008224487305
95.0 476.718872070313
96.1 7374.56640625
97.1 15867.06640625
98.1 2889.15478515625
99.0 155.165832519531
102.0 234.89013671875
103.0 406.689910888672
104.0 326.260467529297
105.0 7601.1591796875
106.0 753.013916015625
106.9 20.7740287780762
108.0 183.304489135742
109.1 34.5524559020996
110.0 1393.85571289063
111.0 201.242858886719
115.0 754.76513671875
116.0 235.330154418945
117.0 402.119934082031
118.0 117.961776733398
119.0 74.8108825683594
120.0 524.054626464844
121.0 34.7693939208984
122.0 550.127197265625
123.1 62.3635940551758
123.2 18.2388534545898
124.1 5246.443359375
125.1 917.2724609375
126.1 130970.6640625
127.1 12281.255859375
128.1 920.167297363281
129.0 278.877197265625
130.0 186.649108886719
131.0 403.953033447266
132.0 195.688995361328
133.0 684.108947753906
134.0 381.966186523438
141.0 71.1969299316406
143.0 38.9104690551758
143.9 88.3904113769531
145.0 131.315383911133
146.0 124.906547546387
158.0 63.9626197814941
159.0 69.3259506225586
159.1 110.713417053223
160.0 72.7207107543945
160.1 845.666381835938
161.0 102.455833435059
168.0 18.1048336029053
170.0 38.5457496643066
172.0 41.5268402099609
172.1 16.8873672485352
186.0 166.489364624023
188.1 882.977478027344
189.1 597.953491210938
190.1 37.1095161437988
200.0 117.91796875
207.0 50.693359375
208.0 6.13481140136719
209.0 27.8895301818848
214.1 18.2514419555664
229.1 135.149063110352
230.1 41.6307907104492
