#"+EI Scan (rt: 2.401-2.448 min, 9 scans) MIX8-1.D  Subtract "
#Point,X(Thompsons),Y(Counts)
41.0 230.215026855469
42.0 84.9588241577148
43.0 146.034652709961
44.0 129.278137207031
49.9 17.3111896514893
55.0 257.597412109375
55.9 30.08957862854
56.0 319.219848632813
56.9 48.1150360107422
58.0 615.446166992188
62.9 75.5478973388672
65.0 335.615936279297
70.0 124.206207275391
71.0 85.750244140625
72.0 21.5154399871826
77.0 29.3221473693848
84.0 18.2741451263428
89.0 39.1116409301758
91.0 620.040222167969
98.0 310.463043212891
100.1 5643.38427734375
101.0 417.978393554688
105.0 121.622817993164
118.9 184.877136230469
119.0 261.866088867188
120.0 22.9473285675049
120.8 18.2335720062256
121.0 67.6416397094727
132.9 60.7866516113281
148.0 68.6103820800781
149.0 563.960876464844
207.0 52.0443115234375
208.0 37.6630935668945
209.0 30.1949882507324
281.0 15.7866802215576
