#"+EI Scan (rt: 3.725-3.771 min, 9 scans) MIX8-6.D  Subtract "
#Point,X(Thompsons),Y(Counts)
41.0 3769.34130859375
42.0 4133.94287109375
43.0 4859.46484375
44.1 30899.474609375
45.0 888.125061035156
50.0 422.834106445313
51.0 689.877807617188
52.0 159.725112915039
53.0 676.781982421875
54.0 221.379989624023
54.0 117.870239257813
55.0 684.76806640625
56.0 2905.25317382813
57.0 1163.1796875
58.0 422.966705322266
59.0 17.970064163208
60.9 169.520919799805
62.0 1241.05456542969
63.0 3872.24731445313
64.0 640.319702148438
65.0 5311.69677734375
66.0 417.652954101563
67.0 121.370468139648
68.0 234.607009887695
69.0 111.935035705566
70.0 1164.80883789063
70.9 18.9019241333008
71.0 70.4229431152344
73.9 235.574493408203
74.9 108.01099395752
76.0 119.017684936523
77.0 163.398620605469
77.0 384.952087402344
78.0 111.679237365723
79.0 299.015563964844
82.0 44.7130966186523
84.1 3203.68579101563
85.0 26.0016632080078
85.1 448.718505859375
86.1 85283.890625
87.1 5193.3876953125
88.0 157.045837402344
88.9 80.6512680053711
89.0 143.08821105957
90.0 100.981079101563
91.0 2635.53637695313
92.0 415.314331054688
92.1 43.4024925231934
93.0 300.088684082031
95.0 58.4895477294922
96.0 30.4131889343262
101.9 41.7248458862305
102.9 132.470367431641
103.0 151.203948974609
103.9 17.50266456604
104.0 42.2282867431641
105.0 210.539505004883
117.0 41.4844093322754
118.0 123.564224243164
118.9 98.7463684082031
119.0 742.823974609375
120.0 528.5322265625
121.0 4637.39501953125
122.0 736.368225097656
123.0 96.6408843994141
131.0 55.4393043518066
132.9 54.6830978393555
133.0 92.9723815917969
134.0 76.7836303710938
135.0 2891.34033203125
136.0 279.800872802734
146.0 241.692977905273
147.0 353.299102783203
148.0 333.401275634766
149.0 6719.2705078125
150.0 848.340515136719
150.9 41.5260467529297
160.9 55.1853218078613
162.0 70.6552810668945
163.0 258.363800048828
176.0 90.7641754150391
177.0 198.982360839844
178.0 528.836120605469
188.0 63.5248565673828
190.0 47.8635635375977
190.9 103.850280761719
192.0 443.770782470703
193.0 34.7662811279297
207.0 69.37744140625
217.0 17.6872329711914
220.0 18.0432186126709
