#"+EI Scan (rt: 3.719-3.771 min, 10 scans) MIX8-8.D  Subtract "
#Point,X(Thompsons),Y(Counts)
41.0 3374.671875
42.0 3926.35107421875
43.1 4505.7548828125
44.0 28171.478515625
45.0 800.408813476563
50.0 321.120178222656
51.0 603.29736328125
52.0 170.213150024414
53.0 619.091918945313
54.0 338.402130126953
55.0 672.623474121094
56.0 2664.9033203125
57.0 1040.55615234375
58.0 326.990112304688
61.0 184.487594604492
62.0 1108.81726074219
63.0 3676.625
64.0 561.8720703125
65.0 5044.505859375
66.0 363.131286621094
66.9 109.378829956055
68.0 221.137481689453
69.0 34.0631828308105
69.1 19.2693614959717
70.0 1053.50219726563
71.0 76.164680480957
73.0 17.4966888427734
73.9 248.767166137695
74.9 127.601181030273
76.0 142.872894287109
77.0 531.053588867188
78.0 128.797271728516
79.0 258.843719482422
82.1 33.3577308654785
84.1 3103.419921875
85.1 466.386901855469
86.1 78170.7734375
87.1 4788.3388671875
88.0 119.282165527344
89.0 226.095901489258
90.0 90.7810592651367
91.0 2452.13012695313
92.0 418.9052734375
93.0 278.236694335938
95.0 19.1215229034424
96.0 99.7802581787109
101.8 49.2304344177246
103.0 260.473297119141
103.9 76.3893356323242
105.0 256.982635498047
106.0 15.8623371124268
117.0 67.4110641479492
118.0 137.481475830078
119.0 784.35400390625
120.0 478.27783203125
121.0 4313.705078125
122.0 688.682373046875
123.0 87.7632751464844
130.9 23.655668258667
132.0 15.5254564285278
132.9 128.937240600586
133.9 33.5938110351563
134.0 35.6426277160645
135.0 2695.12548828125
136.0 239.641403198242
146.0 189.3623046875
147.0 312.974639892578
147.9 70.6358032226563
148.0 250.210357666016
149.0 6148.5703125
150.0 784.985717773438
150.9 67.6209106445313
159.9 15.0542631149292
162.0 69.3274307250977
163.0 213.803146362305
163.9 15.7158279418945
175.9 47.9445114135742
176.0 62.4159774780273
176.9 54.4932327270508
177.0 118.740921020508
178.0 492.023254394531
188.0 70.6431427001953
190.0 17.9530487060547
190.9 80.9167404174805
192.0 368.966400146484
193.0 17.9239921569824
207.0 39.5848388671875
208.0 35.0511322021484
