#"+EI Scan (rt: 5.514-5.543 min, 6 scans) MIX8-4.D  Subtract "
#Point,X(Thompsons),Y(Counts)
41.0 13431.5595703125
42.0 3724.47973632813
43.1 14446.634765625
44.0 6287.4091796875
45.0 187.891357421875
50.0 494.214965820313
51.0 1077.62048339844
52.0 296.662475585938
53.0 1287.09436035156
54.0 1156.07922363281
55.0 2380.86889648438
56.1 8122.67724609375
57.0 2394.90454101563
58.0 1177.85437011719
59.0 97.6338882446289
59.9 27.2233104705811
60.0 75.8791656494141
60.8 26.5542316436768
61.0 175.989990234375
62.0 1521.21252441406
63.0 6462.51708984375
64.0 1087.59521484375
65.0 12053.31640625
66.0 928.738220214844
67.0 1169.46423339844
68.0 1077.01477050781
69.1 6221.95849609375
70.1 5277.43115234375
71.0 439.154296875
72.1 5264.79638671875
73.0 253.892517089844
73.9 248.932174682617
75.0 204.193923950195
76.0 351.613983154297
77.0 1346.38696289063
78.0 355.091094970703
79.0 637.626037597656
80.0 270.771392822266
80.9 140.029815673828
81.1 112.225730895996
82.0 501.298309326172
83.0 262.144195556641
84.1 5165.1591796875
85.1 1284.86364746094
86.1 11265.5859375
87.1 704.568054199219
88.0 89.4965896606445
89.0 472.237213134766
90.0 273.019805908203
91.0 3814.76953125
92.0 834.416748046875
93.0 1185.68615722656
93.9 27.9453048706055
94.3 162.263977050781
94.5 46.4666633605957
94.9 155.454818725586
95.0 66.3363723754883
95.2 422.714385986328
95.8 94.5752487182617
95.9 495.406219482422
97.0 144.476791381836
98.1 2872.6494140625
99.1 274.764434814453
100.0 326.093994140625
101.1 58.1015892028809
102.0 180.638061523438
102.0 33.794116973877
103.0 502.186767578125
104.0 376.262664794922
105.0 596.601684570313
105.9 40.804012298584
106.0 74.3597946166992
106.9 27.9919414520264
107.1 99.4461288452148
109.9 25.0949325561523
112.1 304.10009765625
114.9 42.1799850463867
115.0 280.951385498047
116.0 189.61067199707
117.0 305.733551025391
118.0 280.401184082031
119.0 1234.76953125
120.0 1135.81372070313
121.0 12556.7666015625
122.0 1720.13513183594
123.0 439.913909912109
123.9 91.3048324584961
124.0 54.2406806945801
125.1 29.7117366790771
126.1 6370.51708984375
127.2 1482.22607421875
128.1 333756.4375
129.1 31131.142578125
130.1 1463.66650390625
131.0 506.595550537109
132.0 304.414093017578
133.0 328.375610351563
134.0 224.704544067383
135.0 5216.24169921875
136.0 636.2734375
144.0 89.5395736694336
145.0 270.069519042969
146.0 311.574981689453
147.0 902.614318847656
148.0 1619.57019042969
149.0 19963.939453125
150.0 2617.71899414063
151.0 324.646881103516
158.9 93.5496597290039
159.0 37.0216979980469
160.0 273.377014160156
161.0 362.344360351563
162.0 454.024566650391
163.0 494.885070800781
164.0 902.322082519531
165.0 63.5835380554199
172.1 30.3337020874023
173.0 66.0719680786133
173.1 29.4731597900391
174.0 282.140380859375
175.0 298.185791015625
176.0 240.700393676758
177.0 698.111511230469
178.0 281.438659667969
187.0 29.4866580963135
188.0 265.690551757813
189.0 169.228988647461
190.0 791.0986328125
191.0 199.410034179688
192.1 3571.98706054688
193.1 511.670196533203
203.1 57.8639984130859
204.0 31.1910610198975
207.0 15.689697265625
216.0 172.966552734375
217.1 59.3557243347168
218.1 284.426086425781
219.1 117.448341369629
220.1 1831.32458496094
221.0 344.533325195313
231.0 52.3335876464844
248.1 69.9125442504883
259.0 59.2377319335938
259.1 62.9911460876465
281.0 9.61390686035156
