#"+EI Scan (rt: 3.497-3.544 min, 9 scans) EUTYLONE-3.D  Subtract "
#Point,X(Thompsons),Y(Counts)
41.1 13450.44921875
42.0 2785.23559570313
43.0 2456.47583007813
44.0 2640.9140625
45.0 165.659515380859
50.0 778.93505859375
51.0 1373.81628417969
52.0 398.5634765625
53.0 1358.09033203125
54.0 994.309265136719
55.0 1131.13305664063
56.0 9885.041015625
57.0 956.432067871094
58.1 19940.294921875
58.9 20.4188346862793
59.0 755.329223632813
59.9 16.8993034362793
60.9 28.3743152618408
61.0 375.296356201172
62.0 2479.02734375
63.0 8218.412109375
64.0 1289.92199707031
65.0 11163.123046875
66.0 907.534301757813
67.0 323.942230224609
68.0 543.537109375
69.0 517.348205566406
70.1 3496.89916992188
71.0 814.209228515625
73.9 21.5497779846191
74.0 461.072143554688
75.0 301.705444335938
76.0 395.899139404297
77.0 1180.33618164063
78.0 327.974914550781
79.0 644.2958984375
80.0 126.330413818359
82.0 175.622741699219
83.1 21.010856628418
84.1 5751.01708984375
85.0 40.2538375854492
85.1 1440.46533203125
86.1 215232.640625
87.1 12953.1240234375
88.1 400.393798828125
88.9 422.215728759766
90.0 278.183288574219
91.0 3932.9248046875
92.0 822.784729003906
93.0 665.222900390625
94.3 58.6002998352051
94.4 41.7788314819336
94.8 34.6582527160645
94.9 94.1579895019531
102.0 149.75862121582
103.0 571.949035644531
104.0 291.965209960938
105.0 453.179046630859
106.0 59.9912033081055
115.0 224.277496337891
116.0 60.6353912353516
117.0 157.915771484375
118.0 153.422821044922
119.0 1081.38049316406
120.0 878.444091796875
121.0 10004.6884765625
122.0 1242.57080078125
123.0 174.923889160156
130.0 108.924194335938
131.0 291.579711914063
131.9 117.943222045898
132.0 111.810333251953
133.0 259.322021484375
134.0 89.1766052246094
135.0 1796.34362792969
135.9 154.63298034668
144.9 88.8658752441406
145.0 49.1522369384766
146.0 172.523239135742
147.0 528.446472167969
148.0 922.104736328125
149.0 14260.7841796875
150.0 1567.44384765625
151.0 155.310501098633
158.0 21.7357501983643
159.0 35.6973190307617
160.0 294.304473876953
161.0 251.500869750977
162.0 271.054840087891
163.0 177.321105957031
164.0 86.834831237793
164.1 22.4929885864258
173.9 109.24536895752
175.0 172.434356689453
176.0 1091.33850097656
177.0 576.711120605469
178.1 1920.45483398438
179.0 210.350784301758
188.0 103.379325866699
188.9 76.4698867797852
190.0 350.094024658203
191.0 134.80012512207
192.0 499.167419433594
202.0 190.107788085938
204.0 42.8184394836426
206.0 1179.82299804688
206.9 31.1190795898438
207.0 140.471954345703
217.1 125.41268157959
219.0 45.3219604492188
