#"+EI Scan (rt: 14.037-14.076 min, 7 scans) Iso1-10.D  Subtract "
#Point,X(Thompsons),Y(Counts)
40.1 800.684265136719
41.1 13470.5009765625
42.1 1130.86303710938
43.1 20618.734375
50.0 191.106781005859
50.1 175.393981933594
51.0 1621.62744140625
52.1 823.107421875
53.0 4275.9541015625
54.0 57.8424644470215
54.1 538.213623046875
55.0 8378.3466796875
56.1 1487.41015625
57.0 1859.91064453125
57.9 36.7740325927734
58.1 140.715896606445
60.1 13.9705772399902
60.9 7.72759056091309
61.9 183.719772338867
62.1 143.412124633789
62.9 22.5454559326172
63.0 1441.55493164063
64.0 624.202819824219
64.1 227.817428588867
64.9 79.1419830322266
65.0 3806.119140625
66.0 876.685607910156
67.0 4770.42578125
68.0 287.329437255859
68.2 90.0118026733398
69.0 3209.42114257813
69.9 267.347015380859
70.1 313.423828125
70.2 121.002197265625
71.1 1745.56506347656
71.9 32.6614227294922
72.1 112.299415588379
74.0 8.11666297912598
75.0 488.76318359375
76.0 3047.2568359375
77.0 2170.025390625
79.0 2907.55908203125
80.0 484.392944335938
81.0 668.18310546875
82.0 134.773223876953
82.2 1948.92736816406
82.3 564.640563964844
82.8 2001.58972167969
83.9 827.989807128906
84.1 145.962219238281
84.8 69.3167724609375
84.9 10.4576416015625
85.1 79.9060440063477
85.9 103.628303527832
86.0 145.176361083984
86.2 46.4836616516113
87.0 473.904968261719
87.9 120.849967956543
88.1 1403.42419433594
89.0 5905.6650390625
89.9 1241.09692382813
90.0 192.117782592773
90.2 302.362060546875
91.0 9456.91015625
91.9 124.251159667969
92.0 1328.93933105469
93.0 1213.44055175781
94.0 40.2604866027832
94.9 3551.25537109375
95.9 659.183349609375
96.0 155.636566162109
96.1 546.639343261719
97.1 3289.2265625
97.8 1705.91650390625
98.9 5.14135026931763
99.0 923.415710449219
100.0 16.5747451782227
100.1 274.131256103516
101.0 2664.09594726563
102.0 3288.54956054688
103.0 5787.28759765625
104.1 7328.0615234375
105.1 7284.1748046875
105.9 1543.10241699219
106.1 446.863739013672
107.1 1678.5
107.9 700.85986328125
108.2 159.984664916992
109.0 2912.43310546875
110.0 1330.70239257813
110.1 734.74462890625
110.3 609.3837890625
111.0 7594.49462890625
112.0 7362.455078125
112.8 1788.56115722656
112.9 375.292419433594
114.0 694.416870117188
114.1 400.613464355469
115.1 22291.232421875
115.9 108.802688598633
116.1 5164.05859375
117.0 6126.990234375
118.1 7102.0556640625
119.4 61778.48828125
120.7 81.46044921875
120.8 1272.82690429688
121.0 26.0037841796875
121.9 146.318618774414
122.0 137.672866821289
122.2 138.956924438477
123.0 2074.2109375
124.0 585.859436035156
124.1 2056.79956054688
125.2 6938.84423828125
126.0 13976.0341796875
127.0 14210.5361328125
128.0 36413.52734375
129.0 21260.5390625
130.1 4083.6826171875
131.0 2558.43530273438
131.9 36.9703674316406
132.1 1221.47265625
132.1 313.571197509766
133.0 2643.41821289063
134.0 3659.99609375
135.0 241.398071289063
136.0 206.740951538086
136.1 91.6581878662109
139.0 6662.12890625
140.1 2618.34521484375
141.0 22980.775390625
142.1 10888.4912109375
143.1 11061.15234375
144.1 3212.93969726563
145.1 3410.22705078125
146.0 1113.58837890625
146.2 40.0624961853027
147.0 33.5634002685547
148.1 62.4054794311523
149.0 318.716369628906
150.0 2085.77880859375
151.1 8231.2294921875
152.1 45483.44921875
153.1 22068.744140625
154.1 6573.78759765625
155.1 16102.0576171875
156.0 4165.2568359375
157.0 3964.70654296875
158.1 1593.76281738281
161.0 691.954711914063
162.0 348.122650146484
162.1 69.5029907226563
163.0 2446.3125
164.1 5806.80224609375
165.1 78235.765625
166.1 30409.4453125
167.1 20598.208984375
168.1 8086.5302734375
169.1 9224.93359375
170.1 6284.30859375
171.1 7890.26953125
172.1 4800.623046875
173.0 1438.16333007813
173.9 88.6563873291016
174.0 310.898284912109
174.2 42.9384460449219
175.0 291.455810546875
175.1 377.397796630859
176.1 7515.21240234375
177.1 7659.71533203125
178.1 35097.31640625
179.1 23972.474609375
180.1 9700.064453125
181.1 23146.18359375
182.1 8174.07958984375
183.1 6502.10302734375
184.0 2367.70556640625
185.0 2628.01000976563
185.9 79.9861221313477
186.0 501.898345947266
187.0 237.753295898438
187.1 258.824768066406
188.1 857.249572753906
189.1 16335.6591796875
190.1 11137.4384765625
191.1 20434.83984375
192.1 14591.34765625
193.1 16525.712890625
194.1 17918.80859375
195.1 52107.08203125
196.1 15028.279296875
197.1 9957.763671875
198.0 3355.4287109375
199.1 10021.0830078125
200.1 2121.86254882813
201.0 1064.48474121094
202.1 7901.896484375
203.1 7528.9501953125
204.1 3475.83374023438
205.1 11983.638671875
206.1 8038.30419921875
207.1 14599.7509765625
208.1 17212.123046875
209.1 57142.09375
210.1 16388.880859375
211.0 18579.1875
212.0 4849.74609375
213.0 1403.87646484375
214.0 229.439987182617
216.0 323.919921875
217.0 694.14111328125
218.1 3810.96264648438
219.0 5404.7900390625
220.1 5161.5029296875
221.1 18017.595703125
222.1 14759.4765625
223.1 176803.484375
224.1 58583.48046875
225.1 26301.619140625
226.1 4558.5205078125
227.1 1261.6044921875
228.1 714.8994140625
229.0 845.028198242188
230.1 767.847229003906
231.1 2470.33935546875
232.1 1301.51086425781
234.0 2032.1123046875
235.1 16239.7587890625
236.1 13833.6279296875
237.1 61996.32421875
238.1 573282.625
239.1 144471.578125
240.1 18517.17578125
241.1 3823.71069335938
242.0 403.907592773438
243.0 273.833801269531
243.1 357.409515380859
243.9 23.2889442443848
244.0 114.913436889648
244.1 214.15869140625
245.0 942.817077636719
246.1 1205.50134277344
247.1 3570.69165039063
248.1 2010.91772460938
249.1 6911.7890625
250.1 205.583480834961
250.2 6547.33544921875
251.1 143457.90625
252.1 42255.4375
253.1 48930.61328125
254.1 16828.01953125
255.1 2689.12866210938
256.0 81.2780380249023
256.1 366.564147949219
257.0 284.314575195313
258.0 144.670745849609
258.1 106.44506072998
259.0 484.732604980469
259.8 35.9521675109863
260.0 133.865371704102
260.1 63.3780708312988
260.2 48.7093315124512
261.1 1253.59265136719
261.9 32.6523895263672
262.1 964.9619140625
263.1 8963.6865234375
264.1 2792.49682617188
264.2 95.9020385742188
265.1 26352.14453125
266.1 6035.8701171875
267.1 13873.4248046875
268.0 84.8575897216797
268.1 2656.12890625
269.1 1414.95861816406
270.0 246.210678100586
271.1 96.0190658569336
271.8 1.66549682617188
272.9 505.87158203125
273.8 47.623462677002
274.1 52.2015724182129
275.0 597.577392578125
276.1 586.278869628906
277.1 3969.01123046875
278.1 1235.87573242188
279.1 7575.8818359375
280.1 2389.17065429688
281.1 8608.3271484375
282.1 1877.01904296875
283.1 165.352096557617
284.0 24.0185070037842
286.2 41.9739074707031
287.1 174.230606079102
288.0 60.1584243774414
290.1 171.218063354492
291.1 2596.90502929688
293.2 30317.54296875
295.2 3832300.75
296.2 1012891.75
297.2 129307.296875
298.2 11753.3369140625
299.1 941.765747070313
300.1 73.1715850830078
300.9 122.650108337402
303.1 33.1878662109375
303.9 25.8189582824707
304.9 26.3055992126465
305.1 60.0054664611816
305.9 23.9735622406006
306.0 81.7424240112305
306.3 22.4217166900635
307.0 238.457122802734
307.1 595.240539550781
308.1 256.963104248047
308.2 1612.10717773438
309.3 25395.865234375
310.2 480843.3125
311.2 112773.140625
312.2 14760.291015625
313.2 1423.17077636719
314.1 37.930061340332
314.2 50.6172485351563
315.0 143.465209960938
315.1 45.4731025695801
315.9 4.90578460693359
322.0 29.8359966278076
349.0 17.4739418029785
361.0 348.857635498047
362.0 30.5168628692627
362.1 21.5014553070068
362.9 21.0815544128418
366.9 3.82999801635742
367.1 40.9861259460449
369.0 10.9031066894531
370.2 20.6734600067139
371.0 100.533882141113
372.1 24.2155132293701
375.0 155.017913818359
375.2 152.599227905273
376.1 84.3487548828125
378.9 57.0923500061035
379.1 444.524688720703
380.0 118.270545959473
453.1 24.5479736328125
453.3 14.9179000854492
454.1 11.0918655395508
