#"+EI Scan (rt: 16.340-16.391 min, 9 scans) Iso1-6.D  Subtract "
#Point,X(Thompsons),Y(Counts)
40.1 1466.57189941406
41.1 26094.908203125
42.1 26034.88671875
43.1 3897.29077148438
44.0 13929.5068359375
45.0 397.542236328125
45.9 51.0713500976563
49.0 54.6727142333984
50.0 737.914306640625
51.0 2982.85205078125
52.0 973.447387695313
53.0 1616.41455078125
54.0 1882.56701660156
55.0 6335.91748046875
56.0 4568.326171875
57.0 2781.40283203125
58.0 761.346313476563
60.8 23.2855644226074
60.9 70.8780975341797
61.9 96.7352981567383
62.0 185.192687988281
63.0 956.523010253906
64.0 701.260437011719
65.0 4590.82177734375
66.0 1355.71411132813
67.0 4995.27197265625
68.1 5855.7021484375
69.0 64950.99609375
70.0 12486.5703125
71.1 1157.44970703125
72.0 71.7831192016602
72.1 90.173828125
74.0 216.455078125
75.0 231.35205078125
76.1 876.570190429688
76.2 126.26619720459
77.0 20457.88671875
78.0 3706.68359375
79.0 11724.701171875
80.0 2887.49169921875
81.0 970.8369140625
82.0 5933.78466796875
83.0 1523.96789550781
84.1 3066.8173828125
85.0 334.184814453125
85.9 78.8567504882813
86.1 103.867218017578
86.8 10.8574447631836
87.0 27.0615539550781
87.7 27.9296073913574
87.9 17.8664665222168
88.0 54.7282638549805
88.2 26.5803813934326
89.0 1159.83312988281
90.0 1109.16564941406
90.1 70.5382919311523
91.0 14920.78515625
92.0 3279.11108398438
93.0 15041.2509765625
94.0 7656.29296875
95.1 4425.501953125
96.1 34319.8046875
97.1 4171.48193359375
98.1 3627.4677734375
99.0 338.524108886719
99.9 83.7677536010742
100.0 278.748901367188
100.8 20.1152114868164
101.0 278.553863525391
101.9 45.2727966308594
102.0 1082.21508789063
103.0 11357.4697265625
104.0 16495.21484375
105.0 58847.36328125
106.1 8982.5615234375
107.0 1196.81896972656
108.0 186.769149780273
108.1 443.269104003906
109.0 193.55859375
110.0 528.328735351563
111.0 266.090606689453
111.9 48.9344863891602
112.0 909.212524414063
113.0 137.221176147461
114.0 176.482604980469
115.0 2467.69360351563
115.9 60.9879531860352
116.0 1265.54797363281
117.0 7233.8271484375
118.0 13766.8955078125
119.0 4218.67236328125
120.0 2910.03247070313
121.0 457.328948974609
121.9 20.3045883178711
122.0 28.6117820739746
122.1 62.7757225036621
122.9 72.7492065429688
123.9 25.7136306762695
124.0 88.5834274291992
124.1 28.361400604248
124.9 167.025970458984
125.8 24.3330936431885
126.0 23.9716758728027
126.1 57.3844146728516
126.9 127.528686523438
127.1 123.372032165527
128.0 540.001831054688
128.0 643.355590820313
129.1 1611.09680175781
130.0 15914.15625
131.1 11058.634765625
132.1 24849.240234375
133.0 3773.51123046875
134.1 4067.52270507813
135.0 571.87548828125
137.0 776.28125
138.0 203.6201171875
139.0 1129.607421875
140.1 198.930908203125
141.0 127.29541015625
141.9 271.079711914063
142.0 190.202117919922
143.0 2447.2294921875
144.1 7687.13525390625
145.1 5180.900390625
146.1 236614.25
147.1 27966.12890625
148.1 4139.24951171875
149.0 430.907379150391
149.9 44.8779487609863
150.1 93.2446594238281
151.0 206.772583007813
152.0 410.050842285156
153.0 142.067504882813
154.0 192.565643310547
154.2 135.386169433594
155.0 405.3779296875
156.0 1091.52001953125
157.0 812.71435546875
158.1 34523.69921875
159.0 5296.1640625
160.0 8028.89599609375
161.0 5518.84619140625
162.1 2308.04370117188
162.9 90.6982421875
163.9 14.349739074707
164.9 137.224731445313
165.8 19.2565212249756
165.9 21.3203048706055
166.9 224.983642578125
167.9 216.112335205078
168.0 135.384460449219
169.0 746.948913574219
170.0 864.223571777344
170.9 294.30322265625
172.1 2995.5673828125
173.0 1492.49645996094
174.1 785.536926269531
175.0 474.358154296875
175.8 5.60605812072754
176.0 77.1872482299805
176.1 56.0338363647461
176.9 12.0640258789063
177.9 70.3345031738281
178.8 32.1971206665039
178.9 27.8543167114258
179.8 16.1776027679443
180.0 183.999557495117
180.9 99.40771484375
182.0 733.077941894531
183.0 252.197998046875
184.1 6946.2939453125
185.1 6694.4091796875
186.1 12991.3740234375
187.1 11394.02734375
188.2 11599.345703125
189.1 319558.125
190.1 44599.75390625
191.0 2669.74731445313
192.0 150.166687011719
194.0 176.121673583984
196.0 139.355834960938
196.9 41.05029296875
198.0 250.775817871094
198.9 77.81396484375
200.0 1232.73522949219
200.9 60.711181640625
201.9 178.751403808594
202.9 85.549560546875
203.9 21.1390991210938
204.1 33.6853523254395
204.9 23.1021728515625
205.8 4.17054748535156
206.1 117.86417388916
208.0 35.2703857421875
209.0 22.954345703125
211.0 138.744140625
212.0 487.36181640625
213.0 436.044677734375
214.1 57686.828125
215.0 7297.28125
216.0 684.865234375
218.0 28.4769287109375
222.1 144.932312011719
222.9 177.244140625
223.9 32.6015243530273
225.0 139.141296386719
226.0 55.2822532653809
226.1 72.244010925293
227.0 177.899108886719
228.1 2259.15234375
229.0 1302.35498046875
230.1 313.421752929688
231.0 145.476974487305
231.8 33.593391418457
234.0 255.736328125
239.0 91.99365234375
240.0 271.661407470703
240.9 125.30712890625
241.9 66.9591827392578
242.8 81.0942764282227
243.0 273.388549804688
243.8 8.76735305786133
243.9 28.7405662536621
244.1 67.6124038696289
244.9 45.5318756103516
246.0 68.3308944702148
246.9 82.9804077148438
247.9 46.6716766357422
248.9 78.8244171142578
249.9 18.7066822052002
250.0 68.6304702758789
251.0 466.079467773438
251.9 42.5730056762695
252.1 2.65256690979004
252.8 103.32787322998
253.9 24.1478271484375
254.0 13.1429290771484
254.1 64.4766159057617
255.1 1114.31469726563
255.2 220.364822387695
257.1 535363.75
258.1 98967.53125
259.1 10314.43359375
260.0 44.9146003723145
260.1 805.800354003906
262.0 30.7597427368164
262.2 27.0607471466064
262.9 205.624969482422
263.9 31.8837184906006
264.9 11.7962188720703
266.2 17.7453365325928
267.8 20.0124778747559
268.0 18.8393859863281
270.1 135.304077148438
270.9 34.263916015625
271.9 280.226776123047
273.9 10.5172119140625
274.9 101.81201171875
276.0 432.025451660156
276.9 219.67724609375
278.0 188.866943359375
279.1 2679.82788085938
280.1 624.663391113281
281.0 26.058837890625
281.8 34.2980842590332
281.9 25.4822616577148
282.9 34.3118286132813
283.8 1.6462574005127
283.9 26.5440559387207
286.0 58.3727416992188
287.9 42.456169128418
291.0 84.37841796875
292.0 211.200302124023
295.0 276.732421875
296.0 107.828948974609
296.9 123.350830078125
297.9 8.44244003295898
299.0 92.4738464355469
299.8 30.8554420471191
299.9 29.7488861083984
301.0 96.6863250732422
302.1 16.9315185546875
302.9 115.5556640625
304.0 17.925407409668
304.8 76.5938720703125
305.1 18.8627490997314
307.1 539.535888671875
308.0 115.268623352051
308.3 23.0209770202637
309.0 138.738891601563
311.0 220.479217529297
311.9 35.9663238525391
312.9 7.69071960449219
313.0 22.9321899414063
314.9 131.687622070313
316.0 64.9901123046875
316.8 33.6875839233398
317.0 44.7693023681641
318.9 57.0252990722656
319.0 42.2539176940918
325.0 8.39564514160156
326.8 51.9209327697754
328.9 109.779449462891
329.9 58.0038909912109
330.0 62.8436279296875
330.2 22.7827396392822
330.9 66.6242980957031
331.8 16.8223838806152
332.6 18.3034191131592
332.8 34.5368499755859
333.0 5.08482551574707
334.9 78.9905014038086
340.7 17.0187969207764
340.8 25.0522232055664
343.1 17.9010105133057
344.9 91.7392578125
346.2 3743.96606445313
346.8 47.6930465698242
347.1 1259.90148925781
348.1 104.09806060791
348.2 181.435607910156
348.9 60.8432312011719
349.0 316.71533203125
349.9 115.428802490234
350.0 9.14803504943848
350.3 33.7324371337891
350.5 27.2814331054688
351.0 164.859481811523
351.9 18.5858402252197
352.8 113.551490783691
354.8 41.4188232421875
356.0 43.8982925415039
356.9 18.0592269897461
359.0 5.43549537658691
363.0 141.515838623047
364.9 14.0895195007324
366.9 12.7510681152344
367.0 46.4587364196777
367.8 15.1108589172363
368.0 24.9058837890625
368.9 22.1141185760498
369.1 21.6769523620605
370.8 61.8174247741699
370.9 27.905876159668
371.9 23.0547561645508
372.8 14.0413846969604
373.0 17.2156829833984
374.8 17.1014919281006
384.9 17.4807281494141
428.8 16.939489364624
429.0 26.2538909912109
431.0 6.45394515991211
502.9 5.7352180480957
