#"+EI Scan (rt: 16.341-16.392 min, 9 scans) Iso1-3.D  Subtract "
#Point,X(Thompsons),Y(Counts)
40.1 1354.12902832031
41.1 34352.3515625
42.0 34074.20703125
43.0 4922.62451171875
44.0 18335.91015625
45.0 291.694702148438
45.9 35.2994194030762
46.1 91.4588241577148
46.9 256.335906982422
48.9 123.783996582031
50.0 364.483673095703
50.0 392.173461914063
51.0 3700.19287109375
52.0 997.084106445313
53.0 1868.46118164063
54.0 2429.3916015625
55.0 7984.41015625
56.0 5696.9453125
57.0 3545.322265625
58.0 807.642456054688
61.0 87.4438781738281
61.9 362.648803710938
63.0 1255.29846191406
64.0 683.55224609375
65.0 5880.84765625
66.0 1689.27844238281
67.0 5869.5048828125
68.0 7184.30029296875
69.0 80133.8046875
70.1 15329.1533203125
71.0 1229.14318847656
71.8 60.758186340332
72.0 298.621643066406
74.0 225.242797851563
75.0 372.152587890625
76.0 1040.51293945313
77.0 25328.20703125
78.0 3957.87109375
79.0 14127.50390625
80.0 3175.48168945313
81.0 1195.8955078125
82.1 7793.1337890625
83.0 1733.83996582031
84.1 3519.06958007813
85.0 305.03955078125
85.8 101.767051696777
86.0 52.8785667419434
86.1 101.813949584961
87.0 454.114990234375
87.9 148.371017456055
89.0 1276.22985839844
90.0 610.954772949219
90.1 633.178405761719
91.0 18073.66796875
92.0 3622.18774414063
93.0 15631.98046875
94.1 8705.1630859375
95.0 5238.2744140625
96.1 40552.328125
97.0 4722.87109375
98.1 3528.5166015625
99.0 298.733642578125
99.8 33.5146675109863
100.0 382.459320068359
101.0 237.184997558594
101.0 121.944633483887
102.0 1136.67822265625
103.0 12672.685546875
104.0 19398.861328125
105.0 68918.7578125
106.0 10525.052734375
107.0 1478.08679199219
108.0 982.200744628906
110.0 560.686889648438
111.0 254.359497070313
112.0 1149.78833007813
112.9 161.919189453125
114.0 319.152282714844
115.0 2595.4970703125
116.0 1533.5693359375
117.0 8545.8759765625
118.0 17360.599609375
119.0 5996.88232421875
120.0 3539.53735351563
120.9 181.709335327148
121.0 151.508178710938
122.0 168.179153442383
122.9 205.58056640625
123.9 93.5400390625
124.0 67.7659454345703
125.8 15.7874298095703
126.1 79.4203796386719
126.9 269.541381835938
127.1 112.538421630859
127.9 244.416687011719
128.0 1081.41284179688
129.0 1418.443359375
130.0 19775.236328125
131.0 13775.26953125
132.1 29442.71484375
133.0 4418.27783203125
134.1 4674.55908203125
135.0 796.059814453125
136.0 753.260314941406
137.0 47.6953125
138.0 406.09765625
139.0 1448.7685546875
140.0 493.025054931641
142.0 466.865600585938
143.0 1788.82299804688
144.1 8684.2265625
145.1 4775.66455078125
146.1 254433.640625
147.1 30029.423828125
148.1 4396.26025390625
149.0 713.397644042969
149.9 198.482681274414
150.1 76.4785842895508
150.3 40.1358489990234
151.0 16.764404296875
152.0 354.083862304688
153.0 149.959594726563
153.9 380.969665527344
155.0 344.52734375
156.0 1319.26684570313
157.0 1070.78466796875
158.1 36034.296875
159.0 4617.68359375
160.0 9195.888671875
161.0 5292.20458984375
162.0 2390.05615234375
162.9 132.6923828125
164.9 8.3695068359375
166.0 129.919296264648
166.9 53.839599609375
168.0 252.714660644531
168.9 245.200805664063
170.0 1021.47979736328
170.9 382.127319335938
172.1 2923.93432617188
173.1 1839.30688476563
174.1 982.145263671875
175.0 380.700347900391
175.9 27.8273525238037
176.0 140.237457275391
177.0 180.700332641602
177.9 152.826599121094
179.0 390.441467285156
179.9 163.327270507813
181.9 285.775054931641
182.0 282.092468261719
183.0 268.361755371094
184.1 6241.55859375
185.1 6618.7490234375
186.1 13713.70703125
187.1 11947.568359375
188.1 12349.5712890625
189.1 330295.5
190.1 45483.8046875
191.0 3088.83032226563
192.0 541.556213378906
193.0 124.88427734375
194.0 250.807327270508
195.9 5.02099609375
197.9 272.045776367188
198.9 125.89794921875
200.0 854.069274902344
200.9 367.612060546875
201.9 150.810974121094
202.9 177.09521484375
203.9 532.100036621094
205.8 20.3919982910156
206.0 58.48681640625
207.0 0.61572265625
208.0 23.176513671875
209.9 118.269233703613
212.0 214.896484375
213.0 455.802734375
214.1 55873.66015625
215.0 6821.0546875
216.0 706.6953125
218.9 262.13671875
219.9 36.506103515625
221.9 65.8117065429688
224.0 282.205017089844
225.0 323.690307617188
226.1 85.3841171264648
227.0 160.098388671875
228.1 2225.5908203125
229.0 1394.48266601563
230.0 261.180603027344
231.0 90.8705444335938
232.1 141.032791137695
234.0 136.4677734375
236.0 499.522827148438
238.0 392.92578125
240.1 189.45556640625
240.9 247.674560546875
241.9 30.6566772460938
242.9 331.6044921875
244.1 148.625411987305
244.2 38.3972625732422
244.9 78.8109130859375
245.8 69.7273254394531
246.9 7.46493530273438
247.9 36.387077331543
248.8 56.8201446533203
249.9 132.36149597168
250.8 69.6558456420898
251.0 235.631866455078
251.9 105.153915405273
252.0 79.8156890869141
252.9 1.7589111328125
253.8 27.6171855926514
254.1 92.8637084960938
255.1 1104.03198242188
257.1 537746.25
258.1 99749.8984375
259.1 10354.3271484375
260.1 785.216674804688
260.9 120.959777832031
261.9 39.6678504943848
262.0 62.4337310791016
262.8 53.7518196105957
262.9 120.787155151367
263.8 55.3308296203613
264.0 19.5221462249756
265.0 151.481460571289
265.9 67.3849258422852
267.0 167.470840454102
267.9 141.008636474609
269.9 85.230712890625
270.9 57.6123046875
272.0 498.625762939453
273.0 26.87158203125
273.9 120.84912109375
274.9 90.29248046875
275.9 31.734619140625
276.9 307.37548828125
277.9 162.659423828125
279.0 2709.78588867188
280.0 288.239837646484
280.1 371.884979248047
281.0 96.37548828125
282.0 210.103225708008
282.9 440.358795166016
283.9 9.18121337890625
284.1 19.3182640075684
285.0 100.64306640625
285.9 8.9208984375
288.1 27.9934692382813
289.0 269.6240234375
290.0 30.626953125
291.0 81.356201171875
291.8 120.36222076416
292.0 122.355773925781
293.0 429.447265625
293.9 160.402587890625
295.0 6.1513671875
296.9 97.244384765625
297.9 35.575927734375
299.0 112.021263122559
299.8 7.88919067382813
301.8 45.2849922180176
302.0 18.7777462005615
303.0 34.231330871582
304.8 62.8216094970703
307.0 161.82958984375
307.1 258.410034179688
307.9 55.1110687255859
308.0 150.294021606445
308.1 44.7182769775391
309.0 91.2845458984375
310.0 85.1632232666016
310.1 49.3432731628418
310.3 31.8774375915527
310.9 312.146179199219
311.9 6.11851501464844
312.0 23.3752155303955
313.0 78.5163192749023
314.8 91.2323532104492
315.8 107.765083312988
316.9 214.688949584961
319.0 43.8022727966309
326.9 56.6730613708496
328.8 35.2720031738281
329.9 20.3565216064453
330.0 26.1159858703613
330.1 19.4794673919678
330.5 17.2026119232178
330.8 29.7498989105225
330.9 231.248291015625
333.0 43.4621162414551
334.7 19.5887184143066
336.8 19.1583824157715
336.9 18.1361389160156
340.8 26.8357677459717
340.9 38.4472236633301
345.0 77.9382476806641
345.1 18.6113109588623
346.2 3389.86499023438
347.2 1268.10363769531
348.0 78.5618515014648
348.2 116.017158508301
348.3 43.1064376831055
348.9 177.638000488281
349.1 186.56071472168
349.9 40.3603553771973
350.0 77.5591659545898
350.9 180.766143798828
353.0 41.1331787109375
355.1 29.8423557281494
356.9 63.1438255310059
358.8 20.4416732788086
359.0 54.8653411865234
363.0 36.6644096374512
366.8 34.3492012023926
367.9 19.1682891845703
370.8 96.1282424926758
372.9 36.3086700439453
