#"+EI Scan (rt: 16.341-16.391 min, 9 scans) Iso1-10.D  Subtract "
#Point,X(Thompsons),Y(Counts)
40.1 1427.58898925781
41.1 30956.833984375
42.1 31725.92578125
43.1 4742.51708984375
44.0 17577.48046875
45.1 828.645874023438
45.8 18.8962116241455
49.0 4.92462158203125
49.1 41.4436073303223
50.0 768.417175292969
51.0 3296.35400390625
52.0 1077.24560546875
53.0 1707.37475585938
54.0 2245.75659179688
55.0 7538.46533203125
56.1 5585.27490234375
57.0 3379.04736328125
58.0 892.187683105469
60.9 84.2957534790039
62.0 362.904510498047
63.0 1075.64904785156
64.0 694.078491210938
65.0 5353.18017578125
66.0 1052.26281738281
66.1 468.962768554688
67.0 5898.91064453125
68.1 6933.50537109375
69.0 78682.078125
70.0 14598.58203125
71.0 1299.61694335938
72.0 62.9102592468262
72.2 182.306350708008
74.0 186.171997070313
75.0 219.500244140625
76.1 1123.71899414063
77.0 23981.51953125
78.0 4395.1796875
79.0 13837.5712890625
80.0 3232.7177734375
81.0 1248.95361328125
82.1 7574.0703125
83.0 1706.60424804688
84.1 3452.65014648438
85.0 388.230895996094
85.9 65.3813781738281
86.0 73.1367111206055
86.9 84.3881988525391
87.9 47.5453872680664
88.0 37.4982833862305
88.1 18.8242263793945
89.0 1323.12536621094
90.0 1344.939453125
91.0 17905.333984375
92.0 3665.67211914063
93.0 16161.5068359375
94.0 8725.0791015625
95.1 5654.0185546875
96.1 40056.24609375
97.1 5347.28076171875
98.1 3901.81201171875
99.0 396.829498291016
99.9 68.3065643310547
100.0 350.455200195313
100.9 60.6544151306152
101.0 229.886459350586
102.0 1223.986328125
103.0 12836.9501953125
104.0 19433.53515625
105.1 70653.2265625
106.0 11090.671875
107.0 1517.47998046875
108.0 782.448669433594
110.0 519.31298828125
111.0 329.249969482422
112.0 1233.45422363281
113.0 142.236328125
113.9 54.0171279907227
114.1 206.394592285156
115.0 3122.49169921875
116.0 1674.75988769531
117.0 8428.146484375
118.0 16675.3671875
119.0 5491.22119140625
120.0 3565.96850585938
121.0 384.917846679688
121.8 13.0679769515991
122.0 223.520309448242
122.8 79.2305679321289
123.9 82.1281127929688
124.0 107.784568786621
124.9 61.0262451171875
126.0 56.8590621948242
126.2 40.7110137939453
126.3 18.9894008636475
126.9 405.016632080078
128.0 520.455261230469
128.1 773.1064453125
129.0 1740.79919433594
130.0 19309.677734375
131.1 13429.802734375
132.1 30682.267578125
133.0 4650.75830078125
134.1 4861.1806640625
135.0 519.35693359375
136.0 350.725372314453
138.0 50.02392578125
139.0 1514.98217773438
140.0 189.236114501953
140.1 66.7017059326172
141.0 140.233642578125
142.0 561.012817382813
143.0 2395.78662109375
144.1 9125.6904296875
145.2 5666.615234375
146.1 294215.65625
147.1 34631.74609375
148.1 4783.3740234375
149.0 643.6005859375
150.0 234.246200561523
151.0 50.803955078125
152.0 484.643829345703
153.0 6.49028015136719
153.1 112.217697143555
153.9 332.780487060547
154.0 29.9862365722656
155.0 65.57763671875
156.0 1264.6220703125
157.0 1165.79931640625
158.1 41879.8359375
159.0 5804.796875
160.0 9734.71484375
161.0 6213.51171875
162.0 2580.92407226563
162.9 99.978515625
163.9 64.6861724853516
164.9 118.345916748047
166.0 174.418670654297
166.9 162.150634765625
167.9 233.390823364258
168.1 88.6236343383789
168.9 317.649383544922
170.0 412.891326904297
170.1 549.677368164063
170.9 441.872314453125
172.1 3779.6845703125
173.0 1751.08154296875
174.0 941.205078125
175.0 78.4851379394531
175.1 399.836944580078
175.9 22.7409648895264
176.1 123.406410217285
177.0 76.2656555175781
177.9 21.2552261352539
178.1 25.6756286621094
178.9 132.873352050781
179.9 113.301330566406
180.0 51.3708305358887
180.9 22.9739990234375
182.0 915.295471191406
183.0 373.830352783203
184.1 7199.3076171875
185.1 6793.337890625
186.1 15427.8994140625
187.1 12271.11328125
188.2 14144.908203125
189.1 401665.3125
190.1 55938.83984375
191.1 5557.5048828125
192.0 213.199569702148
193.0 4.603515625
194.0 99.9117431640625
195.9 97.0880126953125
197.0 14.39697265625
198.0 363.509613037109
198.9 96.612548828125
200.0 1464.40258789063
200.9 197.73486328125
201.9 94.3704833984375
202.1 92.6169052124023
202.8 126.282745361328
204.0 30.0839767456055
204.1 49.1701927185059
204.9 25.8131408691406
206.1 73.5530319213867
210.1 302.703033447266
212.0 295.0888671875
213.0 322.756103515625
214.1 71426.5703125
215.0 9040.7265625
216.0 637.619140625
218.0 48.4919166564941
221.9 14.5560150146484
224.0 66.4367599487305
225.0 168.025970458984
225.7 17.7218399047852
225.9 86.7507705688477
226.0 38.6329765319824
226.2 29.9246788024902
227.0 125.403076171875
228.1 2825.56884765625
229.0 1257.91284179688
230.0 397.912048339844
231.0 192.798980712891
236.1 206.320343017578
240.0 128.455108642578
241.0 218.720703125
242.0 360.406860351563
243.0 884.483825683594
243.8 5.86788702011108
244.0 119.333854675293
244.1 29.4323387145996
245.0 69.6169052124023
245.9 22.0353126525879
246.0 20.5128841400146
246.9 23.0881500244141
247.0 42.0848846435547
248.1 15.7137022018433
248.8 42.3744621276855
249.8 4.38000774383545
250.0 124.915550231934
250.9 5.5228385925293
251.1 238.34326171875
251.2 35.6409339904785
251.9 64.7265243530273
252.9 90.3266296386719
254.0 254.621154785156
255.1 1346.50671386719
255.2 251.220626831055
257.2 672381.75
258.1 125044.5390625
259.1 13017.7646484375
260.0 42.6547927856445
260.1 957.326538085938
261.0 98.2875213623047
261.9 84.6592407226563
262.8 64.5189514160156
263.9 13.8059005737305
264.8 36.206714630127
265.8 16.9256381988525
267.0 49.560546875
267.8 32.0650634765625
268.0 16.2765769958496
268.9 88.4855346679688
269.8 59.143913269043
269.9 6.56320190429688
270.9 43.0284423828125
272.0 123.104614257813
274.9 114.083251953125
275.8 61.5727806091309
276.9 226.07421875
278.0 450.231994628906
279.1 2640.39306640625
280.0 236.868225097656
280.1 348.684020996094
281.0 297.442047119141
281.9 7.58073425292969
282.9 183.072769165039
283.9 2.85432052612305
286.9 27.912841796875
288.0 10.5603218078613
291.9 109.375305175781
292.0 117.614303588867
293.0 61.3955078125
295.0 184.019287109375
296.0 78.3273468017578
297.9 148.124633789063
298.9 12.6122436523438
300.0 29.3778228759766
301.8 36.3993072509766
303.0 120.36483001709
305.0 41.4156112670898
307.0 343.153350830078
307.8 39.032543182373
308.1 103.022987365723
308.8 10.6388311386108
309.0 13.5573196411133
310.0 75.5146789550781
310.2 6.52397394180298
311.0 8.34799194335938
311.8 26.3153266906738
311.9 46.6431045532227
312.8 10.8681039810181
312.9 34.7625503540039
314.9 102.425811767578
315.9 63.2142333984375
316.0 7.1954174041748
316.7 16.3147125244141
316.9 3.18594360351563
317.1 14.9095554351807
326.9 58.6106452941895
328.9 68.4936218261719
329.0 21.9269981384277
330.1 41.5130653381348
331.0 79.8739166259766
333.0 90.7263565063477
335.0 47.079719543457
344.7 5.82027912139893
345.0 105.015548706055
346.2 4121.0908203125
347.0 168.149887084961
347.1 1289.22326660156
347.9 59.0652885437012
348.1 90.0942230224609
348.2 164.772216796875
348.9 54.8505859375
349.1 298.214172363281
349.9 38.6316528320313
350.1 102.88826751709
350.8 13.6753921508789
351.0 21.6532669067383
352.6 19.0440940856934
352.9 29.7782859802246
354.9 89.2289886474609
356.8 17.4934825897217
357.0 7.05615139007568
362.9 31.3485622406006
366.9 12.3850860595703
367.0 19.4240264892578
368.9 26.3745136260986
369.0 80.8418884277344
370.9 1.2113037109375
