#"+EI Scan (rt: 18.879-18.962 min, 14 scans) Iso1-7.D  Subtract "
#Point,X(Thompsons),Y(Counts)
40.0 701.082824707031
41.1 7149.92626953125
42.1 29503.1640625
43.1 4268.40576171875
44.0 11852.1181640625
45.0 297.790588378906
46.0 8.6575984954834
49.0 118.97785949707
50.0 734.08251953125
51.0 2956.087890625
52.0 1006.47271728516
53.0 1719.92883300781
54.0 2214.69946289063
55.1 6704.9248046875
56.0 4201.69580078125
57.0 2542.28686523438
58.1 545.529846191406
60.0 5.6158447265625
61.0 75.3717575073242
61.9 138.839599609375
62.0 165.201568603516
63.0 1051.33740234375
64.0 644.119567871094
65.0 5270.98193359375
65.9 10.2123908996582
66.0 1275.85961914063
67.0 9176.5927734375
68.1 5938.27783203125
69.0 6602.384765625
70.1 7896.17626953125
71.0 799.961608886719
71.9 41.3102340698242
72.0 35.7841567993164
74.0 301.875793457031
75.0 237.41162109375
76.1 1044.36694335938
77.0 20717.220703125
78.0 3815.6796875
79.0 11641.181640625
79.9 1.764892578125
80.0 2968.11865234375
81.0 1995.4072265625
82.0 6484.728515625
83.0 1426.40502929688
84.1 2299.48754882813
85.0 230.320556640625
85.8 27.5930137634277
86.0 82.0762481689453
86.1 11.1132764816284
86.9 54.2992706298828
87.0 38.4536361694336
87.8 23.3912124633789
87.9 58.6014366149902
88.0 50.8157348632813
88.1 36.0474128723145
89.0 1383.08801269531
90.0 1244.84558105469
91.0 15878.78125
92.0 2983.41235351563
93.0 3369.03247070313
94.1 3495.83227539063
95.0 341650.90625
96.0 61362.53125
97.0 6779.77587890625
98.1 4829.36181640625
99.0 315.41748046875
99.2 31.5163459777832
99.8 4.22718811035156
99.9 14.8816032409668
100.0 13.8939476013184
100.3 10.742714881897
100.9 208.400726318359
101.0 107.074005126953
102.0 1268.72546386719
103.0 11278.89453125
104.0 14792.345703125
105.0 52709.77734375
106.0 6652.904296875
107.0 1283.36303710938
108.0 505.820434570313
108.1 103.203910827637
109.0 273.318359375
110.0 336.530120849609
110.1 108.792236328125
111.0 138.529693603516
111.9 54.1635284423828
112.0 136.467849731445
113.0 155.887817382813
113.9 26.7418022155762
114.0 135.315002441406
114.1 68.7660980224609
115.0 3316.9248046875
116.0 1452.73120117188
117.0 5355.6220703125
118.0 6876.302734375
119.0 3683.96411132813
120.0 1910.91735839844
121.0 408.523010253906
121.9 157.080596923828
122.0 80.0879669189453
122.9 127.062255859375
124.0 812.309265136719
124.1 44.319938659668
124.9 120.399200439453
126.0 1082.06750488281
126.9 173.895233154297
127.1 358.839599609375
128.0 1230.90515136719
129.0 1868.20080566406
130.0 15179.671875
131.0 7720.29541015625
132.1 15321.669921875
133.0 2308.37939453125
134.1 2871.44506835938
135.0 555.8642578125
136.1 65.6264953613281
137.0 3383.9609375
138.0 2180.634765625
139.0 780.4306640625
140.0 375.353729248047
141.0 401.8212890625
142.0 1015.74383544922
143.0 1882.46130371094
144.0 3923.59301757813
145.0 2284.59448242188
146.1 7995.3095703125
147.0 291.909088134766
147.1 995.650207519531
148.1 2046.80249023438
149.0 352.040313720703
149.9 102.031883239746
150.1 107.175231933594
151.0 190.855056762695
152.0 322.716156005859
153.0 77.7983093261719
154.0 324.553009033203
154.1 197.759155273438
155.0 586.9228515625
156.0 1283.18090820313
157.0 1101.58129882813
158.1 82146.578125
159.0 11219.6484375
160.0 6710.89013671875
161.0 844.037841796875
162.0 401.426696777344
162.1 31.4417095184326
162.9 62.245849609375
163.9 126.808059692383
164.9 79.0243682861328
165.9 20.5099868774414
166.1 116.625343322754
167.0 313.8720703125
168.0 1078.01989746094
169.0 368.658996582031
169.0 780.834777832031
170.0 22796.857421875
171.0 5682.1630859375
172.1 2916.69458007813
173.0 1239.57861328125
174.0 50.0289115905762
174.1 230.141830444336
175.0 396.606201171875
176.0 209.215942382813
176.1 54.981143951416
176.9 8.40313720703125
178.0 499.556091308594
178.9 25.9600524902344
179.0 107.487594604492
180.0 346.961059570313
180.9 46.927978515625
182.0 1090.4375
182.1 93.9719848632813
183.0 642.472106933594
184.1 6877.5087890625
185.1 6419.5537109375
186.1 12990.2666015625
187.1 23763.66015625
188.1 10091.3154296875
189.1 4522.81982421875
190.1 578.224243164063
190.2 84.242919921875
192.0 58.766357421875
192.1 37.8008155822754
193.0 65.62939453125
194.0 317.293701171875
195.0 3.23095703125
196.0 335.429443359375
196.9 217.5791015625
197.8 52.2200317382813
198.0 446.436859130859
198.9 146.35986328125
200.0 387.004058837891
200.9 9.0673828125
201.9 48.7276992797852
202.9 14.478759765625
204.0 124.033134460449
204.9 35.3093338012695
206.0 139.493515014648
209.0 17.4412841796875
210.0 450.666381835938
210.1 281.930572509766
212.0 1541.02099609375
213.0 331.7978515625
214.0 164.259552001953
215.0 527.484375
216.0 158.8916015625
217.0 179.5693359375
218.0 42.492977142334
219.0 71.61328125
219.9 71.084228515625
221.9 210.821578979492
222.9 189.41796875
224.0 613.75048828125
225.0 262.180114746094
225.9 52.0686492919922
226.1 498.043518066406
227.0 182.026977539063
228.0 234.18489074707
229.0 242.9375
230.0 72.0939483642578
231.0 147.484069824219
234.0 55.3134765625
235.0 25.232421875
236.0 18.7216186523438
238.0 805.5517578125
239.1 1776.30773925781
240.1 357564.15625
241.1 63479.1484375
242.0 124.824394226074
242.1 6761.63720703125
243.0 1001.68786621094
243.8 13.016900062561
244.0 75.7961730957031
244.1 23.4670963287354
244.9 127.693222045898
245.8 26.708101272583
245.9 21.1621036529541
247.0 75.9966506958008
247.8 7.10703754425049
248.2 12.0145568847656
248.9 158.658294677734
249.9 122.507301330566
250.1 12.7488040924072
251.0 318.504028320313
251.1 35.7584609985352
251.9 104.125885009766
252.1 110.290504455566
252.9 20.9236755371094
253.0 157.976181030273
254.1 2185.97241210938
255.0 878.177734375
256.0 49.347770690918
256.1 43.5175819396973
256.9 177.228271484375
257.9 5.5334358215332
258.1 39.4828910827637
258.9 37.3117904663086
259.8 40.2411575317383
260.0 2.27426147460938
260.1 14.896369934082
260.8 220.956100463867
261.8 21.945104598999
261.9 62.0365562438965
263.0 36.7395629882813
263.8 6.88456964492798
263.9 10.8561553955078
264.9 34.6222457885742
265.1 70.2177734375
265.8 11.1322994232178
265.9 18.2546081542969
266.0 88.5898284912109
267.0 317.724731445313
267.8 5.2479305267334
267.9 84.3047866821289
268.1 26.1491088867188
269.0 59.697265625
270.0 123.849914550781
270.9 113.8408203125
272.0 54.5205192565918
272.9 112.349609375
273.8 55.1547927856445
273.9 14.6507873535156
274.9 147.21728515625
275.9 236.537536621094
276.9 207.645263671875
277.9 408.234771728516
279.1 4524.05517578125
280.0 19.1792297363281
280.1 1208.92749023438
281.0 415.776885986328
281.1 964.1123046875
283.1 593135.9375
284.1 116306.140625
285.1 15726.1396484375
286.1 1591.29724121094
287.0 466.507934570313
289.0 167.8466796875
290.0 64.782958984375
291.0 93.748291015625
291.9 75.3387603759766
293.0 487.796875
293.9 239.50537109375
295.0 283.044677734375
296.0 119.034103393555
296.9 128.285888671875
297.9 129.126434326172
298.9 44.4670104980469
299.8 37.9124221801758
300.9 98.8850708007813
301.0 36.9393997192383
302.0 6.02092456817627
303.0 70.3756866455078
303.9 9.82775783538818
304.8 24.7145195007324
304.9 47.6550827026367
307.0 156.567108154297
307.9 27.8808670043945
308.0 28.5481357574463
308.8 73.0066604614258
309.2 16.9228229522705
309.8 12.0195360183716
310.1 11.8056297302246
310.9 42.8209228515625
311.1 51.1910095214844
311.8 18.2948055267334
311.9 7.62532043457031
312.0 16.574462890625
312.7 13.9982404708862
312.9 94.4785308837891
313.1 0.512896537780762
314.9 86.63720703125
315.8 59.0867767333984
316.9 62.7970352172852
317.0 5.36775779724121
317.1 15.4457454681396
318.8 10.1242370605469
319.0 9.97599601745605
326.8 17.0744762420654
327.0 22.2761497497559
328.7 11.18274974823
328.9 24.1138172149658
330.8 55.9070129394531
331.0 49.5735321044922
332.9 39.8875541687012
333.0 47.4498176574707
334.9 61.2647094726563
336.9 13.5029544830322
343.0 9.86330032348633
344.9 15.2742309570313
345.0 68.8995666503906
346.9 20.720588684082
347.0 38.1089706420898
348.8 118.665542602539
349.9 38.266918182373
350.8 10.6375732421875
350.9 78.7930068969727
352.8 90.5708618164063
353.0 25.2830982208252
353.8 2.7540967464447
354.8 73.9648666381836
355.1 4.33500671386719
356.1 33.7453231811523
356.9 70.6730194091797
357.1 25.7740478515625
358.1 11.4107427597046
358.9 30.9628028869629
359.1 11.5954923629761
362.9 19.5544929504395
363.1 40.7823829650879
364.7 11.4489068984985
366.7 13.279260635376
367.0 102.002922058105
368.0 12.9456720352173
368.9 59.9346084594727
370.7 16.9283847808838
370.9 125.331504821777
372.1 3004.91650390625
373.1 1108.01257324219
373.9 12.6498432159424
374.1 201.274658203125
374.2 63.5635643005371
375.0 94.1833419799805
375.2 83.6684722900391
376.0 11.4758272171021
