#"+EI Scan (rt: 12.892-12.924 min, 6 scans) Iso2-1.D  Subtract "
#Point,X(Thompsons),Y(Counts)
40.1 2491.82739257813
41.1 67146.7265625
42.1 3271.7900390625
43.1 29312.513671875
44.0 15.2255859375
45.1 35.2343673706055
49.0 59.8451690673828
50.0 600.695434570313
51.0 2802.00170898438
52.0 1624.3173828125
53.0 10427.28125
54.0 90.1366195678711
54.1 1690.63342285156
55.1 24832.548828125
56.1 1693.89819335938
57.0 1255.83154296875
57.9 61.5273170471191
58.0 105.002319335938
59.9 161.782089233398
61.0 29.9915561676025
62.0 326.578521728516
63.0 1626.54187011719
63.9 97.4990615844727
64.0 883.112121582031
65.0 8317.3916015625
65.9 96.8913879394531
66.1 2230.7421875
67.0 14488.9306640625
68.0 165.193664550781
68.1 3582.7841796875
69.1 64597.45703125
70.1 3758.62915039063
71.1 1954.7919921875
71.9 71.3541030883789
72.1 251.569046020508
74.0 11.6648864746094
74.1 59.0129203796387
75.0 340.547912597656
76.1 1184.29333496094
77.0 16836.275390625
78.0 4394.29345703125
79.0 13561.73828125
80.0 2511.83325195313
81.0 5928.890625
82.0 2602.06665039063
83.0 2724.1181640625
83.9 30.1268367767334
84.0 268.152252197266
84.1 66.7656784057617
84.9 70.652229309082
85.1 163.071334838867
85.9 43.6591300964355
86.0 95.9546508789063
86.2 58.551700592041
87.0 1151.35949707031
87.8 25.4760360717773
87.9 343.739990234375
89.0 2624.4453125
90.1 1680.21130371094
91.0 32210.921875
92.0 4461.92236328125
93.0 7320.23388671875
94.0 2079.27807617188
95.0 4668.80517578125
96.0 474.569763183594
96.9 239.578399658203
97.1 218.589599609375
97.8 43.2172698974609
98.0 75.5205535888672
98.7 41.7272453308105
98.9 35.6443634033203
99.1 375.887786865234
99.9 188.706344604492
100.2 150.997970581055
100.3 41.0537261962891
101.0 1247.11462402344
102.0 3140.72094726563
103.0 11271.296875
104.0 3463.87231445313
105.0 14754.97265625
106.0 3817.13208007813
107.1 20038.537109375
108.0 3898.89306640625
109.0 3999.29638671875
110.1 679.320983886719
111.0 425.748840332031
111.8 43.8705596923828
112.0 50.7628631591797
112.2 35.376781463623
112.9 279.718505859375
113.1 42.248893737793
113.8 51.7729949951172
114.1 426.303192138672
115.1 29012.236328125
116.0 9374.7646484375
117.0 14052.2509765625
118.0 3360.77270507813
119.1 9333.123046875
120.0 2941.6123046875
121.1 9599.8779296875
122.0 101.453323364258
122.1 3649.8251953125
123.0 6163.05419921875
124.0 1393.92810058594
125.0 261.661712646484
125.9 45.0794525146484
126.1 726.316467285156
126.2 59.5636138916016
127.0 9322.341796875
128.0 17113.578125
129.0 12605.779296875
130.1 3140.11474609375
131.0 25203.83984375
132.0 6610.81298828125
133.1 10273.021484375
134.1 3427.72143554688
135.0 4614.1376953125
136.0 3847.2802734375
138.0 458.293701171875
139.0 1137.60986328125
139.9 158.37451171875
140.0 508.240142822266
141.0 8229.158203125
142.0 3014.31591796875
143.0 4205.61865234375
144.1 6984.07763671875
145.0 34082.76953125
146.1 8197.361328125
147.0 29032.421875
148.0 6394.65771484375
149.0 5162.62744140625
150.0 1718.87646484375
150.9 44.733757019043
151.0 1031.91577148438
152.1 3316.41796875
153.0 3441.23071289063
154.0 1540.9296875
155.0 2582.08422851563
156.0 1305.15991210938
157.1 12616.8076171875
158.1 6317.45556640625
159.0 14247.3671875
160.0 27870.9453125
161.0 25282.748046875
162.0 3869.09521484375
163.0 1466.2890625
164.0 611.416625976563
165.1 6780.18505859375
166.1 1666.78369140625
166.9 27.521240234375
167.1 1081.70227050781
168.0 1465.67590332031
169.0 2738.828125
170.0 1408.9873046875
170.2 344.894744873047
171.1 9128.7236328125
172.0 201.249145507813
172.1 4361.98046875
173.1 82704.2734375
174.1 557233.8125
175.1 98053.7890625
176.1 12337.421875
177.1 3327.19750976563
178.1 2884.6083984375
179.0 1513.87854003906
180.0 197.670593261719
180.1 469.606536865234
181.0 2950.8330078125
182.1 1916.48107910156
183.1 5792.33935546875
184.0 2022.04870605469
185.1 6782.13427734375
186.1 11248.6708984375
187.1 125001.734375
188.1 36333.65234375
189.1 12274.0712890625
190.1 2169.78491210938
190.2 126.493133544922
191.1 6452.97900390625
192.1 1458.08215332031
193.1 32867.34375
194.1 5025.515625
195.0 3149.09765625
196.0 1123.66882324219
197.1 3802.84594726563
198.1 2424.09375
199.1 9986.283203125
200.1 5515.83349609375
201.1 26755.080078125
202.1 7510.865234375
203.1 3587.63500976563
204.0 942.600036621094
205.1 1416.875
206.1 495.94482421875
207.0 1326.89965820313
208.0 439.401977539063
209.0 692.364074707031
210.1 1002.54162597656
211.0 848.7470703125
212.1 1351.13049316406
213.1 7294.50927734375
214.1 5394.38623046875
215.0 5920.345703125
216.1 5177.9462890625
217.1 30452.015625
218.1 5155.81689453125
219.0 1089.57373046875
220.0 932.659606933594
221.0 600.03662109375
222.1 354.666107177734
222.9 38.7769165039063
223.1 264.720977783203
224.0 173.185897827148
224.1 418.979034423828
225.1 1551.15905761719
226.1 655.606079101563
226.2 366.734100341797
227.1 2695.75805664063
228.1 266.272674560547
228.2 1616.91784667969
229.2 20880.205078125
231.2 4198248
232.1 849996.6875
233.1 100244.8984375
234.1 9828.2685546875
235.1 1361.85620117188
235.9 46.1671485900879
236.1 1.3592643737793
239.1 895.64306640625
240.0 367.009643554688
241.0 779.3291015625
242.1 3314.80786132813
243.1 13640.2265625
244.1 7000.080078125
245.2 21153.787109375
246.2 4882.49169921875
247.1 771.141052246094
248.1 119.650207519531
249.1 32.9315490722656
251.0 138.390808105469
252.1 32.7066917419434
252.3 36.790111541748
253.0 353.409210205078
253.2 241.774826049805
254.0 275.540100097656
254.1 96.2696304321289
255.1 2739.0439453125
256.1 2023.255859375
257.1 19253.669921875
258.2 11644.3486328125
259.1 4080.23828125
260.1 686.732360839844
260.2 68.5675735473633
261.1 113.554473876953
265.0 94.7032165527344
266.0 56.7072601318359
267.0 317.602355957031
267.9 41.430362701416
268.1 57.9274635314941
268.2 54.0037841796875
269.1 847.749694824219
269.2 1464.97644042969
270.2 2509.49291992188
271.2 39603.28515625
272.2 8440.486328125
273.1 1719.64501953125
274.0 107.329071044922
276.0 35.8329772949219
276.9 356.949554443359
277.8 7.93755912780762
278.0 60.364501953125
278.9 120.582000732422
280.3 34.8847618103027
281.0 268.471710205078
282.1 293.046722412109
283.1 492.80078125
283.2 721.164001464844
284.0 312.746368408203
284.2 113.978736877441
285.1 2570.50561523438
286.1 1106.67712402344
287.1 222.319519042969
287.3 35.9370918273926
290.0 132.22135925293
291.0 287.509002685547
291.9 69.031982421875
295.1 1389.87646484375
296.2 439.8193359375
297.1 4349.52734375
299.2 170036.5
300.2 37569.4296875
301.2 4791.52294921875
302.1 307.637664794922
302.2 163.084381103516
303.0 27.7429218292236
303.1 59.2585182189941
305.0 26.2879486083984
305.1 953.850769042969
306.0 182.903854370117
306.1 72.7518539428711
307.0 139.488815307617
307.1 153.506973266602
308.0 88.2034683227539
308.9 32.9709358215332
310.0 29.1639041900635
310.2 103.010383605957
310.3 56.2761535644531
311.0 148.760681152344
312.2 1162.04663085938
313.3 2451.5400390625
314.2 137659.09375
315.2 32634.912109375
316.2 4460.04736328125
317.1 124.935333251953
317.2 334.452911376953
332.0 26.7076263427734
354.9 123.974304199219
373.0 30.0591430664063
388.1 30.6541843414307
389.1 1186.80480957031
390.1 211.085006713867
390.2 104.37833404541
391.2 30.2641582489014
