#"+EI Scan (rt: 19.102-19.185 min, 14 scans) Iso2-9.D  Subtract "
#Point,X(Thompsons),Y(Counts)
40.0 287.070678710938
41.1 5229.68505859375
42.1 22140.494140625
43.1 2965.21142578125
44.0 9916.7353515625
45.0 279.534973144531
46.0 1.80869102478027
49.0 58.9435424804688
49.2 13.2766799926758
50.0 658.249633789063
51.0 2633.03173828125
52.0 830.402954101563
53.0 1398.73254394531
54.0 1625.32287597656
55.1 5235.353515625
56.0 2956.1708984375
57.0 1622.92492675781
58.1 565.383911132813
60.8 21.1997623443604
60.9 69.2638549804688
61.0 22.751091003418
61.9 24.6956405639648
62.0 278.516479492188
63.0 836.695495605469
64.0 647.642333984375
65.0 4053.4453125
66.0 724.423889160156
66.1 172.21142578125
67.0 5810.4599609375
68.0 4417.3955078125
69.1 5058.16259765625
70.1 5106.87109375
71.0 174.764877319336
71.1 298.41845703125
71.9 111.007110595703
72.0 21.0795879364014
73.0 1.2744140625
74.0 181.517578125
75.0 231.17236328125
76.1 716.102294921875
76.2 51.073616027832
77.0 16093.412109375
78.0 3032.630859375
79.0 8560.3828125
80.0 2172.490234375
81.0 3499.0732421875
82.0 4664.3427734375
83.0 1344.74572753906
84.0 296.476776123047
84.1 1342.02160644531
85.0 57.9002685546875
85.1 117.087760925293
85.8 12.0969800949097
85.9 56.3935623168945
86.1 26.9131526947021
86.8 17.0388488769531
87.0 60.1616363525391
87.9 65.2991027832031
88.1 8.06561756134033
88.2 11.1112813949585
89.0 1035.92468261719
90.0 972.580871582031
91.0 12245.5009765625
92.0 2333.5771484375
93.0 2615.01489257813
94.1 5513.00390625
95.0 157402.265625
96.1 45573.58203125
97.0 5072.88427734375
98.1 4160.69677734375
99.0 333.120178222656
99.9 48.7009658813477
100.1 20.7492523193359
100.8 39.2184371948242
101.0 185.093017578125
101.1 32.7181777954102
102.0 756.186584472656
102.1 247.467636108398
103.0 8685.1240234375
104.0 11563.033203125
105.0 39272.98828125
106.0 4892.58056640625
107.0 1024.43603515625
108.0 418.089782714844
108.2 70.4210815429688
109.0 1474.416015625
110.0 516.261840820313
111.0 89.5371170043945
111.7 11.5514478683472
112.0 165.277145385742
113.0 165.225128173828
113.8 64.0974273681641
113.9 33.6217842102051
114.0 128.676147460938
115.0 2655.22412109375
116.0 1140.37622070313
117.0 4288.42578125
118.0 6592.66796875
119.0 2705.77172851563
120.1 1670.01513671875
121.0 1771.44750976563
122.0 352.540344238281
122.9 121.347030639648
124.0 675.189270019531
124.9 17.2886199951172
125.0 78.7088470458984
126.0 1982.59680175781
127.0 64.48095703125
127.1 566.665893554688
127.9 752.448974609375
128.0 380.188171386719
129.0 1362.66857910156
130.0 14090.42578125
131.0 6689.3408203125
132.1 12598.6767578125
133.0 2069.26635742188
134.0 1929.36596679688
135.0 474.15966796875
136.1 134.788940429688
137.0 11495.6015625
138.0 4267.76123046875
139.0 1576.91162109375
140.0 296.415191650391
141.2 1072.95922851563
141.3 307.459259033203
141.7 1035.18347167969
143.0 1696.09826660156
144.0 5075.7041015625
145.0 1686.21826171875
146.1 4853.0224609375
147.0 1159.7578125
148.1 2179.00610351563
148.9 67.193489074707
149.0 183.279083251953
149.8 16.2807121276855
149.9 144.102233886719
150.1 133.574829101563
151.0 172.994140625
152.0 163.771743774414
153.0 170.394866943359
154.0 197.732360839844
154.1 329.688995361328
155.0 422.2314453125
156.0 1086.24682617188
157.0 302.597900390625
157.1 1006.21124267578
158.1 90096.375
159.0 11926.3671875
160.0 7055.92724609375
161.0 860.633544921875
161.9 22.6238098144531
162.0 274.865112304688
162.9 373.374267578125
164.0 784.616943359375
164.9 110.241180419922
165.0 25.4772071838379
165.9 153.802642822266
166.9 362.79150390625
168.0 835.8583984375
168.9 214.582763671875
169.1 523.186767578125
170.0 22025.212890625
171.0 5352.46337890625
172.0 2391.66064453125
173.0 1086.60327148438
173.9 37.6437911987305
174.0 229.111709594727
174.1 73.0114593505859
174.3 16.7189846038818
175.1 409.389465332031
175.9 222.132720947266
176.1 92.7710113525391
176.9 32.2807006835938
177.9 26.0622024536133
178.0 123.052284240723
178.1 37.3884086608887
179.0 91.251594543457
179.8 9.90450572967529
179.9 33.0944671630859
180.0 166.677200317383
180.9 102.123168945313
182.0 943.487060546875
183.0 904.307250976563
184.1 5755.78564453125
185.1 5065.4384765625
186.1 11509.6689453125
187.1 18966.0625
188.1 7895.98974609375
189.1 2925.71362304688
190.0 265.713104248047
190.1 125.95711517334
191.9 55.328857421875
193.0 95.8203125
193.9 13.4765167236328
194.0 221.791122436523
195.0 17.081298828125
196.0 278.446228027344
196.1 88.989860534668
197.0 304.2587890625
198.0 1130.63403320313
198.9 226.6787109375
199.9 137.29736328125
200.0 400.907257080078
200.9 34.87353515625
201.8 57.405517578125
202.9 6.52136135101318
203.8 7.27698135375977
204.0 29.523645401001
204.8 50.9861488342285
206.0 143.188171386719
207.0 98.86962890625
208.0 87.9677734375
209.0 150.520263671875
210.1 5667.42919921875
211.0 930.87890625
212.1 21766.814453125
213.0 3528.63525390625
214.1 386.505096435547
215.0 301.08984375
216.0 148.421875
217.0 271.6259765625
218.0 132.732040405273
219.0 103.1064453125
219.9 62.161376953125
221.0 222.5400390625
221.9 127.223373413086
222.1 163.683883666992
222.9 210.14013671875
223.9 184.891876220703
224.0 197.577850341797
225.0 281.339538574219
226.0 413.618469238281
226.1 7.44900894165039
227.0 135.193359375
228.0 486.366638183594
229.0 267.03759765625
230.0 127.22631072998
230.9 333.334930419922
234.0 51.94873046875
235.0 108.02294921875
237.0 746.69921875
238.0 634.69287109375
239.1 1478.322265625
240.1 245774.546875
241.1 44120.12890625
242.1 4771.8505859375
243.0 742.5712890625
243.9 55.6655387878418
244.0 14.8497533798218
244.1 11.3933439254761
244.8 18.4712257385254
244.9 12.2076034545898
245.8 5.71424674987793
245.9 25.9467163085938
246.0 17.095853805542
246.9 55.9522476196289
248.9 131.823623657227
249.9 53.881965637207
250.1 21.9970760345459
251.0 314.152618408203
251.7 12.4585332870483
251.9 37.4187812805176
252.0 48.5270919799805
252.2 13.7999095916748
252.9 133.449264526367
254.0 341.850646972656
254.1 371.750579833984
255.0 511.704498291016
255.9 93.2269287109375
256.1 16.7658233642578
257.0 286.945648193359
257.9 59.0464782714844
258.0 16.8277606964111
258.2 14.8641567230225
258.9 14.4182987213135
259.9 29.4267768859863
260.1 13.7422389984131
260.7 19.4502735137939
261.0 80.0661010742188
261.7 11.950174331665
262.0 21.2084732055664
262.4 12.80690574646
262.9 75.2786178588867
264.9 15.3724975585938
265.0 38.4713821411133
265.1 81.0147018432617
265.9 29.9456043243408
266.0 92.4373550415039
266.1 30.3546504974365
266.9 258.328186035156
267.9 18.1801147460938
268.0 80.0440673828125
268.9 119.121551513672
269.9 105.81689453125
270.9 91.9680786132813
271.9 35.5753593444824
272.9 56.6298828125
274.0 328.390594482422
274.9 169.090087890625
275.9 101.670059204102
276.9 310.359252929688
278.0 274.131958007813
278.1 158.992767333984
279.0 116.994338989258
279.1 5910.9453125
280.0 99.9814529418945
280.1 1280.17541503906
281.0 957.252319335938
283.1 443234.25
284.1 86806.65625
285.1 12194.3662109375
286.1 1030.580078125
287.0 113.97102355957
288.0 16.8237285614014
289.0 56.75634765625
291.0 124.700317382813
292.1 26.4543762207031
293.0 291.8896484375
293.9 94.83056640625
294.9 72.6083984375
295.9 8.32508850097656
295.9 4.08798217773438
296.1 26.8188858032227
296.9 106.576904296875
297.9 30.3288230895996
298.9 103.536399841309
299.8 8.73410797119141
299.9 95.3125762939453
300.2 11.7912473678589
300.9 15.3970794677734
300.9 5.302490234375
301.8 6.13816976547241
301.9 45.3587646484375
302.9 149.054290771484
303.9 11.4405183792114
304.9 24.9544467926025
305.0 34.3873405456543
305.1 11.19114112854
307.0 80.0301513671875
307.1 43.4205017089844
308.0 35.5917091369629
308.1 11.4271726608276
309.0 20.8426170349121
311.0 147.292755126953
311.9 36.7199172973633
312.0 62.105583190918
312.9 29.1590385437012
313.0 41.7321243286133
314.8 38.1217842102051
314.9 25.3199157714844
315.9 9.90672302246094
316.1 27.9600124359131
316.9 34.5928573608398
318.9 13.1670026779175
326.9 93.1397018432617
328.8 33.9013862609863
329.9 10.8279933929443
330.1 12.1745901107788
330.8 4.82299041748047
330.9 40.283332824707
331.0 17.9448204040527
332.7 8.05632400512695
332.9 3.02616882324219
333.0 10.5136184692383
334.8 10.9612588882446
336.9 10.9891405105591
340.8 2.62015962600708
341.0 134.172943115234
342.9 22.0131359100342
343.0 20.6489295959473
344.9 62.6099853515625
345.0 12.6266269683838
346.0 13.2126617431641
346.8 8.122802734375
347.0 23.6302032470703
348.8 71.0880737304688
349.9 10.6120519638062
351.0 61.1797294616699
352.9 129.857650756836
353.9 10.8406782150269
354.9 84.2197036743164
355.0 115.061080932617
355.8 25.6516208648682
355.9 43.6600685119629
356.1 126.102561950684
356.9 123.257995605469
357.1 45.8767433166504
357.9 9.81095123291016
359.0 22.7909088134766
362.9 64.4966049194336
363.0 19.3941249847412
366.9 21.1696319580078
367.0 20.093391418457
368.9 75.8981475830078
371.0 108.041625976563
372.1 2100.70532226563
373.1 790.035278320313
374.0 40.2743721008301
374.1 92.9158325195313
374.2 14.5326681137085
375.0 65.1934585571289
375.2 41.0126266479492
400.9 0.837444543838501
414.9 10.9746103286743
428.9 20.7027587890625
429.0 66.9158554077148
