#"+EI Scan (rt: 5.430-5.646 min, 35 scans) Iso3-5.D  Subtract "
#Point,X(Thompsons),Y(Counts)
40.1 463.548217773438
41.1 12303.4189453125
42.1 12574.1865234375
43.1 2708.31494140625
44.0 175.813659667969
44.9 5.54575777053833
45.1 6.21905040740967
45.2 4.549485206604
50.0 1138.33056640625
51.0 3327.10229492188
52.0 1114.43774414063
53.0 818.227233886719
54.0 395.828277587891
54.0 193.290603637695
54.9 31.7818431854248
55.0 582.530517578125
56.1 2711.50854492188
57.2 4121.03125
58.1 266020.875
59.1 10298.734375
59.9 87.9793395996094
60.0 176.067733764648
60.9 68.189338684082
61.1 29.6723117828369
62.0 430.367858886719
62.0 406.157348632813
63.0 3311.21508789063
64.0 360.636016845703
64.1 509.05078125
64.2 365.397491455078
65.0 13902.4140625
65.9 610.513977050781
66.0 282.397430419922
66.2 527.126525878906
66.2 592.676086425781
66.4 20.6328926086426
66.5 27.1839027404785
66.9 1300.65246582031
67.0 663.857238769531
67.8 21.5187587738037
67.9 15.1352624893188
68.8 10.6509323120117
69.0 54.2854042053223
70.0 123.965599060059
70.0 218.551361083984
71.0 35.0184516906738
71.2 16.6742820739746
71.3 6.81823301315308
73.0 30.7868194580078
73.9 32.3996124267578
74.0 282.334747314453
74.0 126.123825073242
75.0 562.415588378906
76.0 301.012969970703
76.0 225.098724365234
77.0 3418.08520507813
78.0 1525.90612792969
79.0 526.783874511719
79.1 363.614471435547
79.9 50.0835151672363
80.0 127.616920471191
80.1 55.0186157226563
80.9 96.1689834594727
81.9 5.57150888442993
82.0 9.30611133575439
83.0 14.7263059616089
84.8 33.3963623046875
84.9 66.3990859985352
85.9 154.168045043945
86.0 32.3687934875488
86.9 45.7542304992676
87.0 219.302719116211
87.1 10.9633455276489
88.0 56.3533325195313
88.1 47.4237899780273
89.0 4121.47998046875
90.1 1917.79553222656
91.0 37220.2109375
92.0 4929.62548828125
93.0 851.130004882813
93.9 84.2983016967773
94.0 92.8020629882813
94.1 6.04931879043579
95.0 24.5177536010742
96.0 10.3232669830322
97.1 5.01528644561768
97.9 4.39502716064453
98.0 16.2487964630127
100.9 27.6763343811035
101.0 48.0584754943848
102.0 433.986389160156
102.0 147.310470581055
103.0 1074.98498535156
104.0 845.871459960938
104.1 238.360763549805
105.0 901.486328125
106.0 180.521438598633
106.0 474.721435546875
106.9 17.3759727478027
107.0 79.8138656616211
107.1 21.8881301879883
107.9 29.8217105865479
108.0 16.5597438812256
109.0 173.317260742188
112.9 24.2396469116211
113.0 36.9948272705078
113.1 7.15495824813843
113.9 16.9130535125732
114.0 22.3179721832275
114.2 16.8103656768799
115.0 10052.90625
116.0 2808.38403320313
117.0 14084.146484375
118.1 3304.974609375
119.0 1564.6474609375
119.9 56.3204078674316
120.0 136.184860229492
126.0 7.47676038742065
126.9 43.123348236084
127.0 240.551895141602
127.1 138.104187011719
127.9 29.9584331512451
128.0 862.508178710938
128.9 125.485473632813
129.0 661.949951171875
130.0 1099.60437011719
131.0 1321.41125488281
132.1 3986.12548828125
133.0 927.434387207031
133.1 611.332641601563
134.1 23631.541015625
135.1 2762.197265625
136.0 48.5835838317871
136.1 48.1985054016113
137.0 13.765625
137.9 35.5093536376953
141.0 47.1430053710938
143.9 16.3957500457764
144.1 4.39867782592773
145.0 31.5112476348877
145.2 4.40630292892456
145.8 4.9590859413147
145.9 43.5857696533203
146.0 117.718482971191
146.2 31.0121517181396
147.0 65.9780578613281
147.1 20.0184478759766
148.0 31.9976291656494
154.9 39.302978515625
156.8 4.82688903808594
157.0 4.45183753967285
158.8 23.2077445983887
158.9 193.042602539063
159.8 24.9339714050293
159.9 7.22055816650391
160.0 21.385721206665
160.1 33.5547294616699
160.8 8.78399085998535
161.0 15.6773195266724
162.7 9.54246520996094
163.1 4.72015523910522
190.9 10.7731342315674
192.9 27.4624042510986
197.0 4.38901996612549
200.7 4.60580253601074
207.1 73.0995178222656
208.0 4.44390392303467
210.8 17.6945762634277
211.0 73.1469879150391
215.0 45.917724609375
216.0 199.534973144531
216.8 60.0927467346191
216.9 60.4356536865234
218.7 12.8067855834961
219.9 11.6662998199463
220.0 5.27860546112061
233.8 11.9475374221802
233.9 123.687805175781
235.1 4.48278474807739
236.9 97.63427734375
237.8 5.48832988739014
237.9 32.0897979736328
238.0 0.981117248535156
238.1 14.8217344284058
238.8 9.54846477508545
238.9 38.7496871948242
241.0 21.269401550293
272.9 36.0272827148438
273.0 10.5815286636353
274.8 10.319993019104
276.8 4.90149974822998
277.0 8.89095783233643
288.8 22.077543258667
289.9 29.0941963195801
290.8 4.77481698989868
292.7 11.8121824264526
293.0 135.421600341797
293.8 9.78332996368408
294.0 14.6857786178589
294.7 19.1747570037842
295.0 4.44700050354004
296.8 10.5560426712036
