#"+EI Scan (rt: 13.122-13.160 min, 7 scans) Iso3-6.D  Subtract "
#Point,X(Thompsons),Y(Counts)
40.1 1819.64929199219
41.1 30708.15234375
42.1 2500.52685546875
43.1 55371.0078125
44.0 1013.69018554688
45.0 145.373184204102
47.1 25.07666015625
49.1 24.8229961395264
49.9 61.7839164733887
50.1 422.041046142578
51.0 2424.6650390625
51.9 36.9162330627441
52.1 1450.2958984375
53.0 10206.962890625
54.0 136.043991088867
54.1 1241.45544433594
55.1 23410.39453125
56.1 2513.83056640625
57.1 4035.0830078125
58.0 192.896636962891
58.1 180.334854125977
59.0 39.248046875
60.1 58.646110534668
60.9 27.2680511474609
62.0 211.948013305664
62.1 44.7556228637695
63.0 1608.68298339844
64.0 947.501159667969
64.2 76.4222869873047
65.0 9946.4599609375
66.1 3123.6328125
67.1 20399.92578125
68.1 4064.52026367188
69.1 15231.634765625
70.0 172.963623046875
70.1 884.18505859375
70.3 82.7494659423828
71.1 10690.171875
72.1 930.708374023438
74.0 233.285522460938
75.0 575.718444824219
76.0 457.203308105469
76.1 1155.7607421875
77.0 27826.6953125
78.0 6464.560546875
79.0 27863.27734375
80.1 6443.70458984375
81.1 16172.673828125
82.1 2950.30688476563
83.0 3992.03564453125
84.0 722.531616210938
84.2 21.8614234924316
85.0 623.887451171875
85.2 185.374176025391
86.2 757.136352539063
87.0 1832.4453125
87.7 108.314811706543
87.9 609.052429199219
89.0 3444.19921875
90.1 2240.822265625
91.0 55142.76953125
92.1 10594.5859375
93.1 31222.830078125
94.1 7509.89208984375
95.1 13697.3818359375
96.0 1905.55798339844
97.0 82.6321105957031
97.1 1702.78601074219
97.8 30.7767276763916
97.9 316.739929199219
98.1 696.161376953125
98.3 38.3376655578613
98.9 29.4374103546143
99.0 1191.75646972656
99.2 296.192047119141
99.9 56.869026184082
100.4 3187.21142578125
100.5 1194.55822753906
100.7 1053.36010742188
102.0 2979.52368164063
103.1 10637.962890625
104.1 4586.35205078125
105.1 40260.8125
106.1 10963.3984375
107.1 66107.4921875
108.1 17738.7265625
109.1 19870.21484375
110.0 2576.89624023438
111.0 2319.65087890625
112.0 104.111152648926
112.1 330.521057128906
112.3 202.679153442383
113.0 1027.70202636719
113.2 489.981475830078
113.3 309.15283203125
115.0 29388.751953125
116.0 8610.85546875
117.0 14648.078125
118.1 4321.623046875
119.1 82603.515625
120.1 16500.001953125
121.1 55907.14453125
122.1 36891.296875
123.0 38109.6875
124.0 19329.349609375
125.0 206.662506103516
125.0 2542.31567382813
126.0 1270.35559082031
127.0 10914.5556640625
128.1 26264.529296875
129.0 22747.923828125
130.0 5243.49609375
131.0 19342.65625
132.1 6329.22607421875
133.1 21502.18359375
134.1 56445.50390625
135.1 24773.97265625
136.0 20999.3515625
137.0 15472.578125
138.0 8275.236328125
139.0 3586.279296875
140.0 812.929565429688
140.1 673.747009277344
141.1 17465.810546875
142.1 8910.0625
143.0 198.037124633789
143.1 9672.234375
144.1 8749.259765625
145.1 21004.548828125
146.1 6276.6962890625
147.0 32851.29296875
148.1 11065.3994140625
149.0 21240.044921875
150.1 16683.919921875
151.1 6712.7548828125
152.1 15568.958984375
153.1 14797.1220703125
154.1 7673.8359375
155.0 12285.025390625
156.1 4111.56689453125
157.1 15023.2880859375
158.1 8734.8857421875
159.0 18067.59375
160.0 19765.544921875
161.1 33429.4765625
162.0 9810.021484375
163.1 14309.322265625
164.1 7279.98681640625
165.1 37816.265625
166.1 10186.7451171875
167.1 8214.1279296875
168.1 8371.2734375
169.1 11569.8056640625
170.1 4980.25830078125
171.1 12652.517578125
172.1 7955.9697265625
173.1 38078.5546875
174.1 139889.203125
175.1 62710.01953125
176.1 17428.384765625
177.1 10751.0966796875
178.1 19465.533203125
179.1 10815.4248046875
180.1 5442.56640625
181.1 24469.986328125
182.1 12339.0634765625
183.1 41178.93359375
184.1 10649.349609375
185.1 14709.9736328125
186.1 12282.26953125
187.1 53918.9921875
188.1 33565.0859375
189.1 68752.8203125
190.1 46185.7421875
191.1 21078.75390625
192.2 5489.81396484375
193.1 313401.96875
194.1 44933.25
195.1 17650.759765625
196.1 7167.34228515625
197.1 21220.091796875
198.1 8664.013671875
199.1 20961.244140625
200.1 14671.5869140625
201.1 180025.421875
202.1 52708.06640625
203.1 25022.37890625
204.1 6344.76611328125
205.1 5501.30615234375
206.0 203.291885375977
206.1 7928.57958984375
207.1 19689.80859375
208.1 4891.65966796875
209.1 5613.7470703125
210.1 4398.53662109375
211.0 8697.810546875
212.1 5464.927734375
213.1 19349.501953125
214.1 30353.271484375
215.1 53991.77734375
216.1 16478.158203125
217.1 27399.859375
218.1 9724.1572265625
219.1 10029.0126953125
220.1 2121.60815429688
221.1 5648.40966796875
221.9 29.2051849365234
222.1 1426.90600585938
223.1 3241.36865234375
224.0 231.822906494141
224.1 2493.755859375
225.1 6870.9150390625
226.1 3383.62768554688
227.1 10604.333984375
228.1 8512.056640625
229.1 35934.18359375
231.1 1451884.625
232.1 253584.203125
233.1 86592.609375
234.1 13704.0537109375
235.1 3104.69995117188
236.0 70.221565246582
237.0 152.5185546875
238.0 1154.01245117188
239.1 3612.81127929688
240.1 3649.41455078125
241.1 7256.80078125
242.1 6463.71923828125
243.1 76545.1171875
244.2 19988.236328125
245.2 94560.0078125
246.2 222790.53125
247.2 40175.96875
248.2 4447.20458984375
248.9 57.674919128418
249.1 515.070068359375
249.9 24.3020820617676
250.0 103.166954040527
250.2 26.1387577056885
250.9 69.7748413085938
251.1 626.029296875
251.9 47.5689964294434
252.1 157.51139831543
252.2 182.522125244141
253.2 9365.130859375
254.0 90.8200836181641
254.2 2383.60400390625
255.1 6943.60693359375
256.2 5395.87109375
257.2 71506.703125
258.2 538017.0625
259.2 212038.390625
260.2 31703.455078125
261.1 3354.7822265625
262.1 216.115966796875
262.2 64.907341003418
262.9 23.0109577178955
263.0 99.176887512207
263.2 55.2306480407715
264.0 22.3561916351318
264.1 23.9024677276611
265.0 107.907386779785
265.1 268.246032714844
266.0 85.5844497680664
266.1 224.156127929688
267.1 957.640380859375
267.2 546.163024902344
268.1 388.810119628906
268.3 170.992477416992
269.1 6210.2080078125
271.2 499735.25
272.2 190728.203125
273.2 32097.826171875
274.1 103.081748962402
274.2 3409.54174804688
275.0 374.847106933594
275.1 355.656951904297
275.9 12.6759986877441
276.1 71.9046859741211
276.9 97.204948425293
277.8 2.4766674041748
278.0 100.97435760498
278.1 32.7920036315918
279.1 628.508911132813
280.0 120.024253845215
280.1 161.973236083984
280.3 84.505126953125
281.0 128.061340332031
281.1 2668.20385742188
281.9 12.1024322509766
282.0 126.77872467041
282.2 803.037536621094
283.2 4649.525390625
284.2 1545.71545410156
285.2 15205.5927734375
286.2 9799.5283203125
287.2 2000.07775878906
288.1 182.037094116211
289.9 43.2558898925781
291.0 189.77311706543
292.0 52.7805366516113
293.0 195.202392578125
293.9 47.6066741943359
294.0 108.472198486328
295.0 514.654357910156
295.1 2208.43579101563
296.1 501.867523193359
296.2 195.866912841797
297.2 14816.90625
298.2 1923.44909667969
299.2 119935.984375
300.2 26814.884765625
301.2 3547.08422851563
301.9 26.4843082427979
302.0 67.7421112060547
302.2 224.589569091797
303.1 25.5066051483154
305.0 36.4893608093262
307.0 109.839874267578
308.1 23.9433441162109
308.9 57.728630065918
309.1 36.1336326599121
309.3 29.2044315338135
309.4 32.003719329834
309.9 24.7090454101563
310.1 263.589294433594
310.7 62.8004455566406
311.1 408.220184326172
311.2 286.675964355469
312.2 1560.78259277344
312.3 2065.3349609375
314.2 843492
315.2 199765.734375
316.2 25610.638671875
317.2 2502.91162109375
318.1 107.116157531738
318.2 71.6253662109375
326.9 21.995210647583
331.9 22.2281436920166
348.9 79.4382476806641
350.8 22.8269824981689
351.1 37.9012870788574
354.9 52.2118911743164
355.1 27.8489589691162
389.1 209.770614624023
472.1 23.2570476531982
472.2 50.0645980834961
