#"+EI Scan (rt: 15.768-15.806 min, 7 scans) Iso3-3.D  Subtract "
#Point,X(Thompsons),Y(Counts)
40.1 493.766052246094
41.1 16273.73046875
42.1 39713.59765625
43.1 91751.3984375
44.1 41185.5390625
45.0 1113.45715332031
47.0 32.7149047851563
48.9 92.7169189453125
50.0 736.633117675781
51.0 1748.12341308594
52.0 834.366027832031
53.0 1944.24328613281
54.0 3003.7666015625
55.1 10321.1953125
56.0 7392.203125
57.0 5689.962890625
58.1 943.794677734375
60.0 53.026611328125
60.9 78.4555435180664
61.1 21.2637176513672
62.0 238.526748657227
62.0 201.341506958008
63.0 998.968017578125
64.0 314.296630859375
65.0 4440.3369140625
66.0 797.689575195313
67.1 6703.20654296875
68.1 9033.529296875
69.1 11755.982421875
70.1 20404.41796875
71.0 51692.40234375
72.1 3577.51318359375
74.0 239.646728515625
75.0 2548.99291992188
76.0 619.08447265625
77.0 8433.6484375
78.0 1882.69921875
79.0 16274.517578125
80.0 3710.97509765625
81.0 1376.7158203125
82.1 10210.388671875
83.0 4138.0615234375
84.1 5686.12841796875
85.0 624.2021484375
85.9 51.8152275085449
86.0 255.994125366211
86.1 33.1195602416992
86.9 104.788940429688
87.9 83.8461532592773
88.0 54.712760925293
89.0 1388.02783203125
90.0 918.461547851563
91.0 17407.486328125
92.0 2635.10473632813
93.0 859.750061035156
94.0 6002.21337890625
95.0 22506.388671875
96.1 50853.13671875
97.1 8657.732421875
98.1 4015.02734375
99.0 412.711395263672
100.0 715.526428222656
101.0 776.27392578125
102.0 1841.25708007813
103.0 15766.451171875
104.1 11325.8564453125
105.1 89992.09375
106.1 8323.5419921875
107.0 1179.7314453125
108.0 1329.25244140625
109.0 7305.626953125
110.0 4586.1201171875
111.0 13930.37890625
112.0 3625.53393554688
113.0 418.343627929688
114.0 533.67529296875
115.0 2513.76489257813
116.0 1147.79711914063
117.0 3631.0546875
118.0 957.999145507813
119.0 568.73974609375
119.9 88.4344940185547
120.0 503.224731445313
121.0 2174.10180664063
122.0 21379.015625
123.0 6795.6630859375
124.0 5752.9765625
124.9 499.786743164063
126.0 503.201385498047
126.9 295.928741455078
128.0 1090.97888183594
129.0 1170.10864257813
130.1 6740.44140625
131.0 3177.18872070313
132.0 4922.83935546875
133.0 1455.92358398438
134.1 5961.64990234375
135.0 6809.35400390625
136.0 20591.71484375
137.0 4364.578125
138.0 2191.017578125
139.0 6473.07177734375
140.1 1201.98010253906
141.0 69.849609375
142.0 400.023010253906
143.0 893.042846679688
143.1 153.929046630859
144.0 2615.35473632813
145.0 756.225341796875
146.0 2996.033203125
147.1 1343.48364257813
148.0 20626.693359375
149.1 18074.994140625
150.0 29242.408203125
151.0 4741.001953125
152.0 2013.416015625
153.0 310.514282226563
154.1 825.416625976563
155.0 161.74951171875
156.0 732.482055664063
157.0 257.031005859375
158.1 2306.49951171875
160.0 8703.017578125
161.0 1709.91015625
162.1 5472.556640625
163.1 10154.990234375
164.1 382774.1875
165.1 45391.27734375
166.1 5154.689453125
167.0 626.86376953125
167.9 149.949645996094
168.1 84.3520584106445
168.9 134.149719238281
170.1 541.285217285156
170.9 16.0870361328125
172.0 602.174926757813
172.9 186.892028808594
173.1 79.9507064819336
173.9 46.6400718688965
174.1 692.595153808594
175.1 987.200012207031
176.1 14424.041015625
177.0 4385.1953125
178.1 3464.49658203125
179.0 1423.23486328125
180.0 736.573852539063
181.0 2450.34814453125
182.0 3198.10571289063
183.0 479.833618164063
184.1 6804.46240234375
185.0 4944.62646484375
186.1 19765.02734375
187.1 6459.23583984375
188.1 15923.162109375
189.1 3089.20532226563
190.1 1992.47875976563
191.0 769.236328125
192.0 1574.42102050781
194.0 142.842834472656
195.9 2.24609375
197.9 73.7574768066406
199.9 1.4737548828125
201.9 280.527984619141
202.9 180.057861328125
204.0 451.098785400391
204.1 17.8929061889648
205.1 10487.904296875
206.2 1822.31921386719
207.1 507942.03125
208.1 71571.1875
209.1 4563.99951171875
210.1 242.925704956055
214.1 418.997772216797
216.0 18.4072265625
218.0 930.504028320313
221.0 43.4423828125
222.0 210.731384277344
223.8 130.596450805664
226.0 62.5665893554688
228.0 23.9117736816406
228.1 42.8475570678711
229.0 212.176513671875
230.0 153.569458007813
230.2 122.210250854492
231.1 1029.75048828125
234.1 37620.7734375
235.0 5314.24609375
236.1 278.825134277344
240.0 77.6281127929688
241.9 272.268218994141
242.9 10.7291259765625
244.0 72.1847152709961
245.0 181.923889160156
246.1 74.7734527587891
246.8 103.10245513916
248.1 4088.375
249.0 694.376098632813
249.9 40.0622863769531
250.0 151.316986083984
250.6 33.9153022766113
251.0 296.800994873047
252.2 84.8579177856445
252.8 125.618293762207
254.0 181.257141113281
254.9 67.90966796875
255.0 3.39691162109375
256.1 91.6455307006836
256.9 92.052490234375
258.0 407.161010742188
258.9 331.673217773438
260.0 189.257339477539
260.2 67.7979278564453
261.0 1256.71801757813
262.0 164.842636108398
262.1 151.594848632813
262.7 46.3070602416992
264.1 25.3584041595459
264.9 89.7222137451172
265.9 24.0290985107422
266.0 51.4832191467285
266.9 50.6650390625
268.1 75.2895965576172
268.2 86.6832656860352
269.0 18.86962890625
270.1 117.363731384277
271.9 46.3382568359375
274.0 18.11376953125
274.1 125.811813354492
275.0 4138.60791015625
277.2 898783.4375
278.2 169019.40625
279.2 17521.474609375
280.1 1445.71411132813
282.1 975.085144042969
283.1 87.6941680908203
286.0 0.902587890625
286.9 210.439834594727
290.0 42.83642578125
291.0 58.1707763671875
292.0 154.904434204102
292.1 83.975959777832
293.9 66.469970703125
295.0 105.050537109375
296.0 230.825927734375
297.0 5278.14990234375
298.0 1036.58203125
298.9 9.67132568359375
300.9 17.3406982421875
301.9 26.8755989074707
302.8 68.602409362793
305.0 56.8853988647461
307.0 253.424087524414
307.9 54.9026412963867
308.0 61.7361946105957
308.9 136.593673706055
311.0 11.1785888671875
312.1 41.0606651306152
312.8 24.9010066986084
314.1 24.0796375274658
314.9 519.122192382813
315.9 27.1618270874023
316.1 21.9428100585938
316.8 3.61370849609375
319.1 85.2316360473633
320.1 29.7512245178223
320.4 27.4431667327881
323.0 199.039932250977
323.3 36.7666969299316
324.9 48.042537689209
325.0 226.713943481445
325.1 397.302825927734
326.0 42.6548500061035
326.2 112.473472595215
326.8 143.585647583008
327.8 24.1306018829346
330.6 25.730260848999
330.9 1.03285217285156
332.8 51.4830322265625
337.1 30.134256362915
337.3 23.1318912506104
341.1 52.9778366088867
342.1 47.8217506408691
342.8 21.9664440155029
344.9 50.9730606079102
347.1 46.1458511352539
348.0 22.824914932251
349.0 65.0018844604492
349.9 113.367172241211
350.1 152.209762573242
351.0 171.793594360352
351.8 57.8641738891602
352.1 106.212440490723
353.1 755.201477050781
354.0 162.172256469727
356.7 27.386661529541
356.8 28.3612785339355
359.1 26.6375408172607
362.8 51.8024559020996
363.0 11.9663009643555
363.9 25.4434375762939
364.0 47.4120903015137
364.8 43.9407615661621
365.0 55.648998260498
366.2 4081.75244140625
367.1 1902.58325195313
368.0 272.100891113281
368.1 117.151786804199
369.1 511.173034667969
369.3 132.754364013672
370.1 190.85807800293
370.9 14.72900390625
372.1 23.8074436187744
372.8 29.1748065948486
400.9 70.2661056518555
414.9 54.3244285583496
428.8 30.9378757476807
