#"+EI Scan (rt: 23.556-23.702 min, 24 scans) Iso3-7.D  Subtract "
#Point,X(Thompsons),Y(Counts)
40.0 355.371398925781
41.0 921.414978027344
42.1 6305.46826171875
43.1 1672.3828125
44.0 5602.7216796875
45.0 225.411315917969
46.0 178.134674072266
46.1 36.9494323730469
47.0 53.8194580078125
47.1 11.9007835388184
49.0 49.4895629882813
49.9 122.361351013184
50.0 16.4648571014404
51.0 323.052673339844
52.0 230.834609985352
53.1 345.952880859375
54.0 208.866668701172
54.1 186.297348022461
55.0 1299.78186035156
56.0 1519.22766113281
57.0 443.911010742188
58.1 2260.60009765625
59.0 1025.890625
60.0 44.9462280273438
60.9 41.8386077880859
61.0 11.1495742797852
61.1 8.81548690795898
61.9 130.036071777344
62.0 90.5831451416016
63.0 580.088195800781
63.9 201.118225097656
65.0 142.600311279297
65.0 97.035888671875
65.9 41.3742713928223
66.0 142.70393371582
67.0 61.1537132263184
67.1 56.2221565246582
67.9 10.382776260376
68.0 571.760498046875
69.0 108.688331604004
69.0 109.297409057617
70.0 335.952850341797
70.0 351.086975097656
70.1 177.508804321289
71.1 313.820068359375
71.2 146.277969360352
72.1 28532.298828125
73.0 4015.7626953125
74.1 3080.60693359375
75.0 1122.13208007813
76.0 1704.33044433594
76.2 45.1583137512207
77.0 4457.94921875
78.0 2030.84765625
79.0 313.0146484375
79.9 41.9889831542969
80.0 143.962341308594
81.0 400.2548828125
81.9 46.5321960449219
82.0 434.404602050781
83.2 232.460952758789
83.3 81.2328338623047
83.7 29.2088985443115
83.8 724.630554199219
84.0 556.567077636719
85.0 202.905548095703
85.9 10.7615509033203
86.0 879.276611328125
87.0 289.752532958984
87.0 35.0134811401367
87.9 44.4714508056641
88.0 43.7929077148438
88.2 147.369293212891
89.1 287.728576660156
89.3 1443.41760253906
89.4 896.054992675781
89.7 1763.82507324219
89.8 1569.4833984375
90.8 51.6028022766113
90.9 469.855651855469
91.7 10.4021120071411
91.9 54.864128112793
92.0 121.617233276367
93.0 288.50146484375
94.0 264.627655029297
94.1 314.493469238281
95.1 206.35578918457
95.3 185.711730957031
95.5 127.922386169434
95.6 171.361038208008
95.7 307.946929931641
95.8 227.509521484375
95.9 105.397987365723
96.2 249.13444519043
96.4 277.377349853516
96.6 271.768585205078
96.7 723.536560058594
96.9 148.952362060547
97.2 66.5084686279297
97.7 53.8559226989746
97.9 660.196960449219
98.1 72.4244232177734
98.9 60.4199142456055
99.0 352.165283203125
99.1 34.848560333252
100.1 9263.712890625
101.0 1349.43566894531
102.0 186.190383911133
102.0 1368.22961425781
102.2 20.3302040100098
103.1 780.477355957031
103.2 2581.01245117188
103.8 539.347961425781
104.8 199.571060180664
105.1 16.3858070373535
105.7 3.47699189186096
105.9 114.334098815918
106.0 53.1689224243164
106.1 4.48992967605591
107.0 199.197875976563
107.9 17.7002334594727
108.1 108.416679382324
109.0 857.4619140625
110.1 5552.18505859375
111.0 9776.814453125
111.8 18.5767726898193
111.9 0.907689094543457
113.0 633.664794921875
113.9 171.015579223633
114.0 493.464660644531
114.1 119.149299621582
115.0 2488.08837890625
115.8 7.1640796661377
116.0 368.983215332031
116.1 160.050674438477
117.0 1173.109375
118.0 409.281616210938
118.1 30.6757678985596
118.9 407.980255126953
119.9 68.7246856689453
120.1 12.7537059783936
120.9 21.6381683349609
121.0 54.5082092285156
121.9 124.935089111328
122.1 70.6123657226563
122.9 330.923950195313
123.9 176.112503051758
124.1 231.744003295898
124.2 157.229904174805
125.0 2114.33911132813
126.0 3518.55102539063
127.0 8670.6083984375
128.1 16253.396484375
129.0 2449.125
130.0 494.9306640625
130.0 887.442626953125
130.9 393.604125976563
131.1 33.9079666137695
131.9 221.351287841797
132.1 132.819229125977
132.2 24.3845672607422
133.0 475.763427734375
133.9 24.7526512145996
134.0 72.6749267578125
135.0 363.895263671875
136.1 296.108459472656
137.0 3021.5078125
138.0 772.53564453125
139.0 3318.48779296875
140.0 4079.232421875
141.0 1920.13891601563
142.0 1178.07763671875
143.0 681.968994140625
143.9 167.456924438477
144.0 492.255493164063
144.9 189.511978149414
145.8 14.1592102050781
146.0 186.149917602539
146.1 54.5901222229004
146.3 38.8093147277832
146.9 197.210403442383
147.0 16.3532028198242
147.8 18.1699867248535
148.0 40.8218040466309
148.9 209.408828735352
149.0 310.152404785156
150.0 291.403045654297
150.0 3667.50659179688
151.0 13934.40625
152.0 18978.064453125
153.0 16032.0380859375
154.0 27316.126953125
155.0 6406.375
156.0 1385.29443359375
157.0 715.455810546875
158.0 171.767608642578
159.0 3677.505859375
160.0 479.052734375
161.0 530.40673828125
161.7 915.229431152344
161.9 14.6235122680664
163.0 1966.68017578125
164.0 4043.00634765625
165.0 6815.408203125
166.0 6209.0517578125
167.1 33512.62890625
168.0 9669.328125
169.0 2168.92456054688
169.9 104.730033874512
170.0 322.434173583984
170.9 313.7080078125
171.8 14.803596496582
171.9 74.2050552368164
172.9 84.5005264282227
173.9 41.8290367126465
174.0 22.4647693634033
175.0 316.540313720703
175.1 40.6000633239746
175.9 82.0186309814453
176.0 1065.82092285156
177.0 4012.85546875
178.0 24965.234375
179.1 26902.912109375
180.1 53126.28125
181.1 122026.59375
182.1 23767.041015625
183.1 4811.02294921875
184.0 327.924163818359
184.1 335.848724365234
184.9 351.1884765625
185.9 126.977752685547
187.0 193.795532226563
187.9 42.1119232177734
188.0 138.182769775391
188.1 41.954761505127
189.0 585.907043457031
190.0 3444.43286132813
191.0 14994.0263671875
192.1 31809.5390625
193.0 13993.662109375
194.1 13866.8359375
195.0 13913.9609375
196.1 53226.34765625
197.0 8613.9140625
197.9 103.7890625
198.0 658.303833007813
198.9 675.90283203125
199.9 163.820343017578
200.9 507.1904296875
201.9 89.9185791015625
202.0 123.202651977539
202.9 1100.81262207031
204.0 2457.12817382813
205.1 27897.837890625
206.1 25645.7734375
207.1 123116.7421875
208.1 46730.9296875
209.1 12999.23828125
210.1 2039.72534179688
211.0 5807.779296875
212.0 1073.66650390625
213.0 802.637939453125
214.0 106.400344848633
215.0 3263.046875
216.0 823.201171875
217.0 1472.2978515625
218.0 1766.4677734375
219.0 9083.5009765625
220.1 29724.25
221.1 206845.328125
222.1 91136.125
223.1 69507.6484375
224.1 11707.6923828125
225.1 1911.9677734375
226.0 83.1261825561523
226.1 82.1210556030273
226.2 23.8159637451172
227.0 336.564819335938
228.0 117.599159240723
228.1 23.2277736663818
229.0 734.830322265625
230.0 404.268005371094
231.0 515.33056640625
232.1 63.2813377380371
233.0 9663.5546875
234.0 2785.599609375
235.0 3508.93017578125
236.1 324.016571044922
237.0 5142.2578125
238.0 1171.4248046875
239.0 653.24951171875
239.9 34.2094116210938
240.1 57.9865837097168
240.9 366.90380859375
241.9 184.82145690918
242.9 148.402236938477
243.8 13.0808134078979
243.9 97.2265777587891
244.0 34.8128280639648
244.2 9.56420421600342
245.0 395.034423828125
245.9 94.9232940673828
246.0 190.839111328125
246.2 13.0868082046509
247.1 1912.97216796875
248.0 114.741180419922
248.1 1048.17236328125
249.1 5852.29833984375
250.0 310.678894042969
250.1 2880.80981445313
251.1 3960.26391601563
252.1 476.298095703125
252.1 759.787841796875
253.0 818.029174804688
253.9 31.5940780639648
254.0 52.607063293457
254.2 7.8349494934082
254.9 117.889717102051
255.9 46.1158638000488
256.0 31.2189750671387
256.9 199.608306884766
257.8 18.7510528564453
257.9 2.44504165649414
258.1 36.7031364440918
259.0 208.597320556641
259.9 57.091739654541
260.0 149.396987915039
260.2 13.1392164230347
260.3 7.87034273147583
261.0 466.402954101563
262.1 2246.87622070313
263.1 1614.56018066406
264.0 131.324569702148
264.1 874.965881347656
264.2 280.597290039063
265.1 11155.423828125
266.1 2376.22216796875
266.9 17.8204193115234
267.1 283.573028564453
267.8 27.5095481872559
268.0 47.8116645812988
268.2 14.3268527984619
268.9 27.3735427856445
269.9 59.8827285766602
270.9 84.9493408203125
271.9 125.641448974609
274.0 483.18896484375
274.9 5.1123046875
276.0 608.663024902344
276.1 72.0802688598633
276.9 111.571411132813
278.0 608.454040527344
278.1 1019.34240722656
279.1 4315.50390625
280.1 26734.810546875
281.1 6422.79345703125
282.1 1164.87634277344
283.0 215.507827758789
283.8 14.4713315963745
283.9 32.5697441101074
285.0 334.593994140625
286.0 222.232269287109
287.0 408.906311035156
287.8 5.0713586807251
288.1 92.228515625
289.0 216.1357421875
290.0 147.753173828125
291.0 248.153930664063
292.1 481.318756103516
294.0 775.191162109375
295.0 206.215087890625
296.0 71.9090194702148
297.8 27.7275848388672
298.0 3.21625709533691
298.9 92.0484619140625
299.9 29.0825080871582
300.0 53.5110740661621
300.9 13.3317947387695
301.8 10.6721305847168
302.0 45.3158760070801
302.1 14.3462924957275
302.9 133.481658935547
303.1 17.2836456298828
303.8 8.34272480010986
303.9 40.589225769043
304.0 125.035980224609
304.2 13.0792055130005
305.0 186.80517578125
305.1 70.7197036743164
305.9 8.95022773742676
306.0 42.1045112609863
306.1 125.866004943848
306.3 15.50133228302
306.9 2.92055892944336
307.0 440.710327148438
308.1 1242.22338867188
309.0 532.535522460938
309.1 103.747459411621
310.0 62.3070373535156
310.1 38.0689964294434
310.2 34.7417755126953
310.9 291.937622070313
311.1 28.6928844451904
311.7 5.59309673309326
311.9 33.8731880187988
312.0 32.4146347045898
312.9 39.0716400146484
313.0 44.9146270751953
314.8 101.444549560547
315.1 30.4888858795166
315.7 15.4395818710327
316.0 59.4762420654297
316.9 62.2495574951172
317.1 7.68684005737305
318.9 37.0666465759277
319.0 57.123348236084
319.1 154.476058959961
319.2 18.2648410797119
319.4 13.3982305526733
320.1 155.122222900391
320.2 274.568206787109
321.1 157.827087402344
321.2 2920.63061523438
322.2 497.934478759766
323.2 234727.890625
324.2 54407.00390625
325.2 6611.23291015625
325.9 6.96840858459473
326.1 241.151382446289
326.2 345.219635009766
327.0 70.8439331054688
328.8 18.7408561706543
328.9 55.783634185791
329.0 16.0320110321045
330.7 6.63687181472778
330.8 35.5134658813477
330.9 55.2952270507813
332.7 4.9990062713623
332.9 126.323585510254
334.9 104.787055969238
335.0 9.36477661132813
335.1 27.2692928314209
337.0 21.299467086792
344.7 12.9174823760986
344.9 72.1289596557617
345.0 25.5937519073486
345.3 6.94648599624634
346.7 4.31431770324707
346.9 44.1232719421387
347.0 24.0570411682129
347.1 16.8974628448486
348.8 61.3026161193848
348.9 135.713333129883
349.8 15.4780712127686
349.9 68.2497863769531
350.1 21.8067378997803
350.9 44.6189308166504
351.0 15.02649974823
351.9 14.5457305908203
352.8 6.88654136657715
352.9 90.3329620361328
353.9 13.9097385406494
354.9 45.812126159668
355.0 23.8293533325195
356.8 14.3142700195313
356.9 3.54516959190369
358.8 5.95934057235718
358.9 12.8156681060791
359.1 6.40304851531982
362.9 19.1619873046875
363.0 75.0490264892578
364.9 6.67702150344849
366.9 26.2165184020996
367.0 67.1574859619141
367.9 5.37656021118164
368.0 5.00252962112427
368.8 34.2483100891113
369.0 18.0812034606934
369.1 6.38197898864746
370.9 39.4115829467773
371.0 6.89441680908203
371.9 6.73031187057495
372.8 11.9228229522705
