#"+EI Scan (rt: 23.555-23.708 min, 25 scans) Iso3-9.D  Subtract "
#Point,X(Thompsons),Y(Counts)
40.1 205.386459350586
41.0 953.651062011719
42.1 6244.2919921875
43.1 1635.72888183594
44.0 5808.83642578125
45.0 213.990905761719
45.8 6.38962411880493
46.0 126.767807006836
46.1 90.0486145019531
47.0 80.1833953857422
48.9 106.160758972168
50.0 76.0734634399414
50.1 83.8528671264648
51.0 369.965026855469
52.0 237.364486694336
53.0 195.626281738281
54.0 322.322814941406
54.1 86.8146896362305
55.0 1391.80297851563
56.0 1654.08374023438
57.0 484.533813476563
58.1 2307.32104492188
59.0 1443.599609375
60.0 91.081298828125
60.9 75.682991027832
61.0 21.2338752746582
61.8 22.2599811553955
62.0 118.708435058594
62.1 59.5976028442383
63.0 717.477661132813
63.9 119.347869873047
64.0 10.1777114868164
65.0 217.387817382813
65.2 7.04631042480469
65.9 76.0465698242188
66.0 77.7696304321289
66.9 6.29685974121094
67.0 134.168869018555
68.0 346.7783203125
68.1 290.381530761719
69.0 239.730651855469
69.9 32.2038955688477
70.0 840.122375488281
71.1 363.332763671875
72.1 29866.4921875
73.0 4756.859375
74.1 3331.498046875
75.0 1314.44506835938
76.0 1763.80151367188
77.0 5187.765625
78.0 2905.8203125
79.0 384.125
79.9 8.72635650634766
80.0 129.765808105469
81.0 584.84619140625
82.0 540.369995117188
83.2 108.454620361328
83.3 218.274291992188
83.4 192.109558105469
83.7 60.3229942321777
83.8 559.65771484375
83.9 741.085876464844
84.1 16.9321060180664
85.0 265.232086181641
85.9 39.3979606628418
86.0 884.846313476563
86.9 84.3376312255859
87.0 289.082092285156
87.8 3.25665616989136
88.0 95.4355239868164
88.2 98.1479034423828
89.2 235.122497558594
89.3 971.214050292969
89.4 1017.59484863281
89.7 909.40283203125
89.8 2496.0322265625
90.8 197.609191894531
90.9 124.659133911133
91.8 23.4913787841797
91.9 106.464744567871
92.0 50.5114135742188
92.2 10.1522407531738
93.0 319.976196289063
93.9 9.81230735778809
94.0 577.772338867188
94.1 11.5135259628296
95.2 148.471832275391
95.3 84.8794555664063
95.4 178.437637329102
95.6 125.117576599121
95.7 649.778747558594
95.9 168.928161621094
96.1 304.447235107422
96.3 277.390106201172
96.4 201.917922973633
96.7 803.904052734375
96.8 395.799133300781
97.9 405.902221679688
98.0 349.302673339844
98.9 24.0067329406738
99.0 160.905258178711
99.0 263.124969482422
100.1 9720.43359375
101.0 1445.35986328125
102.0 489.14453125
102.1 1164.99133300781
103.1 1227.16845703125
103.2 2094.60400390625
103.4 232.099075317383
103.7 519.959228515625
103.9 6.3055534362793
104.8 59.5865249633789
105.9 151.439544677734
106.1 50.938720703125
106.9 149.523773193359
107.0 77.1872253417969
107.9 65.6969985961914
108.0 70.2800445556641
109.0 1178.490234375
110.1 5838.396484375
111.0 10703.8056640625
111.8 40.4376373291016
112.1 10.8811893463135
113.0 1142.99926757813
113.9 0.153593063354492
114.0 865.688415527344
115.0 2254.87524414063
116.0 351.772033691406
116.1 244.859909057617
117.0 1447.763671875
118.0 386.459075927734
118.1 88.2678375244141
119.0 393.41845703125
119.8 16.5530948638916
119.9 52.7218551635742
120.9 136.522232055664
121.9 17.1238288879395
122.0 134.027954101563
122.1 2.61798143386841
122.2 9.42246437072754
122.9 10.7590942382813
123.0 347.892425537109
123.8 24.3677387237549
123.9 298.549957275391
124.0 146.842025756836
124.1 119.396514892578
124.3 38.6293182373047
125.0 2278.05541992188
126.0 3603.58642578125
127.0 9131.197265625
128.1 17216.4765625
129.0 2576.20141601563
130.0 1398.69555664063
130.9 322.259307861328
131.0 131.697418212891
131.7 18.543062210083
132.0 199.006500244141
132.1 132.968078613281
132.2 105.882301330566
133.0 555.311889648438
133.8 3.92435836791992
134.0 80.8831024169922
134.1 2.87612152099609
135.0 422.36279296875
136.0 56.6587257385254
137.0 3966.96875
138.0 1008.97900390625
139.0 3607.55859375
140.0 4249.50390625
141.0 2090.166015625
142.0 1012.68701171875
142.8 36.6168518066406
143.0 791.572998046875
143.9 29.7900886535645
144.0 614.958435058594
144.2 8.39984226226807
144.9 277.306396484375
145.9 90.5061569213867
146.0 112.501670837402
146.2 21.4281978607178
146.9 90.267692565918
147.0 59.2142639160156
147.1 63.7090377807617
147.7 36.6245346069336
147.8 86.6474075317383
148.9 260.774475097656
149.0 373.653259277344
150.0 4184.06640625
151.0 14458.8955078125
152.0 19633.65625
153.0 16688.146484375
154.0 28145.849609375
155.0 6701.80859375
156.0 1396.55212402344
157.0 837.26513671875
158.0 160.935180664063
159.0 4778.677734375
160.0 676.783203125
161.0 705.38037109375
161.7 519.282409667969
161.8 627.6875
163.0 2137.9921875
164.0 4223.1611328125
165.0 6887.607421875
166.1 6419.31787109375
167.1 34441.6875
168.1 10120.80078125
169.0 854.454833984375
169.1 829.479614257813
170.0 429.576538085938
170.1 29.9011821746826
170.9 387.614013671875
171.9 104.548843383789
172.8 9.20236206054688
172.9 80.1483612060547
173.9 18.4657573699951
174.0 38.0636558532715
175.0 329.775268554688
175.1 82.6290512084961
176.0 1227.74865722656
177.0 3884.06201171875
178.0 25534.033203125
179.1 27336.548828125
180.1 55007.10546875
181.1 127069.7578125
182.1 24989.30078125
183.1 5055.69921875
184.0 702.962829589844
184.9 425.834228515625
185.9 108.885131835938
186.0 31.6646423339844
187.0 216.045532226563
187.9 43.8979568481445
188.0 244.913482666016
188.9 545.893127441406
190.0 3598.98193359375
191.0 15522.951171875
192.1 33146.8671875
193.0 14711.8125
194.1 14374.029296875
195.0 14731.1630859375
196.1 55381.16015625
197.0 9273.2490234375
198.0 1079.35974121094
198.9 770.584228515625
200.0 319.010559082031
200.9 556.381591796875
201.9 337.020660400391
202.9 1188.18054199219
204.0 2478.1240234375
205.1 29155
206.1 26853.794921875
207.1 128279.609375
208.1 50766.3203125
209.1 15002.556640625
210.1 943.109741210938
210.1 1039.22143554688
211.0 6905.533203125
212.0 1461.42822265625
213.0 975.79248046875
214.0 44.4152603149414
215.0 4167.83984375
216.0 1107.3662109375
217.0 1605.505859375
218.0 1866.9375
219.0 9764.4970703125
220.1 30606.841796875
221.1 215458.3125
222.1 95503.7265625
223.1 72456.5859375
224.1 12159.541015625
225.0 1839.15832519531
226.0 144.340438842773
226.1 53.7892532348633
227.0 399.177124023438
228.0 147.407608032227
229.0 779.240234375
230.0 493.09619140625
231.0 613.906860351563
233.0 11356.9765625
234.0 3178.98193359375
235.0 3673.59521484375
236.1 850.773254394531
237.0 6682.09765625
238.0 1216.8701171875
239.0 800.3720703125
240.0 82.9819488525391
240.1 34.3949661254883
240.9 425.23486328125
241.8 12.3525581359863
241.9 88.8581314086914
243.0 285.878295898438
243.8 19.0188732147217
243.9 85.3580322265625
244.0 54.7640113830566
244.2 7.09332418441772
244.9 61.8903503417969
245.0 137.261657714844
246.0 209.666976928711
246.1 107.399894714355
247.1 1825.73779296875
248.0 297.2353515625
248.1 880.025390625
248.2 22.7518405914307
249.1 6100.23193359375
250.0 18.8206787109375
250.1 3373.7529296875
251.1 4150.3330078125
251.9 7.59445095062256
252.1 356.372528076172
252.1 944.647094726563
252.9 40.4024963378906
252.9 124.206283569336
253.9 41.7616424560547
254.0 1.1964225769043
254.1 1.92124962806702
254.8 14.9344291687012
254.9 11.3016967773438
255.9 48.5702514648438
256.0 20.784143447876
257.0 35.980525970459
258.0 66.2698593139648
258.9 23.3373718261719
259.0 61.0945816040039
259.8 15.2976875305176
259.9 124.764106750488
260.1 72.9544982910156
260.2 24.5862445831299
260.9 129.882614135742
261.0 200.690551757813
262.1 2241.9208984375
263.0 279.308441162109
263.1 1275.03649902344
264.0 45.7335929870605
264.1 1207.99206542969
265.1 11748.2236328125
266.0 41.6079597473145
266.1 2438.8125
267.0 415.749237060547
267.9 11.1541109085083
268.0 20.9320125579834
268.2 10.7264747619629
269.0 365.701507568359
269.9 41.6737213134766
270.9 114.525268554688
272.0 67.4278717041016
273.9 32.9226684570313
274.0 47.9103393554688
274.9 62.1552734375
276.0 414.097991943359
276.9 188.2841796875
278.1 1708.18774414063
279.1 4287.72705078125
280.1 27660.458984375
281.1 6599.7724609375
282.1 1135.1435546875
282.9 75.1977233886719
283.1 87.0616226196289
284.0 7.2990665435791
284.1 36.0214042663574
285.0 438.972900390625
285.9 9.17598724365234
286.0 90.3755950927734
287.0 195.889175415039
287.9 35.7907791137695
288.1 23.4296951293945
289.0 265.38134765625
290.0 148.294189453125
291.0 306.056640625
292.1 562.95556640625
294.0 853.841552734375
294.9 106.636474609375
295.8 14.9778747558594
296.1 41.0020294189453
299.0 70.9468231201172
299.9 6.02910614013672
300.1 33.6674613952637
300.9 47.9489593505859
301.7 5.21914768218994
301.9 38.0998878479004
302.0 25.9524955749512
303.0 34.7331848144531
303.1 133.474487304688
303.2 15.1279935836792
303.9 67.3345565795898
304.1 103.579620361328
304.3 22.6179752349854
305.0 246.846954345703
306.0 58.8205375671387
306.1 81.8960876464844
306.3 25.8793926239014
307.0 738.25537109375
308.0 34.7367172241211
308.1 1170.22106933594
309.1 605.961791992188
309.9 6.59465169906616
310.1 46.899356842041
310.2 38.0270843505859
311.0 226.140106201172
311.8 49.0065536499023
311.9 1.22932815551758
312.1 34.9655685424805
312.9 14.3854093551636
313.0 46.6550178527832
314.9 156.643356323242
315.0 6.94293212890625
315.9 85.6106109619141
316.0 8.7207145690918
316.1 9.06991195678711
316.8 21.7791423797607
316.9 19.9719562530518
317.1 22.2657146453857
319.0 149.011306762695
319.1 132.286529541016
320.0 74.2595748901367
320.1 95.3954391479492
320.2 223.908615112305
320.3 44.2723960876465
321.2 3290.93823242188
322.1 58.2499122619629
322.2 87.4671783447266
323.2 245022.109375
324.2 56957.625
325.2 6920.3330078125
326.0 6.67554187774658
326.1 572.026916503906
326.8 18.4796276092529
327.0 35.6117858886719
328.8 7.68870687484741
328.9 29.7224426269531
330.8 12.1003971099854
330.9 91.0806274414063
332.8 35.7747993469238
332.9 81.4855804443359
334.7 9.82029819488525
334.9 83.2340469360352
335.0 74.592529296875
336.8 19.4199390411377
337.0 6.74371385574341
340.9 12.7412748336792
344.8 5.12250709533691
345.0 141.350006103516
346.9 22.9573211669922
347.0 38.295970916748
347.1 26.7572689056396
348.9 19.2479858398438
349.0 141.123199462891
349.9 52.0497550964355
350.0 13.2894229888916
350.9 97.0833206176758
351.9 5.43478584289551
352.0 12.5004568099976
352.9 188.012435913086
353.9 32.0013275146484
354.7 4.98936319351196
354.8 6.21907806396484
355.0 41.3417587280273
357.0 12.9696750640869
358.9 35.482738494873
359.1 4.41704702377319
362.8 40.4779090881348
362.9 73.1555557250977
364.9 12.5926485061646
366.9 84.8676681518555
367.0 23.5759658813477
367.1 10.251654624939
367.7 6.22243165969849
367.9 14.0133800506592
368.0 6.25943946838379
368.9 49.1542434692383
369.1 3.65217018127441
370.8 2.04550647735596
371.0 52.7262878417969
372.9 17.7981281280518
