#"+EI Scan (rt: 13.446-13.478 min, 6 scans) Iso4-4.D  Subtract "
#Point,X(Thompsons),Y(Counts)
40.1 1245.060546875
41.1 39747.68359375
42.1 2451.16528320313
43.1 42548.42578125
44.0 402.000244140625
45.0 204.676422119141
49.9 181.264114379883
50.1 201.322708129883
51.0 2128.3525390625
51.8 42.8716468811035
52.0 1110.93444824219
53.0 8408.73828125
54.1 1134.18115234375
55.1 19449.65234375
56.1 2294.40991210938
57.1 3290.89013671875
58.0 372.838775634766
58.2 32.7935905456543
59.0 38.51416015625
60.0 29.3478088378906
61.9 73.8645324707031
62.0 88.614616394043
63.0 1317.3212890625
63.9 61.2119560241699
64.0 845.627746582031
65.0 8113.17578125
66.0 100.892242431641
66.1 2255.70629882813
67.0 28396.826171875
68.1 2597.16625976563
69.1 26090.380859375
70.1 1789.73876953125
71.1 6272.873046875
72.0 682.18896484375
74.0 96.6732482910156
75.0 367.426635742188
76.0 1595.71301269531
76.2 115.52067565918
77.0 21212.982421875
78.0 5145.5283203125
79.0 20722.826171875
80.1 4243.0947265625
81.1 42518.8984375
82.1 4537.2646484375
83.0 4508.20703125
84.0 806.073974609375
85.0 664.176086425781
85.7 37.6717796325684
85.9 271.785888671875
86.1 367.209197998047
86.3 35.6188011169434
86.9 58.6290397644043
87.0 998.871337890625
87.8 168.540283203125
87.9 198.000869750977
88.1 116.818031311035
89.0 3236.46875
90.0 791.325012207031
90.2 1082.17004394531
91.0 42777.21875
92.1 7279.34521484375
93.1 22157.76953125
94.0 646.996765136719
94.1 4372.86376953125
95.1 36330.2734375
96.1 3453.35595703125
97.0 2086.01782226563
97.9 61.4363403320313
98.1 1182.68737792969
98.9 198.478622436523
99.1 1280.08215332031
100.5 5377.71533203125
102.0 453.626617431641
102.1 2166.21630859375
103.1 8958.0576171875
104.1 3963.2890625
105.1 29492.08984375
106.1 8164.93896484375
107.1 35282.5703125
108.0 10993.3837890625
109.1 13648.478515625
110.0 1645.01867675781
111.0 1529.4228515625
111.1 101.577415466309
111.9 141.055419921875
112.2 365.832763671875
113.2 452.962799072266
113.4 1194.69372558594
113.9 323.371368408203
115.0 30590.546875
116.1 8473.421875
117.0 13083.556640625
118.0 3503.82495117188
119.1 31558.263671875
120.1 8568.4365234375
121.1 31309.55859375
122.0 18864.435546875
123.0 21374.986328125
124.0 8227.501953125
125.0 1275.92590332031
126.0 537.345947265625
126.1 807.2392578125
127.0 11149.6015625
128.1 28740.431640625
129.0 21947.880859375
130.1 5456.76953125
131.1 17348.9296875
132.0 5574.00927734375
133.1 16974.732421875
134.1 9756.8525390625
135.1 16850.64453125
136.0 9459.263671875
137.0 8779.330078125
138.0 3098.01586914063
139.0 3427.85864257813
140.0 1710.10510253906
141.1 20790.33203125
142.1 10548.9326171875
143.1 12271.1708984375
144.1 9226.76953125
145.1 19232.9375
146.1 6012.60791015625
147.0 37336.1171875
148.1 8900.7548828125
149.0 14146.755859375
150.0 6268.69580078125
151.1 5869.083984375
152.1 15831.4619140625
153.1 15539.9365234375
154.1 8069.515625
155.1 12905.2490234375
156.1 4923.8779296875
157.1 18888.01171875
158.1 9406.8857421875
159.0 20223.66015625
160.1 19284.755859375
161.1 31246.8046875
162.1 10013.09375
163.1 13371.49609375
164.1 4744.81689453125
165.1 32201.23828125
166.1 9650.9501953125
167.1 8795.6572265625
168.1 7930.64990234375
169.1 14526.453125
170.1 6746.66552734375
171.1 17237.548828125
172.1 8963.2197265625
173.1 32720.53125
174.1 75945.2890625
175.1 47512.1328125
176.1 18435.154296875
177.1 10937.6689453125
178.1 10565.6982421875
179.1 7880.31640625
180.1 3874.26391601563
181.1 16844.10546875
182.1 9677.603515625
183.1 21388.9453125
184.1 8726.1884765625
185.1 20477.154296875
186.1 10749.3330078125
187.1 58680.0546875
188.1 24249.9453125
189.1 18334.396484375
190.1 11686.1142578125
191.1 14990.55859375
192.1 3875.330078125
193.1 99819.03125
194.1 16003.9814453125
195.1 12381.8056640625
196.1 6604.3193359375
197.1 19512.62109375
198.1 10464.7294921875
199.1 32276.240234375
200.1 21067.5390625
201.1 73602.21875
202.1 22603.119140625
203.1 9614.673828125
204.1 2746.95385742188
205.1 5109.10986328125
206.1 353.596221923828
206.1 2294.830078125
207.1 16629.232421875
208.1 4305.17529296875
209.1 6216.44970703125
210.1 5582.68798828125
211.1 12882.599609375
212.1 8546.1650390625
213.1 31789.6484375
214.1 22347.021484375
215.1 60469.76171875
216.1 14870.37109375
217.1 88086.8359375
218.1 18983.947265625
219.1 12426.2861328125
220.1 2237.82543945313
221.1 36323.08203125
222.1 6245.060546875
223.0 618.523986816406
223.1 3293.02416992188
224.1 4155.5966796875
225.1 11358.947265625
226.1 6654.96484375
227.1 17666.923828125
228.1 12990.8564453125
229.1 34590.98046875
231.1 710904.8125
232.1 136581.5
233.1 53185.890625
234.1 8364.6962890625
235.1 2151.4501953125
236.1 237.033813476563
237.0 111.90234375
238.0 1219.30285644531
239.1 5027.15185546875
240.2 6708.0380859375
241.1 15541.8486328125
242.2 21502.369140625
243.1 318773.53125
244.1 71466.453125
245.1 37234.70703125
246.1 40325.96484375
247.1 6891.22314453125
248.1 387.076507568359
248.2 410.864105224609
248.9 52.9539184570313
249.0 181.208740234375
250.1 63.3986778259277
250.2 84.7699584960938
251.1 784.386291503906
252.1 227.488876342773
252.3 116.46656036377
253.1 5054.27294921875
254.2 2140.72827148438
255.1 13425.2373046875
256.1 13372.4501953125
257.1 89729.203125
258.1 239177.71875
259.2 51885.20703125
260.2 6964.71826171875
261.0 85.8434066772461
261.1 619.447326660156
262.0 63.0365715026855
263.0 114.783912658691
263.1 56.5176277160645
264.2 29.994421005249
264.3 28.9465084075928
265.1 417.402496337891
266.1 343.122589111328
266.3 100.396850585938
267.0 77.9842834472656
267.1 2279.18237304688
268.1 470.330810546875
268.3 501.682037353516
269.2 11221.0537109375
271.2 468504.125
272.2 114266.421875
273.2 17656.30078125
274.1 1883.79431152344
275.0 273.375366210938
275.8 10.3047208786011
276.0 114.386932373047
277.1 187.249572753906
277.8 1.9521427154541
277.9 139.678039550781
279.1 716.200073242188
280.0 54.6490631103516
280.1 269.0888671875
280.2 116.884437561035
281.2 5690.25927734375
282.2 2046.52502441406
283.2 8491.3671875
284.2 3788.314453125
285.2 32950.0859375
286.2 24714.748046875
287.2 4565.77294921875
288.1 364.5830078125
288.2 259.249481201172
289.0 18.095703125
290.8 45.4841423034668
290.9 18.1639404296875
291.1 26.1079502105713
294.0 826.174499511719
295.1 4236.73681640625
296.3 328.165802001953
297.2 72602.546875
299.2 946628.5
300.2 213032.84375
301.2 26316.388671875
302.2 2388.6787109375
303.0 46.264965057373
303.2 145.459976196289
307.0 218.35090637207
308.2 71.1023941040039
309.2 164.175308227539
309.9 67.947395324707
310.1 108.75611114502
310.4 76.6676254272461
311.1 429.200256347656
311.3 182.628555297852
312.2 1984.69152832031
313.3 8934.3154296875
314.2 740371.375
315.2 174459.625
316.2 22363.197265625
317.2 2075.5341796875
318.1 141.94873046875
348.9 9.17038345336914
355.1 28.8275737762451
365.1 25.905782699585
383.0 32.6919898986816
383.1 33.1143531799316
385.0 68.5536727905273
385.1 116.523246765137
