#"+EI Scan (rt: 16.137-16.182 min, 8 scans) Iso4-9.D  Subtract "
#Point,X(Thompsons),Y(Counts)
40.1 613.842163085938
41.1 13463.568359375
42.1 35380.30859375
43.1 36122.0078125
44.1 36536.25
45.0 1036.39038085938
46.0 13.3285083770752
47.1 40.2352905273438
49.0 83.181884765625
50.0 581.052062988281
51.0 1444.46325683594
52.0 691.056640625
53.0 1630.56750488281
54.1 2527.97875976563
55.0 7497.046875
56.0 6287.59765625
57.0 4233.04248046875
58.1 749.373779296875
58.2 101.913818359375
60.9 165.558822631836
62.0 325.463836669922
63.0 916.000183105469
63.9 130.839080810547
64.1 350.617065429688
65.0 3636.025390625
65.9 121.65495300293
66.0 306.945434570313
66.1 200.956848144531
67.0 6248.75244140625
68.1 7241.12841796875
69.1 9018.4072265625
70.1 17443.951171875
71.0 19670.88671875
72.0 1054.72937011719
74.0 289.276733398438
75.0 2031.27587890625
76.0 772.684631347656
76.2 92.7007369995117
77.0 8705.82421875
78.0 2402.9931640625
79.0 12530.9765625
80.0 3247.24389648438
81.0 1320.41357421875
82.0 8161.44970703125
83.0 3440.10888671875
84.0 5315.61474609375
85.0 644.569458007813
85.9 67.103271484375
86.0 45.8984107971191
86.9 44.5005340576172
87.0 41.0977363586426
87.9 23.942720413208
88.1 94.1310272216797
89.0 869.414733886719
89.0 471.061889648438
90.0 1512.72912597656
91.0 13710.5986328125
92.0 2344.51684570313
93.0 999.704528808594
94.1 5725.994140625
95.0 14310.6044921875
96.1 42023.62109375
97.1 6234.5439453125
98.0 2654.02416992188
99.0 246.349456787109
99.1 51.8057823181152
100.0 258.946136474609
100.1 241.183181762695
100.9 34.030704498291
101.0 537.343566894531
102.0 2992.38598632813
103.0 12479.673828125
104.1 10060.44140625
105.1 72084.484375
106.1 6707.9052734375
107.0 1194.14709472656
108.0 1050.53161621094
108.1 56.4034996032715
109.0 5776.6640625
110.0 3903.1142578125
111.0 16777.841796875
112.0 6021.93359375
113.0 1121.00866699219
113.8 24.8268051147461
114.0 77.5754699707031
114.0 302.0068359375
114.2 49.9901580810547
115.0 2075.82348632813
116.0 1307.96838378906
117.0 4135.48046875
118.0 2516.74487304688
119.0 801.169738769531
120.0 501.306610107422
121.0 1334.81555175781
122.0 17765.322265625
123.0 6009.24951171875
124.0 7373.65478515625
125.0 765.28857421875
125.9 135.836242675781
126.1 75.0756225585938
126.2 42.6355285644531
127.0 444.9541015625
127.9 88.9113311767578
128.0 953.961303710938
129.0 1521.26318359375
130.0 7728.42626953125
131.0 3276.50854492188
132.1 5143.435546875
133.0 1468.82019042969
134.1 4653.79638671875
135.0 4841.9853515625
136.0 22487.7109375
137.0 5086.78515625
138.0 3062.263671875
139.0 5909.546875
140.0 721.024108886719
141.0 459.359375
142.0 480.244873046875
143.0 1364.30261230469
144.1 4019.43383789063
145.0 1261.77673339844
146.0 2390.03955078125
147.0 256.404632568359
147.1 628.649230957031
148.0 14351.23828125
149.0 15884.599609375
150.0 28938.5703125
151.0 4606.4462890625
152.1 2150.02465820313
153.0 576.44775390625
154.0 746.795104980469
155.0 323.591796875
156.0 800.9833984375
157.0 464.864624023438
158.1 1858.82141113281
160.0 7806.94189453125
161.0 1525.35498046875
162.0 3434.01416015625
163.1 2828.47436523438
164.1 450289.96875
165.1 52500.46484375
166.1 5907.33349609375
167.0 539.575927734375
168.0 295.612823486328
168.1 45.9316940307617
168.9 291.4189453125
170.0 601.972045898438
171.0 1448.66076660156
172.0 400.215789794922
172.1 115.961471557617
173.0 320.713928222656
173.9 31.5900249481201
174.1 491.825866699219
174.9 93.2419738769531
175.1 382.238189697266
176.1 12058.0830078125
177.0 3610.73852539063
178.1 3676.75244140625
179.0 1386.83471679688
180.0 433.075134277344
181.0 2627.27392578125
182.1 2201.1982421875
183.0 642.775756835938
184.1 5803.54296875
185.1 5824.57861328125
186.1 15211.04296875
187.1 5094.97900390625
188.1 14521.3681640625
189.1 2548.71508789063
190.1 1245.40441894531
191.0 899.472900390625
192.0 179.231567382813
192.1 299.5439453125
193.0 229.908081054688
193.9 144.525100708008
195.9 14.6983032226563
197.9 24.7920379638672
198.0 68.4652481079102
199.9 178.790100097656
200.1 31.4091815948486
202.0 251.497482299805
202.1 36.9322929382324
202.9 208.684005737305
204.1 490.748626708984
205.1 7084.21484375
207.1 430135.90625
208.1 61135.15234375
209.1 4602.89501953125
210.1 158.759963989258
216.0 40.025390625
218.0 284.843383789063
218.1 195.318923950195
220.0 90.8184814453125
221.8 10.323055267334
222.0 17.9842071533203
222.1 46.7891426086426
223.9 78.9696655273438
224.9 29.8982849121094
226.0 147.415283203125
227.0 49.72216796875
228.0 159.098617553711
229.0 171.629272460938
230.0 302.106994628906
231.1 1538.54638671875
234.1 30905.353515625
235.0 3735.14526367188
236.0 65.7309646606445
238.0 68.521484375
240.0 86.1687622070313
241.8 17.6949310302734
241.9 4.84659576416016
242.9 31.8964538574219
243.0 47.5727920532227
243.9 44.0359992980957
244.1 38.8966636657715
244.9 33.0353088378906
245.9 28.0058937072754
246.0 159.677856445313
246.2 21.9517002105713
246.9 4.28090667724609
247.0 230.607788085938
248.1 3203.45141601563
249.1 738.419738769531
249.8 23.9569644927979
250.0 22.2084159851074
250.1 77.8039855957031
250.2 37.3528480529785
250.8 15.6708106994629
251.1 13.3353834152222
252.9 32.6112213134766
253.9 172.374542236328
254.9 51.5761413574219
256.0 37.0539665222168
257.0 1080.82751464844
258.0 258.826995849609
259.0 75.4519805908203
259.1 528.604309082031
259.9 64.2106781005859
260.1 76.1278228759766
261.0 811.896545410156
261.9 71.1902694702148
262.1 100.484100341797
263.0 45.7041893005371
264.8 2.8708610534668
264.9 22.8590621948242
265.0 21.4399223327637
266.7 34.9722175598145
267.0 20.013599395752
268.0 29.9665260314941
268.1 46.6920509338379
269.0 118.948059082031
269.9 56.3170166015625
270.9 94.029541015625
271.9 35.601676940918
272.9 21.83056640625
274.0 131.004348754883
275.0 1607.63989257813
277.2 755783.3125
278.2 141220.0625
279.2 14477.716796875
280.1 1177.52465820313
281.0 148.842346191406
282.0 121.047012329102
282.1 49.4210510253906
282.9 100.445297241211
283.0 7.31364059448242
286.0 134.990692138672
286.9 38.0698394775391
290.9 259.862823486328
292.1 105.061248779297
293.0 65.54931640625
294.9 165.569091796875
296.1 95.9702835083008
297.1 4054.87890625
298.1 841.191284179688
298.9 110.279388427734
299.0 64.6517868041992
300.0 67.04052734375
300.8 30.7771911621094
302.8 40.1139945983887
304.9 20.7942047119141
307.1 99.1109161376953
308.0 31.2116775512695
308.8 7.63651752471924
308.9 18.525016784668
310.8 99.8779449462891
311.1 27.6796073913574
312.0 47.4558219909668
313.0 5.8816032409668
314.1 33.0955238342285
314.2 17.1481094360352
314.9 16.2089881896973
325.0 82.6378479003906
325.1 372.322204589844
326.0 19.531946182251
326.2 51.6906127929688
328.9 27.5911407470703
330.7 17.0832996368408
331.0 17.441873550415
332.8 2.50184392929077
335.0 15.3375549316406
346.9 18.3362407684326
348.1 82.4573287963867
348.3 20.5315380096436
348.8 47.6421852111816
350.0 38.4415512084961
350.8 44.4695053100586
351.1 3.75727272033691
353.0 154.412658691406
354.8 14.4250383377075
365.1 19.3880729675293
366.2 3332.056640625
367.0 68.5726776123047
367.2 1569.08605957031
368.2 320.527557373047
368.3 29.6252307891846
369.1 43.9249572753906
369.2 448.381958007813
370.0 23.0354614257813
370.2 87.7355728149414
370.8 21.9915370941162
370.9 20.0323925018311
