#"+EI Scan (rt: 16.137-16.182 min, 8 scans) Iso4-3.D  Subtract "
#Point,X(Thompsons),Y(Counts)
40.0 475.581176757813
41.1 15241.5732421875
42.1 39217.515625
43.1 40602.8671875
44.1 41456.05859375
45.1 1469.99035644531
45.9 106.560195922852
47.0 26.7660713195801
48.9 93.3365020751953
50.0 635.355285644531
51.0 1635.91101074219
52.0 830.36962890625
53.0 1919.42956542969
54.0 2812.35327148438
55.0 8570.42578125
56.1 7056.76318359375
57.1 4988.50830078125
58.1 898.516235351563
59.0 433.7822265625
60.0 36.2057952880859
61.0 185.476058959961
62.0 324.626800537109
62.1 19.8734893798828
63.0 945.100830078125
64.0 597.817626953125
65.0 4038.35717773438
66.0 419.965942382813
66.1 288.59716796875
67.0 6914.0791015625
68.1 8169.06396484375
69.0 10261.5966796875
70.1 19320.16015625
71.0 21915.099609375
72.0 1235.84155273438
73.0 28.4970703125
74.0 375.828918457031
75.0 2362.16967773438
76.1 1063.69128417969
77.0 11235.458984375
78.0 3791.333984375
79.0 14442.0537109375
80.0 3630.46118164063
81.0 1957.63623046875
82.0 9236.8896484375
83.0 4001.4287109375
84.1 6116.92822265625
85.0 771.752807617188
85.9 61.8990249633789
86.0 34.3757591247559
86.2 19.5330924987793
86.9 140.433303833008
87.9 107.685157775879
88.1 67.5704650878906
89.0 1545.49621582031
90.0 1672.58618164063
91.0 15192.8974609375
92.0 2677.38452148438
93.0 1061.240234375
94.0 6422.34375
95.0 16422.48046875
96.1 46561.140625
97.1 7309.27880859375
98.1 3169.64916992188
98.9 13.5156021118164
99.0 305.236145019531
100.0 612.34814453125
101.0 220.571823120117
101.0 439.804321289063
102.0 3252.25268554688
103.0 14254.8916015625
104.0 10950.4697265625
105.0 80661.9765625
106.1 7503.27734375
107.0 1108.642578125
108.0 1260.22705078125
108.2 57.7866668701172
109.0 6982.6962890625
110.0 4322.20654296875
111.0 19301.763671875
112.0 6536.4306640625
113.0 1388.46374511719
113.9 72.3838348388672
114.0 368.102081298828
114.1 96.1193923950195
115.0 2017.96337890625
116.0 1471.22863769531
117.0 4885.23046875
118.0 2498.66577148438
119.0 889.923034667969
119.8 73.5115356445313
120.0 500.169952392578
121.0 1467.42443847656
122.0 19954.509765625
123.0 7090.2392578125
124.0 8019.259765625
125.0 965.864562988281
126.0 235.977783203125
126.1 82.1870269775391
127.0 405.2607421875
128.0 1243.64575195313
129.0 1786.57238769531
130.0 8941.17578125
131.0 3666.5
132.1 5836.8076171875
133.0 1665.15930175781
134.1 5297.6162109375
135.0 5754.02880859375
136.0 24917.880859375
137.0 11066.16796875
138.0 4109.970703125
139.0 6981.142578125
140.0 960.40185546875
141.0 728.018310546875
141.9 167.289276123047
142.0 402.835876464844
143.0 1745.98937988281
144.0 4662.068359375
145.0 1244.36120605469
146.1 2831.40893554688
147.0 1087.39538574219
148.0 16470.71875
149.0 17743.572265625
150.1 32094.58203125
151.0 5175.1689453125
152.0 2408.61694335938
153.0 698.63134765625
154.1 573.709777832031
154.2 234.236297607422
155.0 914.47216796875
156.0 1684.13623046875
157.0 544.304443359375
158.1 2553.36596679688
159.0 1457.853515625
160.1 11643.2294921875
161.0 1879.30993652344
162.1 3823.25244140625
163.1 4045.32373046875
164.1 497628.5
165.1 58588.37109375
166.1 6766.75439453125
167.0 678.267700195313
168.0 396.721832275391
169.0 284.569366455078
170.0 311.431030273438
170.1 399.227203369141
171.0 1354.65307617188
172.0 666.426696777344
172.9 353.931213378906
173.9 68.0998153686523
174.0 558.954895019531
174.9 204.435134887695
175.1 481.257446289063
176.1 13598.6201171875
177.0 4339.09423828125
178.1 4164.89404296875
179.0 1457.8544921875
180.0 407.432739257813
181.0 2082.216796875
182.1 2489.19604492188
183.0 795.135009765625
184.1 6641.5537109375
185.1 6376.54443359375
186.1 17414.837890625
187.1 6003.0771484375
188.1 16686.98828125
189.0 136.899993896484
189.1 2759.65966796875
189.9 38.5385932922363
190.1 1402.44604492188
191.0 1346.47277832031
192.0 659.244506835938
193.0 387.484252929688
194.0 168.446441650391
195.0 34.788330078125
195.9 47.1297149658203
197.0 130.305419921875
198.0 156.965728759766
198.9 61.6417236328125
200.0 304.797485351563
200.9 135.4736328125
202.0 490.280731201172
202.9 404.0341796875
203.9 160.909606933594
204.1 404.673828125
205.1 7725.7421875
207.1 477697.625
208.1 67805.4921875
209.1 5266.39794921875
210.0 3.61909294128418
211.0 385.404296875
212.0 150.221923828125
213.0 64.9052734375
214.1 359.858581542969
215.0 2998.765625
216.0 877.9267578125
217.0 518.0693359375
218.0 609.935852050781
219.0 430.4326171875
219.9 252.271530151367
221.9 26.3507385253906
222.1 28.6925659179688
224.0 80.3567581176758
224.9 56.8158569335938
225.9 180.735427856445
227.0 101.789642333984
228.0 129.318206787109
228.2 25.8893356323242
229.0 331.054321289063
230.0 386.414398193359
231.1 1291.08044433594
233.0 1424.220703125
234.1 34796.78125
235.0 4611.18359375
237.0 1406.62109375
238.0 112.9326171875
239.0 317.82275390625
239.9 82.6163482666016
240.9 153.141403198242
242.0 95.1136856079102
242.2 42.7117309570313
243.0 301.436218261719
244.0 63.6207046508789
245.0 114.005111694336
245.9 9.47818565368652
246.1 219.848281860352
247.0 393.156646728516
247.2 73.7212677001953
248.1 3667.83666992188
249.1 1005.0322265625
249.9 27.9946765899658
250.0 160.941772460938
250.8 83.7704925537109
252.9 55.6241149902344
254.1 266.498077392578
255.0 122.966339111328
255.9 32.3044853210449
256.0 52.3076362609863
257.0 1212.91076660156
258.0 245.305068969727
259.0 703.849914550781
259.1 114.723968505859
259.9 2.73368644714355
260.1 198.364990234375
260.9 100.366577148438
261.1 740.357604980469
262.0 116.07593536377
262.1 118.119895935059
263.0 79.4974822998047
264.9 19.7384948730469
265.0 46.1306190490723
266.9 68.883903503418
267.9 86.2420272827148
268.1 24.687032699585
269.0 880.302734375
269.9 40.8517761230469
270.1 42.5670166015625
270.9 225.780639648438
271.9 116.935363769531
272.9 273.509033203125
273.9 32.6374740600586
275.1 3213.61010742188
277.2 848667.9375
278.2 158579.84375
279.2 16230.859375
280.1 1221.49792480469
280.9 144.256713867188
281.9 17.0820388793945
282.0 184.725204467773
283.0 152.871124267578
283.1 43.4220542907715
285.0 73.176513671875
286.0 65.2232208251953
286.9 180.215621948242
287.9 28.8453235626221
288.0 11.5129280090332
289.0 465.826171875
290.0 136.34033203125
291.0 117.399429321289
292.0 62.4233474731445
292.9 879.31494140625
294.0 231.148468017578
294.9 394.933715820313
296.1 57.7348937988281
297.1 4600.7548828125
298.0 1000.20251464844
298.9 152.424835205078
299.8 9.88149738311768
300.0 39.4338760375977
300.9 86.7661666870117
302.9 63.7274475097656
305.0 52.4327621459961
307.0 137.732406616211
307.7 19.3666553497314
309.0 53.09912109375
311.0 88.6885070800781
311.8 78.876579284668
312.0 3.44049835205078
312.9 60.2785873413086
314.9 184.476043701172
316.0 33.3907699584961
325.0 85.0737380981445
325.1 432.096496582031
326.0 30.6556434631348
326.1 22.6107311248779
326.2 49.2603034973145
326.8 20.0302352905273
332.7 14.5389976501465
332.9 14.1824893951416
334.9 33.2764320373535
344.9 25.9643249511719
346.9 32.3754730224609
347.1 29.2201194763184
348.2 19.771463394165
348.3 23.5321273803711
348.9 73.5016860961914
349.0 31.4708976745605
350.1 25.7595138549805
350.9 54.0461273193359
353.0 163.081314086914
355.0 28.9504547119141
362.9 53.0127487182617
366.2 3814.4970703125
367.2 1802.98547363281
368.0 62.6673965454102
368.1 346.9541015625
368.3 42.0474395751953
368.9 49.4225616455078
369.1 532.910461425781
370.0 35.2908706665039
370.2 109.798538208008
370.7 21.6424427032471
371.1 71.1153411865234
