#"+EI Scan (rt: 16.131-16.182 min, 9 scans) Iso4-10.D  Subtract "
#Point,X(Thompsons),Y(Counts)
40.1 353.939331054688
41.1 11444.1796875
42.1 30021.458984375
43.1 30991.8828125
44.1 31785.22265625
45.0 952.085266113281
48.9 2.03695392608643
49.0 45.7902069091797
50.0 500.072235107422
51.0 1222.21875
52.0 336.121795654297
52.1 322.499298095703
53.1 1529.85559082031
54.0 2115.51782226563
55.0 6422.04150390625
56.0 5456.26611328125
57.0 3669.67919921875
58.1 723.998840332031
60.1 114.853286743164
61.0 150.961273193359
61.9 72.3965148925781
62.0 178.124084472656
63.0 702.224975585938
64.0 232.248123168945
64.1 210.531372070313
65.0 3159.79931640625
66.0 401.354400634766
66.1 212.557708740234
67.0 5303.15380859375
68.0 6236.26171875
69.1 7572.15966796875
70.1 15096.322265625
71.0 16937.349609375
72.0 900.340209960938
74.0 179.724243164063
75.0 1630.53735351563
76.0 787.268249511719
77.0 7362.03515625
78.0 2250.5185546875
79.0 10945.9951171875
80.0 2690.33154296875
81.0 1088.7939453125
82.0 7181.06201171875
83.0 2915.64868164063
84.1 4567.32763671875
85.0 389.026733398438
85.1 148.843414306641
86.0 110.811058044434
86.9 90.0496139526367
87.8 23.2702713012695
87.9 91.5652160644531
88.2 20.4238414764404
89.0 1091.37707519531
90.0 1396.44006347656
91.0 11810.7939453125
92.0 2011.55212402344
93.0 751.429077148438
94.0 5132.9453125
95.0 12367.7333984375
96.1 36000.87109375
97.1 5585.92138671875
98.1 2431.72119140625
99.0 235.376754760742
99.1 30.2516174316406
100.0 504.188171386719
100.8 26.8895606994629
101.0 520.246337890625
101.2 20.4280071258545
102.0 2505.85546875
103.0 10889.3603515625
104.0 8419.23828125
105.1 61913.4140625
106.1 5926.19677734375
107.0 952.249206542969
108.0 962.272399902344
109.0 4818.87158203125
110.0 3719.1474609375
111.0 15040.5810546875
112.0 5119.1796875
113.0 1028.09387207031
114.0 152.955551147461
114.1 263.681579589844
115.0 1613.74243164063
116.0 1102.74584960938
117.0 3576.87426757813
118.0 2032.96936035156
119.0 790.085388183594
120.0 419.548461914063
120.1 22.016185760498
121.0 1067.51745605469
122.0 15123.36328125
123.0 4980.85546875
124.0 6152.35595703125
125.0 626.671081542969
125.8 23.6216316223145
125.9 37.7458190917969
126.0 178.958312988281
127.0 410.883636474609
128.0 965.512939453125
128.9 18.2136383056641
129.0 1215.76904296875
130.0 6578.2431640625
131.0 2822.19409179688
132.0 4434.96337890625
133.0 153.657043457031
133.0 1097.7255859375
134.1 4005.54638671875
135.0 4145.01513671875
136.0 19180.59765625
137.0 4661.4609375
138.0 2763.75390625
139.0 5186.162109375
140.0 577.486694335938
141.0 392.14501953125
141.9 85.0436706542969
142.1 235.705093383789
143.0 1128.28894042969
144.1 3430.34814453125
145.0 1110.95825195313
146.0 2015.56799316406
147.0 959.180847167969
148.1 12458.916015625
149.0 13246.3212890625
150.1 24637.564453125
151.0 4159.3134765625
152.0 1852.87231445313
153.0 568.091979980469
154.0 157.061935424805
154.1 438.020843505859
155.0 323.01123046875
156.0 695.233032226563
157.0 359.441162109375
158.1 1156.77514648438
158.2 572.269470214844
160.1 8981.908203125
161.0 2843.22265625
162.1 2818.79833984375
163.1 2778.01098632813
164.1 380939.9375
165.1 44420.640625
166.1 5032.10791015625
167.0 401.296264648438
167.9 49.6056365966797
168.0 252.098815917969
169.0 251.151916503906
169.9 207.029861450195
170.1 329.706604003906
171.0 1327.1328125
172.0 543.525573730469
173.0 187.832122802734
174.0 180.26904296875
174.1 247.774627685547
174.9 46.4295463562012
175.1 476.984222412109
175.2 22.6772212982178
176.1 10157.607421875
177.1 3120.23754882813
178.1 3138.22631835938
179.0 1086.31201171875
180.0 283.140808105469
180.1 125.757469177246
181.0 1480.91357421875
182.0 1916.91162109375
183.0 667.286254882813
184.1 5286.8427734375
185.1 5159.380859375
186.1 13157.818359375
187.1 4536.412109375
188.1 12559.5810546875
189.1 2194.01635742188
190.1 1056.685546875
191.0 798.365478515625
192.0 352.227722167969
192.1 40.4299774169922
193.0 124.080444335938
194.1 259.542419433594
196.0 277.227325439453
196.9 4.269775390625
197.9 114.390830993652
199.9 73.384880065918
200.9 40.449462890625
202.0 248.295669555664
202.1 55.8716163635254
202.9 189.12158203125
204.0 339.228729248047
204.1 145.745620727539
205.1 5965.2119140625
207.1 364357.40625
208.1 51417.6953125
209.1 4226.8955078125
210.1 48.028923034668
217.0 146.4150390625
218.0 947.750915527344
220.0 46.24365234375
222.0 86.4410705566406
222.2 36.7722396850586
224.0 56.0311431884766
225.0 158.072235107422
226.0 134.321807861328
227.0 19.8418579101563
228.0 5.572021484375
228.1 66.4316711425781
228.3 26.7128601074219
229.0 213.022705078125
230.0 157.558288574219
230.1 52.0217132568359
231.0 349.648681640625
231.1 620.107177734375
234.1 21880.2421875
235.0 3100.37255859375
236.0 43.9344787597656
240.0 216.753799438477
241.9 25.9199600219727
242.0 4.68506240844727
243.0 255.539855957031
243.9 73.6159515380859
244.1 20.0285377502441
245.0 44.6846313476563
246.0 110.854820251465
246.2 20.3308506011963
246.8 1.94294166564941
247.0 275.618072509766
248.0 146.801742553711
248.1 2597.18432617188
249.1 700.075012207031
249.7 18.7036724090576
249.8 22.7131576538086
250.0 40.5294036865234
250.1 50.8019332885742
250.2 42.1675338745117
253.0 333.66455078125
254.0 167.038681030273
254.1 22.3692512512207
254.9 76.9423751831055
255.7 16.8199653625488
256.0 12.413631439209
256.2 19.8157405853271
257.0 661.39453125
257.9 114.412742614746
258.1 10.0935945510864
258.2 37.2438507080078
259.1 661.836242675781
259.9 87.8087921142578
260.1 51.6335601806641
260.3 21.9986801147461
261.0 368.861755371094
261.1 193.789825439453
262.1 81.9551849365234
262.3 20.1432323455811
263.1 27.0964469909668
264.9 39.086669921875
266.9 88.9698181152344
268.2 73.6648559570313
269.0 189.338775634766
269.9 59.0740814208984
270.2 11.0654926300049
270.9 33.0877685546875
271.8 21.1652984619141
272.1 77.8350524902344
273.9 145.295196533203
274.2 84.8323516845703
275.0 3113.31201171875
277.2 648930.625
278.2 121377.1953125
279.2 12302.67578125
280.1 922.678100585938
281.0 62.0521240234375
282.0 22.6028442382813
282.1 92.1083297729492
282.9 39.442268371582
285.9 27.3663330078125
287.0 102.781173706055
289.0 24.75048828125
290.0 30.6920318603516
291.0 18.91259765625
291.9 4.31837177276611
292.0 4.59706115722656
295.0 114.554321289063
296.0 362.739562988281
296.1 109.275115966797
297.0 3680.47827148438
298.0 715.335021972656
299.0 305.764556884766
299.7 14.6751642227173
300.1 38.2253341674805
300.8 43.3951148986816
302.8 8.4437141418457
303.0 20.3679656982422
304.8 17.9907836914063
306.9 3.22040224075317
307.0 16.5147323608398
308.0 44.5319442749023
308.9 53.0280609130859
310.9 97.6066741943359
312.0 59.0305480957031
312.8 17.9584293365479
312.9 27.7726707458496
313.1 19.7253665924072
314.9 147.816925048828
315.6 17.197244644165
315.9 35.1257820129395
325.1 286.068023681641
325.2 46.9081993103027
326.1 40.8946990966797
330.8 2.95268869400024
331.0 21.1044120788574
333.0 31.1830425262451
347.0 17.0796718597412
348.1 40.0803871154785
348.6 25.4502258300781
348.8 37.0270576477051
351.0 98.8639602661133
352.9 113.510559082031
353.0 29.5490112304688
365.1 19.3212451934814
366.2 2995.75732421875
367.1 274.619567871094
367.2 1058.44360351563
368.0 24.9556999206543
368.1 281.941925048828
369.2 372.483612060547
370.1 23.3659286499023
370.2 22.4648494720459
370.8 15.9987440109253
371.1 20.9501419067383
