#"+EI Scan (rt: 2.610-2.680 min, 13 scans) CM1-1-7.D  Subtract "
#Point,X(Thompsons),Y(Counts)
40.1 74.6429901123047
41.0 1101.58740234375
42.1 4141.52392578125
43.0 11366.6123046875
44.0 971.705810546875
44.9 14.7396507263184
45.1 29.8607749938965
49.9 7.74243545532227
50.0 675.482238769531
50.9 19.7793502807617
51.0 2744.7431640625
52.0 707.108337402344
52.9 36.9725570678711
53.0 1201.44226074219
54.0 1590.25280761719
55.0 4784.44970703125
56.1 6900.896484375
56.9 14.2736358642578
57.1 3854.26977539063
58.0 262.727905273438
58.9 16.6106224060059
59.9 12.6634216308594
60.8 39.7765769958496
61.9 20.5729141235352
62.0 198.084320068359
62.1 27.9493789672852
62.9 31.7505626678467
63.0 876.252990722656
63.9 18.804759979248
64.0 889.358459472656
64.9 35.4198112487793
65.0 2442.72973632813
65.9 62.1984596252441
66.0 953.445678710938
67.0 139.39338684082
67.0 800.430541992188
68.0 9666.6025390625
69.0 794.974670410156
69.8 15.9440393447876
70.0 166.0732421875
70.1 155.163375854492
71.0 73.3729629516602
73.0 40.5472946166992
73.1 13.01988697052
73.9 19.9113731384277
74.0 257.609191894531
74.9 105.751655578613
75.0 222.91667175293
75.8 33.2130889892578
76.0 91.5222702026367
76.1 540.566467285156
77.0 10288.7568359375
78.0 1583.21850585938
79.0 556.114074707031
80.0 1606.912109375
81.0 136.608551025391
81.1 423.984130859375
81.3 51.2521438598633
82.1 19644.43359375
83.1 18000.59765625
84.1 7546.2470703125
85.0 612.735900878906
85.1 88.7826232910156
85.9 15.568211555481
87.7 15.9971351623535
88.0 17.5260944366455
88.8 12.0465278625488
89.0 409.270233154297
89.2 39.0908164978027
89.9 22.7994976043701
90.1 470.365570068359
90.9 207.581130981445
91.0 3504.11865234375
92.0 1638.04418945313
93.0 11980.23046875
93.9 203.854888916016
94.0 1678.97290039063
94.2 14.1950283050537
95.0 155.847457885742
95.1 144.450607299805
95.7 9.32035160064697
95.9 116.337509155273
96.9 73.1177673339844
97.1 27.9908027648926
97.2 6.89756393432617
98.0 60.9025382995605
98.2 58.5604438781738
101.0 13.2583351135254
101.8 12.2930908203125
102.0 106.878746032715
102.1 42.6076431274414
102.9 118.448944091797
103.0 544.397155761719
103.1 19.3826503753662
104.0 2562.4814453125
104.8 8.34608459472656
105.0 503.374206542969
105.1 81.6345520019531
105.9 30.046760559082
106.0 1534.865234375
106.9 45.0762405395508
107.0 171.894515991211
108.2 12.8342657089233
109.0 9.97331047058105
109.1 15.0538320541382
110.9 7.49916744232178
112.9 213.725204467773
113.1 413.689971923828
113.9 83.9625091552734
114.1 55.155216217041
114.9 88.5440979003906
115.0 173.620208740234
115.1 135.354385375977
116.0 307.163635253906
116.1 108.397941589355
116.9 268.809204101563
117.0 2073.82836914063
118.0 8132.21484375
118.2 146.621658325195
118.9 180.997543334961
119.1 2722.66259765625
120.1 8018.2607421875
120.9 110.536140441895
121.0 586.868103027344
121.1 61.4948997497559
124.9 12.4500389099121
125.2 12.6375274658203
126.8 23.5250511169434
127.0 138.755233764648
127.0 184.424713134766
127.2 13.2541942596436
127.8 27.6946716308594
127.9 51.2146186828613
128.1 128.751037597656
128.2 39.7538986206055
128.9 36.7630462646484
129.0 60.9443740844727
129.1 78.8530578613281
130.0 2050.20922851563
130.2 41.3122711181641
131.0 889.770263671875
131.2 15.1346454620361
132.0 120.807823181152
132.1 3639.83374023438
133.0 1234.78723144531
134.0 417.877105712891
134.1 312.877716064453
134.9 17.5254669189453
135.0 1426.82214355469
136.1 3312.53002929688
137.0 493.16455078125
138.0 12.3295307159424
141.0 11.3020677566528
141.1 11.5548248291016
142.0 336.404357910156
142.1 24.7404689788818
142.9 102.413848876953
143.0 99.4088134765625
143.1 26.0837669372559
143.9 52.4853782653809
144.1 606.463684082031
145.0 258.412567138672
145.1 247.180191040039
146.1 2822.65966796875
147.0 1355.74914550781
147.9 37.6821136474609
148.0 62.0481948852539
148.9 16.8580894470215
154.9 44.4781265258789
155.9 87.5046463012695
156.9 74.9935607910156
157.1 12.0180044174194
157.2 12.7556972503662
158.0 323.791564941406
158.1 814.017517089844
159.1 7460.32666015625
160.0 254.441543579102
160.1 995.151794433594
160.9 65.9218139648438
161.0 128.075119018555
161.2 18.7841663360596
161.9 125.737289428711
162.0 94.0138244628906
162.1 47.0743141174316
163.0 27.7781505584717
170.7 12.5466299057007
170.9 87.2524108886719
171.0 19.6524848937988
171.1 45.1905479431152
172.1 63.2338027954102
172.8 37.3563003540039
173.0 108.509330749512
173.2 13.8482055664063
173.8 45.9646453857422
174.1 343.76220703125
174.2 14.6328182220459
175.1 11586.466796875
176.1 1581.69775390625
177.0 58.5851097106934
185.0 36.4658546447754
186.8 53.1675872802734
187.9 64.0042495727539
188.0 49.4230308532715
189.0 532.046203613281
189.1 159.710357666016
190.0 108.067802429199
190.2 26.5888786315918
198.9 82.259147644043
199.9 46.151554107666
200.0 127.610038757324
200.1 49.1059951782227
201.0 59.0027198791504
203.2 13.0729303359985
206.9 11.4012451171875
210.8 2.71148490905762
214.8 94.0237274169922
215.1 7.99822044372559
217.0 30.8314800262451
218.0 51.8200759887695
218.1 459.621856689453
218.9 32.7514419555664
219.0 49.3823928833008
219.2 36.0208168029785
232.9 50.9572525024414
236.9 45.4783020019531
237.0 50.8346977233887
288.9 13.5444478988647
292.9 13.2896413803101
