#"+EI Scan (rt: 7.215-7.291 min, 14 scans) CM1-1-1.D  Subtract "
#Point,X(Thompsons),Y(Counts)
40.1 85.3759994506836
40.2 12.9717617034912
40.9 53.870246887207
41.0 145.095352172852
41.1 495.361602783203
42.1 4004.62353515625
43.0 314.156555175781
43.0 407.774139404297
43.8 35.178596496582
43.9 115.387245178223
44.0 81.6654815673828
45.0 336.750915527344
45.1 531.771789550781
49.9 105.667304992676
50.0 12.8704071044922
50.1 33.9367294311523
51.0 230.084503173828
51.0 435.068206787109
51.9 55.6988258361816
52.1 107.314437866211
52.2 14.9881734848022
52.9 59.4291801452637
53.0 826.568359375
54.0 379.780731201172
54.1 343.961212158203
54.9 24.7485446929932
55.0 1439.31909179688
56.0 2025.15588378906
57.0 8191.2109375
57.9 56.2263526916504
58.0 293.276153564453
59.0 3326.63989257813
59.9 89.7780151367188
61.9 32.3967781066895
63.0 180.335784912109
63.1 20.9252319335938
63.9 30.7658519744873
64.0 270.025604248047
64.9 43.4242744445801
65.0 672.711059570313
65.2 37.4022903442383
65.9 69.0317764282227
66.1 274.419219970703
66.8 25.1394100189209
67.0 226.271591186523
67.1 237.946685791016
68.0 456.050964355469
68.1 33.5370330810547
69.0 295.91552734375
69.1 69.7021102905273
69.9 253.281951904297
70.1 400.149261474609
70.9 45.5086517333984
71.0 153.46614074707
72.0 203.91259765625
72.1 41.7831039428711
72.9 34.8958473205566
73.0 28.9394397735596
73.9 137.859771728516
74.1 36.0932998657227
74.7 11.3408498764038
75.0 89.1929550170898
75.2 11.0995254516602
75.9 109.095397949219
76.1 158.891616821289
77.0 4984.818359375
77.9 201.213470458984
78.0 625.142211914063
78.2 14.9465827941895
78.9 181.228286743164
79.0 94.7545394897461
79.1 42.008861541748
80.0 1249.83325195313
81.0 545.317443847656
81.0 1163.07067871094
81.9 122.616416931152
82.1 1396.21862792969
83.0 99.7020645141602
83.1 238.494094848633
83.9 200.404159545898
84.1 1058.19470214844
84.8 11.1087427139282
85.0 313.341522216797
85.1 51.8720626831055
85.3 13.1249370574951
85.9 26.8422260284424
86.1 54.1719017028809
87.0 1023.77233886719
87.1 195.449447631836
88.0 199.841354370117
88.9 103.363746643066
89.0 51.3652687072754
89.9 76.443473815918
90.0 72.3705825805664
90.9 95.0231246948242
91.0 1331.01538085938
91.9 105.894950866699
92.0 277.723052978516
92.1 166.930694580078
93.0 2429.86499023438
93.9 44.3913459777832
94.0 2195.08642578125
94.9 44.566535949707
95.0 503.704681396484
96.0 3005.39575195313
96.9 223.027450561523
97.1 105.72607421875
97.2 13.2633619308472
97.9 32.4963989257813
98.1 43.4839096069336
99.0 47.8405265808105
99.1 24.0130653381348
99.9 38.7243881225586
100.0 235.820098876953
100.1 640.746154785156
100.9 17.4788093566895
101.0 32.7908821105957
101.2 46.7617263793945
101.9 43.9110298156738
102.0 17.0115184783936
102.9 32.4955978393555
103.0 419.888580322266
104.0 113.972915649414
104.0 768.256408691406
104.8 28.8958797454834
105.0 360.92578125
105.1 253.592254638672
105.8 11.6866388320923
106.0 894.658996582031
106.1 18.4432048797607
106.9 15.2433385848999
107.1 148.353866577148
108.0 874.095642089844
108.9 105.52938079834
109.0 260.604736328125
109.1 13.7817974090576
109.8 13.745509147644
110.0 312.364776611328
110.1 283.572265625
110.9 58.8823013305664
111.1 105.180488586426
111.9 136.06330871582
112.1 80.4030609130859
112.9 110.780151367188
113.0 2767.03149414063
114.0 784.637817382813
114.1 117.802780151367
114.9 70.2061920166016
115.0 319.956817626953
116.0 2173.4072265625
117.0 2273.93896484375
118.0 2690.513671875
118.1 405.658843994141
118.9 41.4870834350586
119.0 697.267028808594
120.0 317.299377441406
120.1 126.955215454102
120.8 18.8209266662598
121.8 85.4462203979492
122.0 139.607513427734
123.0 24.9941883087158
123.9 29.6908206939697
124.0 183.380523681641
124.2 23.0027561187744
124.8 26.1824607849121
124.9 23.1263790130615
125.0 70.3225860595703
125.9 66.2976455688477
126.0 568.978698730469
126.8 19.77099609375
126.9 65.1735229492188
127.1 71.907112121582
127.9 138.254837036133
128.0 407.605865478516
128.9 167.236602783203
129.0 103.769027709961
129.2 16.0119647979736
129.9 58.8153343200684
130.0 3797.44970703125
130.9 66.2282180786133
131.0 866.660949707031
131.9 50.4676513671875
132.0 1569.50170898438
133.0 237.873779296875
133.9 54.4420433044434
134.1 46.8017845153809
135.2 19.7085113525391
135.9 37.9394569396973
136.0 192.455062866211
136.2 31.0125942230225
137.0 183.642562866211
138.0 292.264343261719
138.1 323.036834716797
138.9 38.8776168823242
139.0 121.778633117676
139.1 26.6385650634766
140.0 446.504821777344
140.1 5599.46240234375
141.0 569.263671875
141.1 323.791168212891
142.1 5754.0673828125
143.1 2871.97509765625
143.9 51.2884635925293
144.1 1738.54919433594
145.0 284.670379638672
145.1 237.646835327148
145.9 57.4617385864258
146.1 2383.43237304688
147.0 217.027709960938
147.1 115.732177734375
147.9 54.2025680541992
148.0 26.8271007537842
148.3 11.8979368209839
148.9 270.050262451172
149.1 50.4718856811523
150.0 404.78173828125
150.1 206.957366943359
150.9 27.9262390136719
151.1 26.9791126251221
151.2 13.1762933731079
151.9 31.9438514709473
152.1 710.4580078125
153.1 662.502075195313
154.1 3898.77661132813
155.0 420.463531494141
155.1 290.970733642578
156.0 252.561309814453
156.1 406.535308837891
156.8 12.9102811813354
157.0 200.158325195313
157.1 75.045036315918
157.9 119.424331665039
158.0 1469.53784179688
158.2 88.835075378418
159.0 580.551330566406
159.1 199.057083129883
160.0 120.1806640625
162.0 55.9583625793457
162.2 15.4862928390503
162.8 30.8276195526123
163.9 26.568172454834
164.0 88.013053894043
165.1 38.2171821594238
165.9 67.555290222168
166.0 237.802261352539
166.1 925.086547851563
167.0 46.7667007446289
167.1 502.109375
168.1 30562.962890625
169.1 3462.03198242188
170.0 118.458923339844
170.1 349.446960449219
170.8 11.8424940109253
171.0 120.019111633301
171.1 113.756538391113
172.0 76.475700378418
172.1 92.9546508789063
173.0 175.997344970703
173.1 262.273132324219
174.0 59.879955291748
174.1 98.2808837890625
175.2 13.3042707443237
175.9 105.071083068848
176.1 47.9260482788086
176.9 158.921249389648
177.1 101.951042175293
177.2 70.9953460693359
178.0 677.439331054688
178.1 127.231651306152
179.0 26.8333225250244
179.1 15.9222021102905
179.9 25.640344619751
180.0 11.533805847168
182.2 12.5619878768921
183.0 36.5644798278809
183.1 27.634937286377
184.0 59.1074409484863
184.1 18.3626728057861
184.3 12.1857147216797
184.8 60.466796875
185.0 126.626136779785
185.2 40.7502784729004
185.3 11.2381219863892
185.8 32.0223999023438
186.0 421.899017333984
186.2 30.6238269805908
187.0 292.979583740234
187.1 3114.62646484375
188.0 54.2114524841309
188.1 503.7236328125
188.2 15.0793561935425
188.9 67.6118316650391
189.0 42.4105911254883
189.1 107.344436645508
190.0 202.760391235352
190.1 190.697265625
190.9 23.7904987335205
191.0 88.966682434082
193.8 15.5756883621216
193.9 91.6957855224609
194.1 35.5046195983887
195.0 211.834106445313
195.1 137.280242919922
195.9 19.2979907989502
196.0 196.423538208008
196.2 27.785982131958
197.0 257.379089355469
197.2 23.1457252502441
197.9 14.6277627944946
198.0 62.891300201416
199.0 198.110702514648
199.1 29.6957416534424
200.0 20.2092380523682
200.2 50.8173141479492
200.9 73.2121505737305
201.1 66.1904602050781
202.1 892.219787597656
203.0 81.3796615600586
203.1 20.7833671569824
203.9 12.1337509155273
204.0 93.8528823852539
207.2 23.77121925354
210.0 107.269821166992
210.0 130.286087036133
210.8 40.3697814941406
210.9 66.0896148681641
211.0 132.553787231445
212.1 15384.0625
213.0 40.6054039001465
213.1 1862.54467773438
214.0 173.368896484375
214.1 117.87663269043
215.0 209.129379272461
215.1 69.142333984375
215.2 20.5430183410645
215.7 17.6637153625488
215.9 25.6684589385986
216.0 103.145179748535
216.3 11.9824209213257
217.0 20.0183811187744
218.1 17.4730186462402
218.9 13.7402782440186
219.1 83.6591644287109
223.9 35.2988586425781
224.1 59.9470291137695
224.4 13.7198505401611
224.9 40.7339477539063
225.1 41.988151550293
226.1 3791.37451171875
227.1 16388.43359375
228.1 3573.35986328125
229.0 170.299179077148
229.1 391.45361328125
230.0 12.2138690948486
230.1 49.3572578430176
231.0 20.5345134735107
231.1 51.6458206176758
232.8 35.7223281860352
233.1 99.0784759521484
233.8 19.1162605285645
233.9 39.5234184265137
234.0 14.9083089828491
236.8 70.3571319580078
239.1 17.332857131958
240.0 13.6521778106689
242.9 58.3782043457031
243.0 198.175216674805
243.2 667.127075195313
244.1 184.904983520508
244.3 17.6389923095703
245.0 23.3482913970947
245.2 19.6361713409424
246.0 26.0186595916748
246.1 162.489730834961
246.9 25.0869750976563
247.1 518.078125
247.2 68.7191390991211
248.1 75.8726425170898
248.2 12.8388605117798
256.8 13.3205471038818
259.1 1043.85290527344
259.2 15.3952188491821
260.1 194.592544555664
260.8 14.9472141265869
261.1 486.33935546875
261.2 231.600997924805
262.1 63.6364669799805
262.2 14.6858806610107
269.0 41.1896629333496
271.2 15.9994459152222
271.9 52.4288673400879
272.0 99.1959381103516
273.0 11.7175731658936
273.9 29.3563442230225
274.1 94.2161254882813
274.3 13.0376262664795
274.8 17.0702304840088
275.0 127.920364379883
275.1 401.731964111328
275.3 140.489151000977
275.9 52.8624000549316
276.1 66.1090850830078
284.9 26.4284191131592
285.1 87.3515167236328
285.2 15.1846551895142
289.0 36.0081977844238
290.9 36.8403053283691
291.0 14.5584487915039
291.2 20.1986846923828
293.7 17.2823848724365
295.0 14.9604024887085
303.2 8001.859375
304.1 569.254821777344
304.2 1071.80603027344
305.0 76.1970138549805
305.1 84.5734481811523
305.2 42.0900382995605
317.1 441.975555419922
317.3 79.8725967407227
318.1 12.4957027435303
318.3 32.994556427002
319.1 249.862701416016
319.2 1288.9853515625
319.3 89.4601669311523
319.9 14.0191850662231
320.1 74.9423370361328
320.2 151.711013793945
320.3 61.7313003540039
321.1 13.2675609588623
321.2 13.6245260238647
345.1 91.5684585571289
345.2 47.7817039489746
347.1 12.4834842681885
376.1 22.5534019470215
376.2 42.001033782959
