#"+EI Scan (rt: 8.148-8.235 min, 16 scans) CM1-1-3.D  Subtract "
#Point,X(Thompsons),Y(Counts)
40.1 123.770729064941
41.1 2198.142578125
42.1 8865.396484375
43.0 488.866455078125
43.1 831.564880371094
44.0 2999.16235351563
45.0 44.5380020141602
45.1 23.241340637207
50.0 421.119873046875
50.1 96.4410858154297
51.0 2124.51049804688
51.9 163.191360473633
52.0 405.447479248047
52.8 12.6939687728882
53.0 601.659545898438
53.0 187.337738037109
54.0 167.057693481445
54.1 980.592956542969
54.2 37.8474731445313
55.0 19824.791015625
56.0 2210.49072265625
56.8 20.5040798187256
57.0 1063.99890136719
58.0 49.5948181152344
58.1 73.2362976074219
58.9 4.70987701416016
59.0 39.3202171325684
61.0 49.6341781616211
61.8 9.67393112182617
61.9 124.408866882324
62.1 143.627197265625
62.9 411.597747802734
63.0 591.824279785156
63.9 54.6043167114258
64.0 440.484588623047
64.1 129.958694458008
65.0 4730.685546875
66.0 350.472625732422
66.0 387.115112304688
66.3 15.7372922897339
67.0 1737.06359863281
67.9 84.6052017211914
68.0 538.225280761719
68.1 1369.17358398438
68.9 81.7317810058594
69.1 1536.279296875
69.2 17.1009883880615
70.0 905.897583007813
70.1 1630.470703125
71.0 279.966644287109
72.0 21.2532348632813
73.0 27.6770439147949
73.1 10.1428756713867
73.9 112.19221496582
74.1 62.6135711669922
74.9 70.2262725830078
75.0 172.543060302734
75.1 64.7773590087891
76.0 198.800735473633
76.1 417.467498779297
76.2 164.374694824219
77.0 13690.8046875
78.0 3025.06420898438
79.0 4154.26220703125
79.8 13.7236204147339
80.0 498.141448974609
80.1 480.247711181641
81.0 317.9140625
81.0 131.585693359375
81.2 9.70981407165527
81.9 32.5642280578613
82.0 1848.91101074219
83.0 257.771728515625
83.1 111.590621948242
84.0 301.578155517578
84.1 306.762420654297
84.9 13.6298818588257
85.0 48.3413429260254
88.9 100.737945556641
89.0 846.1357421875
89.1 195.468460083008
89.9 54.3994064331055
90.0 434.865447998047
90.2 368.146301269531
91.0 17001.337890625
91.9 42.0916213989258
92.0 2043.66528320313
93.0 258.348266601563
93.0 1842.28332519531
94.0 1859.31457519531
94.9 21.1517276763916
95.0 171.093383789063
95.1 932.453979492188
96.1 9478.267578125
97.0 57.6985282897949
97.1 1098.48522949219
97.9 21.6946792602539
98.0 306.586273193359
98.1 226.623031616211
99.1 10.6614894866943
100.8 16.0110645294189
101.0 61.2457008361816
101.9 21.7101554870605
102.0 282.484008789063
102.1 246.129791259766
103.1 4742.83447265625
103.9 107.480445861816
104.0 6149.7451171875
105.1 13534.044921875
106.0 2475.802734375
107.0 256.742248535156
107.1 29.6853542327881
108.0 134.44384765625
108.1 44.4290580749512
109.1 21.5930480957031
110.0 44.8367614746094
110.2 12.6241521835327
110.9 10.9535350799561
111.0 55.5080490112305
114.8 9.55412101745605
115.0 787.219482421875
115.1 43.3151435852051
116.0 229.015686035156
116.1 265.854156494141
117.0 2796.98291015625
118.0 4949.32080078125
119.0 324.001831054688
119.0 1189.75854492188
119.9 21.3068733215332
120.0 326.462463378906
120.1 466.159637451172
121.0 31.6301116943359
121.2 41.8011741638184
121.8 10.4910526275635
122.0 30.3318557739258
122.1 11.8636722564697
123.9 20.8566513061523
124.1 11.2133617401123
126.9 44.3194923400879
127.1 37.3516273498535
127.1 16.0734977722168
127.9 256.577270507813
128.1 230.401763916016
129.0 212.874801635742
129.1 183.632141113281
130.1 8653.1171875
131.0 1932.35754394531
131.1 2071.64868164063
132.1 5549.42529296875
132.1 2792.07739257813
133.0 715.762145996094
133.1 564.764404296875
133.8 10.1138143539429
134.0 269.562103271484
134.1 196.241973876953
135.0 51.636058807373
137.0 151.261672973633
137.9 38.7329902648926
138.1 28.2653274536133
138.3 10.922342300415
138.9 88.5218353271484
139.1 679.700744628906
139.2 9.71259689331055
139.9 9.94029521942139
140.0 25.6449432373047
140.8 41.3059501647949
141.0 65.4876174926758
141.8 41.3570899963379
142.0 17.9504852294922
142.1 9.98908996582031
142.9 110.218826293945
143.0 207.607040405273
143.2 52.4233627319336
144.0 765.589599609375
144.1 1094.28466796875
144.9 26.6314430236816
145.0 654.811706542969
145.2 269.8017578125
146.1 26329.2890625
147.1 3224.55517578125
148.0 410.606018066406
148.1 405.068450927734
148.8 22.3657379150391
149.1 27.244270324707
152.9 10.4138946533203
154.0 19.4590797424316
154.2 13.4793672561646
154.8 13.5819101333618
154.9 62.4001579284668
155.1 27.918004989624
155.9 27.3494606018066
156.0 267.312194824219
156.1 148.161163330078
156.8 47.0956420898438
157.0 159.805740356445
157.2 211.052383422852
158.0 112.192672729492
158.1 6507.1484375
159.0 283.20068359375
159.1 1029.50439453125
159.2 205.901092529297
160.0 861.479431152344
160.1 831.690185546875
161.0 58.9052810668945
161.1 209.521621704102
162.0 23.6275424957275
164.8 16.2663478851318
165.1 9.69142055511475
166.1 16.3662643432617
166.9 23.965461730957
167.1 61.184211730957
168.0 17.1639671325684
168.1 19.2007236480713
169.1 24.1852054595947
170.0 221.366485595703
170.1 82.2795562744141
171.0 46.1934471130371
171.1 55.6029167175293
172.0 274.419342041016
172.1 518.001037597656
172.9 64.4086532592773
173.1 300.392913818359
174.0 34.3095703125
174.1 9.73934936523438
180.9 12.1748933792114
181.1 15.9554920196533
181.9 26.2043514251709
182.1 59.4170112609863
182.2 11.8111619949341
183.0 27.7936553955078
184.0 294.992065429688
184.1 560.862915039063
184.9 30.8092041015625
185.0 242.474212646484
185.1 291.649597167969
186.1 833.601623535156
186.1 1124.24340820313
187.0 363.874206542969
187.1 1435.69897460938
188.1 384.057830810547
188.1 2098.5166015625
189.1 8376.3193359375
189.9 15.9247121810913
190.1 1162.62963867188
191.0 10.0068073272705
191.2 67.0893020629883
192.9 11.6640939712524
194.0 11.9251766204834
197.0 18.0115528106689
197.9 13.3265380859375
198.1 109.14998626709
198.2 24.2724323272705
198.7 11.0126390457153
199.0 14.7929496765137
199.1 250.458450317383
200.1 27554.470703125
201.1 4050.59106445313
202.0 211.781494140625
202.1 124.296157836914
203.0 24.2019653320313
207.1 9.77723217010498
210.9 35.5082893371582
211.0 8.56271362304688
214.0 304.725830078125
214.1 138.743743896484
215.0 242.567260742188
215.9 20.8545608520508
216.1 1.28064918518066
219.2 10.7855281829834
225.1 11.9496459960938
227.0 9.5708179473877
231.1 10.8915719985962
232.9 24.1291542053223
236.7 29.9658546447754
237.1 35.239128112793
238.9 10.7078104019165
239.7 11.2683897018433
239.9 10.8095712661743
240.6 13.1173534393311
240.9 27.9230499267578
241.1 70.8195266723633
241.2 108.71728515625
242.1 328.016632080078
243.2 66583.265625
244.2 11723.294921875
245.1 1093.64575195313
246.1 16.3496608734131
278.9 16.1960678100586
279.1 58.6401214599609
279.2 174.164886474609
279.3 11.2650699615479
280.1 12.6976127624512
288.7 10.0296955108643
292.7 12.1245641708374
332.1 54.8984680175781
333.1 9.76158618927002
