#"+EI Scan (rt: 8.148-8.235 min, 16 scans) CM1-1-2.D  Subtract "
#Point,X(Thompsons),Y(Counts)
40.1 165.736953735352
41.0 2319.35131835938
42.1 8821.119140625
43.0 1338.01086425781
44.1 3088.41552734375
45.0 89.1283264160156
49.9 279.649291992188
50.1 258.5859375
51.0 734.056030273438
51.0 1317.974609375
52.0 343.005310058594
52.1 253.474319458008
53.0 230.847259521484
53.0 348.559936523438
53.1 140.844970703125
53.9 19.327127456665
54.0 697.115234375
54.1 421.773284912109
55.0 19571.03515625
55.9 82.9941101074219
56.0 2036.61669921875
57.0 332.294921875
57.1 642.602600097656
57.2 11.8252353668213
58.0 84.9185638427734
58.2 12.7542161941528
58.9 98.9295654296875
61.0 18.5731830596924
61.9 208.100814819336
62.0 12.9717016220093
62.8 19.9748954772949
62.9 118.652053833008
63.0 836.975219726563
63.9 86.7240753173828
64.0 469.236663818359
64.1 27.479923248291
65.0 4504.3447265625
65.9 293.513397216797
66.0 336.849151611328
66.9 28.3890037536621
67.0 1705.54382324219
67.2 56.6339378356934
68.0 2140.60107421875
69.0 1716.76953125
70.1 2585.99536132813
71.0 195.855834960938
71.1 95.1641540527344
71.2 13.190749168396
72.1 11.7842826843262
72.8 10.4603128433228
72.9 19.9727783203125
73.1 12.5912981033325
73.9 106.612907409668
74.0 104.549201965332
74.1 11.0211086273193
74.9 56.6406784057617
75.0 196.374298095703
75.1 69.1510238647461
76.0 418.388763427734
76.1 273.703460693359
77.0 13653.5078125
78.0 2848.55737304688
79.0 4244.87109375
79.9 376.675384521484
80.0 575.5654296875
80.9 26.8512420654297
81.1 452.841583251953
81.8 11.100902557373
82.1 1648.10607910156
82.8 18.3790817260742
83.0 87.2102355957031
83.1 305.856628417969
83.9 24.8284912109375
84.0 354.776763916016
84.1 176.75178527832
84.2 55.8259124755859
84.8 11.3783912658691
85.0 89.6285171508789
85.1 24.6281700134277
86.0 25.7582473754883
86.8 10.1480131149292
87.0 10.1338272094727
88.4 10.7110824584961
88.9 81.2338943481445
89.0 954.780334472656
90.0 170.686325073242
90.1 654.496276855469
90.2 93.4823379516602
91.0 17537.1484375
91.9 34.933895111084
92.0 798.058349609375
92.1 1364.66552734375
93.0 2020.10766601563
93.8 9.90158748626709
94.0 320.059997558594
94.1 1331.67443847656
94.9 64.9666748046875
95.0 1120.45190429688
96.1 9316.7109375
97.0 996.580505371094
97.1 165.073669433594
97.9 114.319900512695
98.0 449.062377929688
98.1 94.4111785888672
101.1 63.3026504516602
101.9 15.9935665130615
102.0 504.885070800781
102.2 83.8378524780273
103.0 4772.39599609375
104.0 6318.2021484375
105.1 13127.8173828125
106.0 743.601989746094
106.1 1700.69689941406
106.9 69.353759765625
107.1 174.787551879883
108.0 115.23902130127
108.8 12.4291048049927
109.1 22.616096496582
110.0 18.2009696960449
110.2 14.6872043609619
111.0 29.7036399841309
111.2 22.056079864502
112.0 13.0792942047119
113.1 10.3267183303833
114.9 16.6428184509277
115.0 845.969970703125
115.9 80.8412017822266
116.1 500.136688232422
116.9 193.417266845703
117.0 2570.45678710938
117.1 87.9454956054688
117.9 64.2416229248047
118.0 5229.05517578125
119.0 1466.69079589844
119.2 86.107666015625
119.9 25.1822910308838
120.0 342.340667724609
120.1 434.567565917969
121.0 31.1812801361084
121.1 16.9833564758301
121.7 12.0408096313477
121.9 25.3116817474365
123.9 10.2092218399048
126.2 10.2633695602417
127.0 19.4995708465576
127.1 35.6732902526855
127.9 150.406463623047
128.0 400.697235107422
128.8 20.9511528015137
129.0 372.895660400391
130.0 8544.7734375
131.0 4222.2744140625
132.1 8411.787109375
132.9 12.9790391921997
133.0 350.651519775391
133.1 873.459777832031
133.2 13.7500734329224
133.9 36.8400268554688
134.0 419.866943359375
134.9 9.92512226104736
135.0 17.5096130371094
137.0 104.187858581543
137.9 45.4734954833984
138.1 68.334587097168
138.4 10.9105777740479
139.0 578.782531738281
139.1 244.868530273438
140.0 32.6248588562012
140.1 16.1831817626953
140.8 30.9417285919189
141.0 49.0975341796875
142.0 33.9639091491699
142.1 78.2981262207031
143.0 368.453765869141
143.1 113.92822265625
144.0 1770.58618164063
145.1 610.453979492188
145.2 435.658386230469
145.3 12.149847984314
146.1 26197.5703125
147.0 204.341918945313
147.1 3309.52001953125
147.9 190.455108642578
148.1 697.726318359375
149.0 77.0720367431641
149.1 43.5605888366699
151.0 9.41836929321289
153.9 33.3026657104492
154.1 12.1895847320557
154.8 14.7522983551025
154.9 14.5467500686646
155.0 39.0029258728027
155.9 205.506927490234
156.1 185.11637878418
156.2 14.2056703567505
156.9 31.5745544433594
157.0 202.34391784668
157.2 125.998077392578
158.1 6818.7314453125
159.0 646.86572265625
159.1 1075.94494628906
160.0 220.848052978516
160.1 1515.51782226563
161.0 143.379638671875
161.1 159.966064453125
161.3 13.864764213562
164.9 11.7836666107178
166.9 25.1129760742188
167.1 50.9380340576172
167.2 15.0228700637817
167.8 23.5005168914795
168.0 30.3544864654541
168.2 10.1880474090576
169.1 33.9503631591797
170.0 217.761520385742
170.2 29.2082214355469
171.0 82.1529388427734
171.1 77.2552795410156
171.9 73.4090042114258
172.1 820.712768554688
173.0 82.8617858886719
173.1 358.544189453125
174.0 12.4055862426758
179.8 9.7652530670166
180.1 10.592999458313
181.1 12.4580183029175
181.9 85.1434860229492
182.1 40.3708724975586
182.9 15.443699836731
183.0 27.6971168518066
184.0 547.999572753906
184.1 333.445861816406
184.9 68.6396026611328
185.1 336.882598876953
185.2 106.589920043945
186.1 1907.41613769531
187.1 1141.02722167969
187.1 697.0517578125
187.9 49.6457252502441
188.1 805.3544921875
188.1 1525.24914550781
188.2 45.3832931518555
189.1 8582.41015625
190.1 1272.82507324219
191.0 33.0095596313477
191.1 20.7536888122559
192.9 21.4703960418701
195.1 13.2644329071045
196.9 13.1074390411377
197.0 10.156210899353
197.8 27.5251865386963
198.0 84.981315612793
198.2 20.7028064727783
198.8 10.0310649871826
199.0 72.9548492431641
199.1 206.343307495117
200.1 27496.998046875
201.0 44.0500297546387
201.1 4091.2783203125
202.0 83.4109039306641
202.1 365.243957519531
207.8 10.5247554779053
211.0 76.6050033569336
213.1 9.9707088470459
214.0 310.694183349609
214.3 15.1632394790649
214.9 175.443756103516
215.0 148.720184326172
215.9 9.95623874664307
216.0 5.60881900787354
216.8 17.6704711914063
218.7 11.2113809585571
218.8 18.3773860931396
227.1 29.8636436462402
229.2 10.2945823669434
232.9 57.7321319580078
233.2 9.42519092559814
233.8 11.9639301300049
237.0 107.831550598145
241.0 165.773345947266
241.2 35.7237129211426
241.6 31.8612365722656
241.9 28.7530536651611
242.1 314.562683105469
243.1 67084.7734375
244.1 11451.9609375
245.1 137.143844604492
245.1 1019.67346191406
246.0 46.9827575683594
246.1 9.86929130554199
246.3 39.5019760131836
251.0 20.0263557434082
270.9 10.5155477523804
279.0 112.727355957031
279.2 209.133117675781
280.0 9.64487266540527
280.1 18.7869396209717
280.2 29.1668930053711
281.0 22.2892589569092
332.1 42.3530120849609
332.2 27.0756530761719
333.0 10.8810129165649
