#"+EI Scan (rt: 8.148-8.235 min, 16 scans) CM1-1-5.D  Subtract "
#Point,X(Thompsons),Y(Counts)
40.1 154.186889648438
41.0 2638.77612304688
42.1 10195.203125
43.0 1485.109375
44.0 3637.57348632813
44.9 46.6485176086426
45.1 35.0294647216797
49.9 54.8336563110352
50.0 577.087280273438
50.9 47.2458267211914
51.0 2225.10180664063
51.9 36.6563415527344
52.0 346.172088623047
52.1 326.966186523438
53.0 932.925720214844
53.9 21.4186592102051
54.1 1019.90783691406
54.2 151.56428527832
55.0 21851.333984375
56.0 2590.30322265625
56.9 69.2192764282227
57.0 845.498474121094
57.1 183.217803955078
57.8 39.1464538574219
57.9 151.859680175781
58.1 31.7572650909424
58.8 10.5562152862549
58.9 129.155426025391
59.1 52.0443496704102
60.7 21.3160209655762
60.9 12.7140369415283
61.0 44.4805603027344
61.1 10.0362224578857
61.8 29.883861541748
61.9 175.305358886719
62.0 86.7719268798828
62.9 348.666564941406
63.0 767.746276855469
63.9 382.211456298828
64.1 227.599899291992
65.0 5060.81982421875
66.0 326.009704589844
66.1 362.708129882813
67.0 523.34619140625
67.0 1386.06860351563
67.9 28.4735908508301
68.0 911.699401855469
68.1 1090.76721191406
69.0 1706.13830566406
70.1 2303.47387695313
70.1 300.460815429688
70.9 103.872825622559
71.1 139.934768676758
71.9 10.4743518829346
72.1 10.5827922821045
72.8 34.8685531616211
73.9 131.816787719727
74.0 115.831100463867
74.8 99.8673095703125
75.0 170.808563232422
75.1 64.1217346191406
75.9 150.630554199219
76.1 521.0185546875
76.2 35.1813049316406
77.0 13079.767578125
78.0 2999.59814453125
78.9 38.3120155334473
79.0 4245.5146484375
80.0 438.929077148438
80.1 524.75537109375
81.0 195.633865356445
81.1 187.898727416992
81.9 26.2387847900391
82.0 648.069519042969
82.1 1081.77575683594
82.9 54.9764022827148
83.0 339.692901611328
83.8 41.2813301086426
84.0 357.765869140625
84.0 241.046569824219
84.2 37.7991104125977
85.0 43.3835525512695
85.2 10.2428197860718
86.0 32.8092727661133
88.9 190.721389770508
89.0 1021.36358642578
89.9 26.0063762664795
90.1 906.7275390625
91.0 18270.708984375
91.2 186.93196105957
91.9 66.6878509521484
92.0 2105.10083007813
92.9 67.9099426269531
93.0 2169.0595703125
93.1 48.2329559326172
93.9 36.7699661254883
94.0 1731.90905761719
95.0 813.432434082031
95.1 420.576080322266
96.1 8982.8603515625
96.9 17.8376445770264
97.1 1094.77819824219
97.2 28.7909069061279
98.0 210.898315429688
98.1 400.307678222656
99.0 23.9208221435547
100.9 11.3438997268677
101.0 39.4336776733398
101.8 45.6193237304688
102.0 202.978485107422
102.1 354.165924072266
102.2 25.8532161712646
103.0 4558.04296875
104.0 2175.96337890625
104.1 3926.630859375
105.1 12856.552734375
105.9 54.2384490966797
106.0 2320.40454101563
106.9 46.6774444580078
107.0 192.665573120117
107.9 27.6923637390137
108.0 79.5011215209961
108.1 19.5952587127686
108.7 25.5633754730225
108.8 24.7650718688965
109.0 10.5341091156006
109.9 13.828441619873
110.0 59.36669921875
110.1 27.6452674865723
111.0 27.9653186798096
115.0 798.68701171875
115.1 44.2310829162598
115.9 39.3205947875977
116.0 220.528259277344
116.1 199.923034667969
117.0 651.179870605469
117.1 1941.68591308594
118.0 563.260864257813
118.0 4236.3232421875
118.9 37.8662643432617
119.0 1287.15380859375
119.1 175.319183349609
119.8 9.55033683776855
120.0 688.158569335938
120.1 20.4034309387207
120.3 12.164363861084
120.8 10.1112070083618
121.1 70.7616729736328
121.8 11.6264562606812
122.0 10.888388633728
123.0 12.0170154571533
124.0 13.3272848129272
126.9 37.1149253845215
127.1 31.3535308837891
127.9 447.924743652344
128.1 71.1665496826172
128.8 44.6050758361816
128.9 62.4049606323242
129.1 231.839981079102
129.2 73.8359680175781
129.9 113.297134399414
130.0 7768.69873046875
130.9 30.2806491851807
131.0 3492.31665039063
132.1 7480.46142578125
133.0 1110.158203125
133.2 19.4461421966553
133.8 22.0155830383301
134.0 205.530609130859
134.1 208.684219360352
136.9 134.665283203125
137.0 203.618133544922
137.2 23.9692802429199
138.0 36.0088844299316
138.1 39.8698348999023
138.9 72.5266342163086
139.0 715.126647949219
139.2 24.543981552124
139.9 9.98698425292969
140.1 48.1614685058594
140.8 26.1177177429199
141.0 12.0881004333496
141.7 9.53121757507324
141.9 13.7157793045044
142.1 87.9545288085938
142.9 56.7521820068359
143.0 409.779571533203
144.0 183.097427368164
144.1 1524.78588867188
145.0 326.679321289063
145.1 694.021423339844
146.1 22305.931640625
147.1 3013.73095703125
148.1 726.178649902344
148.1 94.1856842041016
149.0 45.5408325195313
153.0 10.3740558624268
153.9 10.033055305481
154.1 24.5083770751953
154.9 35.8480186462402
155.0 20.2690277099609
155.2 17.4831027984619
155.9 104.696380615234
156.0 298.967224121094
157.0 83.8821640014648
157.1 200.207443237305
158.0 2354.1474609375
158.1 3242.98583984375
159.1 1292.00268554688
160.0 18.201961517334
160.1 1526.990234375
160.9 62.4942474365234
161.0 50.6588363647461
161.1 111.348625183105
161.2 30.1485328674316
167.0 30.209529876709
168.0 73.2904357910156
168.2 14.088508605957
169.0 24.9791126251221
169.1 15.1281242370605
169.8 9.44058799743652
170.0 126.639457702637
170.0 105.335708618164
170.2 85.0141372680664
170.9 13.2327547073364
171.0 70.904052734375
172.0 687.511291503906
172.1 89.2535018920898
173.0 176.841751098633
173.1 159.082809448242
173.2 12.1019058227539
173.9 20.4054126739502
175.0 9.61696434020996
180.9 9.80286026000977
181.8 9.47124767303467
182.0 86.2593765258789
182.1 16.044942855835
182.9 26.1685905456543
183.1 16.7268657684326
184.0 172.831481933594
184.1 764.521606445313
184.2 13.9155731201172
185.0 15.0215148925781
185.1 501.375061035156
185.9 9.76833534240723
186.0 801.02783203125
186.1 945.944213867188
187.1 1441.64428710938
187.1 186.863204956055
187.9 18.2833499908447
188.1 1122.16162109375
188.1 1004.00115966797
189.1 6975.93310546875
190.1 628.116394042969
190.1 429.204833984375
191.1 9.65225410461426
191.2 13.0939350128174
196.9 10.2065362930298
197.9 28.5335445404053
198.1 105.516319274902
198.8 13.6637840270996
199.0 195.597503662109
199.2 62.8825988769531
200.1 23220.66015625
200.8 20.0684394836426
201.1 3357.36474609375
201.9 43.8211860656738
202.0 265.330688476563
202.2 32.744686126709
206.9 22.9135570526123
210.8 76.4850082397461
211.0 67.1994171142578
212.9 15.9047222137451
213.9 27.3997020721436
214.1 229.709228515625
214.2 57.9722595214844
214.9 153.24365234375
215.1 58.0783462524414
215.8 9.77605247497559
216.0 28.9802017211914
227.1 12.3777551651001
232.8 49.3237533569336
232.9 77.187385559082
236.8 45.3050994873047
240.8 10.3315896987915
241.0 107.19709777832
241.2 78.2086334228516
242.0 23.1039009094238
242.2 317.193206787109
243.1 57723.06640625
244.1 9963.630859375
245.0 143.830963134766
245.1 823.352905273438
246.1 11.0400276184082
278.9 17.0480442047119
279.1 223.501098632813
279.3 22.4089660644531
280.1 24.852819442749
332.0 9.70968532562256
332.1 27.38938331604
334.2 9.64338207244873
