#"+EI Scan (rt: 9.127-9.220 min, 17 scans) CM1-1-9.D  Subtract "
#Point,X(Thompsons),Y(Counts)
40.1 218.262603759766
40.2 50.4579277038574
41.1 6722.6259765625
42.1 9905.658203125
43.1 17984.62109375
44.1 6680.14794921875
44.9 34.1743659973145
45.0 168.793930053711
49.9 11.9245548248291
50.0 368.910278320313
51.0 850.294250488281
51.9 122.213928222656
52.1 242.02375793457
52.9 38.7520408630371
53.0 612.713134765625
53.9 131.327545166016
54.0 679.048034667969
54.2 38.3054504394531
54.9 97.2590179443359
55.0 2418.51489257813
56.0 1832.99328613281
56.9 53.8804893493652
57.0 1528.3525390625
57.9 21.9416179656982
58.1 176.450942993164
58.9 55.9436187744141
59.0 131.273910522461
59.1 31.8142166137695
60.8 13.6587066650391
61.9 38.3059120178223
62.0 113.16951751709
63.0 763.059020996094
64.0 128.156127929688
64.1 93.3577346801758
65.0 3247.29736328125
65.8 11.1907768249512
66.0 284.689483642578
67.0 768.29150390625
67.1 999.281921386719
67.9 32.4567794799805
68.0 2722.70825195313
68.9 23.1117382049561
69.0 1978.01403808594
69.1 940.177795410156
70.1 4603.90576171875
71.1 11132.4560546875
72.0 237.74365234375
72.1 361.720153808594
72.3 10.0876302719116
72.8 22.575813293457
73.9 135.106185913086
74.1 94.6765441894531
74.8 27.0225238800049
75.0 1633.46716308594
75.9 104.505172729492
76.0 193.911972045898
76.1 86.3122024536133
77.0 4672.31884765625
77.9 82.6890258789063
78.0 429.594909667969
78.0 1200.93505859375
79.0 99.7369995117188
79.0 4183.97900390625
79.9 264.574005126953
80.0 752.818603515625
80.2 45.2414131164551
81.0 337.974548339844
81.1 182.87890625
81.9 134.604080200195
82.0 2486.1064453125
83.0 845.476318359375
83.1 816.028747558594
83.8 18.6202793121338
84.0 1149.38781738281
85.0 77.7443389892578
85.1 55.4561462402344
86.8 9.08130931854248
88.0 10.6724233627319
88.9 279.279052734375
89.0 601.083190917969
89.8 25.9811420440674
89.9 133.842346191406
90.1 270.469848632813
90.2 141.461837768555
91.1 14493.2744140625
92.0 842.732482910156
92.1 674.257019042969
92.9 102.612953186035
93.0 188.207138061523
93.1 92.815803527832
93.3 21.7249774932861
93.9 123.530471801758
94.0 1459.23620605469
95.0 8287.517578125
96.1 10874.6865234375
97.1 1847.43762207031
98.0 392.024291992188
98.1 100.676635742188
99.9 36.6092948913574
100.1 11.1179351806641
100.2 14.7717542648315
100.9 96.7620468139648
101.1 104.93196105957
102.0 590.69677734375
103.0 4548.53759765625
103.2 69.8390350341797
104.0 970.528015136719
104.1 1572.29187011719
105.1 15784.4248046875
106.0 1457.3193359375
106.9 155.117370605469
107.1 159.916412353516
107.9 22.8766269683838
108.0 333.540557861328
108.2 32.4899597167969
108.9 42.4906768798828
109.0 3035.43041992188
109.9 40.4477043151855
110.0 1382.65063476563
110.2 17.1819362640381
111.0 3380.7890625
112.0 459.131652832031
112.1 368.223876953125
112.3 14.9787664413452
112.9 24.7067108154297
113.0 51.5820732116699
113.2 20.246862411499
115.0 362.721099853516
115.1 134.230743408203
115.2 11.2924709320068
115.8 38.530143737793
116.0 141.330444335938
116.1 68.2753219604492
117.0 595.475830078125
117.1 365.099578857422
118.0 218.940628051758
118.1 90.5526580810547
118.8 18.7726287841797
119.9 41.2026481628418
120.2 9.82429981231689
120.9 274.530578613281
121.0 323.378295898438
121.1 116.150955200195
122.0 5959.166015625
122.9 19.3639984130859
123.0 2095.03833007813
124.0 1483.6865234375
125.0 121.115707397461
127.1 11.154598236084
127.7 11.9872541427612
127.9 179.084838867188
128.1 61.494945526123
128.9 96.5378570556641
129.0 170.922836303711
129.9 142.801391601563
130.0 1658.1572265625
130.1 24.1306228637695
130.9 202.513061523438
131.0 350.063385009766
131.2 31.5992431640625
132.0 436.06396484375
132.1 507.643493652344
132.2 35.959400177002
132.9 228.613845825195
133.1 84.5333557128906
133.9 101.319358825684
134.1 676.729431152344
135.0 1286.17504882813
135.1 749.698364257813
136.0 5418.50634765625
137.0 3020.0546875
137.9 54.9363746643066
138.0 871.250610351563
139.0 393.520355224609
139.0 754.828430175781
139.8 13.6050910949707
139.9 27.8014659881592
140.1 63.6948318481445
140.2 17.9014091491699
140.9 55.1761169433594
141.1 81.0763320922852
142.1 14.6966400146484
142.9 96.062255859375
143.0 22.627311706543
143.2 19.2165565490723
143.9 170.95654296875
144.0 282.075866699219
144.2 14.7980804443359
144.9 46.4494781494141
145.0 97.2961502075195
145.2 19.1786499023438
145.9 63.9574203491211
146.0 157.971221923828
146.1 223.710830688477
147.0 105.122192382813
147.1 109.438804626465
148.1 6546.02734375
148.9 97.8792037963867
149.1 5165.38134765625
149.2 70.2897338867188
150.1 8328.208984375
151.0 1177.7255859375
151.1 176.855010986328
152.0 344.831634521484
152.1 101.978378295898
152.9 42.1125144958496
153.0 56.2328758239746
153.9 44.1748733520508
155.0 49.3407707214355
155.1 46.9384613037109
155.9 18.5043125152588
156.0 147.928588867188
156.2 14.2233037948608
157.0 9.86709785461426
158.0 86.9525604248047
158.0 258.115081787109
158.8 32.645622253418
158.9 113.186058044434
159.1 117.11595916748
159.9 84.0021591186523
160.1 1436.61901855469
160.9 27.0470809936523
161.0 165.964721679688
161.1 203.558364868164
161.2 19.3403759002686
162.0 1014.55859375
162.2 29.6918334960938
162.9 19.2037181854248
163.0 931.645446777344
163.1 304.711273193359
164.1 36479.05078125
165.1 4259.5029296875
165.9 25.3478775024414
166.0 389.076416015625
166.1 186.297409057617
166.9 32.1887512207031
167.0 33.1488342285156
168.1 33.8562965393066
170.0 14.6889066696167
170.0 46.2221450805664
172.0 12.2787952423096
173.0 9.12629222869873
173.8 10.6820287704468
173.9 40.3469581604004
174.1 60.809024810791
174.8 85.7070999145508
175.0 84.276741027832
175.8 17.5055809020996
176.0 791.794494628906
176.1 823.868225097656
177.0 963.044311523438
177.1 168.52360534668
178.0 272.426940917969
178.1 301.152282714844
178.9 23.686014175415
179.0 94.5237579345703
179.2 39.8962440490723
180.9 47.1403732299805
181.1 234.556594848633
181.9 110.891624450684
182.1 255.110382080078
182.9 11.5211229324341
183.0 38.2618942260742
183.1 11.9858474731445
183.9 33.0965728759766
184.0 275.442321777344
184.1 425.794952392578
184.9 16.4749927520752
185.0 131.711563110352
185.1 305.026580810547
186.1 2137.58325195313
186.9 14.3602638244629
187.0 349.851043701172
187.2 233.746658325195
188.0 29.8306121826172
188.1 2383.80249023438
189.0 116.856903076172
189.1 255.848205566406
189.2 33.2029991149902
190.0 136.12419128418
190.1 37.7426681518555
190.9 27.2582054138184
191.0 438.434997558594
191.1 53.4982299804688
191.8 21.7823448181152
192.0 72.7954635620117
193.1 24.0709552764893
202.8 13.5387201309204
203.0 43.9812698364258
203.2 9.637526512146
203.9 9.06756782531738
204.1 53.8032112121582
204.2 11.0587921142578
204.3 18.0730113983154
205.0 170.590957641602
205.1 1306.1806640625
206.0 178.827850341797
206.1 1620.63879394531
206.2 105.718284606934
207.1 22161.974609375
208.1 3145.17333984375
209.0 31.8369426727295
209.1 67.468879699707
209.2 46.7957382202148
210.8 65.083854675293
211.0 12.9223947525024
211.9 9.5629825592041
212.9 12.2678985595703
214.9 180.567520141602
215.8 37.1671562194824
215.9 31.2966022491455
217.0 48.879581451416
218.1 29.2922134399414
218.8 42.1963233947754
219.2 12.023006439209
230.8 10.7022466659546
231.0 113.492210388184
231.1 11.4635982513428
231.2 34.7215576171875
232.0 80.1584243774414
232.8 32.313404083252
233.1 52.5582008361816
234.0 95.4902496337891
234.1 3774.27075195313
234.9 40.215030670166
235.1 385.354461669922
235.2 250.19465637207
236.0 9.05171489715576
236.1 37.0522804260254
236.7 9.57191371917725
236.9 105.508964538574
247.1 10.160816192627
248.1 318.520111083984
248.2 110.889808654785
249.0 27.8122520446777
249.1 41.1405067443848
259.0 10.0306940078735
259.2 10.278018951416
273.1 9.33859252929688
274.9 9.87881755828857
275.0 45.1783294677734
275.2 18.7045726776123
275.9 12.6773653030396
276.0 19.2537231445313
276.2 187.934295654297
277.2 63505.33203125
278.2 11369.46484375
279.0 58.4352684020996
279.2 926.281677246094
279.3 177.429916381836
280.2 35.5875930786133
280.3 9.43110084533691
288.9 29.6118316650391
297.1 103.494804382324
297.2 59.9078102111816
298.0 9.00597095489502
325.1 11.4913349151611
325.2 10.8737869262695
366.0 10.5228109359741
366.1 61.6147613525391
366.3 43.963020324707
367.1 12.4615211486816
