#"+EI Scan (rt: 9.127-9.220 min, 17 scans) CM1-1-6.D  Subtract "
#Point,X(Thompsons),Y(Counts)
40.1 194.099212646484
41.1 7434.8515625
42.1 11004.7119140625
43.1 18648.580078125
44.1 7168.9853515625
44.9 30.5958042144775
45.0 153.152313232422
45.1 23.2312984466553
49.9 99.020393371582
50.0 270.105895996094
50.2 30.8594532012939
51.0 374.7060546875
51.0 507.188018798828
51.9 90.9100494384766
52.0 128.445281982422
52.1 173.093353271484
53.0 671.736511230469
53.1 44.9221839904785
54.0 322.238037109375
54.0 683.084899902344
55.0 2568.35278320313
55.9 52.5989189147949
56.0 1879.77160644531
57.0 1321.72473144531
57.1 310.317565917969
58.0 139.834854125977
58.1 25.5753612518311
58.8 2.26518058776855
58.9 99.9104080200195
59.0 50.589225769043
60.9 34.5082588195801
61.8 29.1878643035889
61.9 109.102043151855
62.1 77.6838531494141
62.9 53.7910118103027
63.0 760.57421875
63.9 106.598999023438
64.1 160.378845214844
64.3 8.867506980896
64.9 64.997428894043
65.0 3137.86962890625
65.9 171.026245117188
66.1 212.998962402344
67.0 690.537109375
67.1 957.435913085938
68.0 2816.38134765625
69.0 80.6496810913086
69.0 2840.56030273438
70.1 4677.63720703125
71.1 12258.314453125
71.9 143.466842651367
72.0 426.48779296875
72.1 79.0843811035156
72.9 29.4345302581787
73.0 34.7731018066406
73.1 46.745433807373
73.9 89.7397003173828
74.0 127.09300994873
74.8 56.4274291992188
75.0 1528.44250488281
75.7 13.2264986038208
75.8 11.2667083740234
75.9 165.335540771484
76.0 222.293930053711
76.2 9.0501070022583
77.0 4417.88818359375
78.0 1344.02233886719
78.1 401.949768066406
78.9 64.3003387451172
79.0 3817.8212890625
79.9 341.639190673828
80.0 675.122680664063
80.9 210.285217285156
81.0 281.083038330078
81.1 70.5692749023438
81.9 29.8059959411621
82.0 2470.55786132813
83.0 1326.13049316406
83.1 259.799957275391
83.9 59.9260749816895
84.0 926.989685058594
84.2 89.948600769043
84.9 119.292442321777
85.2 12.9927349090576
86.0 10.8372840881348
88.0 21.5706844329834
88.2 11.8577785491943
89.0 955.002990722656
89.1 40.510684967041
90.0 336.255554199219
90.1 263.694793701172
91.0 15881.298828125
92.0 241.493286132813
92.1 1317.92016601563
92.8 10.4575119018555
93.0 137.501678466797
93.1 270.146667480469
93.2 38.2077865600586
94.0 562.057739257813
94.1 969.375122070313
95.0 7783.3154296875
96.1 10085.5712890625
97.0 610.823669433594
97.1 1208.86462402344
98.0 496.088226318359
98.1 84.0150756835938
98.9 18.7452564239502
100.0 24.9598846435547
100.1 22.3052768707275
100.8 50.8819427490234
101.0 141.95849609375
101.1 12.471718788147
101.9 101.974044799805
102.0 302.555725097656
102.2 119.182685852051
102.3 12.3937587738037
102.9 164.549438476563
103.0 4023.916015625
104.0 1142.02600097656
104.1 1224.78601074219
105.1 14586.4970703125
106.0 1269.50415039063
106.1 28.4070796966553
106.9 85.2721405029297
107.1 251.700775146484
107.9 181.959716796875
108.0 160.091400146484
108.1 74.4398956298828
109.0 2958.27026367188
109.1 48.275089263916
110.0 1106.20166015625
110.1 300.608978271484
111.0 3496.15551757813
112.0 259.121520996094
112.0 400.977600097656
112.1 128.959197998047
112.9 38.1587181091309
113.0 55.127799987793
113.2 17.2391510009766
114.0 9.59032726287842
114.8 40.6997222900391
114.9 123.560935974121
115.0 351.446105957031
115.7 18.0402431488037
116.0 162.494018554688
116.1 63.494873046875
116.8 15.9022016525269
117.0 240.931945800781
117.0 743.213317871094
118.0 149.752716064453
118.1 50.5684509277344
119.0 35.4117584228516
119.1 10.4604711532593
119.9 41.6849517822266
120.8 14.5571899414063
121.0 409.446075439453
121.1 163.39045715332
122.0 5214.28515625
123.0 1236.98950195313
123.1 712.056274414063
123.9 41.2809143066406
124.0 815.605529785156
124.1 544.270629882813
124.8 12.8146991729736
124.9 70.7855529785156
125.2 12.5854167938232
126.9 20.111442565918
127.0 31.721981048584
127.9 64.1468048095703
128.0 58.6482429504395
128.1 59.9482765197754
128.9 156.609848022461
129.1 67.5335311889648
130.0 1139.60095214844
130.1 582.845031738281
130.8 11.1750688552856
131.0 411.555389404297
131.1 39.4337501525879
132.0 779.723266601563
132.8 40.9603614807129
132.9 122.175956726074
133.0 154.249649047852
133.2 17.4678211212158
133.9 59.6748199462891
134.0 558.563354492188
134.1 116.813819885254
134.3 17.4336204528809
134.9 226.808532714844
135.0 1422.81079101563
136.0 4601.46533203125
137.0 1257.10095214844
137.1 1400.72973632813
137.8 14.3909330368042
138.0 1025.95544433594
139.0 1098.22790527344
139.2 23.9768047332764
139.9 21.105167388916
140.0 64.8297348022461
140.9 55.3498878479004
141.1 59.2254219055176
141.7 9.63843727111816
142.8 12.4739713668823
143.0 27.724946975708
143.1 75.415283203125
144.0 307.479644775391
144.1 145.370391845703
145.0 104.62215423584
145.2 25.864465713501
145.9 199.58171081543
146.1 196.874145507813
146.9 17.2799587249756
147.0 116.699890136719
147.2 12.5834970474243
148.0 1096.01428222656
148.1 4876.19091796875
149.0 4485.03271484375
150.1 6871.076171875
151.0 1312.18920898438
152.0 191.62385559082
152.1 182.723297119141
152.9 19.6766357421875
153.0 73.5059204101563
153.2 9.59383392333984
154.0 37.630500793457
154.1 32.5711059570313
155.0 116.544769287109
155.8 40.1297149658203
156.0 18.0238609313965
156.1 112.353652954102
157.0 9.87573719024658
157.9 32.876651763916
158.0 106.097839355469
158.2 110.21467590332
158.9 46.8003082275391
159.0 123.430679321289
159.1 36.9579963684082
160.0 701.543029785156
160.1 723.966918945313
160.8 11.3959255218506
161.0 223.22265625
161.2 113.701370239258
161.9 18.0355567932129
162.0 64.811637878418
162.1 826.316345214844
162.9 118.821258544922
163.1 1023.48413085938
164.1 30093.228515625
164.9 24.8544387817383
165.1 3351.001953125
165.9 184.524551391602
166.0 259.835479736328
166.7 11.0033082962036
166.9 23.2531337738037
170.0 12.529200553894
170.1 30.8245697021484
172.0 44.9098205566406
174.0 163.018829345703
174.8 71.1797180175781
175.0 20.0562572479248
175.1 55.1783409118652
175.2 11.1977005004883
176.0 248.934371948242
176.0 983.798278808594
176.2 17.4120597839355
177.0 408.625122070313
177.1 453.333953857422
178.0 293.40625
178.1 190.580963134766
178.7 11.5247659683228
178.9 49.2917785644531
179.2 11.9226760864258
179.9 9.30609893798828
180.9 87.9156112670898
181.1 197.722320556641
182.0 204.888305664063
182.1 121.582847595215
183.0 41.2792282104492
184.0 262.832092285156
184.1 455.11962890625
184.2 55.8218116760254
185.0 106.254837036133
185.1 389.228179931641
186.1 1944.25524902344
187.0 174.996017456055
187.1 323.19677734375
187.2 104.338447570801
187.9 24.6620540618896
188.1 1524.76403808594
188.2 493.899658203125
189.0 9.94690608978271
189.1 219.460418701172
189.2 66.7732543945313
189.8 18.8496894836426
190.0 26.6022663116455
190.1 121.3603515625
190.9 55.3569030761719
191.0 302.305633544922
191.1 45.1589736938477
191.9 12.7252426147461
192.1 22.4010353088379
193.1 28.7274971008301
200.9 23.8730411529541
201.9 11.9869995117188
202.9 10.5345544815063
203.1 9.26494789123535
203.9 21.4491672515869
204.0 44.2125968933105
204.4 9.97188758850098
204.9 53.6397094726563
205.1 1366.17541503906
205.9 18.4163761138916
206.1 1139.3056640625
206.2 601.04443359375
207.1 17271.8203125
208.0 205.082626342773
208.1 2386.34838867188
209.0 76.7700958251953
209.0 59.9501609802246
209.1 40.555477142334
211.0 23.2677116394043
214.9 41.9307861328125
215.0 47.6461563110352
215.9 9.72469711303711
216.2 9.00745391845703
217.0 21.9873580932617
218.1 13.7826805114746
218.2 11.4701623916626
218.7 9.7706413269043
218.8 6.71413421630859
219.0 5.14130258560181
231.1 98.8532943725586
231.2 9.25602531433105
231.8 12.207106590271
232.9 41.3813896179199
233.0 80.4204559326172
233.1 8.25381278991699
234.1 3341.046875
235.0 82.9213485717773
235.1 314.476928710938
235.2 151.066741943359
236.8 10.0330333709717
237.0 35.6213684082031
247.1 13.5754814147949
248.0 55.6370658874512
248.2 261.567321777344
249.0 17.2950401306152
249.2 9.25723266601563
259.2 11.5314044952393
261.2 9.40786743164063
269.0 10.1627931594849
274.1 9.36143398284912
274.3 10.7045764923096
274.9 9.72776794433594
275.0 41.1485595703125
275.1 47.7341079711914
275.3 39.9063568115234
276.0 83.4911575317383
276.2 156.856842041016
276.2 99.2354202270508
277.2 53491.16796875
278.2 9835.1083984375
279.0 41.5860214233398
279.2 829.739074707031
280.0 10.8846912384033
280.1 31.730318069458
296.9 23.6414203643799
297.0 74.6632461547852
297.2 47.8779296875
297.4 16.5904960632324
325.1 31.158411026001
366.1 11.5319480895996
366.3 60.2744369506836
367.1 25.1180152893066
367.2 15.2768640518188
