#"+EI Scan (rt: 11.895-12.006 min, 20 scans) CM1-1-3.D  Subtract "
#Point,X(Thompsons),Y(Counts)
40.1 132.530014038086
40.1 29.3096981048584
40.9 26.6786346435547
41.1 3465.18041992188
42.0 1668.43005371094
42.1 243.49137878418
43.0 356.916931152344
43.2 28.1067867279053
44.0 408.903991699219
44.1 108.392524719238
49.9 56.8153762817383
50.0 101.851463317871
50.9 7.99162578582764
51.0 278.366119384766
51.1 241.915008544922
52.0 56.8717651367188
52.1 41.7063941955566
53.0 142.182968139648
53.0 209.114654541016
53.8 9.2000675201416
53.9 110.055442810059
54.1 96.3703689575195
54.2 7.78198862075806
55.0 315.514739990234
55.1 642.810852050781
55.9 31.271900177002
56.0 157.346282958984
56.1 217.772994995117
56.8 8.09725093841553
57.0 206.72998046875
57.1 40.4742774963379
59.0 72.2796249389648
59.1 27.899356842041
60.8 8.86620426177979
62.9 174.671173095703
63.0 124.589233398438
63.8 29.1099605560303
64.0 61.8346633911133
64.9 94.6707305908203
65.0 978.166320800781
65.9 113.454978942871
66.1 93.7064056396484
66.2 15.0074405670166
66.9 10.8753986358643
67.0 611.302612304688
67.1 590.289428710938
67.9 63.8352432250977
68.0 549.522705078125
68.1 294.793121337891
69.1 12291.1455078125
70.0 465.151275634766
70.1 1182.65405273438
71.0 89.4734954833984
71.1 21.2931118011475
72.9 4.48876333236694
74.0 19.3167171478271
75.0 74.9554595947266
75.9 40.6911315917969
76.0 158.471694946289
77.0 3203.25463867188
77.9 113.478088378906
78.0 582.403686523438
78.1 55.5236701965332
79.0 371.62744140625
79.1 839.913452148438
79.2 11.4092407226563
79.8 39.6034927368164
80.0 221.006500244141
80.1 49.5719184875488
80.9 11.0940914154053
81.0 153.438415527344
81.1 35.5683250427246
81.8 20.3196697235107
81.9 156.079833984375
82.1 318.046875
82.8 8.03630638122559
82.9 43.8485946655273
83.1 83.5792541503906
83.9 76.9167327880859
84.0 176.754318237305
84.1 100.534996032715
85.0 10.6467161178589
85.1 20.1867561340332
88.9 22.807804107666
89.0 125.597434997559
89.1 88.9699935913086
89.9 16.9649333953857
90.0 37.1644668579102
90.1 114.385177612305
91.0 3523.99853515625
92.0 282.171722412109
92.1 330.777893066406
93.0 655.311645507813
93.1 913.726196289063
93.9 173.059661865234
94.0 618.641052246094
94.9 54.6529426574707
95.0 445.946136474609
96.1 2774.82177734375
96.9 45.6117362976074
97.0 598.808898925781
97.1 962.793090820313
97.9 52.6291427612305
98.0 184.358261108398
98.1 82.6719131469727
101.0 7.98342752456665
101.9 54.7451782226563
102.0 61.5770492553711
102.9 193.366119384766
103.0 985.138061523438
103.9 67.4180297851563
104.0 527.794860839844
104.1 1338.93920898438
105.1 4833.4091796875
105.9 15.4676342010498
106.0 619.819946289063
106.1 154.090179443359
106.8 24.4438133239746
107.0 49.653247833252
108.9 4.86799716949463
109.1 1.92881727218628
114.8 9.98606967926025
115.0 218.435211181641
115.1 78.8963165283203
115.9 61.9531631469727
116.0 57.0708427429199
116.2 35.973747253418
116.9 31.9434070587158
117.0 813.402709960938
118.0 765.461059570313
118.1 665.322692871094
119.0 576.918518066406
120.0 208.465118408203
120.1 54.4531440734863
120.2 11.7559156417847
120.8 8.11952781677246
122.0 32.247200012207
122.2 10.2350425720215
127.9 65.7603607177734
128.1 41.3539886474609
129.0 50.4560546875
129.1 37.7147369384766
129.9 73.7942962646484
130.0 1628.44116210938
130.1 458.047119140625
130.9 30.4604377746582
131.0 1258.57495117188
131.1 116.425659179688
132.0 2263.28173828125
132.9 18.2358207702637
133.0 355.451965332031
133.2 11.6261587142944
133.9 71.6930236816406
134.0 135.476043701172
134.2 39.8533020019531
134.9 8.29511737823486
137.0 191.090682983398
139.0 91.9368209838867
139.1 191.927261352539
141.0 8.2590913772583
142.0 7.99209213256836
142.1 12.0005159378052
142.8 26.1227779388428
142.9 80.5590515136719
143.1 75.5901641845703
143.2 20.1416854858398
144.0 157.059234619141
144.1 278.047454833984
145.0 161.364074707031
145.1 195.304290771484
146.1 7026.37353515625
147.1 903.093139648438
148.0 102.698875427246
148.1 113.625198364258
148.2 27.6692695617676
149.2 10.42271900177
154.9 8.39515686035156
155.0 37.9142799377441
156.0 77.467643737793
156.1 13.0941791534424
156.9 7.70510625839233
157.0 23.2384090423584
158.0 152.496139526367
158.1 205.778228759766
158.8 25.0203132629395
159.0 251.088897705078
159.1 143.284561157227
159.9 78.3655242919922
160.1 602.892150878906
160.8 9.8466968536377
160.9 68.1557998657227
161.1 29.3157157897949
167.0 22.6798667907715
168.9 7.92439937591553
169.9 32.3025741577148
170.0 90.9880447387695
170.2 33.1491165161133
170.8 10.6160869598389
170.9 56.6994132995605
171.1 33.0308456420898
171.9 45.9505653381348
172.1 94.8519439697266
172.9 78.3075256347656
173.0 75.6143035888672
173.2 15.7480316162109
174.1 33.6923751831055
181.8 8.52033042907715
182.1 9.96833610534668
183.9 73.1612930297852
184.1 237.364044189453
184.2 66.3328628540039
185.0 152.496948242188
185.1 68.985595703125
186.0 377.122131347656
186.1 426.549377441406
186.9 16.2828330993652
187.1 327.278411865234
187.1 446.413421630859
187.3 7.8821120262146
187.9 20.6366500854492
188.1 454.908355712891
188.1 981.150756835938
189.1 8391.2080078125
189.9 56.9857597351074
190.1 1258.94165039063
190.2 18.306468963623
190.8 9.69399929046631
191.0 26.388391494751
191.1 41.3281326293945
191.2 8.08975696563721
199.9 8.59495735168457
200.1 12.2382106781006
207.0 4.03181457519531
207.1 18.8272361755371
210.8 15.1404972076416
211.0 11.8359088897705
214.9 14.0956077575684
215.0 126.742607116699
215.8 8.82565593719482
216.9 6.4945592880249
218.7 26.3376045227051
218.9 21.35280418396
231.0 34.9584732055664
231.2 8.02218818664551
233.0 19.0054092407227
236.9 22.2778396606445
237.0 46.4355850219727
242.1 193.769500732422
242.2 134.480621337891
243.1 38.0248069763184
251.0 8.89716529846191
256.0 13.0924091339111
279.2 9.7260913848877
283.1 11.0268144607544
284.2 16.7732276916504
285.2 15823.5810546875
286.2 3254.30151367188
287.0 37.9926490783691
287.2 289.760101318359
287.3 51.9641036987305
288.3 9.79407501220703
374.2 46.4299087524414
374.3 16.3468933105469
