#"+EI Scan (rt: 11.895-12.006 min, 20 scans) CM1-1-4.D  Subtract "
#Point,X(Thompsons),Y(Counts)
40.1 130.952178955078
41.1 3347.70581054688
42.1 1887.35705566406
42.2 131.25715637207
42.9 8.49143028259277
43.0 149.414031982422
43.1 242.146362304688
44.1 803.633178710938
50.0 133.558349609375
50.2 17.9843349456787
50.8 23.423511505127
51.0 187.683380126953
51.0 261.769805908203
51.2 37.1824913024902
51.9 11.3851718902588
52.0 89.5415496826172
52.1 28.6052131652832
53.0 328.906524658203
53.9 96.316162109375
54.1 108.33260345459
54.9 47.808708190918
55.0 902.848266601563
56.0 440.159606933594
57.0 233.17936706543
57.1 43.995979309082
58.9 93.8924255371094
59.0 6.11953735351563
61.9 8.77063369750977
62.0 8.48636817932129
62.9 146.989288330078
63.0 74.5567169189453
63.2 12.0459756851196
63.9 47.0106391906738
64.0 89.3872604370117
64.9 303.442565917969
65.0 863.27880859375
65.8 50.9947280883789
65.9 66.3049468994141
66.0 175.787261962891
66.2 17.0783996582031
66.9 37.1880340576172
67.0 1164.61840820313
67.2 19.1549434661865
68.0 738.489685058594
68.1 139.292083740234
69.1 12110.775390625
69.8 19.0160713195801
70.0 766.373352050781
70.1 742.870788574219
70.9 39.2176284790039
71.1 44.4388771057129
72.9 40.9601249694824
73.8 11.6672649383545
74.0 17.2599830627441
74.9 25.7706184387207
75.0 7.67683935165405
75.9 36.2268409729004
76.0 57.8368606567383
76.1 38.0405960083008
77.0 3235.77319335938
78.0 745.686584472656
78.1 63.3418846130371
78.9 130.541961669922
79.0 931.960632324219
79.9 14.1048154830933
80.0 114.706642150879
80.1 160.055419921875
80.9 15.016263961792
81.1 98.3248748779297
81.2 49.3486213684082
82.0 289.703887939453
82.1 206.276031494141
82.2 8.5404748916626
82.9 44.2945289611816
83.1 86.3556747436523
83.9 25.8547668457031
84.0 214.130859375
84.1 93.3546142578125
85.0 10.4285507202148
85.8 8.78406429290771
88.9 46.8309593200684
89.0 130.279678344727
89.2 49.681770324707
89.8 26.8609733581543
90.0 40.0714950561523
90.1 109.755653381348
91.0 3567.29248046875
92.0 518.390686035156
92.1 47.799976348877
93.0 486.880035400391
93.1 1069.83508300781
93.9 85.2714691162109
94.0 643.403991699219
94.1 53.8831176757813
94.9 64.5338745117188
95.0 103.627479553223
95.1 394.163024902344
95.9 34.0098342895508
96.1 2631.17236328125
97.0 1535.5625
97.9 30.944637298584
98.0 217.44905090332
98.1 21.2181911468506
101.0 16.0782718658447
101.9 23.4464931488037
102.0 74.0683670043945
102.2 11.350546836853
102.8 21.3682823181152
103.0 682.665771484375
103.1 554.428833007813
104.0 1813.06225585938
104.2 33.7566375732422
105.1 4890.0927734375
105.9 13.6360702514648
106.0 581.772338867188
106.1 175.129959106445
106.9 49.7745742797852
108.1 9.60512924194336
108.8 19.5626316070557
109.0 17.3139686584473
113.1 8.89503955841064
114.8 16.3589859008789
114.9 120.702659606934
115.0 153.996002197266
115.9 18.5156555175781
116.0 91.5328521728516
116.6 16.9870910644531
116.8 20.1322574615479
117.0 731.55078125
117.1 72.7241516113281
117.9 243.463668823242
118.0 1140.30822753906
118.9 29.3079891204834
119.0 417.668640136719
119.1 77.3800201416016
119.9 84.6203994750977
120.1 132.492279052734
128.0 31.1149597167969
128.1 20.2642555236816
128.9 68.2944030761719
129.1 22.7452125549316
130.0 490.818939208984
130.1 1624.30786132813
130.8 10.3984031677246
131.0 336.034637451172
131.0 966.272155761719
131.2 78.8899459838867
132.0 2177.34301757813
132.9 108.039566040039
133.0 247.501708984375
133.1 112.687316894531
134.0 154.141998291016
134.1 151.733596801758
135.0 10.5086898803711
137.0 214.086624145508
138.9 18.6615734100342
139.0 138.316619873047
139.1 116.3525390625
140.8 7.57561016082764
140.9 25.196102142334
141.2 8.63952922821045
142.9 51.5208549499512
143.1 180.985260009766
143.2 19.8525218963623
144.0 261.801361083984
144.1 259.906646728516
144.9 27.4122009277344
145.0 242.83415222168
145.2 59.1027145385742
146.1 7226.0341796875
146.9 78.9701156616211
147.0 389.717834472656
147.1 342.255096435547
147.9 38.4447479248047
148.0 198.854278564453
148.1 12.2498245239258
154.0 8.39413166046143
154.8 1.02244091033936
154.9 63.3566780090332
155.0 11.7874622344971
155.9 59.1423873901367
156.1 7.75115060806274
156.2 9.60063934326172
156.7 8.12378406524658
157.0 45.8511238098145
157.1 11.0730285644531
157.9 161.708084106445
158.0 177.42041015625
158.1 21.3688869476318
159.0 361.181732177734
159.1 109.285102844238
160.0 99.5506439208984
160.1 646.588500976563
160.2 23.6082878112793
160.9 21.833044052124
161.0 48.3258171081543
161.1 53.6603393554688
163.1 7.62103891372681
166.9 9.5912036895752
169.8 10.6619396209717
169.9 35.7222518920898
170.0 56.9125747680664
170.2 30.4388065338135
170.9 11.980489730835
171.0 90.0371246337891
171.2 9.40357398986816
172.0 99.5582046508789
172.1 48.8338851928711
173.0 112.778625488281
173.2 24.1470832824707
184.0 121.267272949219
184.1 220.613800048828
184.2 84.5419616699219
184.9 33.7876510620117
185.0 164.284118652344
185.1 94.2674789428711
185.3 14.0124454498291
186.0 33.487606048584
186.1 812.230773925781
186.3 7.60941410064697
186.8 22.9519577026367
187.0 25.5365867614746
187.1 602.632202148438
187.2 17.8580932617188
188.0 37.6911392211914
188.1 1441.55603027344
189.1 8510.5244140625
190.0 184.08332824707
190.1 1102.41784667969
191.0 77.9059906005859
191.2 10.1311359405518
199.9 18.0417442321777
206.8 24.9886779785156
207.0 7.79882526397705
210.8 22.2452125549316
211.1 20.0267086029053
212.1 8.79217720031738
214.7 10.6112394332886
214.9 94.3210067749023
215.0 36.9862823486328
216.0 7.7963981628418
218.6 8.28075790405273
218.8 15.6811113357544
218.9 8.51167488098145
219.0 0.612527370452881
231.0 9.91415119171143
231.2 18.3642768859863
232.8 24.9389915466309
233.0 61.5386352539063
234.0 7.30549621582031
236.8 19.6920490264893
236.9 31.1168823242188
237.1 11.2976398468018
237.9 8.46471977233887
242.0 130.708908081055
242.1 115.623489379883
243.1 7.86285018920898
243.2 18.6890621185303
277.0 9.60709571838379
279.0 35.1729507446289
279.2 38.0132369995117
283.0 11.0066442489624
283.2 20.2796249389648
284.3 8.3372278213501
285.2 15691.7890625
286.1 42.6790237426758
286.2 3074.78637695313
287.0 21.2055282592773
287.1 253.806930541992
287.3 69.769775390625
288.9 16.0932655334473
292.9 0.127331733703613
307.0 8.24305152893066
307.1 7.85872173309326
335.0 9.80580615997314
374.3 8.14654636383057
375.3 9.2937183380127
