#"+EI Scan (rt: 13.598-13.743 min, 26 scans) CM1-1-6.D  Subtract "
#Point,X(Thompsons),Y(Counts)
40.1 19.3051948547363
40.9 8.69597339630127
41.0 263.444061279297
41.1 122.473983764648
41.9 245.556900024414
42.0 1121.95397949219
43.0 149.354202270508
43.1 52.8528518676758
44.0 459.698120117188
49.9 37.9892387390137
50.1 53.8373069763184
50.9 249.816787719727
51.1 198.487121582031
51.8 32.3149032592773
52.0 74.4283599853516
52.8 34.5491065979004
53.0 111.955520629883
53.1 12.900918006897
53.9 24.8404941558838
54.0 98.4598236083984
54.9 32.9704208374023
55.0 217.405868530273
55.1 160.366561889648
55.9 42.8583602905273
56.0 79.8776550292969
56.2 20.9597969055176
57.0 95.493766784668
57.1 40.8325119018555
58.9 45.5162658691406
62.0 20.0063133239746
62.7 18.4698352813721
62.9 96.8288192749023
63.0 134.336715698242
63.8 8.02474594116211
64.0 61.1427154541016
64.9 31.2899188995361
65.0 647.2509765625
65.1 78.2729034423828
65.9 98.3232955932617
66.1 31.546745300293
66.9 275.878875732422
67.0 285.433868408203
67.9 59.0396537780762
68.0 267.397888183594
68.8 8.52236938476563
69.0 122.757186889648
69.0 122.539566040039
69.9 111.131240844727
70.0 189.578475952148
70.2 14.7753305435181
71.0 5.94323253631592
72.9 17.9298305511475
73.0 43.0581398010254
73.1 18.2950477600098
74.0 6.24097537994385
74.8 7.39105653762817
74.9 33.0052871704102
75.1 6.16921234130859
75.8 14.7906646728516
76.0 50.956298828125
76.1 22.0219078063965
77.0 1861.02233886719
77.9 87.837028503418
78.0 361.2890625
78.9 18.3658981323242
79.0 431.143402099609
79.1 152.057983398438
79.2 6.13556480407715
79.9 56.906120300293
80.1 63.0924263000488
80.9 19.7273025512695
81.0 142.592758178711
82.0 196.883483886719
82.1 87.408317565918
82.9 16.4530811309814
83.1 5.89659595489502
83.8 6.09151649475098
84.1 17.9005737304688
88.9 70.8155975341797
89.0 124.456802368164
89.2 10.2131233215332
89.9 53.6675453186035
90.0 60.3537330627441
90.9 331.975402832031
91.0 2157.31958007813
91.9 125.34774017334
92.1 224.892730712891
92.9 24.7586231231689
93.0 179.756759643555
93.2 38.0090065002441
93.7 26.9226264953613
94.0 177.216949462891
94.2 137.047607421875
95.0 11752.490234375
95.9 101.39998626709
96.0 1767.32177734375
96.1 84.6869354248047
96.8 18.3056182861328
97.0 180.63005065918
97.1 50.5436019897461
97.9 39.3089866638184
98.1 134.436111450195
98.1 59.3455619812012
101.8 13.6527643203735
102.0 75.2845077514648
102.1 41.665397644043
102.9 175.40397644043
103.0 480.387359619141
103.1 10.559362411499
103.9 230.047592163086
104.0 561.425659179688
104.9 58.7251777648926
105.0 481.795776367188
105.1 1097.03967285156
105.2 16.5196075439453
105.9 37.51611328125
106.0 103.236289978027
106.1 80.000358581543
107.9 6.21069049835205
108.9 11.3559217453003
114.8 33.2170867919922
115.0 107.458946228027
115.1 43.564567565918
115.8 5.99078464508057
115.9 32.1885147094727
116.0 9.44065475463867
116.1 34.1547966003418
116.8 15.8874111175537
117.0 151.103210449219
117.1 184.845291137695
117.9 167.662124633789
118.0 192.748291015625
118.2 19.9497814178467
118.9 43.8209037780762
119.0 46.8638916015625
120.0 20.8505764007568
120.2 5.92175006866455
126.9 8.84341335296631
128.0 40.8981971740723
128.1 6.34372806549072
129.0 55.6211357116699
129.9 154.903427124023
130.0 771.596923828125
131.0 234.516662597656
131.1 165.221588134766
131.2 27.5744667053223
132.0 351.633239746094
132.1 346.830932617188
132.2 7.48828077316284
132.8 6.19416809082031
132.9 32.9580345153809
133.1 59.4702835083008
134.2 9.59347629547119
137.0 126.092193603516
137.9 7.61679935455322
138.0 4.57521057128906
141.1 6.75149965286255
142.0 17.8649711608887
143.0 29.1166248321533
143.1 20.7058944702148
143.9 35.9034385681152
144.0 110.812660217285
144.3 7.44002103805542
144.9 15.8853664398193
145.0 45.9679718017578
145.8 7.66113758087158
146.0 81.7995223999023
146.1 143.941329956055
146.2 12.3887128829956
148.1 8.04121494293213
154.8 7.32282304763794
155.0 34.8801536560059
155.1 3.80878138542175
155.9 38.8128318786621
156.1 14.4782667160034
157.0 18.4217662811279
157.2 7.07770586013794
157.9 98.1469345092773
158.1 608.389953613281
158.2 13.483494758606
158.8 0.643638610839844
158.9 67.5346984863281
159.0 116.657508850098
159.1 45.4205284118652
159.8 7.35535907745361
160.0 76.973747253418
160.1 69.2810821533203
162.9 7.08367109298706
168.8 6.10240125656128
169.8 16.412504196167
169.9 79.4363632202148
170.0 154.985885620117
170.1 146.185577392578
170.7 7.15983390808105
170.9 41.7371597290039
171.0 100.285171508789
173.3 7.93545722961426
183.8 37.0885887145996
184.0 112.384521484375
184.1 63.3142318725586
184.2 34.9798049926758
184.3 26.5383586883545
184.9 15.5184135437012
185.0 126.077407836914
185.3 7.95817375183105
185.9 16.771448135376
186.1 239.004135131836
186.2 59.7851219177246
186.9 110.220390319824
187.1 491.266052246094
187.9 77.6853485107422
188.1 293.805633544922
188.9 18.4632034301758
189.0 61.5142974853516
189.2 31.0064926147461
189.3 10.1215476989746
207.0 7.97358560562134
208.0 10.0171852111816
210.8 17.7595291137695
211.0 27.8123321533203
211.1 23.1231117248535
211.2 10.0357780456543
214.9 29.3925552368164
215.0 46.6831359863281
215.7 7.30855131149292
216.0 3.87564301490784
218.8 19.5886650085449
218.9 17.1609764099121
219.0 18.7072257995605
225.1 6.16678857803345
232.7 16.2156238555908
232.8 28.4259243011475
232.9 64.5503845214844
233.1 2.82609224319458
237.0 83.8775177001953
239.0 6.57791662216187
240.1 3997.79858398438
240.9 27.7465534210205
241.0 641.3408203125
241.2 19.2843265533447
242.0 22.9458694458008
242.1 7.64917945861816
279.1 17.2234001159668
282.2 7.55243921279907
283.0 38.5003318786621
283.1 7395.3759765625
283.9 14.6785545349121
284.1 928.132934570313
284.2 531.248291015625
284.9 9.62729167938232
285.0 85.2027969360352
285.1 39.8918075561523
292.9 1.70877861976624
332.0 28.9816284179688
332.3 24.7618389129639
