#"+EI Scan (rt: 4.312-4.400 min, 16 scans) CM1-2-5.D  Subtract "
#Point,X(Thompsons),Y(Counts)
40.1 295.831146240234
41.1 4694.16552734375
42.1 24067.466796875
43.0 2320.06958007813
44.1 25001.080078125
45.0 474.686218261719
45.1 206.52604675293
46.7 10.635838508606
49.0 10.9713230133057
50.0 1098.86767578125
51.0 4607.55126953125
52.0 1435.0478515625
53.0 541.893859863281
53.1 861.3271484375
54.0 524.456237792969
54.0 1556.38842773438
55.0 2789.9140625
56.0 3489.95141601563
57.0 102.5234375
57.1 2560.27465820313
58.0 404.218994140625
58.1 55.4382171630859
58.9 0.835481405258179
59.0 144.042694091797
60.9 31.7032833099365
61.9 204.496215820313
62.0 305.392944335938
63.0 2552.7509765625
63.8 45.6759757995605
64.0 1251.0966796875
64.1 28.0888271331787
65.0 14382.9150390625
65.9 43.8921585083008
66.0 2654.12036132813
67.0 57.397834777832
67.0 1540.68542480469
68.0 3324.53686523438
68.9 77.0632629394531
69.1 1665.478515625
70.1 8222.6513671875
71.0 410.297027587891
71.1 134.815490722656
71.9 69.4375762939453
72.1 97.0967254638672
73.0 76.4856948852539
73.1 23.5272445678711
73.8 28.5139122009277
74.0 398.501525878906
74.2 33.7035369873047
74.9 122.337730407715
75.0 495.180572509766
76.1 1381.34692382813
77.0 25071.37109375
78.0 6317.94091796875
79.0 8162.6494140625
79.9 99.8508987426758
80.0 1340.35229492188
80.1 55.2622032165527
80.3 10.0927772521973
80.9 383.244018554688
81.0 298.145568847656
81.1 34.1808166503906
81.9 60.8225135803223
82.0 1964.48791503906
82.1 138.664825439453
83.0 271.527709960938
83.1 291.87548828125
83.2 11.1447887420654
84.0 393.999969482422
84.1 242.621124267578
84.2 195.443267822266
85.0 59.3617248535156
85.1 59.2896461486816
86.8 13.4647102355957
86.9 69.0558471679688
87.1 11.2829360961914
88.0 15.4362230300903
88.2 45.9271240234375
89.0 2846.01611328125
89.9 28.6354217529297
90.0 827.821899414063
90.1 1360.5029296875
91.0 45198.359375
91.9 94.4289398193359
92.0 6640.29296875
92.9 73.7272338867188
93.0 3779.68920898438
94.0 300.128234863281
94.2 96.7969818115234
94.4 790.860229492188
94.6 3796.26733398438
94.7 196.594421386719
95.2 41.3174743652344
96.1 17312.783203125
97.0 1162.55004882813
97.1 1367.10705566406
97.9 13.1100664138794
98.0 157.649353027344
98.2 175.269104003906
100.9 171.163909912109
101.1 15.8176774978638
101.3 11.7744197845459
102.0 675.351379394531
102.1 445.651580810547
103.0 7765.27734375
104.0 10674.6796875
105.0 20861.08203125
106.0 7312.29638671875
106.9 118.25862121582
107.0 575.132934570313
108.0 111.820953369141
108.7 9.71257972717285
108.8 12.1192798614502
108.9 35.8400077819824
110.0 13.3768558502197
111.0 20.9238758087158
111.1 56.8480262756348
111.2 28.5209617614746
114.9 51.7936477661133
115.0 1592.95129394531
116.0 798.281982421875
116.1 69.7687377929688
117.0 7798.662109375
118.1 30221.939453125
119.0 7958.94970703125
120.1 1912.68627929688
120.9 78.3333129882813
121.0 63.6492233276367
121.1 19.5588512420654
126.9 50.5530662536621
127.0 97.7203216552734
127.2 60.1728668212891
128.0 542.838012695313
128.1 79.4330520629883
129.0 551.082824707031
129.1 178.138397216797
130.1 8786.6181640625
131.0 247.666122436523
131.1 5091.2353515625
132.1 22923.955078125
132.9 22.0079593658447
133.1 2783.11303710938
133.2 17.2333183288574
133.9 44.8519897460938
134.1 1118.18688964844
135.0 66.6255874633789
135.1 55.3004302978516
136.9 9.31158447265625
137.0 91.7119445800781
138.1 10.1565237045288
139.0 28.9377708435059
140.8 48.418701171875
141.0 69.1268310546875
141.9 16.6169738769531
142.0 104.998260498047
142.8 18.463077545166
143.0 209.570541381836
143.1 463.437683105469
144.0 523.519470214844
144.1 2345.11694335938
145.0 155.524871826172
145.1 690.861206054688
145.2 1604.25146484375
146.1 104794.2109375
147.1 12132.0556640625
148.0 527.971618652344
148.1 1463.94421386719
148.2 34.8590126037598
149.0 127.972427368164
149.2 36.9264678955078
153.9 48.9340400695801
154.8 22.0405216217041
154.9 39.5676383972168
155.1 24.5194664001465
155.9 9.66107654571533
156.0 172.000717163086
156.1 92.1608734130859
156.9 92.4611968994141
157.1 107.735549926758
158.1 820.928588867188
158.7 3.26699542999268
159.0 619.321838378906
159.2 39.6439971923828
160.0 85.166259765625
160.1 4082.72705078125
160.8 27.0084018707275
161.0 366.651153564453
161.1 321.0146484375
161.9 43.4981842041016
162.1 21.399169921875
162.9 10.7863216400146
166.8 29.2714042663574
168.0 21.503059387207
168.1 11.3317499160767
169.8 12.069974899292
170.0 28.5840644836426
170.1 14.3259830474854
170.8 46.6961479187012
172.0 73.5332565307617
172.9 31.6591644287109
173.1 103.711738586426
173.2 105.227661132813
173.9 25.2354164123535
174.0 26.1562843322754
174.1 10.8029489517212
174.2 32.1371002197266
175.0 9.52274417877197
177.9 12.0287065505981
180.1 33.7541084289551
181.1 11.3602619171143
183.0 27.4033489227295
184.0 275.020172119141
184.1 279.028167724609
184.7 22.5862979888916
184.9 114.767959594727
185.1 320.296569824219
185.3 27.2357044219971
186.0 392.954925537109
186.1 619.31884765625
187.1 1404.87854003906
187.2 73.9454193115234
187.9 25.8873558044434
188.1 1853.74609375
189.1 88577.8984375
190.1 12698.9521484375
191.0 13.519341468811
191.1 705.175537109375
191.2 92.9129104614258
196.0 26.5804424285889
196.1 14.5929861068726
203.0 39.6769866943359
203.1 10.041729927063
206.8 4.28971576690674
207.0 2.33399868011475
214.8 11.1188201904297
214.9 92.5990676879883
216.0 39.8316612243652
216.9 33.1844024658203
218.8 14.4149494171143
219.0 6.80570697784424
232.9 4.48090744018555
233.1 28.4945392608643
236.7 45.426872253418
236.8 40.7605781555176
236.9 37.2368621826172
237.9 11.3444690704346
250.9 14.4289112091064
251.1 91.4762115478516
278.0 81.2799224853516
280.1 1120.71667480469
280.2 2082.8779296875
280.9 19.2200946807861
281.0 66.322624206543
281.2 526.408630371094
282.0 42.9428482055664
292.9 58.3951072692871
