#"+EI Scan (rt: 7.454-7.530 min, 14 scans) CM1-2-1.D  Subtract "
#Point,X(Thompsons),Y(Counts)
40.1 72.3856887817383
41.1 4214.390625
42.0 10300.2763671875
43.0 89.9945449829102
43.1 1198.14172363281
44.0 5096.01220703125
45.0 72.0012664794922
45.0 94.4573745727539
46.0 43.5419960021973
49.0 28.0920677185059
49.8 15.3360071182251
50.0 593.583312988281
51.0 465.906341552734
51.1 20.8920040130615
51.2 12.289891242981
51.9 230.555038452148
52.1 42.939151763916
53.0 77.040283203125
53.0 1636.77575683594
54.0 2697.02197265625
55.1 3532.94677734375
56.1 13582.6025390625
56.9 247.107986450195
57.1 1977.44116210938
58.1 4151.2236328125
58.9 16.9117546081543
59.0 219.236434936523
59.1 23.5047588348389
60.0 27.2951545715332
60.8 14.1379899978638
61.0 158.502410888672
61.8 17.5012359619141
61.9 60.8730697631836
62.9 246.248092651367
63.0 76.0413208007813
64.0 10.9440317153931
64.8 25.1565742492676
65.0 325.197357177734
65.1 249.497344970703
65.9 143.593978881836
66.0 316.797943115234
67.0 2437.34619140625
68.0 5009.41455078125
68.9 60.5622367858887
69.1 3124.69873046875
70.1 9543.1630859375
71.1 7594.5888671875
72.1 8207.541015625
73.0 415.258026123047
73.0 1236.30920410156
74.0 4077.83813476563
74.1 129.3544921875
75.0 5820.16162109375
75.8 37.7992553710938
76.0 529.310119628906
76.2 10.9060926437378
77.0 1447.22045898438
77.9 154.88752746582
78.0 281.503112792969
78.9 65.1836013793945
79.0 4568.09521484375
79.9 40.2961845397949
80.0 1860.99096679688
81.1 5386.91650390625
82.1 6902.9755859375
83.1 4466.14306640625
84.1 21736.412109375
85.0 1618.92260742188
85.1 1077.91882324219
86.1 17962.39453125
87.1 1553.49426269531
87.9 12.43150806427
88.8 35.5323181152344
88.9 153.249252319336
90.0 52.6324119567871
90.9 151.739639282227
91.0 137.818481445313
91.1 73.6885223388672
91.9 73.3440322875977
92.8 26.51096534729
92.9 112.225997924805
93.1 347.558685302734
94.0 910.481628417969
94.1 699.188293457031
95.0 1814.69738769531
96.0 4575.96044921875
96.2 90.1435928344727
97.0 2543.32250976563
98.1 7178.8125
99.1 13793.4580078125
99.9 90.9757690429688
100.1 1579.52917480469
100.8 26.5334510803223
101.0 204.844146728516
101.8 32.1190528869629
101.9 113.680397033691
102.1 79.3829498291016
102.9 322.733367919922
103.0 240.324081420898
103.9 119.946640014648
104.1 0.875869750976563
105.0 63.8505554199219
105.1 42.3473091125488
105.8 102.99169921875
106.0 165.870620727539
106.8 80.2598724365234
106.9 123.688011169434
107.1 51.046501159668
107.3 23.318115234375
108.1 2597.15258789063
109.0 11375.1259765625
110.0 20291.216796875
111.0 8229.9716796875
112.1 123497.90625
113.1 11023.4609375
113.9 26.6830463409424
114.0 581.079284667969
114.7 15.367600440979
114.9 35.7999801635742
115.0 243.787780761719
115.1 42.7129096984863
115.9 31.3533916473389
115.9 120.00951385498
116.2 31.9722938537598
117.0 55.3794021606445
118.8 81.9728240966797
118.9 120.88996887207
119.0 39.2919845581055
120.0 143.192428588867
120.2 10.9379291534424
120.8 116.911422729492
121.0 71.8021774291992
121.1 63.6382789611816
121.8 19.98095703125
122.0 122.117561340332
122.1 1164.42016601563
123.0 1201.00817871094
124.1 6949.9482421875
125.1 3803.66284179688
125.2 54.8561019897461
126.0 365.351318359375
126.1 6692.1103515625
127.1 1586.02990722656
127.9 38.11181640625
128.0 202.199096679688
128.2 53.7059288024902
129.0 100.20938873291
129.2 21.7157688140869
131.0 10.0472450256348
133.1 13.1387567520142
134.0 43.116943359375
134.2 12.8474473953247
135.0 104.286674499512
135.1 13.7847881317139
135.8 16.1979808807373
136.0 679.521362304688
136.8 18.0819206237793
137.0 641.355102539063
137.1 385.499633789063
138.1 6551.4658203125
139.0 2045.08703613281
140.1 2986.068359375
140.8 21.0733432769775
141.0 395.576965332031
141.1 378.660339355469
141.8 15.367148399353
142.0 87.5229263305664
142.2 72.7304000854492
142.8 12.6373596191406
143.0 22.746997833252
143.1 79.0921478271484
143.9 259.580261230469
144.0 721.148498535156
145.0 34476.3046875
145.8 131.071243286133
146.0 2954.11059570313
146.9 22901.662109375
147.8 174.435302734375
147.9 1686.33898925781
148.9 1374.39831542969
148.9 2523.24169921875
149.9 221.745697021484
150.0 633.025390625
150.9 29.2856006622314
151.1 731.252136230469
151.2 208.066040039063
152.1 12346.255859375
153.1 26163.220703125
154.1 4239.19873046875
154.9 3.87758493423462
155.1 492.721649169922
155.9 30.1799354553223
156.8 14.4007415771484
157.0 28.8942909240723
158.0 13.2474966049194
158.1 26.6712837219238
158.9 574.584655761719
159.1 6.3448657989502
159.9 37.4102592468262
160.0 13.4974603652954
160.9 372.950866699219
162.0 72.1362380981445
162.7 11.3614320755005
162.9 112.88468170166
163.0 47.9229736328125
164.0 91.1886444091797
164.1 14.212739944458
164.7 22.1625862121582
164.9 30.5795497894287
165.0 234.811309814453
165.1 89.6396636962891
165.9 83.0157699584961
166.1 76.9286499023438
166.2 11.9755811691284
167.1 904.859313964844
167.2 1478.53723144531
167.9 11.4641494750977
168.0 272.583953857422
168.2 97.5259017944336
169.0 230.626831054688
169.2 73.9830093383789
170.0 34.2953567504883
170.1 36.8123207092285
170.8 82.8204574584961
170.9 296.595031738281
171.2 35.8839302062988
171.7 11.3462162017822
171.9 83.3777847290039
172.0 749.635437011719
172.9 40865.51171875
173.9 3732.61352539063
174.9 25991.76953125
175.8 39.1785469055176
175.9 2176.13647460938
176.8 70.4834289550781
176.9 4324.884765625
177.8 157.294784545898
178.0 274.847351074219
178.9 11.6635866165161
179.1 218.214645385742
179.7 11.9125680923462
180.0 93.8195419311523
180.2 87.6657562255859
180.7 12.2339935302734
181.0 276.827239990234
181.1 344.075103759766
181.9 14.5657873153687
182.0 146.366912841797
182.2 114.434997558594
183.2 5238.046875
184.0 14.1115522384644
184.1 786.404357910156
184.8 29.8202362060547
185.0 76.3161087036133
185.8 18.2263069152832
185.9 1086.29138183594
186.1 73.5362548828125
186.8 58.0118942260742
186.9 231.544906616211
187.8 78.2710342407227
187.9 573.828918457031
188.0 224.802871704102
188.8 68.8024673461914
189.0 57.2098999023438
189.9 167.44953918457
190.1 19.1842517852783
191.0 58.6892700195313
191.1 14.8705682754517
192.1 10.8813648223877
193.0 161.816162109375
193.2 145.196273803711
193.3 24.1694946289063
193.9 20.2095794677734
194.1 124.114028930664
195.0 116.704330444336
195.1 224.374969482422
195.9 13.6124715805054
196.1 23.7421226501465
197.0 473.600921630859
197.1 755.324279785156
197.9 37.2762565612793
198.1 164.174041748047
198.9 26.6341209411621
199.1 12.4706373214722
199.3 20.8376293182373
199.9 75.7532806396484
200.0 18.537769317627
200.8 48.4085693359375
201.9 170.502288818359
202.0 225.020660400391
202.8 11.6416101455688
202.9 61.5048408508301
203.8 71.2751083374023
203.9 749.448852539063
204.8 56.065055847168
205.0 132.505508422852
205.8 258.489715576172
206.0 184.07551574707
206.9 68.1496810913086
207.1 31.1575679779053
208.0 127.796730041504
208.1 15.0190372467041
208.9 23.1909427642822
210.9 42.0308837890625
211.0 37.5848655700684
211.8 11.1080875396729
211.9 43.5561599731445
212.1 53.4719734191895
212.7 23.3613777160645
213.8 19.4869518280029
214.0 219.350814819336
214.1 62.1686744689941
214.7 10.5627946853638
214.9 48.6776504516602
215.1 157.26286315918
215.9 195.083084106445
216.0 278.355621337891
216.8 18.4704551696777
217.0 69.0687026977539
217.1 43.9748153686523
217.7 13.419732093811
217.9 82.6415328979492
218.0 162.884307861328
218.8 54.4062576293945
219.0 39.2217407226563
219.1 11.426155090332
219.8 13.9301977157593
220.0 31.8238563537598
220.8 11.1820688247681
221.0 14.077748298645
221.2 13.9131011962891
222.0 11.7543468475342
224.0 39.0405082702637
225.9 53.3886451721191
226.0 88.5373992919922
226.9 67.8555679321289
227.1 13.5308990478516
227.9 94.9952163696289
228.0 210.446823120117
228.1 55.1503257751465
229.0 119.232192993164
229.8 15.1732082366943
229.9 193.033615112305
230.0 52.2137794494629
231.9 11.7159242630005
232.8 44.417179107666
232.9 15.231616973877
235.9 15.8897323608398
236.6 14.2993116378784
236.9 102.420372009277
237.9 26.2404193878174
238.1 37.8468246459961
239.0 11.2990102767944
239.7 12.0168657302856
239.9 102.822624206543
240.0 44.3448486328125
241.0 33.1509895324707
241.9 89.8478012084961
242.0 72.4240493774414
243.8 15.2709884643555
243.9 38.4773139953613
244.1 33.5339584350586
246.0 11.4203186035156
248.9 26.1556053161621
253.0 13.6760683059692
253.7 30.9726829528809
253.9 73.7014083862305
254.0 259.728942871094
254.9 167.542510986328
255.1 158.748580932617
256.0 704.233703613281
256.1 209.358169555664
256.8 50.1432838439941
257.0 161.431625366211
257.1 32.6400337219238
257.8 53.7690734863281
258.0 285.644317626953
258.1 121.629104614258
258.9 33.2666015625
259.0 33.0204086303711
259.2 11.5537662506104
259.9 13.3384504318237
260.1 12.9451627731323
268.9 24.4950523376465
269.9 49.9364738464355
270.0 142.012588500977
270.9 18.0463924407959
271.1 11.2990217208862
271.9 14.5551357269287
272.0 80.7459030151367
281.9 74.7413940429688
282.0 103.924453735352
282.1 17.4548149108887
282.8 36.6339340209961
283.0 50.1798820495605
283.2 28.0834827423096
284.0 1490.37084960938
284.2 17.5198173522949
284.8 19.8240051269531
285.0 282.423797607422
285.1 148.117401123047
285.9 23.2886638641357
286.0 1026.54748535156
286.9 38.6206130981445
287.0 95.7377700805664
287.1 137.351104736328
287.9 69.0063095092773
288.0 86.4711074829102
288.1 21.5595054626465
295.9 87.7017440795898
296.1 36.7549629211426
296.8 18.9791126251221
298.0 118.310478210449
298.1 10.9825839996338
298.8 15.6986484527588
298.9 53.5627098083496
299.2 28.7956695556641
300.0 11.3548526763916
300.1 30.057674407959
300.9 12.8616561889648
309.0 114.480033874512
309.1 190.203155517578
309.3 45.7562446594238
310.0 33.2593078613281
310.9 123.725479125977
311.0 198.501480102539
311.2 18.1033210754395
312.1 13.5021104812622
312.2 11.631308555603
313.1 72.4447402954102
313.3 19.751049041748
320.9 11.1439418792725
323.2 11.6104936599731
327.1 2617.33471679688
327.9 38.7094993591309
328.1 436.23583984375
328.2 19.1779689788818
328.9 42.8840446472168
329.1 1646.7421875
329.9 43.566535949707
330.1 271.778106689453
330.9 70.9547348022461
331.1 191.091201782227
331.2 54.0080299377441
337.9 12.431303024292
338.1 11.1204299926758
339.0 11.3918304443359
340.1 40.4614562988281
340.9 136.757217407227
341.1 567.849487304688
341.2 163.223419189453
341.8 16.6056861877441
342.0 11.8079404830933
342.1 158.434448242188
342.9 43.5514259338379
343.1 396.36767578125
343.2 143.503875732422
344.0 68.3652420043945
344.1 26.0452861785889
355.1 1755.35083007813
355.2 441.226776123047
356.1 1841.10021972656
356.2 411.009094238281
357.2 1803.08178710938
358.0 51.2756729125977
358.2 1542.64721679688
359.0 162.679336547852
359.1 385.287109375
359.9 53.4585075378418
360.1 183.22216796875
360.3 24.7442722320557
360.9 19.1084575653076
361.0 12.1943063735962
