#"+EI Scan (rt: 8.113-8.218 min, 19 scans) CM1-2-5.D  Subtract "
#Point,X(Thompsons),Y(Counts)
40.0 126.528533935547
41.0 3810.6669921875
42.1 17148.279296875
43.1 22598.869140625
44.0 8095.2255859375
44.9 17.6231555938721
45.0 221.925704956055
45.6 8.76260757446289
49.1 22.7808246612549
49.9 44.1826095581055
50.0 751.825012207031
50.1 11.8551712036133
50.9 46.4734840393066
51.0 3123.52416992188
52.0 765.512268066406
52.1 125.653503417969
53.0 964.014404296875
53.1 145.134429931641
54.0 784.263854980469
54.1 739.838684082031
55.0 2584.96606445313
56.0 1218.3642578125
56.1 1169.55053710938
57.0 1375.7490234375
57.9 106.673927307129
58.0 133.551666259766
58.8 17.1366634368896
59.0 16.7676544189453
59.1 75.7004547119141
60.9 32.9436798095703
61.1 23.0589580535889
61.9 143.881103515625
62.0 158.597518920898
62.1 15.0464992523193
62.3 9.6650562286377
62.9 31.1355228424072
63.0 1510.49462890625
63.8 30.1912841796875
63.9 345.998657226563
64.0 587.020324707031
64.1 29.1057376861572
65.0 7596.86181640625
66.0 1359.91052246094
66.9 34.1510314941406
67.0 2848.08154296875
68.0 3127.9755859375
69.0 315.224639892578
69.1 2257.69580078125
70.1 4061.32202148438
71.0 347.187866210938
71.1 117.107032775879
71.8 25.8718223571777
72.0 156.871292114258
72.1 35.3533554077148
72.2 8.97941303253174
73.0 113.615798950195
73.1 37.9608726501465
73.8 23.9254207611084
74.0 339.623809814453
74.1 8.79273223876953
74.8 51.840877532959
75.0 328.158020019531
75.1 72.6045532226563
75.9 307.186187744141
76.1 700.426208496094
77.0 20022.28515625
78.0 4072.16284179688
79.0 6158.7431640625
79.9 75.1381607055664
80.0 1458.38317871094
80.8 16.4342403411865
81.0 668.025207519531
81.1 20.7863216400146
82.0 2596.87036132813
82.9 54.9493522644043
83.0 524.455017089844
83.1 29.6474380493164
84.0 570.142272949219
84.1 249.331359863281
85.0 119.782020568848
85.2 34.4481315612793
85.9 73.500846862793
86.0 14.8531112670898
86.1 138.002670288086
86.2 8.16040515899658
86.6 8.08797836303711
86.8 16.9632377624512
87.0 24.1278438568115
87.1 51.0323600769043
87.8 26.4140014648438
88.8 38.2600936889648
89.0 1543.82421875
89.9 141.322280883789
90.1 1233.24182128906
91.0 27560.37890625
92.0 3581.27392578125
93.0 4677.46728515625
94.1 3293.55981445313
95.0 1091.30700683594
95.1 881.046569824219
96.1 11581.5478515625
96.9 92.0656127929688
97.0 1457.72998046875
98.0 101.754081726074
98.1 503.865081787109
98.2 45.5904693603516
98.9 9.95553302764893
99.1 11.7419128417969
99.2 9.19250297546387
99.7 9.42671966552734
100.9 9.80887031555176
101.1 76.3393783569336
101.9 247.115753173828
102.1 541.539489746094
103.0 2879.46899414063
103.1 3133.95385742188
104.0 8411.806640625
105.1 17316.337890625
105.9 57.5391845703125
106.0 4205.04833984375
107.0 219.404220581055
107.1 201.100891113281
107.9 175.003143310547
108.0 220.416397094727
108.2 18.5047149658203
108.8 13.517767906189
108.9 125.309928894043
109.0 179.663970947266
109.8 26.3626174926758
110.0 176.839889526367
110.1 409.042236328125
110.2 55.758960723877
110.8 37.6134300231934
111.0 164.071746826172
111.1 12.1987371444702
112.0 53.1125602722168
114.1 8.22364711761475
115.0 1057.47717285156
115.1 108.076721191406
115.8 87.8341903686523
116.0 235.651412963867
116.1 361.228424072266
117.0 4327.65283203125
118.1 11315.7734375
118.9 25.4263248443604
119.0 1768.53088378906
119.1 625.182006835938
119.9 111.196212768555
120.0 899.988708496094
120.2 68.0532455444336
120.9 37.8083114624023
121.1 39.7226867675781
121.9 20.8362712860107
122.0 101.184371948242
122.2 17.4902114868164
122.9 21.5997276306152
123.1 39.1569747924805
123.9 19.8571166992188
124.0 134.027725219727
124.9 11.3103160858154
125.0 9.0236177444458
125.9 8.3740816116333
126.0 69.0663528442383
126.1 44.4615783691406
126.8 12.4042234420776
127.0 130.162872314453
127.8 35.660774230957
127.9 65.3982391357422
128.0 331.449066162109
128.9 30.5306339263916
129.0 315.056915283203
129.1 228.043914794922
130.0 8671.1494140625
130.9 59.9826850891113
131.0 4592.31494140625
131.2 54.5715446472168
132.1 11743.2412109375
132.9 25.0246963500977
133.0 1650.7021484375
133.1 38.8765678405762
133.8 8.7136058807373
134.0 259.669677734375
134.1 500.700256347656
134.9 243.283874511719
135.1 342.058044433594
136.0 425.169342041016
136.1 243.396743774414
136.3 10.9325742721558
137.0 222.62141418457
137.9 39.3309631347656
138.0 45.032054901123
138.8 5.78170680999756
138.9 128.667922973633
139.1 249.521667480469
139.2 61.901985168457
139.8 10.7282705307007
140.7 7.99028968811035
140.9 31.8958282470703
141.0 23.4371032714844
141.1 21.1800918579102
142.0 104.574729919434
142.1 21.5104579925537
142.8 13.3090314865112
143.0 231.6669921875
143.1 256.911376953125
143.9 29.5300483703613
144.1 1893.69079589844
144.9 86.5179672241211
145.1 1579.64074707031
145.2 69.5946350097656
146.1 44582.65625
147.1 5530.7998046875
147.9 35.8753204345703
148.1 761.932312011719
148.8 18.7587242126465
148.9 12.0697069168091
149.1 68.8139495849609
150.0 38.8457794189453
150.1 52.7941513061523
150.9 62.6900367736816
151.1 156.619689941406
151.7 8.43251037597656
151.9 19.4119071960449
152.1 55.845588684082
152.9 22.7659301757813
153.1 9.18788146972656
154.0 36.0418739318848
154.9 39.2795295715332
155.0 46.5118217468262
155.9 37.0339851379395
156.0 194.900726318359
156.1 124.525367736816
156.9 65.6221542358398
157.0 309.420074462891
157.1 58.7342834472656
158.0 2113.41967773438
158.1 4066.60278320313
159.0 479.555297851563
159.1 1150.23095703125
159.9 23.0662975311279
160.1 1853.28759765625
160.9 76.2595443725586
161.1 261.446136474609
162.1 12.8999795913696
163.0 8.64722061157227
165.0 42.2216911315918
166.7 31.0064945220947
166.9 72.5482788085938
167.0 9.68741798400879
167.2 20.0649929046631
167.8 12.4623641967773
168.1 37.6525764465332
170.0 88.9485092163086
170.1 72.2488021850586
170.9 87.2002410888672
171.1 49.3930587768555
171.8 76.9726867675781
172.0 105.819274902344
172.1 268.301940917969
172.2 31.5813846588135
173.0 619.897277832031
173.1 204.073043823242
173.9 64.0441284179688
174.0 95.9259796142578
174.8 36.5736045837402
174.9 341.262115478516
175.9 23.0864105224609
176.9 14.8880891799927
181.1 11.5580186843872
182.0 62.3938484191895
182.2 46.0097007751465
183.2 19.2478408813477
183.9 34.6126403808594
184.0 801.427856445313
184.1 174.886520385742
184.8 11.4711427688599
185.0 452.143463134766
185.1 219.02458190918
185.2 54.6181449890137
186.0 709.92138671875
186.1 1434.57702636719
187.1 1437.45642089844
187.2 646.293762207031
188.1 28904.384765625
189.1 13454.3720703125
189.9 43.3994483947754
190.1 1363.380859375
190.2 305.891387939453
190.8 19.2024078369141
190.9 12.3505592346191
191.1 29.946928024292
194.9 10.3007574081421
197.9 8.33965587615967
202.0 108.038497924805
202.1 661.599426269531
203.0 11.6250028610229
203.1 34.7428512573242
203.3 9.7905216217041
207.0 21.8679580688477
207.1 9.99666118621826
210.8 7.78302001953125
211.0 24.1731452941895
213.1 10.5625734329224
214.9 123.417091369629
214.9 88.0512847900391
215.1 77.3218002319336
216.0 30.4910430908203
216.1 8.29897499084473
216.9 8.68433284759521
218.7 8.26731109619141
218.9 34.2665863037109
219.1 25.3739776611328
226.0 8.13322830200195
228.0 18.2758502960205
228.1 11.7262763977051
228.3 20.4817924499512
228.6 13.8903760910034
228.8 60.2251243591309
229.0 39.8232231140137
229.1 92.8710021972656
229.2 32.5276222229004
229.6 41.558032989502
230.0 33.8431625366211
230.1 545.815246582031
231.2 86453.8046875
232.2 13505.466796875
233.0 41.8025665283203
233.1 1209.05065917969
233.3 21.1583099365234
234.0 44.1111145019531
234.1 15.4749708175659
236.8 47.1768798828125
237.1 24.6047973632813
251.1 21.7977848052979
251.2 9.42194938659668
251.3 13.3626070022583
279.1 104.683479309082
279.2 43.5743522644043
281.9 8.02088642120361
283.0 17.2453193664551
319.8 9.28437423706055
320.0 66.3151931762695
320.2 114.484886169434
321.2 9.66380786895752
321.4 9.62820720672607
323.4 9.22719478607178
354.0 11.8183841705322
