#"+EI Scan (rt: 8.107-8.194 min, 16 scans) CM1-2-4.D  Subtract "
#Point,X(Thompsons),Y(Counts)
40.1 261.141357421875
41.0 36.8078918457031
41.1 3528.09057617188
42.1 15508.0029296875
43.1 20313.93359375
44.0 7139.95068359375
44.8 15.1760330200195
44.9 78.7182388305664
45.0 147.059585571289
50.0 539.9892578125
50.1 230.827728271484
51.0 3001.65600585938
51.8 14.9573736190796
52.0 877.870361328125
52.9 11.4254760742188
53.0 1042.87475585938
54.0 1345.64331054688
54.2 14.4609479904175
55.0 2396.32763671875
56.0 2360.01416015625
56.9 26.0038967132568
57.0 1341.18701171875
57.9 19.1686305999756
58.0 205.794921875
58.9 3.9396915435791
59.0 107.398712158203
60.9 18.3725528717041
61.0 13.2945365905762
61.1 13.2446269989014
61.8 64.3330383300781
62.0 175.311508178711
62.1 42.8520889282227
63.0 1549.70007324219
63.9 29.479076385498
64.0 823.651977539063
64.1 44.0460395812988
65.0 7019.81884765625
66.0 1293.27197265625
66.1 32.6368827819824
67.0 2792.24462890625
68.0 3056.87719726563
68.9 26.1723613739014
69.1 2294.67993164063
69.9 76.118782043457
70.1 3701.5625
71.0 98.4754943847656
71.0 210.62776184082
71.2 125.445777893066
71.8 16.2596969604492
71.9 159.379608154297
72.1 24.9005432128906
72.9 110.173370361328
73.3 12.7065753936768
73.9 126.085441589355
74.0 175.309127807617
74.1 11.8785467147827
74.9 106.92015838623
75.0 313.187103271484
75.1 37.4362487792969
76.0 508.495697021484
76.1 439.671966552734
76.2 49.0846633911133
77.0 19415.47265625
78.0 3974.51293945313
79.0 5888.53759765625
79.8 20.95192527771
80.0 1260.94873046875
80.1 263.749908447266
80.8 83.0533447265625
80.9 253.138854980469
81.1 336.717651367188
81.9 55.2787780761719
82.0 1234.34423828125
82.1 1262.19775390625
82.9 104.183296203613
83.0 483.470062255859
83.2 27.5959777832031
84.0 603.202514648438
84.1 169.890838623047
84.9 13.531436920166
85.1 59.8075981140137
85.1 35.055591583252
85.9 23.7006721496582
86.0 166.368667602539
86.2 25.794361114502
86.9 11.4333410263062
88.2 10.7788944244385
88.3 25.0313873291016
89.0 348.212921142578
89.0 1247.50915527344
89.9 10.4395303726196
90.0 832.370361328125
90.1 394.692321777344
90.3 53.0054664611816
91.0 25962.1640625
92.0 755.836181640625
92.0 2503.82153320313
93.0 4523.07421875
94.0 131.288070678711
94.0 2983.67822265625
94.9 25.7582740783691
95.0 1025.65026855469
95.1 729.975524902344
96.1 11205.1630859375
97.0 1512.73364257813
98.1 619.359924316406
99.0 11.4133319854736
100.9 70.6547241210938
101.1 84.412727355957
101.3 10.4395236968994
102.0 347.030395507813
102.1 407.907897949219
103.0 5925.15283203125
104.0 8400.25390625
105.1 17852.802734375
106.1 4055.9111328125
107.0 206.597961425781
107.1 225.894424438477
107.9 77.4870452880859
108.0 212.018615722656
108.1 25.1542930603027
108.8 15.5643367767334
109.0 121.140113830566
109.1 127.345184326172
109.9 64.2100372314453
110.1 343.829071044922
110.2 15.0120401382446
110.7 10.7536487579346
110.9 48.536003112793
111.0 71.2530364990234
111.1 27.8783702850342
112.0 71.6823654174805
114.2 12.4114799499512
114.9 87.5134429931641
115.0 1050.73046875
115.9 37.2125930786133
116.0 436.708190917969
116.1 174.149002075195
116.3 12.1249389648438
117.0 4332.943359375
118.0 11502.4033203125
118.9 61.4941864013672
119.0 2421.77099609375
120.0 870.122863769531
120.1 229.392120361328
121.0 24.8062934875488
121.1 60.9649200439453
122.0 45.8446159362793
124.0 54.3211517333984
125.0 10.7085704803467
125.1 10.064380645752
125.7 10.4177570343018
126.1 47.6883316040039
126.8 13.9960994720459
127.0 55.6998748779297
127.1 17.4706611633301
128.0 453.997802734375
128.1 35.719898223877
128.8 57.6198806762695
129.0 153.487899780273
129.1 216.187347412109
129.2 18.2371520996094
130.1 8635.263671875
131.1 5057.7119140625
132.1 11941.5888671875
132.8 19.4745178222656
133.0 1869.36364746094
133.3 18.1855068206787
133.8 35.9545745849609
133.9 20.8559741973877
134.1 686.324401855469
134.2 28.3351249694824
134.9 133.536834716797
135.0 401.244323730469
135.1 11.9160480499268
135.9 43.6343116760254
136.0 534.708068847656
136.2 39.2260093688965
136.9 154.296356201172
137.0 83.0052337646484
137.2 60.1371917724609
137.8 13.8918037414551
138.1 29.4454250335693
139.1 414.894165039063
139.2 23.9169578552246
139.9 13.3987064361572
140.0 11.4587469100952
140.8 25.14284324646
141.0 80.8010864257813
141.7 11.2110233306885
141.9 9.43188858032227
142.0 79.0345001220703
142.2 23.1010646820068
143.0 243.347869873047
143.2 208.694046020508
143.9 30.1620540618896
144.1 1827.54895019531
144.9 187.168258666992
145.1 1443.43493652344
145.2 32.9468574523926
146.1 47405.3046875
147.1 5690.20361328125
148.0 155.784698486328
148.0 766.716613769531
148.9 35.4771385192871
149.0 31.0728549957275
150.1 10.1270532608032
150.2 14.1566896438599
150.8 9.4665470123291
150.9 34.0273780822754
151.1 25.1829452514648
151.8 34.7960739135742
153.0 25.7338371276855
154.0 20.9905204772949
155.0 62.2997016906738
155.1 39.0666275024414
155.9 76.8311157226563
156.0 191.812133789063
156.1 147.303665161133
156.2 15.214412689209
156.8 39.1753921508789
157.0 117.034240722656
157.1 166.809600830078
157.2 29.3434906005859
158.1 6196.08642578125
158.9 11.1958990097046
159.0 1699.3046875
159.9 28.4664287567139
160.0 848.757263183594
160.1 1124.36315917969
160.9 119.574172973633
161.0 147.165954589844
161.1 100.357955932617
166.9 10.3690748214722
167.1 13.4700546264648
168.9 14.4867992401123
169.9 69.9031753540039
170.0 74.2664489746094
171.1 98.7670669555664
171.8 20.8438282012939
172.0 338.367126464844
172.1 119.990730285645
172.5 15.1607723236084
172.7 16.5625495910645
172.9 16.0493717193604
173.0 464.753326416016
173.1 101.677925109863
173.9 33.9519805908203
174.0 46.3968887329102
174.1 32.3165588378906
174.2 30.2270565032959
174.8 40.6830291748047
174.9 174.03466796875
175.0 15.5164337158203
175.1 15.2333974838257
176.0 13.8684577941895
177.0 12.0997800827026
178.0 11.9093189239502
182.0 65.7951126098633
183.2 9.91424560546875
184.1 1013.92907714844
184.8 1.36391258239746
185.0 375.438873291016
185.2 211.436950683594
186.0 116.334831237793
186.1 2055.4130859375
186.9 36.843433380127
187.1 730.82861328125
187.1 1097.99926757813
188.1 30838.595703125
189.1 14336.4345703125
189.9 13.1575832366943
190.1 983.71826171875
190.1 686.804382324219
190.9 10.4764013290405
191.1 147.002716064453
201.9 132.200775146484
202.1 625.525268554688
202.8 30.2222652435303
203.1 82.9233627319336
207.0 1.75441122055054
210.9 36.0685348510742
213.1 18.8831748962402
214.9 129.122985839844
215.0 60.574333190918
215.1 29.6194972991943
216.0 21.9506530761719
216.0 34.8795776367188
218.8 27.2338008880615
227.9 13.2593488693237
228.3 13.7201290130615
228.6 38.7407836914063
228.9 43.3720321655273
229.0 104.229400634766
229.2 71.0123138427734
229.3 57.19580078125
229.5 12.1329927444458
229.7 14.4553194046021
230.0 35.4554100036621
230.2 490.851196289063
231.1 87794.453125
232.1 13813.5634765625
233.1 1309.74768066406
234.0 36.0922775268555
236.9 63.2529220581055
237.1 3.52010250091553
278.9 30.3437690734863
279.1 84.1650695800781
279.2 29.2092781066895
320.1 83.3796691894531
320.2 48.076545715332
321.1 41.0834045410156
354.2 9.948166847229
