#"+EI Scan (rt: 9.884-9.984 min, 18 scans) CM1-2-3.D  Subtract "
#Point,X(Thompsons),Y(Counts)
40.1 96.8024520874023
40.9 21.9910926818848
41.0 1184.09851074219
42.1 12185.388671875
42.9 66.9025726318359
43.1 920.299255371094
43.9 325.67626953125
45.0 217.208267211914
45.0 347.417358398438
49.9 140.354309082031
50.0 268.815826416016
50.2 16.5062808990479
51.0 1602.6611328125
52.0 465.598358154297
53.0 1241.80737304688
53.9 217.999160766602
54.0 448.448211669922
54.9 25.8684997558594
55.0 1135.95654296875
55.8 20.7806606292725
55.9 54.840576171875
56.1 1465.30920410156
57.1 14548.5390625
57.9 20.7935256958008
58.0 254.035537719727
58.1 300.479614257813
59.0 2233.76953125
59.9 9.43347930908203
60.0 24.0999202728271
61.1 10.6493330001831
61.2 9.20133590698242
61.7 8.58426761627197
61.9 130.616180419922
62.1 13.368724822998
62.9 340.369903564453
63.0 380.016235351563
64.0 549.731811523438
65.0 674.019470214844
65.0 2663.5810546875
65.8 39.5156517028809
66.0 388.490905761719
66.0 245.743194580078
66.8 14.5511608123779
67.0 1264.60302734375
67.1 43.8769073486328
67.9 55.274169921875
68.0 807.809814453125
68.1 154.70817565918
68.9 269.046051025391
69.0 915.448791503906
70.0 501.207885742188
70.1 513.28515625
70.9 21.3138523101807
71.0 264.429473876953
71.2 20.4728488922119
71.9 32.4551277160645
72.0 8.91014194488525
72.2 13.2073879241943
72.9 23.7640991210938
73.0 11.9262781143188
73.2 27.1728420257568
74.0 187.3154296875
74.1 17.0379085540771
74.9 56.9639739990234
75.0 152.652160644531
76.0 583.135192871094
76.2 14.0782737731934
77.0 11613.302734375
78.0 2467.49975585938
79.0 4376.1494140625
80.0 284.988922119141
80.1 867.039184570313
80.9 30.7384223937988
81.0 1482.03637695313
82.0 811.22119140625
82.0 912.747619628906
82.9 42.5977630615234
83.0 131.774948120117
83.1 199.599899291992
83.9 133.052352905273
84.1 137.825820922852
84.7 9.00648498535156
84.9 118.445518493652
85.0 206.231536865234
85.9 62.9515724182129
86.0 136.941589355469
87.0 13.4083118438721
87.1 13.8394956588745
88.9 165.504013061523
89.0 545.410217285156
89.2 13.7483654022217
89.8 30.0930786132813
89.9 30.28200340271
90.0 141.682800292969
90.2 431.845153808594
91.0 13431.51171875
91.9 33.2289390563965
92.0 1792.10766601563
92.2 28.0873851776123
93.0 3789.6396484375
94.0 277.731109619141
94.0 2823.97875976563
95.0 248.153259277344
95.0 986.651672363281
96.1 10525.07421875
96.9 10.164662361145
97.1 1351.9306640625
97.8 12.9269876480103
98.0 136.500137329102
98.1 90.0819244384766
98.8 32.7719993591309
99.0 80.476806640625
99.9 158.663726806641
100.0 84.479606628418
100.8 10.5827121734619
101.0 24.52024269104
101.8 14.4673271179199
101.9 194.670883178711
102.0 237.450378417969
103.0 1580.52209472656
103.0 2720.58959960938
104.1 3465.9814453125
105.0 15956.0595703125
106.0 3727.37622070313
106.8 9.68211460113525
106.9 229.99006652832
107.1 118.022178649902
107.8 10.0121250152588
108.0 168.618347167969
108.1 150.695709228516
108.9 74.5916900634766
109.1 123.265609741211
109.9 37.1963500976563
110.0 436.355590820313
110.1 113.018745422363
110.9 102.350151062012
111.1 78.4029693603516
111.9 123.499359130859
112.0 382.464080810547
112.1 34.0603904724121
113.0 2412.5087890625
114.0 345.859741210938
114.1 2230.53344726563
114.9 27.6653518676758
115.0 260.349700927734
115.1 473.048065185547
115.8 57.6400489807129
116.0 172.310623168945
116.1 155.353332519531
117.0 2588.57641601563
118.0 4225.05908203125
118.9 75.9275436401367
119.0 1150.32568359375
119.9 169.675888061523
120.0 334.882141113281
120.8 9.02233505249023
121.0 31.1913452148438
121.8 25.3803272247314
122.0 497.969879150391
122.9 34.6154632568359
123.0 54.3798599243164
123.9 113.434852600098
124.0 319.602386474609
124.1 75.3677749633789
124.2 12.7503519058228
124.9 70.4198913574219
125.0 278.103759765625
125.2 21.9779453277588
126.0 260.933380126953
126.1 1633.46691894531
126.9 18.8120822906494
127.0 387.709045410156
127.1 37.3355979919434
127.8 49.4397926330566
128.0 384.341247558594
128.2 41.8427658081055
128.9 135.184127807617
129.1 285.557586669922
129.3 37.4749526977539
130.0 9614.65234375
130.9 187.676513671875
131.0 1875.24108886719
131.9 32.1279296875
132.0 4076.8974609375
132.2 38.9114875793457
133.0 455.861114501953
133.1 141.939071655273
134.0 674.595886230469
134.1 999.322998046875
134.9 67.088493347168
135.0 55.7977142333984
135.1 79.1342391967773
135.8 33.3209533691406
136.0 131.753356933594
136.1 116.710487365723
136.4 21.6700782775879
136.9 159.777648925781
137.0 12.2110595703125
137.7 17.4655380249023
138.0 402.979919433594
138.1 37.911434173584
138.9 45.2464447021484
139.0 105.881019592285
139.1 55.6270217895508
140.0 405.559692382813
140.1 1332.71923828125
140.9 271.009704589844
141.1 243.48371887207
142.0 554.718078613281
142.1 35.1313552856445
142.9 92.4883880615234
143.0 639.417846679688
143.2 55.2855567932129
144.0 636.668090820313
144.1 1593.37707519531
144.8 88.0167694091797
145.0 292.350433349609
145.1 192.932189941406
145.2 26.2753314971924
146.1 3738.40454101563
146.2 82.587890625
146.9 70.2913818359375
147.1 468.797027587891
147.9 48.6668663024902
148.0 194.195037841797
148.2 31.5838356018066
149.0 60.884521484375
149.1 281.572082519531
149.2 25.7774829864502
150.0 92.6725234985352
150.1 397.404357910156
150.2 13.2735834121704
150.9 31.4699172973633
151.0 61.9807205200195
151.1 86.8337249755859
151.9 30.2921924591064
152.0 239.211212158203
152.1 21.9905662536621
153.0 866.24072265625
153.1 420.599060058594
154.1 10652.2998046875
155.0 255.765487670898
155.1 2090.74291992188
155.9 44.142765045166
156.1 1087.29296875
156.2 49.4287643432617
156.9 28.0154361724854
157.0 352.537963867188
157.1 224.091918945313
158.1 6051.259765625
159.0 2860.37255859375
159.9 46.6258697509766
160.0 694.860717773438
160.1 1761.05126953125
161.1 129.571472167969
161.2 142.117462158203
161.8 8.75507736206055
162.1 178.515197753906
162.2 48.0239181518555
163.2 9.70741176605225
164.9 21.4344711303711
165.1 16.6237773895264
166.1 31.0141735076904
166.7 11.2133626937866
166.9 17.8947696685791
167.2 9.57144165039063
167.8 30.6959915161133
167.9 70.8466949462891
168.1 45.4587860107422
168.3 32.2131538391113
168.9 43.7086639404297
169.0 32.7263641357422
170.0 349.956115722656
170.1 241.087921142578
170.8 44.3187828063965
171.0 242.80078125
172.0 280.316284179688
172.9 42.9095916748047
173.0 220.246185302734
173.1 78.6699752807617
173.9 34.431884765625
174.0 96.1566925048828
174.1 17.5825710296631
175.0 26.937614440918
175.8 25.4870300292969
176.1 32.2167205810547
177.0 30.9213523864746
177.8 8.51215267181396
178.0 35.9362487792969
178.2 58.3219528198242
180.8 9.65042781829834
181.9 16.1699771881104
182.1 99.5099029541016
182.2 13.8117771148682
183.2 10.3235921859741
183.9 46.1260299682617
184.0 639.687316894531
184.1 169.963836669922
184.9 21.9986724853516
185.1 679.933898925781
186.1 4341.30908203125
187.1 17107.26953125
188.1 2695.74633789063
189.0 394.981536865234
189.1 479.234527587891
190.0 957.167541503906
190.1 186.56575012207
190.8 11.8780584335327
191.0 129.19401550293
191.1 37.1445808410645
192.0 10.9359273910522
192.1 25.7732639312744
195.0 31.6418933868408
196.0 8.78588962554932
196.9 64.8181762695313
197.0 367.386871337891
197.2 145.45573425293
197.9 92.3595275878906
198.1 56.4364471435547
199.1 46.8793601989746
199.9 20.3829822540283
200.1 20.9531955718994
200.8 19.8439846038818
201.0 34.3839492797852
201.9 8.45510005950928
202.0 487.909606933594
202.1 742.74609375
203.0 104.709266662598
203.1 62.2498626708984
203.9 56.090389251709
204.0 101.968383789063
204.2 18.5204830169678
205.0 11.9679946899414
207.0 19.046443939209
211.0 56.9994125366211
211.1 24.7680931091309
212.1 8.43948936462402
213.0 29.652587890625
213.2 10.4523515701294
213.9 15.0451641082764
214.0 75.730842590332
214.1 34.5048065185547
215.0 317.784698486328
215.1 118.103271484375
215.9 129.041076660156
216.0 31.5222797393799
216.2 55.4014015197754
216.9 22.9526844024658
217.0 111.245559692383
218.1 46.365161895752
219.0 409.698059082031
219.2 164.320388793945
220.1 22.8147010803223
227.9 23.0946769714355
228.0 63.6250877380371
228.2 27.6458702087402
229.0 32.8750953674316
229.1 23.26340675354
230.0 274.203826904297
230.1 504.470916748047
231.0 232.016006469727
231.1 102.069351196289
232.9 9.19286346435547
233.0 32.7412986755371
233.2 5.19861841201782
236.7 8.42223834991455
236.8 16.5377578735352
236.9 36.0944404602051
237.7 8.85032367706299
240.1 8.61538982391357
241.9 12.1153230667114
242.1 197.946411132813
242.2 56.9397315979004
243.1 7458.6005859375
244.0 51.3166084289551
244.1 2355.8955078125
244.2 23.0051021575928
245.0 184.436767578125
245.1 488.127014160156
246.1 479.635955810547
246.2 624.5205078125
247.1 4363.7666015625
248.0 517.061828613281
248.2 221.609527587891
249.1 10.424973487854
249.2 48.6400909423828
254.9 9.49761199951172
259.9 13.2948017120361
271.0 217.367813110352
271.1 365.474029541016
272.0 48.7216186523438
272.2 19.7166748046875
273.0 9.4152774810791
273.2 11.8654108047485
274.0 45.3158416748047
274.1 1049.69372558594
275.2 4936.0615234375
276.0 26.4313545227051
276.1 377.907867431641
276.2 471.60498046875
276.7 12.3376502990723
277.1 166.828704833984
277.2 51.9613990783691
278.0 11.3674583435059
279.1 85.8718872070313
279.2 425.134490966797
279.3 21.7941341400146
280.2 29.4629783630371
280.3 22.7342338562012
289.0 18.1839561462402
292.9 25.7804584503174
293.1 8.51412963867188
301.0 29.9936656951904
301.2 13.5725202560425
301.6 10.3240375518799
301.8 14.0686340332031
302.2 164.03498840332
302.2 105.168510437012
303.2 74403.75
304.2 14728.72265625
305.0 21.4981918334961
305.2 1916.87744140625
306.1 86.6137771606445
306.2 8.40591907501221
309.2 36.680233001709
335.1 222.473373413086
335.2 1549.54809570313
336.1 248.139892578125
336.2 131.260406494141
337.1 33.4633407592773
363.0 29.263298034668
363.2 59.9054489135742
363.3 85.2793731689453
391.9 32.6677169799805
392.1 109.835144042969
