#"+EI Scan (rt: 6.160-6.230 min, 13 scans) CM1-3-7.D  Subtract "
#Point,X(Thompsons),Y(Counts)
40.1 232.956024169922
41.1 5178.62060546875
42.0 24176.69140625
42.9 30.3950672149658
43.1 3184.88696289063
44.1 8787.650390625
44.9 15.12317943573
45.0 1591.01037597656
45.9 80.9036865234375
46.1 753.889404296875
48.8 15.6340742111206
48.9 34.3605918884277
49.1 60.0698165893555
50.0 1029.76940917969
50.9 450.948089599609
51.1 309.168640136719
51.8 20.2653541564941
51.9 127.027633666992
52.0 160.748764038086
53.0 2285.41650390625
53.8 18.2505779266357
54.0 2206.0224609375
54.2 22.8944568634033
55.1 5491.02099609375
56.1 12853.8115234375
57.0 85.232795715332
57.1 2717.9580078125
57.2 76.5259780883789
58.1 25609.607421875
59.0 1258.47229003906
59.8 12.9369134902954
60.0 59.5029678344727
60.7 15.4356746673584
60.9 84.8765487670898
61.0 95.9092712402344
61.1 68.5810012817383
61.7 29.9023303985596
61.9 142.236618041992
62.0 67.7374954223633
63.0 279.155120849609
63.0 201.991928100586
63.9 51.7138023376465
64.2 28.3092670440674
64.9 287.145385742188
65.0 473.561004638672
65.9 17.1206512451172
66.0 617.467346191406
66.1 76.1210479736328
66.9 33.84423828125
67.0 1781.50842285156
67.1 894.248779296875
68.0 7790.423828125
68.9 30.2390937805176
69.0 324.723602294922
69.1 2411.34594726563
70.1 14217.1982421875
71.1 35804.859375
72.1 3111.32055664063
73.0 1251.22253417969
74.0 6307.673828125
75.0 9126.3017578125
75.9 37.5201034545898
76.0 793.059692382813
77.0 2107.140625
78.0 208.341522216797
78.1 266.117706298828
78.2 65.6765060424805
79.1 5265.615234375
80.0 1022.37573242188
80.1 825.803283691406
81.0 4968.4130859375
82.1 11688.080078125
83.1 7569.7138671875
84.1 167377.0625
85.1 13789.974609375
86.0 1268.94189453125
86.1 43.6876182556152
86.8 57.5692481994629
86.9 633.263061523438
87.0 21.6136875152588
87.9 14.0410099029541
88.0 31.3837280273438
88.2 25.2849407196045
88.8 34.531608581543
89.0 339.853973388672
90.0 55.0171279907227
90.2 19.5321674346924
90.9 209.013732910156
91.1 99.7196731567383
91.9 57.2173080444336
92.0 62.2506103515625
93.0 283.631011962891
93.1 174.365341186523
93.9 44.2328681945801
94.0 3374.14038085938
95.0 2275.4921875
96.1 5568.4296875
97.1 7484.2060546875
98.1 11992.408203125
99.1 3019.16235351563
100.0 422.976196289063
100.1 157.736419677734
100.7 36.0243873596191
101.0 120.495590209961
101.1 20.9413013458252
101.8 29.1328258514404
101.9 31.1404285430908
102.1 55.4368743896484
102.9 142.990570068359
103.0 426.135284423828
103.2 15.7560443878174
103.9 33.2926788330078
104.0 137.872375488281
104.2 11.7416706085205
104.8 14.8428506851196
105.1 12.7417964935303
105.8 15.5141363143921
105.9 31.8402843475342
106.0 100.44287109375
106.2 41.8023071289063
106.9 32.8889999389648
107.0 231.491882324219
107.2 118.148429870605
108.0 1671.64331054688
108.1 720.888000488281
109.0 17847.607421875
110.0 29316.34375
111.0 9304.2783203125
112.1 9229.9287109375
112.8 22.9158344268799
113.0 359.336212158203
113.1 1240.98645019531
114.0 193.243469238281
114.1 92.0275726318359
114.7 16.4033355712891
114.9 106.609092712402
115.1 127.892990112305
115.8 62.303653717041
116.0 149.037109375
116.8 40.0879096984863
116.9 22.8435230255127
117.1 60.5535621643066
118.0 65.4213714599609
118.2 13.7786140441895
118.8 154.499984741211
118.9 286.304473876953
119.9 68.2886505126953
120.0 165.88932800293
120.7 64.8496932983398
120.9 188.264587402344
121.0 55.5082817077637
121.2 17.9770164489746
122.0 956.870788574219
122.2 286.306335449219
122.9 92.0946044921875
123.1 1061.39758300781
123.2 178.958999633789
124.1 28218.88671875
125.1 80649.0546875
126.1 8606.92578125
126.9 61.7455825805664
127.1 551.1435546875
128.0 81.8360977172852
128.9 27.8738918304443
129.0 15.4014720916748
129.8 27.9945545196533
130.1 11.6686201095581
130.9 37.3081703186035
132.0 12.1395702362061
132.8 13.7621240615845
133.0 15.5285663604736
133.1 29.968074798584
134.9 84.0814971923828
135.0 56.1106948852539
135.8 21.6119556427002
135.9 49.8051300048828
136.1 142.672698974609
137.0 272.850463867188
137.0 451.023620605469
138.0 1742.77734375
138.1 122.468299865723
139.0 2115.1806640625
139.9 323.914123535156
140.0 516.684631347656
140.2 20.5593681335449
140.7 38.8548164367676
140.9 85.9435653686523
141.0 450.273590087891
141.1 111.066619873047
142.0 12.3751087188721
142.1 127.658004760742
142.3 14.1846313476563
142.8 33.2797813415527
142.9 29.8142776489258
143.1 52.5917205810547
143.9 190.212829589844
144.0 879.732299804688
144.9 43055.9609375
146.0 3789.16381835938
147.0 28751.142578125
147.9 2115.1767578125
148.0 154.474838256836
148.8 55.6156196594238
148.9 4596.96435546875
149.8 72.3544616699219
149.9 183.505554199219
150.0 140.272033691406
150.9 249.218597412109
151.0 104.357894897461
151.8 85.0964889526367
152.0 122.288055419922
152.2 19.8225116729736
152.9 28.4371509552002
153.1 1365.42456054688
153.8 17.981388092041
153.9 66.9159851074219
154.1 312.039184570313
155.1 4038.43530273438
155.9 72.2280426025391
156.1 126.278282165527
156.1 124.197059631348
156.2 86.2353439331055
157.0 29.7715549468994
157.8 12.6996355056763
158.0 15.6450595855713
158.2 30.8283348083496
158.8 23.9398193359375
158.9 635.4052734375
159.1 38.0849189758301
159.9 119.702995300293
160.1 30.3807640075684
160.7 13.8991594314575
160.8 139.839172363281
160.9 98.6934509277344
161.0 115.562759399414
161.9 20.5049304962158
163.0 87.6896896362305
163.9 43.4274215698242
164.1 52.4439239501953
165.0 55.2052459716797
166.0 89.7188415527344
166.8 56.2164726257324
167.0 343.689331054688
167.1 31.8368816375732
167.9 23.7756881713867
168.1 81.3241806030273
168.2 16.7857685089111
169.1 875.422607421875
169.2 138.883636474609
169.9 77.1507568359375
170.0 62.674747467041
170.1 78.1854782104492
170.8 95.00341796875
170.9 358.892791748047
171.6 14.5573644638062
171.8 51.5145721435547
172.0 599.959716796875
172.2 37.9077224731445
172.9 38246.734375
173.9 3490.18383789063
174.9 24714.607421875
175.9 2089.2109375
176.9 4156.63818359375
177.9 286.646911621094
178.0 116.15796661377
178.9 31.2431678771973
179.0 18.8680305480957
179.9 148.884429931641
180.9 17.6045722961426
181.0 57.99267578125
181.7 40.1031303405762
181.9 17.5431652069092
182.0 61.6463279724121
182.9 14.0058040618896
183.0 25.3426551818848
183.2 21.3866920471191
184.0 123.432563781738
184.7 19.0900840759277
184.9 65.5171203613281
185.1 28.8200988769531
185.8 15.6446437835693
185.9 1010.85687255859
186.0 426.684509277344
186.8 19.8134841918945
186.9 243.526931762695
187.0 104.896415710449
187.9 1007.55072021484
188.1 70.3965377807617
188.7 14.6021432876587
188.9 117.415908813477
189.1 20.3283557891846
189.7 17.9883594512939
189.9 142.937973022461
190.0 25.8203201293945
191.1 55.8885459899902
192.9 46.4107437133789
194.0 38.7716445922852
194.8 12.1036968231201
194.9 37.6388282775879
195.9 34.6752395629883
196.9 12.7153034210205
197.9 35.3214530944824
199.0 29.2901191711426
199.8 12.1068420410156
200.0 13.882905960083
200.8 14.4872550964355
201.0 61.7106857299805
201.2 15.5786428451538
201.8 47.4825057983398
201.9 340.587951660156
202.1 111.717391967773
203.0 242.728164672852
203.9 477.221252441406
204.0 269.63330078125
204.9 73.9788818359375
205.0 61.1843681335449
205.9 178.846572875977
206.0 167.408279418945
206.1 31.1713581085205
206.7 14.1908226013184
206.9 58.491039276123
207.1 8.59274291992188
207.9 27.1977214813232
208.1 28.2259750366211
210.8 9.55239868164063
211.0 74.3493881225586
211.6 14.4153232574463
211.9 28.2677268981934
212.1 59.1352462768555
213.0 27.7892551422119
213.8 17.5468788146973
213.9 180.351623535156
214.0 130.098571777344
214.7 26.5257434844971
214.9 37.9219207763672
215.0 165.28401184082
215.9 994.611633300781
216.2 28.7090549468994
216.8 184.696441650391
217.0 111.642768859863
217.9 316.294647216797
218.0 204.283752441406
218.9 7.82339859008789
219.0 265.767028808594
219.9 35.4980506896973
220.1 60.4453926086426
222.0 41.5259666442871
226.0 41.8250465393066
226.8 53.05224609375
227.0 57.0517959594727
227.1 31.1299667358398
227.9 165.82160949707
228.0 298.294921875
228.9 71.205192565918
229.1 70.384521484375
229.8 12.4173717498779
229.9 341.852722167969
230.9 13.1367444992065
231.1 23.3872203826904
231.9 21.0132961273193
232.1 22.8489608764648
232.9 90.9910354614258
233.0 59.9360885620117
236.7 18.4972114562988
236.8 43.7242698669434
237.0 77.8915252685547
237.2 18.6393756866455
238.0 11.9699954986572
238.9 82.6546249389648
239.1 54.8622093200684
239.9 52.5326957702637
240.0 51.192268371582
240.8 23.496997833252
240.9 156.604461669922
241.7 13.8000354766846
241.9 100.539710998535
242.0 120.325691223145
242.9 19.0121173858643
243.1 29.5788097381592
243.8 22.872127532959
243.9 171.459991455078
248.1 11.6766500473022
252.9 13.1382865905762
253.1 14.3260889053345
253.8 87.7068939208984
253.9 62.0359916687012
254.1 125.523025512695
254.2 15.245551109314
254.8 92.3307571411133
255.0 182.249328613281
256.0 202.069320678711
256.1 683.519104003906
256.8 14.521692276001
256.9 243.319427490234
257.1 27.5619316101074
257.2 25.1858558654785
257.9 182.738174438477
258.0 290.731292724609
259.0 48.9213104248047
259.1 33.3029365539551
260.0 60.5895309448242
264.9 28.3770008087158
268.1 21.320182800293
269.0 20.558256149292
270.1 112.529289245605
270.9 53.647762298584
272.0 45.8558006286621
273.0 14.2991275787354
282.0 152.171859741211
282.2 19.7798175811768
283.0 42.7113990783691
283.9 126.377632141113
284.0 284.380828857422
284.1 434.328796386719
284.9 63.8629188537598
285.1 95.4337997436523
286.0 276.916290283203
286.1 147.932876586914
286.2 49.1399765014648
286.8 14.7782964706421
286.9 33.076286315918
287.1 14.9930210113525
287.2 15.4679918289185
287.7 11.8326768875122
288.1 24.8148155212402
292.8 34.9641876220703
292.9 5.97916316986084
293.0 15.5044536590576
294.9 47.4665908813477
295.0 111.730804443359
295.3 12.3035411834717
296.0 12.8958940505981
296.2 16.0211658477783
296.9 109.298789978027
297.1 38.9516372680664
297.9 12.2697763442993
298.9 21.2750778198242
299.1 18.1096687316895
309.9 47.4347763061523
310.2 52.8829689025879
311.9 13.2092418670654
312.0 77.5486221313477
312.2 16.1370639801025
312.9 64.7483062744141
313.0 71.4705047607422
313.1 187.222518920898
313.3 22.3046188354492
314.2 46.3166427612305
314.8 13.8264455795288
314.9 184.157089233398
315.1 50.6552886962891
316.0 16.1505241394043
327.1 1660.54772949219
327.8 15.347207069397
328.0 76.2499923706055
328.1 648.845275878906
328.2 62.3777008056641
329.1 1146.212890625
329.2 304.948059082031
329.9 29.3671569824219
330.1 358.401031494141
330.2 207.278289794922
330.9 105.135536193848
331.1 114.582633972168
331.2 46.2031860351563
331.3 21.9689502716064
331.9 22.5995292663574
