#"+EI Scan (rt: 7.827-7.914 min, 16 scans) CM1-3-3.D  Subtract "
#Point,X(Thompsons),Y(Counts)
40.1 160.501708984375
41.1 5267.24951171875
42.1 7177.3125
43.1 19010.337890625
44.0 3796.72875976563
44.2 46.992862701416
44.9 68.5889587402344
45.1 12.7364454269409
49.9 228.997680664063
51.0 492.80712890625
51.1 207.414199829102
51.9 139.178253173828
52.0 134.769927978516
52.2 34.633903503418
52.9 68.6584167480469
53.0 494.772338867188
53.2 15.530858039856
53.9 29.692440032959
54.0 655.659973144531
55.0 448.267822265625
55.0 1392.72119140625
56.0 1097.8408203125
56.1 322.731109619141
56.9 17.1637268066406
57.0 1146.9345703125
57.1 83.2441635131836
57.8 13.4374904632568
58.0 101.351020812988
58.2 21.4974536895752
59.0 185.462326049805
61.8 22.2731914520264
62.0 93.1541290283203
62.1 19.8035659790039
62.9 115.122001647949
63.0 473.315551757813
64.0 102.773101806641
64.0 94.3489151000977
65.0 2317.73779296875
65.9 27.8680725097656
65.9 128.486877441406
66.1 113.889724731445
66.9 35.947582244873
67.0 1045.53247070313
67.1 86.9207305908203
68.0 1992.47326660156
69.0 2089.50073242188
70.0 3484.65478515625
71.0 8495.8583984375
72.0 314.673889160156
72.1 88.7959518432617
72.9 23.0927181243896
73.0 82.0678253173828
73.9 26.0394248962402
74.0 136.733459472656
74.9 70.1941986083984
75.0 1172.69201660156
75.8 24.2508144378662
76.0 211.668304443359
76.1 117.696075439453
77.0 3889.81176757813
77.9 260.246948242188
78.0 1173.53491210938
79.1 3385.35278320313
79.9 12.3562364578247
80.0 429.951080322266
80.1 398.652465820313
80.9 254.195449829102
81.1 279.098693847656
81.9 145.19465637207
82.0 1815.54724121094
82.9 52.148868560791
83.0 1134.54565429688
83.9 22.3648681640625
84.0 704.980224609375
84.1 221.531341552734
85.0 88.0069274902344
85.1 14.8550987243652
86.1 26.696216583252
89.0 649.42138671875
89.1 96.616569519043
89.9 35.1295280456543
90.0 194.209289550781
90.1 212.955902099609
91.1 10034.5205078125
92.0 644.40625
92.1 435.6865234375
92.9 70.7636871337891
93.0 110.503158569336
93.1 146.216827392578
93.9 104.326293945313
94.1 1120.93688964844
95.0 6217.18017578125
96.1 8208.30859375
97.1 1371.04663085938
97.8 10.2216920852661
97.9 97.9992599487305
98.0 223.121292114258
98.1 88.5449295043945
99.2 12.8481569290161
100.8 36.6199264526367
101.0 93.4182739257813
101.2 35.4548301696777
101.8 23.3438720703125
101.9 208.201950073242
102.1 186.907760620117
102.2 9.84707355499268
103.0 3491.63134765625
104.1 1912.90002441406
105.1 12838.666015625
105.9 39.3332328796387
106.1 1273.0888671875
106.9 38.1891822814941
107.0 170.567626953125
108.0 257.20556640625
108.2 25.2702407836914
109.0 2484.02661132813
109.9 329.688842773438
110.0 741.796447753906
110.2 24.7468852996826
111.0 2223.02490234375
111.2 55.5587463378906
111.8 29.929084777832
112.0 368.121887207031
112.2 47.4900360107422
113.0 13.5503778457642
115.0 422.094665527344
115.8 14.1697044372559
115.9 95.662841796875
116.1 106.31916809082
116.9 59.9346160888672
117.0 481.809387207031
117.1 180.766479492188
117.9 147.176895141602
118.0 25.3507595062256
118.2 13.051586151123
119.0 25.0976238250732
119.2 10.9772481918335
120.0 24.4989528656006
121.0 364.042053222656
121.1 156.207092285156
122.0 3146.29858398438
122.1 1584.08569335938
122.9 97.9209060668945
123.0 1463.2197265625
123.9 221.79914855957
124.0 803.5654296875
124.8 22.3193244934082
125.0 103.074012756348
125.8 14.237476348877
126.0 9.53991985321045
126.9 36.9390182495117
127.7 13.2948751449585
127.9 50.9358749389648
128.1 79.9458236694336
128.9 63.9747161865234
129.1 90.0631408691406
129.2 18.7315578460693
129.9 50.5812683105469
130.0 1327.25561523438
130.9 101.312301635742
131.0 346.548950195313
131.2 23.8070545196533
131.8 13.4760093688965
131.9 137.088134765625
132.0 404.53857421875
132.1 50.8678512573242
132.8 24.1048374176025
132.9 120.810531616211
133.1 84.8091278076172
133.2 26.642427444458
133.9 193.066116333008
134.0 259.28369140625
134.1 146.710525512695
134.9 46.4078369140625
135.0 605.279907226563
135.1 774.179565429688
136.0 3384.05395507813
136.1 360.309783935547
137.0 1879.95532226563
137.9 127.567169189453
138.0 593.942749023438
138.9 36.0785827636719
139.1 1056.50207519531
140.0 49.6297950744629
140.1 41.1779861450195
140.9 20.5699234008789
141.9 11.9859046936035
143.0 69.5426940917969
143.1 11.4259691238403
143.9 145.810394287109
144.0 213.979721069336
144.1 85.5299301147461
145.0 92.8528137207031
145.9 86.9473571777344
146.0 301.416076660156
146.2 46.6872482299805
146.9 13.8484172821045
147.1 73.8901519775391
148.0 5041.02880859375
148.9 29.0283279418945
149.0 4062.2001953125
150.1 5466.2099609375
150.9 17.4757099151611
151.0 813.537475585938
151.1 101.414695739746
151.9 129.437896728516
152.1 80.9474334716797
153.8 10.8346099853516
154.0 28.1525497436523
154.1 13.2603950500488
154.9 11.3323612213135
155.0 51.7065544128418
155.9 34.3303451538086
156.0 89.7191925048828
156.1 37.4619941711426
157.0 34.1478652954102
157.2 13.0718278884888
157.9 27.1005554199219
158.0 229.109466552734
158.7 14.9678106307983
158.8 26.3915710449219
159.0 222.318389892578
159.9 65.9876403808594
160.1 1145.85205078125
161.0 127.524757385254
161.1 181.270431518555
162.0 391.339447021484
162.1 421.492645263672
163.1 922.400268554688
163.2 47.0729026794434
164.1 22992.6796875
164.9 25.1545944213867
165.1 2836.7666015625
166.0 89.4067916870117
166.1 361.200469970703
167.0 30.6700592041016
168.0 9.44017219543457
171.0 12.0955085754395
171.1 12.0521354675293
172.0 37.6747703552246
174.0 69.4229583740234
174.9 95.4944534301758
175.1 55.2872924804688
175.9 122.394927978516
176.0 776.548461914063
176.9 21.3177547454834
177.0 793.784790039063
177.2 74.667236328125
177.9 85.7826156616211
178.0 327.798217773438
178.2 48.6018142700195
178.9 33.3490715026855
179.0 37.8894577026367
180.2 10.7696533203125
180.9 103.522933959961
181.1 117.533729553223
181.2 21.896276473999
182.1 327.290405273438
182.8 22.9197769165039
183.0 47.1958656311035
183.9 31.0401973724365
184.1 636.390197753906
184.2 13.3276567459106
184.9 10.5612812042236
185.0 206.471908569336
185.1 251.83283996582
186.0 206.45051574707
186.1 1737.57885742188
187.1 434.617828369141
187.2 88.6813659667969
188.0 40.0371513366699
188.1 1961.30993652344
188.8 12.8409090042114
188.9 40.917552947998
189.0 227.836364746094
189.2 52.6585083007813
190.0 150.587921142578
190.2 14.9638080596924
190.9 70.5827407836914
191.0 295.328399658203
191.8 13.0781860351563
192.0 49.9188270568848
192.1 15.1073808670044
192.3 11.7936477661133
193.1 13.2832326889038
204.0 13.8124504089355
204.2 12.4042949676514
205.0 235.751892089844
205.1 646.791870117188
205.1 523.851684570313
205.9 17.8683242797852
206.0 285.754638671875
206.1 1222.62109375
207.1 21520.314453125
208.0 37.5228424072266
208.1 2856.92211914063
209.0 84.0891189575195
209.2 91.4626693725586
210.8 13.7695722579956
210.9 47.0057983398438
211.0 34.1334075927734
212.0 11.7027559280396
214.7 15.7970914840698
215.0 171.752639770508
215.9 9.46792602539063
216.0 35.1320419311523
218.1 34.8529624938965
218.8 52.5258827209473
219.0 30.5702285766602
219.1 10.5273733139038
220.9 9.73855209350586
231.1 31.7110767364502
231.2 13.6221580505371
232.0 11.5491971969604
232.8 28.0010776519775
232.9 175.195526123047
234.0 240.62712097168
234.1 2308.41625976563
234.8 11.063138961792
235.0 217.383834838867
235.2 188.983154296875
236.9 76.9054718017578
237.1 18.9154949188232
247.9 13.6331977844238
248.1 156.160339355469
248.2 96.1133575439453
269.1 10.6057147979736
274.9 28.5743293762207
275.1 126.887474060059
276.1 59.8244247436523
276.2 96.4416122436523
277.2 50961.52734375
278.2 9445.8017578125
279.1 540.404357910156
279.2 508.251342773438
280.0 13.4478950500488
280.2 10.1997079849243
288.9 13.2902774810791
292.9 11.2454204559326
297.0 54.2773971557617
297.2 16.245288848877
297.3 33.377555847168
325.1 14.2433300018311
366.1 11.5026760101318
366.2 138.192153930664
367.2 25.6577911376953
