#"+EI Scan (rt: 7.821-7.903 min, 15 scans) CM1-3-5.D  Subtract "
#Point,X(Thompsons),Y(Counts)
40.1 127.187843322754
40.2 15.1751155853271
41.1 4818.08154296875
42.1 6854.81787109375
43.1 18044.72265625
44.1 3669.67260742188
44.8 12.3655729293823
45.0 31.4542350769043
45.1 32.1428337097168
50.0 162.418655395508
50.1 137.564407348633
50.9 243.964004516602
51.0 388.65283203125
51.1 30.3418636322021
51.8 16.3345050811768
52.0 168.067779541016
52.0 93.5065536499023
52.9 134.050247192383
53.0 385.186920166016
54.0 233.662338256836
54.1 424.178283691406
54.9 26.1712398529053
55.0 1574.330078125
55.9 18.8162612915039
56.0 1288.33544921875
57.0 1169.193359375
57.9 11.7871675491333
58.0 94.6888809204102
58.8 7.46958923339844
59.1 84.7453079223633
61.8 33.9888648986816
62.0 144.57551574707
62.1 23.580493927002
62.9 60.4676704406738
63.0 465.603729248047
63.2 24.3120250701904
63.9 147.452926635742
64.1 37.9104156494141
65.0 2110.7294921875
65.9 29.3154468536377
66.0 193.398040771484
66.2 14.32248878479
66.9 47.8736343383789
67.0 1021.08312988281
67.9 64.6034469604492
68.0 1791.01538085938
69.0 1932.98205566406
69.9 36.8183746337891
70.1 3190.20166015625
71.1 7572.23095703125
71.9 118.601020812988
72.0 300.358001708984
72.9 50.349609375
73.1 82.1000595092773
73.9 113.520843505859
74.0 13.7584428787231
75.0 721.984924316406
75.1 467.343139648438
75.9 126.37776184082
76.0 110.378814697266
77.0 3302.04833984375
78.0 1301.52893066406
79.0 485.876129150391
79.0 2579.6533203125
80.0 653.044189453125
80.1 94.890998840332
80.9 62.0765380859375
81.0 356.074035644531
82.0 173.098983764648
82.0 1491.35363769531
82.9 44.8432960510254
83.0 1315.50598144531
83.9 137.247817993164
84.1 689.222595214844
85.0 29.8526134490967
85.1 26.4890747070313
88.8 18.7555046081543
89.0 594.541442871094
89.8 15.2303047180176
90.0 57.6420822143555
90.1 300.431976318359
91.1 9282.576171875
91.8 49.0834922790527
92.0 711.664306640625
92.1 210.124771118164
92.9 84.351676940918
93.1 252.882827758789
94.0 1142.74853515625
95.0 5544.14208984375
96.1 7185.01611328125
97.1 1280.28210449219
97.8 17.5808048248291
98.0 157.582260131836
98.0 98.1976089477539
98.1 124.89476776123
100.1 10.2060432434082
100.8 20.7950668334961
100.9 100.086570739746
101.1 46.7624397277832
102.0 116.261489868164
102.0 237.650787353516
102.2 56.9904975891113
102.9 56.5288581848145
103.0 3160.93530273438
104.0 460.535614013672
104.1 1394.47570800781
105.1 11847.44921875
106.0 1093.16772460938
106.8 15.4801549911499
107.0 96.2900619506836
107.1 31.1809864044189
107.6 10.8706645965576
107.8 39.5622787475586
108.0 249.267120361328
108.1 93.5903015136719
108.9 47.5417098999023
109.0 2099.78198242188
109.8 36.9236946105957
110.0 936.682861328125
111.0 2162.55810546875
111.8 14.3014783859253
112.0 408.720275878906
112.1 27.1130619049072
113.0 19.509744644165
114.8 29.7180595397949
115.0 167.128402709961
115.1 154.689010620117
116.0 123.278495788574
116.1 28.7269420623779
117.0 345.459533691406
117.1 328.693298339844
117.9 103.376388549805
118.1 33.5115432739258
118.9 18.2534523010254
119.0 13.0330057144165
119.1 22.5692100524902
119.9 15.276948928833
120.2 16.3378047943115
120.9 151.706466674805
121.0 354.151031494141
122.0 4439.98388671875
122.9 15.5453433990479
123.0 1356.68737792969
124.0 928.552612304688
124.8 14.4739723205566
125.2 45.9607009887695
126.7 12.4882717132568
127.0 11.1424617767334
128.0 106.780235290527
128.3 15.5727167129517
128.8 12.4126148223877
128.9 21.4122047424316
129.0 62.8740158081055
129.1 19.6282424926758
129.9 123.942169189453
130.0 953.307373046875
130.1 135.588180541992
130.9 55.6127319335938
131.1 282.045318603516
132.0 566.759826660156
132.2 61.002685546875
132.9 126.771484375
133.0 87.3300476074219
133.9 84.4956588745117
134.0 187.077926635742
134.1 255.177444458008
135.0 949.921264648438
135.1 428.050842285156
136.0 3361.70385742188
137.0 919.168701171875
137.1 758.307861328125
137.9 213.876739501953
138.0 470.413269042969
138.9 209.183868408203
139.1 575.463012695313
139.2 100.445854187012
140.1 37.140811920166
140.9 12.7454175949097
141.1 26.7337284088135
142.1 26.3273639678955
143.0 15.3992509841919
143.1 79.6220550537109
143.2 27.214319229126
143.3 12.6227369308472
144.0 158.103073120117
144.1 116.693328857422
144.9 27.1948261260986
145.1 69.0924453735352
145.9 76.9618453979492
146.1 302.152282714844
147.0 69.0273971557617
147.2 55.2180519104004
147.9 59.9735832214355
148.1 4447.36376953125
149.0 3648.48071289063
150.1 4763.8017578125
150.8 12.5320119857788
151.0 582.488403320313
151.1 266.859283447266
152.0 100.827102661133
152.1 115.015205383301
153.1 10.8235960006714
154.0 14.9745454788208
154.7 14.1345109939575
155.0 28.4485301971436
155.1 73.1823425292969
155.9 61.9031181335449
156.0 56.1856880187988
156.2 29.0616779327393
156.8 12.2789306640625
157.9 104.059715270996
158.1 93.8093719482422
158.9 62.8294219970703
159.0 105.351165771484
159.9 81.3268890380859
160.1 1014.36535644531
161.0 185.223571777344
161.1 109.264358520508
162.0 409.405212402344
162.1 334.289764404297
163.0 755.649719238281
163.1 212.324157714844
163.3 34.0884170532227
164.1 19993.279296875
165.0 189.581954956055
165.1 2274.91186523438
166.0 168.461730957031
166.1 239.307678222656
166.8 10.8699827194214
166.9 14.5626745223999
170.0 39.4990119934082
173.9 12.8752536773682
174.8 22.6120719909668
174.9 46.5220947265625
175.2 44.1570281982422
176.0 694.303466796875
176.1 137.841583251953
176.8 22.6760139465332
176.9 166.807388305664
177.1 506.648071289063
177.2 12.4499807357788
178.0 357.957061767578
178.9 13.1533975601196
179.1 75.9188613891602
180.9 88.1932907104492
181.0 126.047431945801
181.1 85.8613433837891
181.2 13.6924858093262
182.0 106.087425231934
182.1 208.659881591797
183.0 26.2775135040283
183.1 10.1206016540527
184.0 246.413436889648
184.1 414.620086669922
185.0 302.175415039063
185.1 160.45622253418
186.1 1846.92138671875
187.0 122.709754943848
187.1 225.195602416992
187.2 96.6387710571289
188.1 996.681518554688
188.2 822.593322753906
188.9 110.719757080078
189.1 180.182098388672
189.8 32.0094757080078
190.0 92.3437194824219
191.0 86.561279296875
191.1 164.472152709961
191.2 71.8606948852539
191.9 10.6549081802368
192.1 26.5963134765625
196.2 11.0090780258179
198.9 10.6179237365723
203.1 12.8645029067993
203.3 13.1841821670532
204.9 18.9705829620361
205.1 1222.29113769531
206.1 1382.41345214844
207.1 18644.880859375
208.0 91.4770355224609
208.1 2536.88647460938
209.0 160.482940673828
209.2 22.3848762512207
210.9 27.6168060302734
211.0 31.6678142547607
212.0 15.7825174331665
214.8 6.0943603515625
214.9 112.400436401367
215.0 11.8604507446289
216.0 32.7480278015137
217.0 14.5119695663452
218.0 23.4647388458252
218.9 44.4490737915039
219.0 37.6683235168457
231.0 28.1705093383789
231.2 46.1578826904297
232.1 11.1408500671387
233.0 104.880531311035
233.1 40.0412673950195
234.1 1192.48156738281
234.1 955.962341308594
235.1 336.887237548828
235.2 33.6514701843262
236.7 25.1765041351318
237.0 97.5051879882813
237.1 11.2110023498535
247.8 29.294527053833
248.0 71.7714614868164
248.1 141.730819702148
261.1 12.6686525344849
275.0 40.7081146240234
275.2 12.0605611801147
276.0 22.4859981536865
276.2 171.609222412109
277.2 44763.53515625
278.2 8585.5478515625
278.9 28.5124568939209
279.1 242.956329345703
279.2 643.754211425781
279.4 41.888427734375
280.1 26.422872543335
280.2 13.3895301818848
292.7 11.4075117111206
296.8 13.4585828781128
297.0 12.7396354675293
297.2 82.8435897827148
366.1 60.2680435180664
366.3 61.1444053649902
366.4 10.8166837692261
367.1 12.3483829498291
