#"+EI Scan (rt: 8.416-8.503 min, 16 scans) CM1-3-6.D  Subtract "
#Point,X(Thompsons),Y(Counts)
40.1 232.872848510742
41.1 4438.21142578125
42.1 18204.3203125
42.9 81.9921569824219
43.1 2933.57983398438
44.1 11349.2705078125
44.9 18.648250579834
45.0 229.825225830078
45.1 115.138984680176
49.9 59.1510009765625
50.0 500.722198486328
51.0 1562.3232421875
51.9 111.698944091797
52.0 535.060913085938
53.0 431.146087646484
53.1 797.266235351563
54.0 1703.98083496094
55.0 4085.30102539063
56.0 714.059448242188
56.1 2823.03759765625
57.0 27089.201171875
58.0 1133.55908203125
58.8 9.94655513763428
58.9 114.468116760254
59.1 91.1857147216797
60.9 24.5972747802734
61.9 190.577789306641
62.1 135.156646728516
63.0 1222.68408203125
63.9 390.238159179688
64.1 195.145614624023
65.0 5887.62646484375
65.9 58.6193771362305
66.0 580.533081054688
67.1 3099.17236328125
68.1 4564.47900390625
69.1 4712.34619140625
70.1 7299.87939453125
70.9 42.7783355712891
71.0 697.093139648438
71.8 34.4589195251465
71.9 36.5449409484863
72.0 35.2684936523438
72.9 58.5665016174316
73.1 60.2946357727051
73.9 48.6884994506836
74.0 141.670562744141
74.1 182.67219543457
75.0 3060.74536132813
75.9 51.2281074523926
76.0 668.41357421875
77.0 8623.224609375
78.0 3127.25463867188
79.0 7690.1513671875
79.9 183.703475952148
80.0 1527.99084472656
80.2 24.3756694793701
81.0 599.525695800781
81.1 300.838165283203
82.0 4460.19775390625
82.9 40.0705947875977
83.0 2759.60693359375
84.0 1763.546875
85.0 222.467575073242
85.1 42.7675323486328
85.9 83.0249328613281
86.0 160.669723510742
86.2 20.5086612701416
87.0 29.9545288085938
87.1 10.775691986084
88.0 54.8470420837402
88.2 38.4548377990723
89.0 427.829895019531
89.0 1253.61791992188
90.0 424.768707275391
90.1 562.595947265625
90.3 28.6435356140137
91.1 25102.302734375
91.9 35.8254318237305
92.1 2454.3134765625
92.9 44.7767868041992
93.0 461.847106933594
93.2 100.260208129883
94.0 1318.65551757813
94.1 1373.66760253906
95.0 15487.6474609375
96.1 18115.794921875
97.1 2849.54418945313
98.0 301.2685546875
98.1 432.274383544922
99.1 11.7833309173584
99.8 15.7568082809448
100.0 46.8013305664063
100.9 18.0008163452148
101.0 358.309631347656
101.1 11.9564151763916
101.9 218.357147216797
102.1 660.100708007813
103.0 7709.02685546875
104.0 4427.97412109375
105.1 26216.5859375
106.0 2374.21997070313
106.9 142.928237915039
107.0 386.639526367188
107.2 36.6609191894531
108.0 530.445678710938
108.1 214.794296264648
109.0 5313.14453125
109.9 81.2407302856445
110.0 1835.91711425781
111.0 5001.35986328125
111.9 138.876571655273
112.0 1234.09875488281
112.9 37.2997283935547
113.0 132.805053710938
113.1 30.5767211914063
113.3 18.9411430358887
113.8 12.0898475646973
114.9 82.1295318603516
115.0 843.317199707031
116.0 456.348724365234
116.2 14.484543800354
116.9 15.4653282165527
117.1 1516.54357910156
118.0 278.004974365234
118.1 197.033538818359
118.2 106.623687744141
118.8 13.4836807250977
118.9 36.865795135498
119.1 122.727165222168
119.2 12.2010354995728
120.0 101.509757995605
120.1 42.3828811645508
120.2 26.1674690246582
121.0 1078.09008789063
121.1 102.347282409668
122.0 10231.318359375
123.0 3246.92114257813
123.9 426.466186523438
124.0 2294.35546875
125.0 225.839096069336
125.1 61.3812255859375
125.9 19.7086372375488
126.9 28.9111099243164
127.1 50.8114814758301
127.8 16.5751724243164
128.0 272.619842529297
128.1 68.249137878418
128.9 180.941040039063
129.1 253.126235961914
130.0 1774.24072265625
130.1 1213.384765625
130.9 130.817199707031
131.0 821.956359863281
131.2 31.7573108673096
132.0 845.267517089844
132.1 830.775573730469
133.0 438.849639892578
133.1 164.301513671875
133.9 27.9621906280518
134.0 1239.11596679688
135.0 3525.01416015625
135.9 156.527099609375
136.0 9976.9365234375
137.0 3329.49829101563
138.0 726.864135742188
138.1 471.253112792969
139.0 298.653442382813
139.1 1275.49194335938
139.9 72.7959671020508
140.0 83.0223083496094
140.1 75.4073791503906
140.8 18.1586132049561
141.0 62.747200012207
141.1 68.0527114868164
142.0 91.5793075561523
142.2 16.470874786377
142.9 46.8018493652344
143.0 170.30094909668
143.2 36.3413619995117
144.0 348.708465576172
144.1 645.140197753906
144.7 10.284875869751
144.9 112.174453735352
145.1 145.351821899414
146.0 323.817901611328
146.1 1089.12255859375
146.9 72.6296310424805
147.1 335.389099121094
147.9 218.226303100586
148.1 10711.208984375
149.1 7684.74169921875
150.1 15718.1875
151.1 2718.0615234375
151.9 112.368240356445
152.0 263.956817626953
152.2 29.8861789703369
153.0 10.0641975402832
153.2 11.9865407943726
154.8 11.3835716247559
155.0 13.7326965332031
155.9 46.3392944335938
156.0 226.57829284668
156.9 10.0434188842773
157.0 46.8369979858398
157.1 13.0714111328125
157.9 67.8055801391602
158.1 406.528686523438
158.2 66.1922302246094
158.7 7.5264835357666
158.9 236.312850952148
159.1 125.157791137695
160.0 20.8857841491699
160.1 2296.98901367188
161.0 401.347106933594
161.1 246.884185791016
162.0 1644.97094726563
163.0 480.102416992188
163.1 1437.93579101563
164.1 66481.7109375
165.1 7741.16259765625
165.9 17.1503314971924
166.0 486.720092773438
166.1 459.715576171875
167.0 575.721130371094
168.0 81.4607696533203
168.1 578.553161621094
169.0 47.4558715820313
169.1 20.9575710296631
169.9 13.0769529342651
170.0 151.803649902344
170.9 13.4938402175903
171.1 9.94277572631836
171.2 12.2295846939087
171.8 10.5033550262451
172.1 75.0706939697266
173.0 22.2049293518066
174.0 217.674530029297
174.1 23.5113887786865
175.0 158.925735473633
175.1 153.659698486328
176.1 4272.74365234375
176.9 144.466934204102
177.1 1796.50537109375
178.0 499.918975830078
178.1 527.949035644531
178.9 61.0654525756836
179.1 181.108215332031
179.2 15.1286764144897
179.9 12.6727724075317
180.0 22.8297576904297
180.1 12.5484924316406
182.0 71.7464828491211
182.2 10.6414346694946
183.0 30.983081817627
183.1 11.6234321594238
184.0 175.275695800781
184.1 972.662902832031
184.9 31.0703544616699
185.0 412.307006835938
185.1 304.458923339844
186.1 3591.48388671875
187.1 856.690490722656
187.2 26.231107711792
188.1 2687.53955078125
188.9 61.5093536376953
189.1 1078.50671386719
189.2 37.1064643859863
189.9 77.0220031738281
190.1 423.356628417969
191.1 701.53564453125
191.9 17.048131942749
192.0 60.3468551635742
192.1 61.5856475830078
192.8 11.129997253418
193.0 98.8527603149414
198.2 9.99864959716797
199.8 22.9189872741699
201.0 43.2183532714844
201.8 11.7669382095337
201.9 13.3827114105225
203.0 63.9480285644531
203.1 13.3683271408081
203.8 11.34485912323
203.9 26.3680000305176
204.1 73.3487167358398
204.2 11.5920429229736
204.4 12.5978107452393
205.1 2400.14575195313
206.0 244.256256103516
206.1 2797.01000976563
207.1 34055.953125
208.1 3445.34008789063
208.1 1030.98486328125
208.9 33.5174522399902
209.0 169.738204956055
209.1 130.108215332031
211.0 123.654853820801
211.8 12.0402975082397
212.1 25.3126525878906
214.1 35.2563285827637
214.8 48.9264907836914
214.9 40.0440826416016
215.0 70.8492660522461
215.9 51.3388633728027
216.0 31.2375602722168
216.1 20.0601959228516
216.9 9.86375713348389
217.0 28.4019565582275
217.8 21.1253776550293
218.0 13.755425453186
218.1 109.536956787109
218.3 9.43044376373291
218.7 12.2625970840454
218.8 16.9182910919189
219.0 78.1115264892578
219.2 73.0953140258789
220.1 15403.6826171875
220.2 232.691467285156
221.0 288.344635009766
221.1 2001.58264160156
222.0 103.895034790039
222.1 105.02530670166
229.0 15.3752346038818
231.0 81.6110229492188
232.7 14.5191793441772
233.0 158.617279052734
233.1 41.7261428833008
233.9 62.3769302368164
234.1 799.215454101563
234.9 22.2414817810059
235.1 156.948654174805
236.7 10.6688823699951
236.8 53.9831619262695
244.0 13.9475803375244
244.1 30.0530242919922
244.2 15.8438377380371
245.1 11.7651853561401
247.2 29.5634994506836
257.0 259.346466064453
257.2 869.827514648438
257.9 13.351001739502
258.0 57.989673614502
258.1 85.2470169067383
259.1 10.162036895752
259.2 9.98329734802246
259.9 11.5608730316162
261.0 94.3810424804688
261.1 92.3706817626953
261.3 19.4094886779785
261.4 20.9221954345703
262.1 37.7017021179199
262.2 552.719787597656
263.2 119692.46875
264.2 19698.7578125
265.1 698.595458984375
265.2 1279.11596679688
266.0 71.8810653686523
266.3 45.5757331848145
269.2 10.6027965545654
293.1 26.3809585571289
296.9 39.2228164672852
297.1 86.4336853027344
297.2 76.6238479614258
297.4 11.8210859298706
298.2 28.47141456604
325.0 10.1092500686646
352.0 58.8639907836914
352.2 116.721237182617
352.3 76.9560546875
353.1 26.2066040039063
353.2 27.3029975891113
355.0 14.8296728134155
