#"+EI Scan (rt: 8.416-8.503 min, 16 scans) CM1-3-4.D  Subtract "
#Point,X(Thompsons),Y(Counts)
40.1 135.915924072266
41.1 4836.69189453125
42.1 19372.4140625
43.0 3295.74536132813
44.1 12926.4208984375
45.0 238.019226074219
45.1 130.390106201172
48.9 10.8363494873047
49.8 33.129638671875
50.0 516.880187988281
50.1 55.1605339050293
51.0 1666.10388183594
51.8 18.1288833618164
52.0 576.667602539063
52.0 95.3156509399414
52.2 21.4838314056396
52.9 84.970947265625
53.0 1238.623046875
53.8 30.5440883636475
54.0 1781.89892578125
55.0 4398.05859375
55.9 44.7762680053711
56.1 3695.7265625
57.0 28309.517578125
58.0 1187.79968261719
58.9 88.7929458618164
59.0 125.632827758789
59.2 64.2210235595703
60.9 36.2147674560547
61.0 17.3131542205811
61.9 334.456695556641
62.1 41.0478057861328
63.0 1466.02722167969
64.0 372.358764648438
64.1 179.736038208008
65.0 6203.52294921875
65.9 109.996070861816
66.0 590.471801757813
67.0 471.086730957031
67.1 2638.32299804688
67.9 61.8267669677734
68.1 4380.4560546875
69.0 4782.24560546875
70.1 7490.69970703125
70.8 10.6029005050659
71.0 684.095703125
71.2 87.0788269042969
71.9 105.698341369629
72.2 16.3373126983643
72.9 103.992050170898
73.0 72.8374862670898
73.8 23.7479915618896
74.0 318.259094238281
74.1 70.0663452148438
75.0 3169.189453125
75.8 57.5310440063477
76.0 741.401184082031
77.0 8952.8984375
78.0 3223.72119140625
79.0 7298.83154296875
80.0 1785.06042480469
80.1 58.5392112731934
80.9 48.7832717895508
81.0 780.777221679688
81.1 117.75993347168
82.0 4203.95068359375
82.9 40.7877960205078
83.0 2570.56103515625
84.1 1719.64904785156
84.9 60.2311134338379
85.0 152.393508911133
85.2 10.6116056442261
85.8 11.3464307785034
85.9 43.0309638977051
86.0 155.71321105957
86.9 24.1665992736816
87.1 20.9094009399414
87.9 25.7394409179688
88.0 48.8585243225098
88.2 78.4530639648438
88.9 49.0572738647461
89.0 1691.35961914063
90.0 278.463226318359
90.1 788.849060058594
91.1 26630.966796875
92.0 2642.14624023438
92.9 133.805419921875
93.0 498.198699951172
93.1 73.4234466552734
93.3 23.9520168304443
94.0 2712.21020507813
95.0 14649.96484375
96.1 17575.404296875
97.0 99.1365203857422
97.1 2836.63330078125
98.0 601.742065429688
98.1 168.241317749023
98.8 11.7703895568848
98.9 13.4993162155151
99.0 23.1863555908203
99.7 11.7406749725342
99.8 9.71766757965088
100.0 47.4049606323242
100.9 222.620803833008
101.0 164.359878540039
101.9 32.9064598083496
102.0 508.106536865234
102.1 394.700561523438
103.0 7528.15771484375
104.1 4257.7021484375
105.1 24806.521484375
105.9 36.9572143554688
106.1 2358.517578125
106.8 44.8258781433105
107.0 172.327011108398
107.1 169.114929199219
107.1 91.7773895263672
107.7 26.0013809204102
108.0 387.033874511719
108.1 327.680206298828
108.2 75.5068054199219
109.0 5137.0478515625
110.0 2120.869140625
110.9 101.905364990234
111.0 4892.0888671875
111.9 409.591339111328
112.0 927.189453125
112.8 11.1851739883423
113.0 81.4774780273438
113.2 29.8516941070557
114.9 19.2262554168701
115.0 519.390930175781
115.1 310.518676757813
115.9 205.665649414063
116.1 314.846801757813
117.0 1654.72399902344
117.9 54.3768768310547
118.0 464.331024169922
118.7 10.8200588226318
119.1 101.200485229492
120.0 171.012329101563
121.0 702.403564453125
121.1 479.668395996094
122.0 9451.7041015625
123.0 3087.37915039063
124.0 2568.70776367188
125.0 246.95751953125
125.9 11.946192741394
126.8 30.1042194366455
127.0 91.0966720581055
127.9 88.2462997436523
128.0 289.837921142578
128.2 11.1135549545288
128.8 61.0265884399414
129.0 222.278747558594
129.1 168.18994140625
129.9 47.3130226135254
130.0 2786.11694335938
130.9 257.952545166016
131.1 646.980346679688
131.9 95.2324981689453
132.0 1371.11108398438
132.1 25.9304981231689
132.8 28.8629417419434
133.0 358.724090576172
133.0 203.501983642578
133.9 89.0315475463867
134.1 1232.08459472656
135.0 3240.91748046875
136.0 9376.0576171875
137.0 3418.12646484375
137.9 100.474388122559
138.1 1149.63903808594
139.0 87.8877410888672
139.0 820.40576171875
139.1 471.696868896484
139.9 20.0736598968506
140.1 180.184494018555
140.9 89.1320953369141
141.1 75.4828643798828
142.0 12.3797607421875
143.1 259.899139404297
143.9 80.6838073730469
144.0 708.167114257813
144.1 100.835075378418
144.7 18.5561580657959
144.8 15.4174976348877
144.9 122.841918945313
145.1 153.267807006836
145.9 33.1656112670898
146.0 1244.57287597656
146.2 16.7201385498047
147.0 196.907379150391
147.1 123.761405944824
148.1 10272.08984375
149.0 165.089447021484
149.1 7257.6201171875
150.1 14746.66796875
150.9 11.4297094345093
151.0 2353.35791015625
151.8 13.8512182235718
151.9 57.9359016418457
152.1 191.388519287109
152.2 123.106468200684
153.0 12.9378337860107
153.1 24.331226348877
154.0 10.155403137207
154.9 39.4053955078125
155.1 33.0728721618652
155.8 35.9324378967285
156.0 115.092010498047
156.1 81.2628936767578
156.9 79.5320205688477
157.1 21.4213638305664
157.8 16.2011165618896
158.0 269.600189208984
158.1 204.610473632813
159.0 124.267868041992
159.1 204.473251342773
160.1 1565.91821289063
160.1 549.453796386719
160.9 9.8541784286499
161.0 315.717254638672
161.1 293.803253173828
162.0 341.759582519531
162.1 1326.71142578125
163.0 375.474090576172
163.1 1371.20288085938
164.1 60244.7421875
165.1 6986.37255859375
166.0 883.505737304688
166.2 116.620399475098
167.0 350.686553955078
167.1 183.914825439453
168.0 84.8705596923828
168.1 617.041687011719
168.9 26.141544342041
169.0 63.4783401489258
169.9 15.6744823455811
170.0 73.0759201049805
170.2 10.671124458313
170.9 13.3301849365234
172.0 103.113479614258
172.1 10.0667524337769
172.9 23.1304607391357
173.7 13.7550716400146
173.9 108.248504638672
174.1 68.9515151977539
174.2 49.478343963623
174.8 11.5533666610718
174.9 104.627342224121
175.1 197.702285766602
175.3 17.4929752349854
176.1 3773.97412109375
176.9 33.1139297485352
177.0 1793.50061035156
177.9 19.8366146087646
178.0 839.640991210938
179.0 78.5873031616211
179.1 97.3169403076172
179.2 55.815299987793
179.9 14.8037185668945
182.0 124.489753723145
182.8 10.5159311294556
183.0 13.0243272781372
183.2 25.4493751525879
184.0 586.739196777344
184.1 602.898803710938
184.9 100.630615234375
185.0 442.501159667969
185.1 172.434478759766
186.1 3252.35888671875
187.0 185.367767333984
187.1 625.312133789063
187.2 65.3166351318359
188.0 39.2432327270508
188.1 2633.68359375
189.0 496.379058837891
189.2 617.290283203125
189.9 103.547668457031
190.1 363.505615234375
191.0 233.780517578125
191.1 337.546142578125
191.9 37.691463470459
192.1 68.4404678344727
193.0 36.0569610595703
201.1 27.1201286315918
201.9 14.0787010192871
202.7 10.6458072662354
202.9 31.1396236419678
203.8 35.9267387390137
203.9 62.5236053466797
204.1 48.6688499450684
205.0 265.693206787109
205.1 1958.88293457031
206.1 2655.80883789063
207.1 29787.73828125
208.1 4260.4765625
209.0 194.21989440918
209.1 105.916328430176
210.9 42.2515106201172
213.9 12.6327857971191
214.1 34.9769668579102
214.7 12.0082912445068
215.0 142.160430908203
215.1 99.7526702880859
215.9 24.9610595703125
216.0 57.7517127990723
216.8 26.1596031188965
217.0 61.6941146850586
217.8 11.2517375946045
217.9 79.1633148193359
218.1 82.1172943115234
218.3 11.5478296279907
218.8 9.01088237762451
218.9 123.421348571777
219.1 39.4023818969727
220.1 14344.583984375
221.1 1082.47839355469
221.2 979.85595703125
222.0 101.060272216797
222.2 89.4145050048828
228.9 23.2127361297607
229.1 10.5802335739136
231.0 43.1516571044922
231.1 17.3527984619141
231.3 22.127555847168
232.8 24.2663555145264
232.9 109.20881652832
233.0 74.2203521728516
233.9 19.1383457183838
234.1 971.861572265625
234.9 68.5871887207031
235.1 64.2548446655273
235.2 20.1712284088135
236.7 37.1350517272949
236.9 7.03332901000977
237.0 32.4540214538574
238.7 14.2723922729492
243.9 20.3338470458984
244.2 36.6585273742676
245.1 42.1296234130859
245.2 28.7185859680176
246.8 9.55648708343506
247.1 9.7571439743042
257.1 1023.35076904297
257.3 87.1683959960938
257.9 20.2630977630615
258.1 184.877731323242
258.3 9.41310501098633
260.2 10.9133138656616
260.8 22.5143013000488
261.1 216.299026489258
261.2 41.402416229248
262.1 400.795135498047
263.2 109887.8515625
264.2 18539.65234375
265.2 1811.55224609375
266.0 48.9690284729004
266.2 65.1219863891602
269.0 11.2481203079224
292.9 9.60904216766357
297.0 131.856719970703
297.1 60.7507820129395
297.2 82.8714752197266
298.1 15.552996635437
325.1 19.7898597717285
351.9 15.9383926391602
352.1 27.9553813934326
352.2 190.435562133789
352.3 10.0998258590698
353.1 55.6378593444824
355.2 11.9404878616333
