#"+EI Scan (rt: 8.416-8.503 min, 16 scans) CM1-3-8.D  Subtract "
#Point,X(Thompsons),Y(Counts)
40.0 106.012809753418
40.1 98.5939712524414
41.1 4437.3759765625
42.1 18748.927734375
43.1 2998.3876953125
44.1 12358.1494140625
45.0 226.450714111328
45.1 143.853988647461
50.0 320.623870849609
50.1 334.016326904297
51.0 1275.92053222656
51.1 354.894226074219
51.8 48.9827308654785
52.0 417.651153564453
52.1 171.718475341797
53.0 1163.57238769531
53.9 162.170837402344
54.0 1404.85632324219
55.0 4129.412109375
56.1 3387.89184570313
56.1 89.5076370239258
57.0 27965.546875
58.0 1067.00805664063
58.1 202.293045043945
58.9 0.664651870727539
59.0 218.793487548828
60.9 25.158275604248
61.0 72.1851043701172
61.9 142.505355834961
62.0 237.179870605469
63.0 1321.48864746094
63.9 132.969253540039
64.1 419.064788818359
65.0 5667.5029296875
65.9 37.2779693603516
66.0 576.613403320313
67.0 1994.66015625
67.1 936.475158691406
68.1 4141.63037109375
69.0 4642.49951171875
70.1 6693.0048828125
70.9 28.8568477630615
71.0 535.927001953125
71.1 97.6575164794922
71.9 22.3406620025635
72.0 52.1852378845215
72.8 11.6321983337402
72.9 39.3139839172363
73.1 21.2707023620605
73.8 21.8331336975098
74.0 277.557281494141
74.1 55.9892311096191
74.2 20.3930435180664
75.0 2807.27416992188
75.9 147.406860351563
76.1 482.769836425781
77.0 7721.6630859375
77.9 5.61228942871094
78.0 2796.568359375
79.0 6640.2685546875
79.9 129.594345092773
80.0 1447.98742675781
80.9 48.7996292114258
81.0 446.480651855469
81.1 387.009124755859
82.0 3901.37451171875
83.0 1168.09777832031
83.1 1206.42236328125
84.0 314.634796142578
84.1 1208.51342773438
85.0 131.504821777344
85.1 96.0284576416016
85.9 85.3217315673828
86.1 101.201400756836
86.8 33.0575637817383
87.0 52.6342353820801
87.1 32.2998657226563
87.8 15.6318769454956
88.0 63.0188903808594
88.1 21.8292655944824
89.0 1637.41333007813
89.8 10.4791231155396
89.9 35.1908798217773
90.1 1014.41522216797
91.1 25951.21484375
91.9 28.1191387176514
92.0 2435.65625
92.8 28.1190719604492
93.0 270.086700439453
93.1 346.175811767578
93.9 45.924129486084
94.1 2524.10571289063
95.0 12816.9609375
96.1 15467.046875
96.9 55.5690116882324
97.1 2409.35278320313
97.2 44.3911170959473
97.8 16.2213706970215
98.1 665.167419433594
98.2 67.6142425537109
99.0 27.6729354858398
99.1 10.3271570205688
99.9 85.9506759643555
100.1 17.0792121887207
100.8 61.091983795166
100.9 37.0868835449219
101.0 327.093658447266
102.0 422.701934814453
102.1 402.757720947266
103.0 938.433959960938
103.1 5584.20947265625
104.1 3601.42211914063
104.1 314.647216796875
105.1 21724.265625
106.1 1796.76147460938
106.1 267.605773925781
106.8 23.8869876861572
106.9 213.997085571289
107.1 178.101669311523
107.2 47.8629493713379
107.9 66.9795989990234
108.0 415.898010253906
108.1 175.74430847168
109.0 4716.21142578125
109.9 65.5191879272461
110.0 1526.09069824219
111.0 3801.44360351563
111.1 915.708129882813
111.9 185.463317871094
112.1 1017.13360595703
113.0 10.4693164825439
113.1 96.9181137084961
115.0 758.749633789063
115.1 97.511344909668
116.0 392.555786132813
116.9 164.331771850586
117.0 1124.4873046875
117.2 34.2412719726563
117.9 65.0291290283203
118.0 93.5451736450195
118.0 152.955718994141
118.1 176.796295166016
118.9 56.1279907226563
119.1 73.5582122802734
119.2 20.7798004150391
119.8 10.7793054580688
120.0 103.310997009277
120.1 14.3683128356934
120.9 235.937530517578
121.1 828.125915527344
122.0 8185.72705078125
122.9 27.6432819366455
123.0 2493.3681640625
124.0 2147.79443359375
125.0 211.591735839844
125.1 23.984302520752
125.9 25.3783988952637
127.0 38.0323257446289
127.1 37.5956878662109
127.8 91.5405731201172
128.0 237.696823120117
128.8 9.68361568450928
128.9 191.681991577148
129.1 168.935913085938
130.0 2463.1787109375
130.8 20.9325332641602
130.9 339.444274902344
131.0 439.291259765625
131.8 14.7185983657837
132.1 1265.42297363281
132.8 12.1371984481812
133.0 398.478668212891
133.1 17.6252288818359
133.9 219.997924804688
134.0 782.027709960938
135.0 1148.05810546875
135.0 1607.4296875
136.0 7998.49365234375
137.0 670.415222167969
137.0 2364.32885742188
137.9 102.341873168945
138.0 1087.52941894531
138.9 17.5093040466309
139.1 1132.55798339844
139.2 68.3022003173828
140.0 73.579216003418
140.1 91.7427520751953
140.8 9.53913974761963
141.0 27.1516418457031
141.1 58.1447067260742
141.8 25.8288402557373
141.9 22.6841888427734
142.1 32.035083770752
142.8 29.6959838867188
143.0 138.507736206055
143.1 74.8477172851563
143.4 12.5202560424805
144.0 612.025939941406
144.1 101.218719482422
145.0 235.657318115234
146.0 1029.20861816406
146.2 44.3871307373047
146.7 23.1560707092285
146.8 48.1389656066895
147.0 109.724983215332
147.1 194.922637939453
148.1 8654.240234375
149.1 6025.08251953125
150.1 12372.7060546875
151.0 902.367797851563
151.1 1074.52722167969
151.9 43.7789611816406
152.0 305.991973876953
152.9 39.9870796203613
155.1 65.8900604248047
155.9 50.3597946166992
156.1 101.872703552246
156.2 24.5114307403564
156.8 24.4063377380371
156.9 57.3256683349609
157.2 11.0427274703979
157.9 50.8156127929688
158.0 270.170989990234
158.1 117.351348876953
158.9 64.7765960693359
159.0 237.550598144531
159.2 66.7882766723633
159.9 38.4018020629883
160.1 842.752868652344
160.1 1039.67028808594
161.0 260.583251953125
161.1 320.238311767578
162.0 315.302276611328
162.1 513.107421875
162.1 527.851928710938
162.8 22.0811557769775
163.0 653.673767089844
163.1 972.65478515625
163.2 22.738452911377
164.1 48647.31640625
165.1 5873.95849609375
165.9 33.4193267822266
166.1 537.875915527344
166.1 228.503082275391
166.9 150.541397094727
167.1 393.88623046875
168.0 282.066986083984
168.1 265.240844726563
168.8 12.4461851119995
169.9 9.98869323730469
170.0 37.6591949462891
170.0 54.1348266601563
171.0 10.7257814407349
171.1 16.7610054016113
171.9 9.95300960540771
172.1 12.9958457946777
174.0 119.910202026367
174.1 113.968978881836
174.9 106.929138183594
175.1 177.049255371094
175.9 25.4709854125977
176.1 3176.11987304688
177.0 784.024658203125
177.1 639.586486816406
178.0 319.083129882813
178.1 443.719024658203
178.9 142.91471862793
179.1 92.9942169189453
180.0 14.142578125
180.1 10.0546417236328
181.1 9.96437549591064
182.0 14.6904821395874
182.1 74.8979949951172
182.8 12.575400352478
183.1 14.2350444793701
183.9 53.7719841003418
184.1 971.326965332031
184.8 30.824634552002
185.0 633.861877441406
186.1 2880.17578125
187.0 277.131958007813
187.1 481.001129150391
188.1 685.649597167969
188.1 1476.97961425781
189.0 668.0361328125
189.1 234.206527709961
190.0 316.675140380859
190.1 59.8555908203125
191.0 461.829864501953
191.2 95.7935562133789
192.0 46.8027420043945
192.1 42.6098709106445
193.0 32.141185760498
195.0 23.5678901672363
200.9 9.72393035888672
201.1 12.0740823745728
202.0 35.9543952941895
203.1 11.5190019607544
203.2 13.8210039138794
203.3 11.9761877059937
203.9 25.7131195068359
204.0 82.0651321411133
204.3 18.3055210113525
205.0 92.3241653442383
205.1 1630.25244140625
206.0 223.988555908203
206.1 1986.49157714844
206.3 44.2087707519531
207.1 23851.810546875
208.0 47.8021049499512
208.1 3432.24658203125
209.0 53.8736915588379
209.1 15.116753578186
209.2 100.818000793457
210.9 69.6274261474609
213.9 44.3987350463867
214.9 148.10205078125
215.0 27.527645111084
215.9 40.4834938049316
216.0 23.4561309814453
216.2 13.5961885452271
216.8 21.3677921295166
218.0 100.13786315918
218.5 16.8241100311279
218.8 5.04613399505615
218.9 68.7103118896484
219.0 59.7414283752441
219.1 73.0446853637695
220.1 11635.0400390625
221.0 125.510681152344
221.1 1596.82934570313
221.9 24.9208240509033
222.2 92.6357650756836
231.0 24.0700130462646
231.2 88.822998046875
232.9 74.9041442871094
233.0 38.3366622924805
234.0 642.835571289063
234.2 91.1766738891602
234.9 22.1724529266357
235.0 101.514930725098
235.1 21.095817565918
236.7 18.6157302856445
236.9 78.9750213623047
240.9 13.7624254226685
244.9 10.8576927185059
245.1 39.8069076538086
246.8 11.279616355896
247.1 20.1319923400879
247.2 11.0857582092285
257.0 299.079162597656
257.1 290.225158691406
257.2 139.928619384766
257.4 21.8232936859131
258.0 49.2647857666016
258.1 47.434814453125
258.2 27.7781982421875
259.2 10.9225997924805
260.1 13.2348928451538
260.7 10.3591594696045
260.9 26.3538646697998
261.1 139.377487182617
261.2 130.671447753906
261.9 53.5603561401367
262.1 445.53076171875
263.2 93471
264.2 15859.9521484375
265.0 26.0137710571289
265.1 1232.12976074219
265.2 94.9361877441406
266.1 60.7171592712402
292.8 18.9279823303223
297.0 106.11994934082
297.1 108.611679077148
352.0 114.640548706055
352.2 53.7843170166016
352.4 10.4402141571045
353.1 53.4869384765625
