#"+EI Scan (rt: 8.416-8.503 min, 16 scans) CM1-3-9.D  Subtract "
#Point,X(Thompsons),Y(Counts)
40.1 221.646301269531
41.0 32.7624549865723
41.1 4138.22314453125
42.1 17721.93359375
42.9 28.0507736206055
43.1 2979.15087890625
44.1 11255.421875
44.9 15.4428434371948
45.0 285.243743896484
45.2 26.704496383667
49.0 11.5838651657104
49.8 29.137357711792
49.9 135.146484375
50.0 434.238403320313
51.0 1466.74548339844
52.0 437.0673828125
52.1 188.726806640625
53.0 1131.4921875
54.0 1622.51525878906
55.1 4075.00073242188
55.9 58.363410949707
56.1 3532.40698242188
57.0 26768.7734375
58.0 577.279907226563
58.0 582.346740722656
58.9 59.2209434509277
58.9 61.0033493041992
59.1 109.837265014648
60.9 44.4387893676758
61.1 10.2475824356079
61.9 93.9030838012695
62.0 245.334808349609
62.9 22.8316612243652
63.0 1192.72094726563
63.9 176.764953613281
64.0 256.763519287109
64.2 54.9853591918945
65.0 5736.52685546875
65.9 46.4007225036621
66.0 606.348083496094
67.0 2967.56860351563
68.0 4519.39111328125
69.0 4743.07421875
70.1 7197.37060546875
71.0 785.204223632813
72.0 32.9757385253906
72.1 33.3587265014648
72.8 37.8947906494141
72.9 49.0719718933105
73.9 111.427177429199
74.0 255.380310058594
74.2 26.9684219360352
74.9 80.8476104736328
75.0 3028.55981445313
76.0 461.078979492188
76.1 281.964721679688
77.0 8615.9658203125
78.0 3058.072265625
79.0 7271.63037109375
79.8 22.5617370605469
80.0 1876.37023925781
81.0 555.100830078125
81.1 435.656066894531
82.0 4151.986328125
82.9 49.1206588745117
83.0 2552.76831054688
84.0 1545.21228027344
84.1 104.387519836426
84.9 84.7535552978516
85.0 120.443572998047
85.2 13.0524930953979
85.9 85.7663421630859
86.0 123.659767150879
86.9 66.2213592529297
87.9 81.7456741333008
88.0 74.0218734741211
88.9 42.0228881835938
89.0 1557.33447265625
90.1 652.716552734375
90.1 344.011169433594
91.1 24961.78515625
92.0 2408.83251953125
92.8 35.031494140625
92.9 202.296356201172
93.0 400.330139160156
93.3 9.91896820068359
93.9 26.1497116088867
94.1 2518.87817382813
95.0 14661.7880859375
96.1 17439.935546875
97.0 114.918045043945
97.1 2676.6044921875
97.9 141.209869384766
98.0 343.845489501953
98.2 172.620574951172
98.9 10.5641012191772
99.9 13.7059526443481
100.1 25.1286735534668
101.0 229.907913208008
101.1 174.666610717773
101.8 57.0969581604004
102.0 815.369506835938
102.2 69.9979019165039
103.1 7778.71728515625
104.1 4218.30859375
105.1 25100.041015625
105.9 40.0399856567383
106.0 2226.091796875
106.9 95.4505004882813
107.0 297.927307128906
107.1 58.5641403198242
107.8 18.7822952270508
108.0 462.102905273438
108.1 325.226745605469
108.3 24.3282299041748
109.0 5303.244140625
109.8 31.4936294555664
110.0 1813.64038085938
111.0 4786.8349609375
111.8 12.6388339996338
112.0 1250.86340332031
112.1 89.8106231689453
113.0 143.487121582031
113.1 19.056266784668
115.0 503.534912109375
115.1 381.017761230469
115.8 30.2149925231934
116.0 211.80778503418
116.1 167.680725097656
116.9 118.545867919922
117.0 1455.76867675781
117.8 52.4522323608398
117.9 52.4774055480957
118.0 459.934997558594
118.9 29.4475021362305
119.0 125.154022216797
120.0 170.983459472656
120.9 105.577156066895
121.0 758.753051757813
121.1 277.690612792969
122.0 9759.8134765625
123.0 3131.11254882813
123.9 233.092437744141
124.0 2330.34643554688
124.1 223.916656494141
124.9 137.815963745117
125.0 69.0582122802734
125.2 42.5507278442383
126.9 35.5900344848633
127.1 13.192361831665
127.7 12.1954374313354
128.0 207.581909179688
128.1 88.6466217041016
128.7 14.5482301712036
128.8 27.565149307251
129.0 189.114593505859
129.1 151.813980102539
130.0 2949.69360351563
130.2 50.0021781921387
130.9 53.814380645752
131.0 781.518432617188
131.2 33.3333053588867
132.0 199.94921875
132.1 1291.50305175781
132.8 33.8862686157227
132.9 171.189712524414
133.0 390.750854492188
133.1 55.4611396789551
134.1 1233.99987792969
134.2 85.2780532836914
135.0 3444.63500976563
136.0 9398.5185546875
137.0 3641.18676757813
138.0 108.428939819336
138.0 1178.50854492188
139.0 1481.70190429688
139.2 28.6784954071045
139.9 17.7915306091309
140.0 151.838256835938
140.2 12.5332832336426
140.9 30.9313488006592
141.0 122.884033203125
141.2 20.0602531433105
141.9 57.908130645752
142.1 29.8291873931885
142.2 12.6235122680664
142.8 11.9620723724365
143.0 174.051361083984
143.1 64.7803802490234
143.3 16.1075992584229
143.9 108.917861938477
144.0 323.275726318359
144.1 405.402648925781
144.9 65.129020690918
145.1 218.939117431641
146.0 1164.92529296875
146.9 71.3834762573242
147.1 224.904495239258
147.2 33.2759857177734
148.1 10510.681640625
149.1 7855.65478515625
150.1 15495.1962890625
151.1 2589.20068359375
152.0 182.89990234375
152.1 168.50163269043
152.2 22.6817207336426
152.8 11.6346340179443
153.0 30.1072330474854
153.9 10.0811014175415
154.8 28.3627624511719
155.8 18.7447166442871
156.0 111.77547454834
156.1 129.230178833008
157.0 95.51416015625
157.1 13.2766571044922
158.0 66.5949096679688
158.1 518.796447753906
159.0 346.763122558594
159.2 39.4965744018555
160.0 107.157012939453
160.1 2177.98486328125
160.9 44.5256767272949
161.1 564.760314941406
161.2 48.6339492797852
162.1 1592.73046875
162.9 28.8430080413818
163.1 1395.28930664063
163.2 575.329956054688
164.1 64597.96875
165.0 71.2762145996094
165.1 7149.78173828125
165.9 23.435920715332
166.1 939.051452636719
166.2 13.745677947998
166.9 91.6453857421875
167.0 365.809906005859
167.2 46.2269630432129
168.0 462.020904541016
168.1 329.930450439453
168.9 45.33740234375
169.0 35.7380142211914
169.8 16.9881477355957
170.0 43.2544250488281
171.1 13.1051025390625
171.8 23.3074913024902
171.9 28.064546585083
172.1 79.5697021484375
172.3 10.4458036422729
173.2 15.3195142745972
173.9 60.2346496582031
174.0 99.3271179199219
174.1 19.3732528686523
174.9 67.52490234375
174.9 79.9188537597656
175.1 182.972274780273
176.1 4077.24096679688
176.1 146.860748291016
177.0 1063.11901855469
177.1 788.14501953125
177.8 12.7845211029053
178.0 238.425598144531
178.1 739.163208007813
178.9 57.0068740844727
179.1 148.549743652344
179.9 19.7178001403809
181.0 12.531135559082
181.9 9.71896362304688
182.0 83.5947647094727
183.0 12.0877103805542
183.2 9.87404632568359
184.0 163.045166015625
184.1 947.757751464844
184.8 16.0096187591553
185.1 751.004577636719
186.1 3335.03979492188
187.0 262.424133300781
187.1 561.087951660156
187.2 14.9203939437866
188.1 855.144226074219
188.1 1826.78369140625
189.0 232.243240356445
189.1 930.187866210938
189.9 24.7832908630371
190.0 305.233093261719
190.1 126.572174072266
190.9 86.1767730712891
191.0 541.062438964844
191.2 36.1996307373047
191.8 10.8137884140015
191.9 107.33715057373
192.2 16.6435623168945
193.0 11.8327722549438
193.2 9.91243934631348
201.0 14.0858564376831
201.9 11.002833366394
202.0 10.2517127990723
202.2 14.4064512252808
202.3 14.5125560760498
202.9 22.740608215332
203.0 10.0272302627563
203.1 30.4862213134766
203.8 26.3329906463623
204.0 84.957145690918
204.2 26.2506427764893
205.1 984.523742675781
205.1 1298.81762695313
206.0 80.1500778198242
206.1 969.698852539063
206.1 2006.98388671875
207.1 31992.13671875
208.1 4557.197265625
209.0 161.242950439453
209.1 110.423210144043
209.3 44.9716186523438
210.8 64.1825332641602
212.0 10.9155731201172
214.0 38.2918243408203
214.1 14.6916522979736
214.8 12.6416521072388
215.1 119.8896484375
215.9 20.318510055542
216.9 23.3230743408203
217.0 14.6522150039673
218.0 127.76481628418
218.2 27.3172416687012
218.8 16.8232498168945
218.9 27.4022426605225
219.0 58.3489303588867
219.2 77.6565399169922
220.1 15075.6162109375
221.1 1394.19030761719
221.1 757.275573730469
221.9 22.6403522491455
222.0 129.843872070313
222.2 38.5332794189453
229.0 25.4111824035645
231.1 87.4198532104492
232.9 66.1253890991211
233.1 60.8653717041016
234.1 690.543518066406
234.2 302.691802978516
234.9 42.2813987731934
235.1 118.697814941406
236.7 2.26884746551514
236.9 75.891227722168
238.1 10.8136043548584
243.9 10.6378211975098
244.2 10.3358125686646
245.1 34.6772422790527
245.2 13.2260503768921
246.9 22.004825592041
247.1 13.9501190185547
256.9 7.68595409393311
257.1 125.852928161621
257.2 795.9033203125
258.0 70.2407302856445
258.1 47.7671203613281
258.2 5.82195472717285
259.2 27.3694763183594
259.8 11.556957244873
261.0 154.239212036133
261.2 61.5563812255859
262.1 63.5176544189453
262.2 443.144653320313
263.2 115766.96875
264.2 19832.88671875
265.1 898.100830078125
265.2 852.694091796875
266.1 44.7140426635742
266.2 30.7698192596436
292.9 16.9621467590332
295.0 10.9616918563843
295.2 10.3941335678101
297.0 43.2892608642578
297.1 94.622688293457
297.2 125.887817382813
298.3 14.72984790802
325.1 13.0270862579346
325.3 10.5739860534668
351.9 37.8881454467773
352.1 128.483612060547
352.2 51.9368515014648
352.3 77.5362167358398
353.1 23.9897766113281
353.3 75.1778793334961
