#"+EI Scan (rt: 6.358-6.428 min, 13 scans) CM1-4-6.D  Subtract "
#Point,X(Thompsons),Y(Counts)
40.2 17.9290828704834
41.1 1951.97485351563
42.0 8189.83544921875
43.0 1247.39392089844
44.0 2930.60693359375
44.9 82.338623046875
45.0 513.42431640625
45.9 15.2159175872803
46.0 211.081130981445
46.1 75.9206085205078
49.1 28.7114524841309
49.9 112.869255065918
50.0 101.69709777832
50.1 4.4028959274292
50.9 134.780624389648
51.0 233.507034301758
51.8 55.0959281921387
52.0 19.6074466705322
52.1 46.5306816101074
52.8 15.6410636901855
53.0 219.709594726563
53.0 410.984741210938
53.2 38.888240814209
53.8 3.91375350952148
54.0 649.441833496094
54.1 110.619918823242
55.0 2018.34399414063
56.0 4389.626953125
57.0 549.258178710938
57.1 656.686401367188
58.0 9219.587890625
59.0 457.248382568359
59.1 19.3501033782959
60.9 130.883514404297
61.1 14.0822305679321
61.9 290.519470214844
62.1 318.698425292969
63.0 1638.11499023438
63.7 38.9708213806152
64.0 109.547035217285
65.0 209.97200012207
65.1 114.956466674805
65.9 36.3017616271973
66.0 167.633773803711
66.1 21.5121326446533
67.0 1042.88452148438
68.0 732.236572265625
68.1 2109.05590820313
69.0 263.137054443359
69.1 723.390991210938
70.1 4981.4228515625
71.1 13981.548828125
72.0 104.946357727051
72.1 1316.20007324219
73.0 1011.43182373047
73.9 63.9195518493652
74.0 205.492095947266
74.9 282.615661621094
75.0 276.887664794922
75.9 49.1532592773438
76.0 12.4682550430298
76.3 19.0367870330811
77.0 472.505126953125
77.1 324.050598144531
77.9 120.312202453613
78.0 146.861968994141
78.2 18.8211669921875
79.0 1902.52648925781
79.7 22.3540306091309
79.9 124.685585021973
80.0 559.071899414063
80.2 108.034164428711
81.0 361.816162109375
81.1 1717.021484375
82.0 4201.25634765625
83.0 702.745666503906
83.1 2088.34936523438
84.1 61430.6953125
85.0 108.735473632813
85.1 4915.177734375
86.0 610.270874023438
86.9 274.894897460938
87.0 364.423126220703
87.9 215.087005615234
88.0 19.1660537719727
88.1 118.89289855957
89.0 4468.22802734375
89.9 154.866592407227
90.0 341.787780761719
90.8 34.7724151611328
90.9 99.940559387207
91.1 53.1044311523438
91.9 28.9450359344482
92.8 74.0272674560547
93.0 24.732946395874
93.1 92.7057723999023
94.0 507.139404296875
94.1 466.333770751953
94.8 23.3893585205078
95.0 440.870574951172
95.2 212.516754150391
96.0 2104.50659179688
97.0 2743.75634765625
97.1 263.77783203125
98.1 3850.56005859375
99.0 1930.54064941406
99.9 18.9950866699219
100.0 236.259521484375
100.1 65.5202331542969
100.9 125.387435913086
101.0 205.595443725586
101.9 32.1243515014648
102.0 42.7841529846191
102.8 13.0056114196777
102.9 43.2739524841309
103.1 19.5220241546631
104.9 12.3735952377319
106.1 12.3239755630493
106.8 68.1434707641602
107.0 130.236663818359
108.0 110.145553588867
108.1 473.689666748047
108.2 88.5004119873047
108.9 98.2512817382813
109.0 338.0732421875
109.1 160.108062744141
109.3 68.09033203125
110.1 5889.7890625
111.1 1217.29040527344
112.1 3258.326171875
113.0 89.5423431396484
113.1 302.436737060547
113.9 19.9374980926514
114.0 51.879150390625
114.2 28.6780624389648
114.9 15.4446830749512
115.1 33.4049644470215
116.0 29.6560192108154
116.9 15.9403667449951
117.1 20.6474742889404
118.0 16.7257652282715
119.9 39.4084739685059
121.0 47.7667999267578
121.2 36.4921531677246
122.0 214.355361938477
122.1 282.444305419922
123.0 5338.4716796875
124.1 8650.283203125
125.1 32484.052734375
126.1 4243.7705078125
127.0 632.062927246094
127.1 18.1761493682861
127.9 35.2490234375
128.0 28.1736030578613
128.2 49.8464736938477
129.1 14.3497467041016
130.9 84.2160110473633
131.1 24.737434387207
132.0 11.9551839828491
132.8 392.146026611328
132.9 503.077514648438
133.8 44.3828392028809
134.7 12.1196222305298
134.8 362.689422607422
135.0 178.721282958984
135.1 14.1234140396118
135.9 20.9342956542969
136.0 59.1564102172852
137.0 167.631652832031
137.1 133.125793457031
138.0 178.695251464844
138.1 167.3623046875
138.9 117.202590942383
139.0 300.627380371094
139.2 49.0367431640625
139.8 30.8872852325439
140.0 25.9302978515625
140.1 90.1549758911133
140.2 12.9730978012085
140.8 26.531421661377
141.0 83.518440246582
142.0 23.957332611084
142.2 16.1449661254883
145.8 23.9025783538818
145.9 25.3028430938721
146.0 43.1077651977539
147.0 33.414852142334
147.9 64.2649841308594
148.1 13.7824506759644
148.8 19.528959274292
149.0 75.1255874633789
149.9 152.442413330078
151.0 72.1226577758789
151.3 39.7320938110352
151.9 105.749649047852
152.0 58.6484107971191
153.0 116.864837646484
153.1 500.296508789063
153.3 20.4384727478027
153.8 52.1751518249512
153.9 84.1682052612305
154.1 32.3260154724121
154.2 56.1632652282715
155.0 386.42724609375
155.1 241.609115600586
156.0 46.933967590332
156.1 85.7317657470703
156.7 39.9471588134766
156.8 29.0668430328369
156.9 90.9707641601563
157.1 35.7123832702637
157.8 105.650413513184
158.0 221.607803344727
158.1 216.563934326172
159.0 17948.75390625
159.9 331.5478515625
160.0 1478.958984375
160.9 11682.119140625
161.9 1068.67846679688
162.8 128.387954711914
162.9 1988.16479492188
163.9 23.3626594543457
164.0 195.36018371582
164.1 25.3192329406738
164.8 15.2975225448608
165.0 152.343811035156
165.1 16.7226085662842
165.9 143.112762451172
166.0 37.6590347290039
166.1 33.0509567260742
166.8 55.6240043640137
166.9 29.481595993042
167.1 52.1480903625488
167.7 17.7599563598633
167.9 72.7471389770508
168.0 15.6128931045532
169.7 12.6248998641968
170.0 13.5367746353149
171.7 30.9042930603027
172.9 15.1103935241699
173.1 38.3582992553711
174.0 16.5281352996826
177.1 18.3480911254883
178.0 25.0836868286133
179.0 44.0173377990723
180.1 16.0882816314697
180.9 98.086067199707
181.0 59.3707427978516
181.2 12.2786445617676
181.9 165.237869262695
182.0 228.868988037109
182.8 32.9581565856934
183.0 179.406478881836
183.1 174.627426147461
183.7 28.4609184265137
183.9 259.058624267578
184.1 77.7029571533203
185.0 40.7369346618652
185.8 494.842224121094
186.9 54.8814506530762
187.0 16.1287097930908
187.7 12.1000461578369
187.9 316.858642578125
189.8 14.4336805343628
189.9 25.718318939209
194.0 154.441314697266
194.2 12.2792911529541
195.0 88.5127029418945
195.8 22.5728855133057
195.9 97.0869827270508
196.0 150.782974243164
197.0 12.6105556488037
197.1 16.5319709777832
197.8 12.8593616485596
198.0 44.8941841125488
198.8 38.595386505127
198.9 27.3336849212646
199.8 19.982889175415
200.0 49.0862770080566
200.1 29.6721706390381
200.8 18.6839370727539
201.9 43.0029029846191
202.0 91.4963684082031
207.0 55.0124053955078
208.0 877.38623046875
208.9 57.5777206420898
209.1 35.9774322509766
209.2 13.2859973907471
209.9 137.838958740234
210.0 84.4502639770508
211.0 19.8034191131592
211.8 12.5531463623047
215.1 33.4477348327637
216.0 35.069766998291
216.8 12.4949998855591
217.0 12.5820093154907
218.0 142.024963378906
218.1 20.3801193237305
218.6 11.7579259872437
218.9 25.4693775177002
219.0 25.1518459320068
219.9 50.1867446899414
220.0 48.2829818725586
228.1 12.9268140792847
229.9 20.6611709594727
232.8 6.14351844787598
232.9 83.3402938842773
233.0 59.3040008544922
234.1 16.7150230407715
236.8 34.3409194946289
237.0 7.75051498413086
240.8 12.7442531585693
241.8 12.454550743103
254.9 12.3932800292969
258.1 11.9430599212646
261.9 28.2519760131836
263.9 12.2004499435425
264.0 70.6921844482422
273.0 28.6465129852295
274.9 24.084545135498
275.0 52.3179588317871
275.1 95.0304412841797
276.0 14.8010911941528
276.9 15.5572919845581
277.0 18.6225681304932
297.0 14.1848659515381
297.9 84.3794021606445
298.1 97.5133743286133
299.0 91.4794235229492
299.9 77.980842590332
300.1 97.46240234375
300.8 14.8907690048218
307.1 51.7302436828613
307.3 35.2977256774902
309.1 16.3844776153564
309.2 14.4914722442627
310.8 15.4945459365845
325.0 22.362247467041
326.9 19.8267002105713
327.0 116.662246704102
328.1 12.9188375473022
329.0 45.811149597168
329.2 15.7034673690796
340.8 16.5648937225342
342.0 108.993789672852
342.1 56.1823959350586
343.1 14.3232412338257
344.2 82.058952331543
