#"+EI Scan (rt: 6.358-6.428 min, 13 scans) CM1-4-7.D  Subtract "
#Point,X(Thompsons),Y(Counts)
40.0 102.116172790527
40.2 38.9439735412598
41.0 1653.27075195313
41.1 255.727722167969
42.0 8246.6005859375
42.9 109.624603271484
43.1 1059.05041503906
44.0 2994.1044921875
45.1 662.748352050781
45.9 93.2175827026367
46.1 247.579818725586
48.9 24.1886138916016
49.8 57.3831253051758
49.9 19.3656730651855
50.0 98.4532928466797
50.9 42.6913070678711
51.0 244.915130615234
51.1 73.4045028686523
52.0 60.8818817138672
52.1 60.3535232543945
52.9 192.054824829102
53.0 464.405731201172
53.1 70.9654846191406
53.9 11.2275390625
54.0 789.620178222656
54.1 54.5806503295898
55.0 740.01611328125
55.1 1215.96765136719
56.0 4398.47265625
56.9 6.44863319396973
57.1 1378.166015625
58.1 9898.1953125
58.9 171.469650268555
59.0 174.942413330078
59.1 128.392379760742
60.0 45.6711845397949
60.9 86.5436477661133
61.1 62.7999801635742
61.2 47.4695777893066
61.9 465.657836914063
62.0 245.23356628418
62.9 318.701873779297
63.0 1257.38305664063
64.0 84.3740234375
64.1 12.7084550857544
64.8 45.9700927734375
64.9 71.5448532104492
65.0 168.290908813477
65.9 35.1084861755371
66.0 212.808212280273
66.2 17.9870567321777
67.0 1016.32208251953
68.0 2704.62133789063
68.9 182.500717163086
69.1 982.457641601563
70.1 5311.90380859375
71.1 14073.7353515625
72.0 491.050598144531
72.1 820.520935058594
73.0 1202.26281738281
73.9 146.072906494141
74.0 165.258102416992
74.8 64.6420288085938
75.0 499.650665283203
75.1 50.3176956176758
75.9 33.9166412353516
76.2 42.6509437561035
77.0 492.451782226563
77.1 439.857360839844
77.9 95.3185272216797
78.0 287.437561035156
78.2 35.3735084533691
79.0 1953.29467773438
79.9 91.2638244628906
80.0 517.032653808594
80.2 163.020919799805
81.0 2038.91467285156
81.1 48.3806571960449
82.0 964.545471191406
82.1 3130.65576171875
83.1 2654.734375
83.2 78.9860000610352
84.1 61486.33203125
85.1 4944.78173828125
85.8 42.1895790100098
86.0 478.14306640625
86.2 36.5782775878906
87.0 675.096069335938
87.9 136.097549438477
88.0 192.060806274414
88.2 24.7450828552246
89.0 4568.74755859375
90.0 455.149047851563
91.0 91.8794250488281
91.1 112.483810424805
92.0 27.8484306335449
92.1 20.8280944824219
92.8 14.9206457138062
93.0 194.83349609375
94.0 598.394592285156
94.1 560.589538574219
95.0 412.026550292969
95.1 319.359039306641
96.0 2147.50170898438
96.2 104.684074401855
97.0 3141.54614257813
98.1 3987.80297851563
98.9 162.649780273438
99.0 1610.78796386719
99.9 27.3243007659912
100.0 108.202033996582
100.1 199.945068359375
100.8 30.798433303833
100.9 120.493843078613
101.0 153.504333496094
101.8 14.0519781112671
102.0 36.418571472168
102.2 13.260350227356
102.9 11.9613513946533
103.0 11.7691240310669
105.9 25.9145011901855
106.1 52.6346893310547
106.8 37.3231430053711
106.9 58.7560157775879
107.1 14.9824304580688
107.3 19.0377731323242
108.0 743.691528320313
108.2 56.2656669616699
108.9 166.575622558594
109.0 298.923919677734
109.1 255.572326660156
110.1 5986.9970703125
111.1 1155.0283203125
112.1 3097.99536132813
112.9 133.746765136719
113.0 165.786209106445
113.1 186.811431884766
113.7 12.103572845459
114.0 105.023345947266
114.7 6.2982177734375
114.9 33.0070037841797
115.0 55.9243927001953
115.5 14.0067138671875
116.0 13.3196401596069
116.1 28.5837821960449
116.8 26.0156116485596
116.9 18.6649627685547
120.0 12.6501684188843
120.9 36.1415481567383
121.0 38.9015045166016
121.8 13.3525390625
122.0 13.5440320968628
122.1 357.075073242188
122.3 103.727523803711
123.0 5428.73779296875
124.1 9165.2021484375
125.1 32876.453125
126.1 4125.4931640625
126.8 20.9246482849121
126.9 222.775421142578
127.0 326.122222900391
127.2 18.1462478637695
127.9 28.848295211792
128.1 32.0243377685547
129.0 12.0608615875244
130.9 32.8053245544434
131.1 65.3906707763672
132.1 16.6726303100586
132.8 129.88557434082
133.0 608.307678222656
133.8 26.9778308868408
134.1 14.2832679748535
134.6 31.39182472229
134.9 268.297058105469
135.0 339.433441162109
135.9 36.0616760253906
136.0 30.4748134613037
137.0 384.045715332031
137.9 117.29328918457
138.0 123.918083190918
138.1 110.301055908203
138.9 42.3867835998535
139.1 463.837585449219
140.0 139.664947509766
140.1 131.679000854492
141.0 114.210693359375
141.1 17.0932483673096
141.9 13.0781841278076
145.1 12.3189859390259
145.9 27.7793235778809
146.1 42.8458061218262
146.8 32.5184898376465
147.0 11.9247980117798
147.8 40.3679122924805
147.9 60.9910888671875
149.1 18.2906017303467
149.8 17.0438346862793
150.0 46.1010475158691
150.1 33.9818382263184
150.9 66.3923797607422
151.0 57.4507637023926
151.7 12.4333553314209
151.8 46.8783226013184
152.0 138.714050292969
152.9 22.7632102966309
153.0 167.676666259766
153.1 495.657623291016
153.9 91.6058883666992
154.0 57.9272651672363
154.9 53.6231002807617
155.1 404.183441162109
155.2 131.667251586914
155.8 18.1601848602295
156.0 78.0434265136719
156.3 17.4792861938477
156.8 22.3358993530273
157.0 159.376449584961
158.0 208.791610717773
158.1 445.535186767578
158.9 17977.853515625
160.0 1954.03015136719
161.0 11646.94140625
161.9 881.876342773438
162.0 196.248992919922
162.8 33.0975723266602
162.9 1943.46887207031
163.8 64.1448211669922
164.0 190.102203369141
165.0 77.8285751342773
165.1 17.1715679168701
165.8 13.974066734314
165.9 132.784088134766
166.1 55.1921577453613
166.8 12.0960149765015
166.9 12.5575513839722
167.1 87.0865173339844
167.9 77.4425201416016
170.8 37.4827346801758
173.0 41.9231719970703
177.9 33.3921661376953
178.1 13.1061878204346
178.9 16.2689685821533
179.1 11.7061157226563
179.9 55.70166015625
180.1 27.8539714813232
180.8 53.2553901672363
181.0 143.443695068359
181.1 20.997428894043
181.8 21.4263401031494
182.0 302.121246337891
182.1 246.506088256836
183.0 228.503082275391
183.1 180.580017089844
183.8 45.1352081298828
183.9 219.673263549805
184.0 66.3867645263672
184.9 28.4380912780762
185.1 18.212345123291
185.8 175.093017578125
185.9 318.060974121094
186.8 25.3419380187988
186.9 12.2508716583252
187.8 198.811370849609
187.9 95.7481231689453
189.1 13.0904836654663
189.9 13.1128225326538
190.0 43.6504249572754
191.0 17.4554347991943
191.1 12.4252328872681
193.0 29.5768394470215
193.7 12.0701847076416
194.0 80.7014617919922
195.0 14.6155967712402
195.2 16.0322570800781
195.9 121.35514831543
196.1 152.079895019531
197.0 18.8012104034424
197.8 29.7325325012207
198.0 52.3357391357422
198.8 62.7057991027832
199.0 28.6162624359131
199.7 17.4431591033936
199.9 51.7411766052246
200.0 88.1342620849609
200.8 14.5184211730957
201.0 13.3054723739624
201.9 132.198257446289
203.1 12.9868106842041
203.9 12.3337497711182
207.9 59.4448165893555
208.0 731.734802246094
208.2 16.9231700897217
208.9 23.8455123901367
209.1 83.6611175537109
209.8 36.7806167602539
210.0 195.501312255859
210.2 85.0410919189453
210.9 13.3484468460083
211.1 55.1069679260254
214.8 61.9845809936523
214.9 139.652496337891
216.0 28.6841926574707
216.2 12.9915008544922
216.9 25.7849349975586
217.8 81.2767715454102
218.0 121.450691223145
218.2 22.3471584320068
218.8 73.6716232299805
219.0 51.6194152832031
219.9 70.9634552001953
220.1 26.79416847229
229.8 11.5850820541382
230.1 12.8256692886353
232.7 8.52090549468994
232.8 6.9111270904541
234.0 15.52965259552
236.9 47.3909034729004
242.0 20.1221199035645
245.0 14.827091217041
261.9 28.8399868011475
263.9 20.1698131561279
264.1 87.8286972045898
266.0 24.0078659057617
269.0 13.738579750061
270.0 15.6288709640503
270.8 12.2719211578369
273.1 13.5013589859009
274.9 50.0235214233398
275.0 63.9694213867188
275.1 139.459869384766
275.4 32.2431755065918
276.0 23.4751262664795
277.0 15.3895568847656
292.7 16.2695484161377
297.0 14.4211158752441
297.8 14.5857706069946
297.9 134.284088134766
298.0 66.520393371582
298.8 42.8093414306641
298.9 19.648832321167
299.1 16.4324817657471
299.2 27.6309642791748
300.0 118.883613586426
300.1 29.6435928344727
307.0 24.4976406097412
307.1 115.181304931641
309.0 32.5890464782715
309.1 12.3417816162109
310.1 14.4028511047363
310.9 12.9125652313232
312.0 14.2794666290283
325.0 25.5640163421631
325.3 15.5229644775391
326.9 90.5651321411133
327.1 109.479537963867
327.4 13.3795518875122
329.0 15.6587781906128
341.9 62.55078125
342.1 27.0090465545654
342.2 78.1694412231445
343.1 18.7211227416992
344.0 33.5632476806641
