#"+EI Scan (rt: 8.649-8.736 min, 16 scans) CM1-4-7.D  Subtract "
#Point,X(Thompsons),Y(Counts)
40.1 283.440887451172
41.1 10783.40234375
42.1 16448.310546875
43.1 26141.564453125
44.1 8222.36328125
44.9 57.3424301147461
45.1 231.560348510742
48.9 12.6154155731201
49.9 145.303131103516
50.0 583.344421386719
51.0 2467.08569335938
51.9 199.209564208984
52.0 473.424530029297
52.2 58.6317520141602
53.0 467.559478759766
53.1 593.286254882813
54.0 1336.69885253906
55.0 3980.82543945313
56.0 2635.88720703125
56.9 16.3431167602539
57.1 2028.44482421875
57.9 62.3546676635742
58.0 128.709136962891
58.1 104.709442138672
58.8 6.39143896102905
59.0 120.969703674316
59.2 12.3568420410156
60.8 37.3244705200195
61.0 23.0503997802734
61.8 15.5758676528931
61.9 66.4293212890625
62.0 112.49878692627
62.1 44.8420524597168
63.0 1311.71142578125
63.8 51.7972946166992
64.0 503.87255859375
64.1 272.269989013672
65.0 6000.37646484375
66.0 1120.40185546875
67.0 2471.88159179688
68.0 3750.322265625
69.0 957.575866699219
69.1 2833.9365234375
70.0 431.149108886719
70.1 5685.51708984375
71.1 15100.166015625
72.0 854.11279296875
73.0 139.353149414063
73.8 70.8472137451172
73.9 164.833526611328
74.1 93.9961471557617
75.0 315.76416015625
75.1 45.0619430541992
76.0 514.180480957031
76.1 416.519073486328
77.0 18672.1953125
78.0 4073.92602539063
79.0 6160.38623046875
80.0 1471.17700195313
80.2 32.3844528198242
80.8 26.7682571411133
81.0 578.132385253906
81.1 63.6704559326172
81.9 205.702941894531
82.0 3003.93041992188
82.9 244.843902587891
83.1 586.847106933594
84.1 1269.55590820313
84.1 71.2682342529297
84.9 130.259567260742
85.0 112.108200073242
85.3 18.7300777435303
89.0 1330.56079101563
90.0 244.887832641602
90.1 890.482604980469
91.0 26460.90234375
92.0 3750.13012695313
93.0 6168.54638671875
94.0 3896.16845703125
94.9 86.3384246826172
95.1 2277.96752929688
96.1 14595.5302734375
97.1 2290.078125
97.9 10.0986051559448
98.0 107.557144165039
98.1 654.688110351563
98.9 10.3941869735718
100.0 73.956169128418
100.2 14.6650466918945
100.8 18.866886138916
101.0 150.584716796875
101.1 111.476058959961
101.8 43.4825057983398
101.9 230.790771484375
102.1 544.459594726563
103.0 6535.4658203125
104.0 9618.9716796875
105.1 24548.3125
106.1 4436.9189453125
107.0 164.313674926758
107.1 143.972869873047
107.2 66.28662109375
107.9 48.1654243469238
108.0 183.017883300781
108.2 32.9680786132813
108.9 90.9591674804688
109.2 12.9423685073853
109.8 23.6932029724121
109.9 6.58593988418579
110.1 37.7572021484375
110.2 25.0348453521729
110.7 15.1282520294189
110.9 16.2345199584961
111.0 150.620346069336
111.1 47.2760963439941
111.9 10.3006906509399
112.0 10.0360355377197
112.2 9.58074378967285
113.0 58.8057327270508
113.2 38.2020149230957
113.9 13.0125408172607
114.0 26.066291809082
114.3 9.65422248840332
115.0 233.28092956543
115.1 820.880249023438
115.9 344.572052001953
116.0 296.380737304688
116.2 38.1747093200684
117.0 4135.5234375
118.1 9235.1630859375
119.1 3195.04931640625
120.0 512.358459472656
120.1 967.360961914063
120.8 29.8690567016602
120.9 16.1671695709229
121.1 93.5859375
121.9 12.3706035614014
122.0 11.6819791793823
123.1 12.184061050415
124.9 10.1224203109741
126.8 18.3495063781738
127.0 93.4144668579102
127.1 10.5705003738403
127.9 172.475372314453
128.0 262.042694091797
128.2 34.0353240966797
128.9 52.402042388916
129.1 436.439971923828
129.2 60.5911407470703
130.1 10500.396484375
131.1 6440.19287109375
132.1 12299.4033203125
133.1 2168.28784179688
133.9 37.1888809204102
134.0 162.154205322266
134.1 1117.21301269531
134.2 28.2042636871338
134.9 106.881568908691
135.0 140.932647705078
136.6 16.8646411895752
137.0 253.081146240234
139.0 253.034698486328
139.1 1181.56030273438
139.9 16.0523509979248
140.0 103.441734313965
140.1 66.6961517333984
140.9 30.5894927978516
141.0 75.9638671875
141.2 86.4768447875977
141.3 12.73193359375
141.8 32.9257926940918
142.0 140.553161621094
143.0 214.170776367188
143.1 318.586761474609
144.0 730.361511230469
144.1 1438.8046875
144.9 76.287727355957
145.1 1539.71447753906
145.2 449.244506835938
146.1 49915.11328125
147.1 5926.74609375
147.9 119.137687683105
148.1 765.252685546875
148.2 28.2646675109863
149.0 36.7116241455078
149.2 35.9080429077148
152.8 10.3455743789673
153.0 40.1514663696289
154.0 51.768180847168
154.2 45.4039306640625
154.8 21.0732440948486
155.0 86.9819259643555
155.2 22.6482772827148
155.3 12.5832300186157
155.9 27.5207633972168
156.0 288.127655029297
156.1 103.722183227539
157.0 231.144454956055
157.1 56.9500541687012
157.2 34.366397857666
158.0 102.699905395508
158.1 2582.71655273438
159.0 1674.205078125
159.2 77.0029678344727
159.9 19.1400012969971
160.1 2666.7822265625
160.2 52.0195350646973
161.1 503.904113769531
161.9 25.1795310974121
162.1 19.1565895080566
162.4 22.9741287231445
162.9 28.2997856140137
163.0 294.374450683594
163.1 209.720336914063
164.1 403.592651367188
164.2 51.1904830932617
165.0 56.7512741088867
168.1 29.4787826538086
169.1 10.6118021011353
169.9 17.1890888214111
170.0 109.462753295898
171.0 48.3963775634766
171.1 42.2946739196777
171.8 18.5720481872559
172.0 172.299301147461
172.2 174.898956298828
172.9 43.3064002990723
173.0 309.547088623047
173.1 258.197448730469
173.9 82.033935546875
174.1 132.455749511719
174.3 11.3766832351685
175.1 10.1062154769897
180.9 20.34619140625
181.8 59.2996520996094
182.1 43.9293556213379
182.3 15.5814170837402
182.9 14.0096321105957
183.0 12.2031326293945
183.1 18.7358570098877
183.9 60.3642082214355
184.1 1108.35778808594
185.0 154.336151123047
185.1 610.672668457031
186.1 893.294372558594
186.1 2086.17919921875
187.1 2577.73999023438
188.1 1048.70861816406
188.1 4089.03369140625
189.1 30914.755859375
190.1 2978.26171875
190.2 1130.05554199219
191.0 108.985130310059
191.1 186.452743530273
197.9 10.7939434051514
198.1 25.591760635376
199.9 47.6027679443359
200.1 23.8780364990234
201.9 12.1348962783813
204.1 11.4325408935547
206.0 13.2579488754272
211.0 37.2647972106934
211.8 25.5559158325195
213.9 18.7492218017578
214.2 9.42247486114502
214.9 167.881652832031
215.1 81.99267578125
215.2 30.2783279418945
216.1 3074.650390625
216.2 1915.34216308594
216.9 50.0665588378906
217.1 688.295227050781
217.2 71.5156784057617
218.0 75.0917739868164
218.2 24.9544639587402
218.8 17.1400146484375
219.0 0.0917978286743164
225.9 9.63956069946289
229.1 91.1160507202148
229.2 27.6540756225586
230.0 98.8422164916992
230.1 345.469604492188
230.2 96.5263137817383
230.9 15.9250621795654
231.1 144.105834960938
231.2 116.201927185059
232.0 11.2304048538208
232.8 16.3338813781738
233.0 17.9516944885254
236.8 34.2955017089844
236.9 5.90063858032227
237.0 19.4887599945068
241.0 30.2263889312744
251.0 52.0901412963867
256.1 17.4538059234619
256.3 16.3933753967285
256.6 9.83833885192871
256.8 12.4218235015869
257.0 27.5483112335205
257.1 279.272735595703
257.3 16.5203819274902
258.1 19.6028614044189
258.2 590.799133300781
259.2 82652.8671875
260.2 14938.271484375
261.2 1221.57067871094
261.2 201.425231933594
262.2 68.6686248779297
277.0 15.9509811401367
279.1 144.931381225586
279.2 102.394088745117
292.9 16.7327880859375
293.1 11.5731248855591
307.2 18.5976943969727
348.1 117.386589050293
348.3 33.1218452453613
349.1 13.0282421112061
349.4 12.8903284072876
350.2 11.3208417892456
351.2 18.8903026580811
351.5 9.8174352645874
