#"+EI Scan (rt: 9.884-9.977 min, 17 scans) CM1-4-1.D  Subtract "
#Point,X(Thompsons),Y(Counts)
40.1 236.712173461914
40.2 144.190200805664
41.1 11164.30859375
42.1 13091.095703125
43.0 1291.76623535156
43.1 1460.26306152344
44.1 6528.884765625
44.9 11.6377363204956
45.0 84.3775634765625
45.1 76.6677398681641
49.9 230.739395141602
50.0 322.642456054688
51.0 2205.10205078125
52.0 548.241821289063
52.1 70.4202041625977
52.9 22.5385112762451
53.0 499.136657714844
53.1 583.447204589844
53.9 19.7654609680176
54.0 1261.03430175781
54.9 148.580230712891
55.0 5029.14501953125
55.9 80.1976928710938
56.0 2545.12817382813
57.1 20767.787109375
58.0 1030.73620605469
58.2 69.1898040771484
59.0 178.591079711914
59.1 8.47564888000488
61.0 22.1731567382813
61.9 49.9828186035156
62.0 141.519989013672
63.0 1079.92590332031
63.9 26.7038497924805
64.0 352.705291748047
64.1 248.348770141602
65.0 4739.10400390625
66.0 713.095520019531
66.1 255.103744506836
66.2 21.5962314605713
66.9 18.7941474914551
67.0 2200.55078125
68.0 3155.12817382813
68.9 32.2402305603027
69.1 2908.36889648438
70.1 5225.119140625
70.8 12.678183555603
71.0 481.225769042969
71.2 58.4291229248047
71.9 14.7902297973633
72.9 17.4044132232666
73.0 32.6835060119629
73.8 9.31700325012207
74.0 156.683990478516
74.9 171.362655639648
75.1 104.081161499023
75.2 11.0184164047241
75.9 226.670211791992
76.1 464.361145019531
76.3 46.8508186340332
77.0 15627.3271484375
78.0 3242.34936523438
79.0 5227.66357421875
80.0 710.428466796875
80.1 540.323608398438
80.9 37.8382263183594
81.0 525.696350097656
81.2 17.5180644989014
82.0 2828.45239257813
82.8 15.3391742706299
83.0 1012.84008789063
84.0 457.831481933594
84.1 916.544677734375
85.0 8174.15185546875
86.0 446.831329345703
86.1 124.296203613281
86.8 14.8099994659424
87.0 15.3698768615723
87.1 23.5713386535645
88.1 24.4935150146484
88.9 416.494049072266
89.0 690.481262207031
89.7 18.7156867980957
89.9 43.3613357543945
90.0 416.853759765625
90.2 424.961669921875
91.0 22148.810546875
92.0 3481.546875
93.0 6106.947265625
93.9 82.4608383178711
94.1 3650.037109375
95.0 1118.17102050781
95.1 1088.35827636719
96.1 13163.5556640625
97.0 1729.26452636719
97.1 648.732788085938
98.0 322.718231201172
98.1 387.787170410156
98.9 24.9188232421875
99.9 12.3285274505615
100.5 8.93019676208496
101.0 136.72331237793
101.1 50.3518409729004
101.2 27.5652751922607
101.8 39.9372253417969
101.9 268.912841796875
102.1 292.871917724609
103.0 5057.75732421875
104.0 8005.06982421875
105.1 21394.734375
106.1 3911.56469726563
106.9 68.8965682983398
107.0 379.170501708984
107.8 31.8610553741455
108.0 117.156066894531
108.1 53.4278984069824
108.9 59.6323127746582
109.0 39.3818778991699
109.1 58.2778244018555
109.2 47.0858345031738
109.7 9.71019840240479
110.0 41.4855155944824
110.8 29.4966144561768
111.0 160.597946166992
111.1 16.3440093994141
111.7 25.4723358154297
111.9 41.2693862915039
112.1 28.5032558441162
112.9 10.7359828948975
113.0 68.9301300048828
113.2 9.29488849639893
113.9 23.8232040405273
114.1 21.327880859375
114.2 27.0350131988525
114.8 17.0193996429443
114.9 305.919281005859
115.0 591.050415039063
115.2 21.3650665283203
116.0 330.766937255859
116.1 182.489028930664
117.0 3428.31713867188
117.9 125.096305847168
118.1 7626.15380859375
118.9 53.6845970153809
119.0 1687.94348144531
119.1 1446.93994140625
120.0 430.192657470703
120.0 976.31689453125
121.0 130.198928833008
121.1 30.556884765625
122.2 18.7723941802979
126.3 8.88370418548584
126.8 9.60926151275635
127.0 33.8091049194336
127.1 91.6269378662109
127.9 268.634368896484
128.1 162.080902099609
128.9 38.5441741943359
129.0 254.969039916992
129.1 164.250076293945
129.2 56.1352844238281
130.1 9550.5771484375
131.1 5764.451171875
132.1 10788.5068359375
133.0 1887.45153808594
134.1 1170.61450195313
134.9 12.1373157501221
135.0 436.796234130859
135.1 123.863800048828
135.9 23.4778938293457
136.1 61.0233383178711
136.2 10.3660840988159
136.9 198.90299987793
137.9 12.650764465332
138.1 31.8649978637695
138.2 15.7160358428955
139.0 530.135437011719
139.1 1089.98291015625
139.9 15.5013999938965
140.0 124.809326171875
140.2 46.4125595092773
140.9 23.6331939697266
141.0 54.6146354675293
141.1 70.8440780639648
141.9 23.6545295715332
142.0 82.2791213989258
142.1 31.4054317474365
142.9 99.9438629150391
143.0 337.724151611328
143.1 62.178638458252
144.1 1799.8134765625
145.0 77.2078399658203
145.1 1578.87438964844
146.1 41198.453125
147.1 4642.78515625
148.0 129.80290222168
148.1 630.793212890625
148.9 32.8576965332031
149.1 45.8134536743164
149.2 9.15254688262939
152.1 10.6339635848999
152.9 10.2444925308228
153.2 13.6636047363281
153.9 9.50983142852783
154.1 48.8441467285156
154.9 54.9974212646484
155.0 76.9661102294922
155.2 9.69532775878906
156.0 373.214385986328
157.0 172.695343017578
157.1 188.899963378906
157.2 20.9187774658203
158.0 158.136260986328
158.0 776.015197753906
158.1 1010.93096923828
159.1 1732.70397949219
160.1 3198.19262695313
160.9 42.5956687927246
161.0 404.835723876953
161.2 56.7654685974121
162.0 18.3741683959961
162.1 15.842903137207
164.9 10.6349105834961
166.7 9.90420627593994
166.8 20.265043258667
167.0 11.7822341918945
167.9 16.6317234039307
168.0 37.4812927246094
168.2 11.2422647476196
169.0 14.7193803787231
169.1 12.2038640975952
169.8 9.62824821472168
170.0 78.0787963867188
170.1 55.0300941467285
170.8 11.3093137741089
171.0 52.501895904541
171.9 43.4561576843262
172.1 390.713592529297
172.9 18.5844821929932
173.0 234.741455078125
173.1 242.022399902344
173.8 48.6981430053711
174.0 30.814998626709
174.1 75.5397644042969
174.3 18.6409702301025
175.0 41.8827056884766
175.1 16.1368255615234
175.2 10.9627485275269
176.9 88.4473266601563
177.0 226.583602905273
177.2 22.5786533355713
177.9 30.7866039276123
178.0 202.645141601563
178.2 154.172927856445
178.9 11.0634412765503
181.9 36.5876159667969
182.0 83.2164001464844
183.1 44.3216361999512
184.0 36.617130279541
184.1 972.255737304688
185.0 11.1909713745117
185.1 827.554626464844
186.1 949.690002441406
186.1 1917.27416992188
187.1 2540.53295898438
188.1 5648.51708984375
189.1 26703.39453125
190.1 3724.46435546875
191.0 116.397155761719
191.1 162.296752929688
199.8 9.85018444061279
200.1 68.9562835693359
201.0 58.0328941345215
202.1 12.4089126586914
207.1 10.3470001220703
207.2 10.8649969100952
210.8 30.3822193145752
211.0 12.3295116424561
211.9 12.8586292266846
212.1 22.0373134613037
213.0 9.60801792144775
214.8 24.1683330535889
214.9 136.410430908203
215.1 45.791919708252
216.1 27.9837989807129
217.0 10.3454160690308
219.0 6.10274219512939
228.0 20.7743873596191
228.1 9.78658485412598
228.2 18.649995803833
228.8 28.0379753112793
228.9 26.8045215606689
229.1 112.87516784668
229.3 20.5593757629395
230.1 2979.09326171875
231.1 727.984008789063
231.3 37.6528091430664
231.9 24.0126285552979
232.1 68.1453323364258
232.8 8.03743934631348
232.9 29.438907623291
233.0 46.0759429931641
234.1 9.95895195007324
236.8 32.7501907348633
236.9 82.2767791748047
237.9 13.63307762146
240.8 17.0670738220215
242.0 11.405837059021
243.1 23.4593181610107
243.8 14.4231491088867
244.1 164.712295532227
244.2 87.0560913085938
245.0 43.2320671081543
245.1 15.7274723052979
251.1 10.2454824447632
251.2 16.7112236022949
255.0 10.007378578186
255.1 33.6823997497559
255.3 20.2820377349854
257.1 42.0544357299805
257.4 8.89604759216309
267.5 11.8955192565918
269.3 10.5175142288208
270.9 26.8909664154053
271.1 104.94002532959
271.2 83.0093612670898
271.4 24.3680992126465
272.1 89.5698928833008
272.2 310.100219726563
273.2 67231.5546875
274.2 12921.4765625
275.0 115.287322998047
275.2 1176.83215332031
276.0 32.2895812988281
276.2 69.7533416748047
277.0 12.2102432250977
279.0 45.6888618469238
279.2 177.953643798828
292.8 12.2164297103882
293.0 13.075870513916
306.9 11.1338415145874
307.1 24.1412010192871
321.0 11.9272470474243
321.2 18.6663360595703
335.3 32.6954078674316
362.0 12.6679315567017
362.2 36.3578186035156
362.3 111.480072021484
363.2 40.5926818847656
363.3 41.0413475036621
365.1 21.2033252716064
365.3 10.9700393676758
