#"+EI Scan (rt: 13.644-13.988 min, 60 scans) CM1-4-1.D  Subtract "
#Point,X(Thompsons),Y(Counts)
40.7 3.57161402702332
40.9 16.7736110687256
41.1 27.9602870941162
41.8 2.63040113449097
42.0 61.0137100219727
42.2 2.7831757068634
43.1 1.36411142349243
44.0 61.7527008056641
44.8 12.4126348495483
44.9 12.8974151611328
45.1 4.37583112716675
49.9 12.6182737350464
50.0 15.4049949645996
50.8 12.8199481964111
50.9 83.3263397216797
51.0 63.2164306640625
51.1 9.12466335296631
51.9 23.3043689727783
52.1 8.81221961975098
52.9 10.594612121582
53.0 21.4730854034424
53.1 2.69199275970459
53.9 12.2251253128052
54.1 5.88392353057861
54.9 70.6070098876953
55.1 56.6529388427734
55.2 2.77534079551697
56.0 12.8103151321411
56.1 7.67680549621582
56.9 151.671844482422
57.0 261.849365234375
57.1 142.783157348633
58.8 14.3544368743896
58.9 35.4776725769043
59.1 12.2283020019531
62.8 6.44448566436768
62.9 15.1326513290405
63.0 29.0693397521973
63.2 3.48511052131653
63.7 2.69656109809875
64.0 2.60224437713623
64.1 3.89754509925842
64.8 41.9337882995605
65.0 109.910064697266
65.1 77.6106491088867
65.9 38.9413299560547
66.0 41.4749031066895
66.9 6.70241403579712
67.0 7.15836572647095
68.0 17.8850955963135
68.1 7.03888940811157
68.8 16.7073955535889
68.9 12.6829862594604
69.1 9.95688056945801
69.9 3.15427947044373
70.8 19.8777523040771
71.0 18.0118045806885
71.1 2.70924854278564
72.9 5.58867406845093
74.0 6.43079853057861
74.8 3.69664454460144
76.1 10.3395681381226
77.0 743.804016113281
77.8 29.22021484375
78.0 99.8300628662109
78.1 10.3161182403564
78.8 2.48627138137817
78.9 23.7944717407227
79.1 23.0695915222168
79.7 2.72225999832153
79.9 62.2722587585449
80.1 23.9304008483887
81.0 50.1075592041016
81.1 20.6330280303955
81.2 1.04037737846375
81.8 25.2357177734375
82.0 73.5836181640625
82.1 35.3460464477539
82.8 9.39254188537598
82.9 2.76347136497498
83.0 18.8976650238037
83.2 2.90282011032104
83.9 15.1619958877563
84.0 9.5278434753418
90.9 86.3513641357422
91.0 100.667518615723
91.2 4.04574298858643
91.9 18.6423683166504
92.0 24.1670932769775
92.2 8.98721885681152
92.3 2.52804565429688
92.9 196.738418579102
93.0 240.017776489258
93.2 13.8710041046143
93.8 25.8789882659912
94.0 42.7290573120117
94.2 16.6312026977539
95.0 2.83623266220093
95.8 3.5864691734314
96.0 25.598030090332
96.1 9.78513431549072
96.9 177.736557006836
97.0 136.814483642578
97.1 71.4653244018555
102.8 4.85421800613403
103.0 19.1864032745361
103.1 12.7349767684937
103.7 3.57616686820984
103.8 32.6628265380859
103.9 87.0548858642578
104.0 98.1755981445313
104.1 22.6119079589844
104.8 2.51005530357361
104.9 29.5960521697998
105.2 25.0143661499023
105.9 27.9487953186035
106.0 28.814395904541
106.1 13.1184682846069
107.7 5.73809051513672
107.9 8.95266723632813
108.0 18.7024459838867
108.1 12.1745195388794
108.8 70.3953857421875
108.9 162.799087524414
109.1 52.6134910583496
109.7 4.70747518539429
109.9 53.9916954040527
109.9 231.330764770508
110.0 340.790252685547
110.8 3.34631633758545
110.9 45.8697738647461
111.0 42.8447494506836
112.1 2.8805775642395
115.0 2.94902586936951
116.7 3.07979893684387
116.9 73.4350433349609
117.0 72.447135925293
117.2 7.5795431137085
117.5 2.58430528640747
117.9 33.545108795166
118.0 111.249969482422
118.1 108.412841796875
118.2 1.50322556495667
118.8 28.0273380279541
118.9 47.6797637939453
119.0 55.1061019897461
119.2 26.7951774597168
119.8 20.3063850402832
120.1 24.6103649139404
121.1 3.61299204826355
121.8 5.76825761795044
121.8 14.5382452011108
122.0 14.948447227478
122.7 3.30293560028076
122.9 50.7752265930176
123.0 55.6821327209473
123.1 5.53446340560913
124.2 4.17985916137695
127.9 2.66973161697388
129.0 3.3053662776947
129.1 7.04238414764404
129.8 4.54561758041382
129.9 84.1581420898438
130.0 175.858093261719
130.2 9.66827964782715
130.9 27.474157333374
131.0 51.4673538208008
131.1 41.6595458984375
131.8 9.09549140930176
132.0 123.843544006348
132.1 133.320526123047
132.9 10.395959854126
133.1 15.2831964492798
133.9 2.85510277748108
134.9 14.0220327377319
135.0 25.5592060089111
135.7 3.04487347602844
135.9 164.959976196289
136.0 226.429412841797
136.1 40.4957427978516
136.8 22.5791130065918
136.9 27.9409942626953
137.0 129.72444152832
137.7 6.84634399414063
137.9 31.1288204193115
138.0 62.3661956787109
138.1 6.99533367156982
140.9 2.99677419662476
141.0 3.19240212440491
144.1 3.16277551651001
145.0 2.99126148223877
145.9 2.76616740226746
146.0 8.63729667663574
146.1 10.0067873001099
147.0 2.81328916549683
147.1 3.0197765827179
148.7 2.79579854011536
148.9 42.2087173461914
149.0 53.2973747253418
149.9 26.6077690124512
150.1 21.5663738250732
151.1 3.19953298568726
152.0 2.65569996833801
155.9 15.1199474334717
156.8 5.87756872177124
157.0 7.6746072769165
157.2 3.89800095558167
157.8 7.19210386276245
158.0 67.9367828369141
158.1 93.3393936157227
158.3 4.01965379714966
158.4 3.45116782188416
158.7 20.2442893981934
158.9 54.7250671386719
159.0 29.8916969299316
161.9 2.9653422832489
162.0 15.6522245407104
162.2 8.05930042266846
162.8 2.93377137184143
162.9 2.58574271202087
163.0 25.0260200500488
163.7 3.09672474861145
163.9 108.533836364746
164.1 98.3248825073242
164.2 8.07431125640869
175.8 2.51381182670593
187.9 9.58378505706787
188.0 8.8366003036499
188.9 3.01695394515991
189.0 9.10352993011475
189.1 14.321683883667
189.9 57.4627075195313
190.0 367.820281982422
190.1 39.114917755127
190.8 6.91585779190063
190.9 131.143005371094
191.0 222.640930175781
191.1 61.9116477966309
192.0 20.9344596862793
192.1 34.5905914306641
192.2 11.0577297210693
192.8 6.52597713470459
192.9 2.84430527687073
193.0 12.3432016372681
199.0 2.59845662117004
200.9 3.02788543701172
206.9 2.59483814239502
207.1 4.10523271560669
214.9 47.0651473999023
216.6 2.83141112327576
218.9 4.74989223480225
219.1 6.58126640319824
232.7 5.68974733352661
232.9 13.6899929046631
236.9 24.5568656921387
237.0 21.4532508850098
244.9 2.72523355484009
245.0 3.30522632598877
340.1 217.99382019043
340.2 1272.68298339844
340.9 6.72760105133057
341.0 116.343353271484
341.2 207.295684814453
341.3 5.72555255889893
342.0 34.0426216125488
342.2 15.3480319976807
342.3 8.09401416778564
348.1 2.60873508453369
