#"+EI Scan (rt: 6.527-6.609 min, 15 scans) CM1-5-10.D  Subtract "
#Point,X(Thompsons),Y(Counts)
40.1 950.18408203125
41.1 8434.443359375
42.1 23514.24609375
43.0 287.116729736328
43.1 2594.09423828125
44.0 3145.31103515625
45.0 78.6373825073242
45.1 48.7165756225586
45.5 17.1555595397949
45.6 12.5271940231323
47.8 14.6580448150635
48.9 61.1790618896484
49.1 85.5130310058594
49.2 13.8890895843506
50.0 2717.50415039063
51.0 12233.7939453125
52.0 3307.0302734375
53.0 3944.73364257813
54.0 5041.2373046875
55.1 19424.419921875
56.1 16457.2265625
57.1 82191.1015625
58.0 2293.48852539063
58.1 620.431579589844
58.8 9.1008358001709
58.9 122.58048248291
59.0 304.012115478516
59.7 11.3213672637939
60.6 15.3392772674561
60.8 107.612823486328
61.0 207.056091308594
61.9 269.568695068359
62.0 1031.08801269531
63.0 7462.31201171875
64.0 2166.86645507813
64.1 2933.125
65.0 52640.125
66.0 5867.9736328125
66.9 60.7969703674316
67.0 4296.46875
68.0 4326.3251953125
69.1 9586.8798828125
70.0 2636.91333007813
70.9 168.283843994141
71.1 283.574981689453
71.2 41.1277656555176
71.7 16.273458480835
71.9 48.820858001709
72.0 98.6562271118164
72.2 14.4967279434204
72.8 27.0620994567871
72.9 179.190338134766
73.1 41.1273765563965
74.0 1310.28247070313
74.1 294.217834472656
74.9 22.6261100769043
75.0 1288.38806152344
76.1 3240.05541992188
77.0 56525.0625
78.0 9718.8349609375
79.1 4047.0048828125
80.1 7436.9306640625
81.2 5341.6875
82.1 462702.125
83.1 28670.25
84.0 1627.28479003906
85.0 116.167137145996
85.1 14.9839420318604
85.9 105.604888916016
86.0 127.609397888184
86.2 34.4151725769043
86.8 19.7876033782959
86.9 124.325263977051
87.0 205.865005493164
87.4 12.6415491104126
87.9 91.9903182983398
88.0 127.765014648438
88.1 95.5857696533203
88.3 85.1863479614258
89.0 13496.4775390625
90.1 15053.23828125
90.2 689.1494140625
91.0 630804.625
92.1 60773.11328125
93.1 22878.09375
94.0 6324.14501953125
94.9 38.3857612609863
95.1 1665.93908691406
95.2 36.4937477111816
96.1 19183.73046875
96.9 36.5006446838379
97.1 1748.44396972656
97.2 62.7910385131836
97.9 122.268928527832
98.0 231.431289672852
98.2 38.1953811645508
98.9 34.6541213989258
99.0 208.248596191406
99.9 85.3462219238281
100.0 462.243041992188
100.1 82.9276275634766
100.7 11.0295734405518
101.0 180.184112548828
101.2 12.2812185287476
101.9 517.704833984375
102.0 413.321868896484
102.1 34.0331649780273
103.0 1825.44055175781
103.1 3445.33422851563
104.0 27573.962890625
105.1 10245.5224609375
106.1 15728.12890625
106.8 29.8870887756348
107.0 1448.25744628906
108.0 135.122848510742
108.3 11.4042043685913
108.7 11.7495594024658
108.8 10.2250661849976
108.9 64.102424621582
109.0 10.3584403991699
109.8 12.1925640106201
110.0 29.2371997833252
110.1 66.183952331543
110.9 17.3754024505615
111.0 74.5827255249023
111.1 53.0176391601563
111.8 20.5020160675049
112.0 94.4038772583008
112.0 202.182647705078
112.2 40.6688842773438
112.8 20.5426349639893
112.9 189.959045410156
113.1 79.982307434082
113.2 52.1097831726074
113.9 40.2124977111816
114.0 271.548248291016
114.1 208.379287719727
114.3 15.6566982269287
114.9 123.17756652832
115.1 4024.11499023438
116.0 524.866638183594
116.1 2525.2958984375
117.1 21762.201171875
118.1 62957.35546875
119.1 32670.26171875
120.1 25552.4375
120.9 30.2780532836914
121.1 2355.33618164063
122.0 165.363174438477
124.9 50.2803726196289
125.0 126.994598388672
125.1 52.4999732971191
125.9 46.1915893554688
126.1 109.485527038574
126.8 38.888801574707
127.0 604.541137695313
127.1 109.317886352539
128.0 281.333587646484
128.1 1424.494140625
129.0 281.243255615234
129.1 1487.09228515625
130.1 16724.21875
131.1 8601.306640625
132.1 58039.37890625
133.1 10555.23046875
134.1 19615.212890625
135.1 2132.4677734375
135.9 15.000207901001
136.0 55.6468353271484
136.8 95.3136978149414
137.0 253.559753417969
137.8 15.7853975296021
138.1 13.2067832946777
138.8 14.8123769760132
139.0 256.186401367188
139.1 177.605560302734
139.3 13.0417451858521
139.9 13.901198387146
140.1 128.976501464844
140.9 68.1259231567383
141.0 182.360977172852
141.1 177.821136474609
142.0 475.195861816406
142.1 170.269927978516
143.0 1905.36096191406
143.1 589.599304199219
143.3 75.7934036254883
144.1 25556.458984375
145.1 23773.56640625
146.1 76577.65625
147.1 10988.8544921875
148.1 2267.69775390625
148.1 197.419174194336
149.1 3959.08251953125
150.1 13264.4560546875
151.0 610.231262207031
151.1 858.337524414063
152.0 171.102310180664
152.1 145.644729614258
152.9 78.8991851806641
153.1 50.4190254211426
153.8 37.9224891662598
154.0 110.108177185059
154.1 181.330230712891
154.2 18.759370803833
154.8 67.294792175293
155.0 192.759307861328
155.1 125.592498779297
156.0 720.963134765625
156.1 341.972991943359
156.9 17.6001148223877
157.1 279.273895263672
157.2 701.152099609375
158.1 30603.03515625
159.1 4931.58740234375
160.0 103.794937133789
160.1 1954.66467285156
161.0 184.303573608398
161.1 552.654541015625
162.1 232.237014770508
163.0 51.2339935302734
164.1 10.4205179214478
165.0 81.47314453125
165.0 223.357284545898
165.1 44.0888023376465
166.0 65.367073059082
166.2 25.0438289642334
166.9 155.963623046875
167.1 264.512451171875
167.8 18.4740390777588
167.9 60.4899253845215
168.1 331.278198242188
168.2 24.2708778381348
168.8 106.753372192383
169.1 285.001190185547
170.1 2603.3115234375
170.1 1495.11926269531
171.1 2173.06274414063
171.2 1408.09887695313
172.1 119549.65625
173.1 110158.546875
174.1 45702.390625
175.1 8324.9931640625
176.0 583.299255371094
176.1 1065.68188476563
177.0 124.922698974609
177.1 33.1501579284668
178.8 11.1319780349731
179.8 67.6925582885742
180.0 154.066467285156
180.1 66.3339385986328
180.2 14.0637445449829
180.9 90.1522598266602
181.1 15.8135871887207
181.9 27.34619140625
182.1 232.320846557617
182.2 11.1967782974243
182.9 34.7957000732422
183.1 55.7161293029785
183.9 12.1250648498535
184.1 113.074600219727
184.8 45.5813865661621
184.9 70.2241973876953
185.1 39.9667892456055
186.0 61.7282295227051
186.1 105.31974029541
186.2 57.7282295227051
187.0 245.935745239258
187.1 267.649749755859
188.0 930.3330078125
188.1 385.339324951172
189.1 1766.57397460938
190.1 7037.33447265625
191.1 1326.47119140625
191.3 21.5988903045654
192.0 67.9165267944336
192.1 91.1987152099609
192.8 23.7575511932373
192.9 80.4797515869141
193.1 40.0611305236816
193.9 100.622886657715
194.1 122.819793701172
194.2 42.9571495056152
194.9 62.5369300842285
195.1 104.204925537109
196.0 43.1507720947266
196.2 65.1318130493164
197.9 11.3599271774292
199.2 11.407958984375
199.7 11.2124147415161
200.0 32.2423858642578
200.2 11.8217945098877
201.0 123.582397460938
201.1 98.1855926513672
202.1 1699.98083496094
202.9 51.7872428894043
203.1 1542.64721679688
204.0 321.969146728516
204.1 413.046600341797
204.9 26.230297088623
205.0 14.4251127243042
205.1 53.1719818115234
205.9 52.7811546325684
206.1 88.7051849365234
206.9 71.2765121459961
207.0 76.3948593139648
208.1 909.193664550781
208.9 65.5019226074219
209.1 180.570373535156
209.9 55.2245101928711
210.0 22.7920055389404
210.1 67.8293151855469
210.8 13.5735540390015
210.9 58.9240760803223
211.1 45.2576904296875
211.8 10.8299627304077
212.9 24.6960620880127
213.0 15.5478687286377
214.0 53.2330322265625
214.1 70.7987976074219
215.1 1806.16137695313
216.1 494.337860107422
216.1 517.686828613281
217.1 490.242584228516
217.1 1871.12866210938
218.0 240.393814086914
218.1 421.619354248047
219.0 286.168334960938
219.2 108.638816833496
219.8 11.4358568191528
220.0 20.880069732666
220.1 217.386734008789
220.3 14.8240823745728
221.0 221.611251831055
221.1 606.325378417969
222.0 128.369415283203
222.1 281.497955322266
222.2 146.21728515625
223.1 61.2837715148926
224.0 19.988805770874
224.1 231.8779296875
224.3 10.4183568954468
224.9 10.8558807373047
229.0 42.4684295654297
229.1 43.283275604248
229.2 13.4636545181274
230.1 27.1881217956543
231.1 3466.36083984375
231.2 1731.70385742188
231.9 22.9069423675537
232.1 85.3906784057617
232.1 769.902160644531
232.8 4.62860631942749
232.9 98.4710693359375
233.0 48.5386848449707
233.2 106.462379455566
234.0 71.5793914794922
234.1 52.437686920166
235.0 30.4886035919189
235.2 33.6373443603516
236.1 1860.82568359375
237.0 261.396453857422
237.1 1813.73974609375
238.0 93.4997940063477
238.1 112.832237243652
238.1 138.842102050781
244.2 11.241662979126
244.9 30.2503890991211
245.0 161.454391479492
245.2 670.101440429688
246.0 72.4857940673828
246.1 69.898193359375
246.3 28.6443119049072
247.0 14.7140207290649
248.1 1476.84887695313
249.1 7458.8203125
250.0 168.989639282227
250.1 2453.67529296875
251.1 491.787322998047
251.3 19.8761024475098
251.9 17.8613300323486
252.0 36.3163986206055
261.1 13.3555021286011
263.0 14.6789655685425
263.1 320.369018554688
263.2 341.189849853516
263.9 29.0204067230225
264.1 213.477767944336
264.2 100.171714782715
265.2 40318.85546875
266.2 8081.91162109375
267.1 326.726257324219
267.2 484.415893554688
276.0 45.384162902832
289.0 10.0124273300171
293.0 75.3270111083984
293.2 2667.47045898438
294.0 38.5929336547852
294.1 359.106597900391
294.2 277.550598144531
295.1 45.9142074584961
305.1 34.2102317810059
307.0 21.6882858276367
307.1 12.5679349899292
321.0 41.9869003295898
321.2 1697.81042480469
322.2 9877.677734375
323.0 25.3623027801514
323.2 1672.34069824219
323.2 677.833129882813
324.0 16.0275897979736
324.1 83.2604751586914
324.2 285.193817138672
