#"+EI Scan (rt: 8.305-8.386 min, 15 scans) CM1-5-8.D  Subtract "
#Point,X(Thompsons),Y(Counts)
40.1 90.749267578125
41.1 2558.92724609375
42.0 6275.728515625
43.0 982.753295898438
44.0 2424.58325195313
49.8 37.7550086975098
50.0 363.691802978516
51.0 1297.55859375
51.8 30.3126945495605
52.0 200.8798828125
52.1 130.856185913086
52.2 10.4476718902588
52.9 12.2189989089966
53.0 353.004241943359
53.1 134.194046020508
53.9 16.0047492980957
54.0 461.424163818359
55.0 425.783843994141
55.0 1124.61437988281
56.1 1104.01000976563
57.0 9799.12890625
57.9 102.361228942871
58.1 1027.71752929688
58.2 13.4374437332153
58.9 66.0135803222656
59.1 61.3313789367676
60.8 11.087965965271
61.9 69.1839141845703
62.0 90.3425750732422
62.1 25.1657218933105
62.8 40.8995819091797
63.0 544.265258789063
63.1 106.368530273438
64.0 371.589050292969
65.0 2612.85668945313
65.9 371.509735107422
66.1 115.88599395752
66.2 24.0381145477295
66.9 118.109909057617
67.0 739.469177246094
67.9 319.007659912109
68.0 932.463256835938
68.2 69.4836578369141
68.8 10.9727449417114
69.0 144.211456298828
69.1 1130.39709472656
69.2 11.2810297012329
70.1 1344.67785644531
70.9 46.299259185791
71.1 236.035736083984
73.0 13.9926595687866
73.7 9.89706039428711
73.9 70.1525421142578
74.1 101.691192626953
74.8 38.4725723266602
74.9 79.9635467529297
75.1 87.8698654174805
75.9 150.298629760742
76.1 229.535171508789
76.2 85.1305160522461
77.0 8206.0390625
78.0 1750.96496582031
78.2 22.9847888946533
79.0 277.891998291016
79.0 2535.2939453125
79.8 20.3352165222168
79.9 288.54150390625
80.0 232.884490966797
80.2 14.7596769332886
80.8 11.1470499038696
81.0 278.773590087891
81.0 527.853881835938
82.0 171.096176147461
82.1 903.800537109375
82.3 11.1004333496094
82.9 12.3124446868896
83.0 248.200256347656
83.2 59.4648284912109
83.7 14.6324443817139
84.1 1215.24731445313
84.1 307.047637939453
84.7 12.5571622848511
85.0 137.47770690918
87.0 10.2833557128906
89.0 579.909118652344
89.8 11.9230222702026
90.0 433.067657470703
90.1 81.7048721313477
91.0 10929.318359375
92.0 1383.43933105469
92.1 183.630645751953
93.0 3283.1591796875
94.0 1538.53369140625
94.7 11.4054441452026
94.9 86.1638717651367
95.1 260.433135986328
96.0 285.879302978516
96.1 935.208557128906
97.0 118.310508728027
97.9 163.17756652832
98.1 164.041320800781
99.1 12.8267498016357
99.2 11.0861854553223
101.1 55.0567855834961
101.9 192.761169433594
102.1 164.620361328125
103.0 2856.57788085938
104.0 4286.333984375
105.1 9182.3115234375
105.9 24.6534557342529
106.0 1731.19958496094
106.1 145.951736450195
106.9 129.526260375977
107.1 230.783432006836
107.2 16.4229030609131
107.9 70.8155288696289
108.0 655.9150390625
108.1 51.3271064758301
108.9 58.7331886291504
109.0 476.803131103516
109.2 20.1314888000488
110.1 3963.9814453125
111.0 407.268768310547
111.2 112.521713256836
112.0 141.886184692383
112.1 175.36262512207
113.1 10.9963102340698
115.0 476.39404296875
115.7 27.1158199310303
116.0 98.7923049926758
116.1 155.770324707031
116.2 34.2712745666504
117.1 1683.13989257813
118.0 3219.11596679688
118.9 83.6630477905273
119.0 770.195556640625
119.1 272.167938232422
119.9 32.759838104248
120.0 586.648620605469
121.0 62.36865234375
122.0 27.825122833252
124.0 10.9136648178101
124.9 25.3912677764893
126.8 10.0464391708374
127.0 26.9702072143555
127.9 101.668045043945
128.1 98.8665008544922
128.3 21.4887943267822
128.8 15.9272022247314
129.0 174.191696166992
129.2 24.8531742095947
130.0 2148.36694335938
130.1 976.239318847656
131.0 629.208862304688
131.1 1422.32312011719
131.9 272.014984130859
132.1 5388.31005859375
132.9 48.4437255859375
133.0 581.341552734375
133.1 495.580383300781
133.9 65.7033233642578
134.1 529.219299316406
134.2 20.4908657073975
136.9 119.958877563477
137.1 43.2375221252441
141.9 18.2549915313721
142.2 10.317684173584
143.0 203.816329956055
143.2 94.5411071777344
143.9 27.1249656677246
144.0 1131.65661621094
144.1 360.979400634766
145.1 893.748779296875
146.1 1461.619140625
146.8 19.360237121582
147.0 89.3725967407227
147.1 158.582763671875
147.8 29.5410594940186
148.0 184.266754150391
148.1 118.299308776855
148.8 10.6323947906494
149.0 117.757667541504
149.1 209.721145629883
149.2 11.9295644760132
149.9 34.4685096740723
150.0 105.71044921875
150.1 26.6634120941162
153.0 101.84309387207
153.1 150.82356262207
153.8 10.5548915863037
154.0 49.7731056213379
154.9 8.80106925964355
155.1 11.1114072799683
155.9 81.051887512207
156.1 115.995132446289
156.2 19.1978034973145
156.9 65.8565902709961
157.0 35.8400039672852
157.9 85.7384033203125
158.0 343.286163330078
158.2 219.506088256836
158.8 38.2345809936523
159.0 254.066482543945
159.1 739.507019042969
160.0 194.66374206543
160.1 15273.650390625
160.9 36.4515228271484
161.1 1841.35009765625
161.2 14.6802530288696
161.9 75.1999206542969
162.0 155.45703125
162.2 14.1564989089966
167.9 22.3915042877197
169.9 58.1768951416016
170.0 100.449104309082
170.2 13.4762449264526
170.6 12.1275119781494
171.1 63.6430206298828
171.4 21.7852516174316
172.0 130.783340454102
172.1 1521.32934570313
173.0 131.266250610352
173.1 243.079879760742
174.0 268.957366943359
174.1 692.148620605469
174.9 41.4035301208496
175.0 36.0457191467285
175.2 10.6907510757446
183.9 89.6567840576172
184.1 82.5077285766602
184.2 90.8135528564453
184.3 10.7552967071533
185.0 22.3009338378906
185.1 38.3203392028809
185.9 74.0351638793945
186.0 86.822868347168
186.1 129.074890136719
186.8 12.9526338577271
187.0 123.585243225098
187.1 52.7673187255859
195.0 11.7002830505371
196.1 41.3003196716309
198.1 668.103149414063
199.0 42.8239402770996
199.1 343.237091064453
199.9 13.7599945068359
200.1 375.056427001953
200.2 606.369262695313
201.0 74.2972717285156
201.1 532.962585449219
201.2 231.27880859375
202.0 611.290222167969
202.1 761.448913574219
203.1 9218.3251953125
204.1 1398.65612792969
204.9 14.592827796936
211.0 4.99314022064209
213.9 14.1093635559082
214.5 17.4592704772949
214.7 40.341869354248
214.9 26.0099258422852
215.0 229.364318847656
216.1 7441.5947265625
216.9 19.8616542816162
217.1 1225.02807617188
217.9 44.6622734069824
218.2 44.6582260131836
218.9 12.7216529846191
229.9 17.4717845916748
230.1 67.4466171264648
232.9 47.690502166748
233.0 3.12288379669189
236.9 16.3562259674072
241.0 29.1475944519043
241.2 40.8282012939453
243.1 29.0806770324707
257.0 36.564640045166
257.1 74.1307601928711
257.5 16.255931854248
258.0 101.331520080566
258.2 124.396217346191
259.2 28963.3046875
260.2 3675.7666015625
260.2 1547.77661132813
261.0 50.4197425842285
261.1 373.660949707031
261.3 55.601448059082
292.9 13.5515165328979
293.1 62.9855804443359
294.2 11.2493772506714
348.1 14.0504894256592
348.3 30.311128616333
349.0 12.9117336273193
351.0 20.2186107635498
