#"+EI Scan (rt: 13.964-14.104 min, 25 scans) CM1-5-9.D  Subtract "
#Point,X(Thompsons),Y(Counts)
40.1 26.7756519317627
40.9 11.4971809387207
41.0 246.724838256836
41.1 225.645812988281
41.2 24.5250606536865
42.0 513.690551757813
42.1 1187.16357421875
43.0 116.390197753906
43.1 126.236427307129
44.0 352.079345703125
44.1 139.175079345703
49.8 15.5905275344849
49.9 56.4817657470703
50.0 96.3364868164063
50.8 32.7378692626953
51.0 485.217987060547
51.1 56.3942108154297
51.8 24.1904411315918
51.9 71.6848602294922
52.1 95.9733581542969
52.8 27.4260864257813
53.0 134.900833129883
53.1 20.1807174682617
53.9 66.3587875366211
54.0 47.4087944030762
54.1 6.90453672409058
54.9 21.189868927002
55.0 265.209747314453
55.1 134.677841186523
55.9 77.020133972168
56.0 97.3940353393555
56.1 23.9278125762939
56.9 113.738571166992
57.0 32.4098930358887
58.9 4.3667049407959
59.0 75.7437591552734
61.9 34.7398910522461
62.1 13.6209764480591
62.9 84.3920974731445
63.0 209.458831787109
63.9 84.227294921875
64.1 13.5014133453369
64.9 260.164459228516
65.0 700.170043945313
65.9 95.732666015625
66.0 71.2863159179688
66.9 134.405715942383
67.0 427.107879638672
68.0 127.21752166748
68.1 218.772796630859
69.0 106.379875183105
69.1 203.658950805664
70.0 99.5560150146484
70.1 318.183349609375
70.2 14.1893529891968
71.0 14.6205453872681
73.0 34.1570281982422
74.0 25.594970703125
74.8 26.0261993408203
75.0 32.7870635986328
75.9 34.280891418457
76.0 108.650466918945
77.0 1966.35034179688
77.9 121.450820922852
78.0 443.589508056641
79.0 284.513214111328
79.0 384.198669433594
79.8 7.57499504089355
79.9 124.851516723633
80.1 87.0372161865234
80.7 8.28840827941895
80.9 100.194328308105
81.1 122.093116760254
81.9 18.1813278198242
82.0 124.180633544922
82.1 164.768508911133
82.8 13.1687870025635
83.1 23.2758731842041
83.6 6.03001642227173
83.7 9.43692779541016
84.0 30.6205215454102
88.1 7.48871326446533
88.7 20.4285087585449
88.9 151.911026000977
89.0 83.6160354614258
89.9 50.1319389343262
90.1 42.4286880493164
90.2 55.570369720459
90.3 13.0767154693604
91.0 2909.39428710938
91.2 43.90234375
92.0 278.783935546875
92.1 160.669662475586
92.2 8.06471347808838
92.9 161.713775634766
93.1 158.73811340332
94.0 380.383605957031
94.2 169.15412902832
95.0 10363.349609375
96.0 1014.86694335938
96.1 1339.69152832031
96.9 15.0911207199097
97.0 173.571334838867
97.1 74.245231628418
97.9 95.5837783813477
98.1 120.61693572998
101.8 14.8301219940186
101.9 43.4685173034668
102.0 19.8215827941895
102.7 16.4534759521484
102.9 55.2857131958008
103.0 518.012512207031
103.2 105.007766723633
103.8 4.4954891204834
104.0 441.765594482422
104.1 432.540893554688
104.2 11.1376638412476
104.9 54.4871101379395
105.0 1762.29736328125
105.2 27.5640430450439
105.9 33.5912017822266
106.0 154.628982543945
106.2 19.9736824035645
109.0 15.6200265884399
110.1 16.7783813476563
113.0 7.68409156799316
114.9 60.5068702697754
115.0 165.685989379883
115.8 6.92362833023071
115.9 36.7349166870117
116.1 26.7090969085693
116.9 57.4170570373535
117.0 291.416046142578
117.9 61.7919960021973
118.0 353.460510253906
118.9 37.5878562927246
119.1 100.106292724609
119.9 6.1669659614563
120.0 32.4011497497559
120.2 17.6843605041504
121.1 8.23597431182861
127.0 21.0557308197021
127.8 7.19829225540161
128.0 35.9392852783203
129.1 7.04397773742676
129.2 13.5393199920654
129.9 151.353927612305
130.1 757.667175292969
130.2 6.98501634597778
130.8 31.9490089416504
131.0 144.504516601563
131.1 219.128768920898
131.3 7.15766525268555
131.9 41.1379928588867
132.0 621.597717285156
132.2 56.1758270263672
132.9 40.7932281494141
133.0 66.0727615356445
136.9 241.130447387695
137.9 29.5975513458252
138.9 23.8608303070068
139.1 52.644287109375
140.9 13.7189655303955
141.9 9.47163963317871
142.9 8.39293670654297
143.0 21.4652290344238
143.8 21.6741561889648
144.0 135.345932006836
144.1 29.4283790588379
144.8 12.5666246414185
145.1 27.361686706543
145.9 9.92398548126221
146.0 126.498176574707
146.1 44.3496398925781
147.9 7.21192979812622
155.1 15.1429834365845
156.0 7.13831377029419
156.9 8.02969551086426
157.2 8.09466552734375
158.0 233.498596191406
158.1 555.314819335938
158.9 93.4638595581055
159.0 201.671310424805
160.0 108.67170715332
160.1 56.4404067993164
161.2 6.8706431388855
168.0 6.36859941482544
169.9 78.5820922851563
170.0 313.967620849609
170.1 195.108200073242
170.7 13.1734504699707
171.0 159.856857299805
171.1 48.4204864501953
171.9 7.28035593032837
172.1 25.8060626983643
173.1 6.49900388717651
182.0 8.19840621948242
184.0 83.7254791259766
184.1 172.229019165039
184.2 48.3111763000488
184.9 12.8092956542969
185.1 140.095336914063
185.2 59.8329315185547
186.0 111.242614746094
186.1 250.505142211914
186.2 20.1526641845703
186.9 65.9364776611328
187.1 783.574829101563
188.0 166.928924560547
188.1 260.147735595703
188.8 11.506404876709
189.0 30.0353908538818
189.1 98.4199447631836
189.2 33.7865409851074
210.0 16.5002212524414
210.2 12.6486082077026
210.9 49.4852066040039
211.1 48.7258377075195
212.0 194.175109863281
212.1 133.581756591797
212.9 22.9213848114014
213.2 21.3679122924805
214.8 24.1773986816406
215.0 51.7010231018066
218.8 5.17744255065918
232.8 3.22257804870605
233.0 37.4757041931152
236.7 1.81986665725708
236.9 74.5936431884766
237.0 2.74662685394287
239.0 6.75066947937012
240.1 4045.6982421875
241.0 518.482788085938
241.2 160.796188354492
242.1 31.4116649627686
279.1 36.8144760131836
279.3 10.9953279495239
282.2 14.181999206543
283.1 7823.322265625
284.0 85.766227722168
284.1 1387.05895996094
285.0 78.869987487793
285.1 87.4670104980469
285.3 12.8793449401855
292.9 10.3730773925781
375.3 7.22734880447388
