#"+EI Scan (rt: 13.965-14.104 min, 25 scans) CM1-5-5.D  Subtract "
#Point,X(Thompsons),Y(Counts)
40.1 26.2075023651123
40.9 78.6700286865234
41.0 420.276947021484
41.1 62.7691345214844
42.0 159.111419677734
42.1 1468.36865234375
43.0 112.902313232422
43.0 113.733360290527
43.9 146.918746948242
44.1 278.803039550781
49.9 73.1241683959961
50.0 158.628463745117
50.9 19.3592662811279
51.0 327.472076416016
51.1 231.284545898438
51.8 25.9629440307617
52.0 79.6582489013672
52.0 110.524543762207
52.2 15.2003612518311
52.9 47.6260757446289
53.0 94.1139144897461
53.1 47.3899459838867
53.2 16.2029094696045
54.0 177.039337158203
54.1 32.7458610534668
54.2 7.01396417617798
55.0 290.861755371094
55.1 121.954071044922
55.8 17.8398284912109
56.0 164.935607910156
56.1 34.2007369995117
56.9 107.063941955566
57.0 57.2499504089355
57.2 7.40643262863159
58.0 6.13519763946533
58.8 2.9512243270874
59.0 56.8866806030273
61.9 8.01621627807617
62.0 36.0684585571289
62.1 11.7557106018066
62.7 21.9166641235352
62.9 86.7833099365234
63.0 155.258773803711
63.8 45.7399024963379
63.9 10.5064277648926
64.0 38.1217155456543
64.2 27.0087985992432
64.9 82.7726745605469
65.0 897.510925292969
65.9 70.6319427490234
66.0 103.852928161621
66.8 10.4009084701538
66.9 261.734191894531
67.0 338.627899169922
68.0 377.162963867188
68.8 12.1472768783569
68.9 95.742546081543
69.0 189.890853881836
69.9 17.4490299224854
70.0 241.426330566406
70.1 158.217651367188
72.9 1.17095136642456
73.8 13.9988527297974
74.8 9.08949947357178
75.2 13.961464881897
75.8 6.20862913131714
75.9 31.1292743682861
76.1 73.7755813598633
76.2 28.5380744934082
77.0 852.35986328125
77.0 1265.61547851563
78.0 542.603942871094
78.1 61.6883087158203
78.8 12.8519287109375
78.9 401.880065917969
79.0 330.452941894531
79.1 11.7283115386963
79.9 87.217170715332
80.1 110.789482116699
80.2 12.1006460189819
80.7 17.2362728118896
81.0 164.35774230957
81.1 50.5342712402344
81.8 8.21700954437256
81.9 129.357894897461
82.1 225.815704345703
83.0 38.3243446350098
84.1 47.61572265625
84.3 6.15050172805786
88.8 10.2455101013184
89.0 148.135803222656
89.0 82.1555633544922
89.2 7.27871227264404
89.9 48.995304107666
90.0 105.824806213379
90.2 8.86867713928223
90.9 37.5050735473633
91.0 3193.31909179688
91.9 209.004669189453
92.0 259.619445800781
92.8 30.7999801635742
93.0 195.56120300293
93.1 116.082496643066
93.6 12.8589973449707
93.9 51.5982322692871
94.0 463.186401367188
94.2 77.0963439941406
94.3 11.5560111999512
95.0 11081.1650390625
96.0 351.887390136719
96.1 2191.32153320313
96.8 7.57261943817139
96.9 160.102249145508
97.1 180.989273071289
97.8 19.7275924682617
97.9 93.8032302856445
98.1 103.045448303223
98.3 11.8951358795166
100.9 7.3388524055481
101.9 44.5792465209961
102.0 86.8968048095703
102.9 61.1882514953613
103.0 354.473175048828
103.1 351.073089599609
103.9 436.083892822266
104.0 511.459991455078
104.2 29.0403881072998
104.9 202.870315551758
105.0 1636.86901855469
106.0 153.194183349609
106.1 86.3018035888672
106.9 7.09025382995605
108.9 14.8804788589478
114.9 112.225563049316
115.1 55.3802833557129
115.2 51.8102836608887
115.9 44.7950134277344
116.1 22.1713771820068
116.3 7.84090232849121
116.8 8.05099105834961
116.9 187.629302978516
117.1 123.124824523926
117.1 26.0475540161133
117.9 18.8093204498291
118.0 347.164215087891
118.1 83.0217666625977
119.0 155.463729858398
119.1 22.8005294799805
119.9 6.98124980926514
120.0 21.2495212554932
126.1 6.32213878631592
128.0 24.8637256622314
128.1 15.1700534820557
128.8 8.97264957427979
129.0 17.6023845672607
129.9 12.9077091217041
130.0 1030.81237792969
130.9 71.704345703125
131.0 288.319702148438
131.1 76.3070678710938
131.8 31.3420639038086
132.0 360.204772949219
132.1 364.117431640625
132.8 20.1650276184082
133.0 115.126892089844
134.1 8.44476890563965
137.0 203.835083007813
137.1 5.8828125
138.0 24.3351783752441
138.1 14.5304594039917
138.8 8.3195743560791
139.0 29.2951030731201
139.1 43.2477645874023
141.0 6.19025087356567
141.3 6.84441232681274
141.8 6.09198236465454
142.0 19.6420135498047
142.3 8.48789691925049
142.8 31.5573062896729
143.0 14.3956747055054
143.1 16.9465866088867
143.8 10.8232326507568
143.9 71.0536499023438
144.0 80.4507293701172
144.2 35.7819519042969
145.0 48.4556159973145
145.1 26.5468120574951
145.9 62.7458686828613
146.0 125.334617614746
146.2 25.9161720275879
147.2 6.02188587188721
148.1 7.75143814086914
155.1 6.46821737289429
156.1 20.8967552185059
156.8 15.1579065322876
156.9 9.09594821929932
157.1 6.92906475067139
157.9 67.6097106933594
158.0 783.231079101563
158.2 23.0016899108887
158.8 5.40436124801636
158.9 187.680450439453
159.1 93.231201171875
159.9 14.0036430358887
160.0 148.555740356445
160.1 38.0919380187988
167.9 6.77066040039063
168.9 6.09212207794189
169.9 54.3008193969727
170.0 435.342102050781
170.1 58.3776550292969
170.2 24.0753688812256
171.0 173.274536132813
171.1 47.2570571899414
171.9 15.9007377624512
173.0 15.1472024917603
182.0 15.768253326416
184.0 108.899620056152
184.1 180.420211791992
184.9 9.2049674987793
185.0 113.297462463379
185.2 63.3195571899414
185.9 109.392303466797
186.1 275.459777832031
186.3 6.64321231842041
186.8 38.6512260437012
187.0 447.178985595703
187.1 383.591705322266
187.9 79.052864074707
188.1 256.335571289063
188.2 91.3230056762695
189.0 100.496131896973
189.2 37.9727325439453
194.8 7.8021674156189
207.0 7.17382621765137
209.0 7.41968441009521
209.9 23.3953590393066
210.1 21.6028709411621
210.9 10.5815134048462
211.0 22.6214408874512
211.1 22.220365524292
212.0 135.068313598633
212.1 217.764938354492
212.2 6.78540325164795
213.0 21.1733932495117
214.9 48.9944000244141
215.0 82.7258758544922
215.9 6.42401790618896
218.7 6.61455678939819
218.9 29.1076049804688
219.0 6.13237857818604
232.9 68.4480209350586
233.0 16.2169380187988
236.8 13.4873285293579
236.9 1.01275825500488
237.0 46.7000579833984
239.0 17.0838394165039
240.0 40.5245895385742
240.1 4051.578125
241.0 25.4363040924072
241.1 654.068725585938
241.3 33.2541389465332
242.0 15.9828433990479
242.3 8.07443237304688
279.1 33.7719841003418
279.2 53.5626907348633
280.3 6.4161810874939
283.1 7719.79638671875
284.0 63.2050628662109
284.1 1509.24401855469
285.0 42.0542640686035
285.2 105.706230163574
