#"+EI Scan (rt: 13.965-14.105 min, 25 scans) CM1-5-2.D  Subtract "
#Point,X(Thompsons),Y(Counts)
40.1 48.2562255859375
40.9 264.835266113281
41.0 395.6572265625
41.2 12.4106760025024
42.0 839.858459472656
42.1 873.497436523438
42.9 17.437105178833
43.0 110.190284729004
43.1 137.706802368164
44.0 335.019012451172
44.1 232.870620727539
49.7 11.260684967041
49.8 9.01161766052246
49.9 47.7923126220703
50.0 88.0105743408203
50.2 15.3533153533936
51.0 478.229034423828
51.1 105.117401123047
51.9 61.3868293762207
52.0 113.949317932129
52.9 31.2071590423584
53.0 190.878784179688
54.0 95.1221389770508
54.1 58.0863800048828
54.9 166.027694702148
55.0 253.640609741211
55.9 34.199161529541
56.0 124.380271911621
56.1 87.6307601928711
56.9 53.8411712646484
57.0 68.6775283813477
57.1 56.2752914428711
58.8 4.59214115142822
58.9 57.6759300231934
60.9 12.5191431045532
61.9 25.4295234680176
62.1 6.14286375045776
62.9 108.058822631836
63.0 186.987869262695
63.8 83.351676940918
63.9 43.014461517334
64.1 60.2723083496094
65.0 1033.26733398438
65.9 87.2813568115234
66.0 83.2963790893555
66.4 14.3432064056396
66.8 10.0311222076416
66.9 292.616119384766
67.0 297.357421875
68.0 275.874603271484
68.1 168.109527587891
68.8 11.1275930404663
68.9 145.675582885742
69.1 110.113220214844
69.2 13.2596254348755
70.0 343.442932128906
70.1 42.6932525634766
70.9 6.41802167892456
73.0 30.1901607513428
73.7 7.03687810897827
73.8 8.1968355178833
74.0 18.455358505249
74.1 19.6730899810791
74.9 32.2969818115234
75.1 22.6165332794189
76.0 14.5085420608521
76.1 106.859481811523
77.0 2221.71826171875
77.8 2.73315668106079
77.9 175.726837158203
78.0 423.304382324219
78.8 14.643123626709
79.0 345.455871582031
79.0 456.395355224609
79.8 36.4498710632324
80.0 80.6083068847656
80.1 93.4321594238281
80.9 50.1790580749512
81.0 165.721038818359
81.7 7.54885816574097
81.9 43.7234382629395
82.0 219.908432006836
82.2 38.5511894226074
82.9 6.29145383834839
83.1 38.8370094299316
83.9 12.368914604187
84.0 54.1115036010742
84.2 7.6844482421875
88.9 132.649353027344
89.0 140.421463012695
89.7 9.43786811828613
89.9 78.5859527587891
90.0 50.9124374389648
90.2 33.9238624572754
90.9 121.890129089355
91.0 3270.7294921875
91.8 17.1359539031982
92.0 196.233200073242
92.1 269.403503417969
92.9 158.967727661133
93.1 205.197952270508
93.9 64.8360290527344
94.1 365.191528320313
94.2 129.843170166016
95.0 11490.595703125
96.0 2525.6748046875
97.0 138.958801269531
97.1 138.568954467773
97.2 21.3621444702148
97.8 14.2509908676147
98.0 207.663665771484
98.1 66.7894515991211
98.2 11.0428371429443
101.9 81.118766784668
102.0 38.3618927001953
102.8 16.4372234344482
102.9 269.195098876953
103.0 550.977233886719
103.2 14.6562662124634
103.9 249.893463134766
104.0 689.722290039063
105.0 2016.96667480469
105.7 10.7532339096069
105.8 12.3486709594727
106.0 146.273391723633
106.1 155.994125366211
107.0 46.3421401977539
108.2 11.1848802566528
108.9 25.9837169647217
114.8 7.25033760070801
114.9 81.2988204956055
115.0 151.133010864258
115.2 16.0959491729736
115.7 6.1375617980957
116.0 79.4173355102539
116.9 52.8053588867188
117.0 320.01904296875
117.9 112.778747558594
118.0 277.483245849609
118.2 41.0946273803711
118.8 6.27606391906738
119.0 113.844833374023
119.1 75.6503982543945
120.0 60.7669906616211
127.8 9.05776596069336
128.0 49.3290100097656
128.1 10.0508460998535
129.0 16.5503482818604
129.1 8.15283012390137
129.2 30.8986797332764
130.0 285.502227783203
130.1 808.051391601563
130.9 223.088607788086
131.0 265.64794921875
131.8 37.2269134521484
132.0 426.139678955078
132.1 252.3427734375
132.9 7.40665912628174
133.0 87.267578125
133.2 32.7830848693848
136.9 107.115043640137
137.1 37.8443984985352
137.8 28.6686763763428
138.1 17.050220489502
138.2 17.0274715423584
138.9 40.4169425964355
139.0 72.2080154418945
141.7 38.3139762878418
141.9 34.8714485168457
142.2 8.38734531402588
143.1 76.7873229980469
143.9 40.1413383483887
144.0 176.0400390625
144.2 7.74233388900757
144.9 20.2450275421143
145.1 41.0220642089844
146.0 27.9972171783447
146.1 242.257904052734
146.2 7.57989740371704
147.1 7.53508949279785
148.1 7.23049259185791
155.9 23.7137565612793
156.0 33.3009986877441
156.8 10.3532238006592
156.9 18.4085502624512
157.2 9.22340106964111
157.9 47.9437713623047
158.0 751.380676269531
158.2 164.282791137695
158.9 157.733978271484
159.1 142.973327636719
159.2 14.9319267272949
160.0 62.0398254394531
160.1 110.492828369141
160.9 12.569751739502
169.1 21.4040336608887
170.0 269.099304199219
170.1 348.175384521484
170.9 91.4384841918945
171.0 159.772827148438
172.0 35.8357086181641
172.9 7.14728689193726
173.1 6.74612855911255
182.0 6.22873830795288
183.8 12.3988904953003
183.8 50.9783554077148
184.0 197.910034179688
184.2 10.0678768157959
184.3 8.22390365600586
185.0 103.465888977051
185.1 139.968109130859
185.9 8.85055065155029
186.0 207.997772216797
186.1 120.901763916016
186.8 43.825927734375
187.0 487.535247802734
187.1 360.502349853516
187.2 8.08755302429199
187.9 28.4591121673584
188.0 114.773864746094
188.1 253.129653930664
188.2 32.1302146911621
189.0 98.6690139770508
189.2 51.0565719604492
194.1 8.14260101318359
198.0 9.06659507751465
207.1 6.12684488296509
210.0 20.3210906982422
210.1 14.0283031463623
210.9 6.44114875793457
211.0 20.174617767334
211.1 9.09588527679443
211.9 7.89730834960938
212.0 360.720245361328
212.2 16.3492965698242
212.9 25.2882061004639
213.2 6.99306583404541
214.7 19.1444129943848
215.0 114.538848876953
215.9 9.54216003417969
218.7 2.39058685302734
232.9 7.08988571166992
236.7 0.352758407592773
236.9 21.881103515625
237.0 11.7594766616821
239.0 7.10808372497559
240.0 455.603240966797
240.1 3848.1376953125
240.9 31.1917552947998
241.0 159.161468505859
241.1 603.620910644531
241.2 7.33859014511108
241.9 10.251932144165
242.0 21.8569393157959
242.1 21.3671932220459
279.1 46.0649795532227
279.3 8.15435600280762
281.1 7.28252983093262
282.1 44.3744735717773
282.3 14.3541841506958
283.1 396.497650146484
283.1 7704.70068359375
284.0 29.7372074127197
284.1 1420.98266601563
284.9 8.62925338745117
285.0 88.7374114990234
285.1 113.906532287598
288.7 6.5635290145874
