#"+EI Scan (rt: 13.965-14.104 min, 25 scans) CM1-5-10.D  Subtract "
#Point,X(Thompsons),Y(Counts)
40.9 35.2763023376465
41.0 382.1201171875
41.1 120.801872253418
41.9 24.8613777160645
42.0 1633.07568359375
42.8 14.5764036178589
43.0 92.4495544433594
43.1 95.9355850219727
44.0 71.4180755615234
44.1 395.766571044922
49.8 15.3163108825684
49.9 45.0189361572266
50.0 117.822906494141
50.1 7.80988121032715
50.8 7.5765700340271
51.0 190.021011352539
51.0 302.961151123047
51.9 44.5522155761719
52.0 136.120651245117
52.1 25.857873916626
52.9 148.161804199219
53.1 37.8384246826172
53.9 24.8485984802246
54.0 102.166580200195
54.1 56.6813316345215
55.0 191.555511474609
55.1 188.990951538086
55.9 45.3592491149902
55.9 75.3927688598633
56.1 92.7036209106445
56.8 10.9587182998657
56.9 65.5613021850586
57.1 41.9333381652832
58.8 15.2467088699341
59.1 72.3068923950195
61.8 6.34201049804688
62.0 25.3649959564209
62.1 7.76547050476074
62.7 8.43526077270508
62.9 122.468147277832
63.0 128.622695922852
63.9 84.3061599731445
64.0 62.4554595947266
64.9 184.197494506836
65.0 769.613037109375
65.9 83.0578689575195
66.0 32.0403289794922
66.1 42.2385444641113
66.3 6.11178016662598
66.8 17.3844261169434
67.0 504.409149169922
67.1 9.85818767547607
67.8 25.0783767700195
67.9 117.253799438477
68.0 196.385375976563
68.1 54.8978729248047
69.0 86.720817565918
69.1 212.715515136719
69.2 15.190149307251
69.9 28.2660255432129
70.0 198.860992431641
70.1 128.884674072266
72.8 9.13287353515625
73.0 16.8088092803955
73.1 6.09093523025513
73.7 7.37822389602661
73.9 22.2311763763428
74.1 8.19925689697266
74.8 14.2389831542969
75.0 46.2387161254883
75.2 7.43397569656372
76.0 52.0818023681641
76.1 42.3398590087891
76.3 16.1030616760254
77.0 915.617004394531
77.1 1056.92163085938
77.9 229.959075927734
78.1 364.041534423828
78.2 10.0611228942871
78.9 9.97603130340576
79.0 697.700073242188
79.1 6.66215896606445
79.3 10.1216163635254
79.9 27.8830070495605
80.0 151.057800292969
80.1 40.3898010253906
80.8 31.3620223999023
80.9 119.682029724121
81.1 67.8577270507813
82.0 180.547576904297
82.1 107.774345397949
82.9 7.57649803161621
83.9 27.0749168395996
84.1 23.6275005340576
88.9 16.8609657287598
89.0 178.119140625
89.8 7.91392374038696
89.9 73.5116577148438
90.1 60.5874404907227
91.0 3082.6826171875
92.0 220.493530273438
92.1 193.721633911133
92.8 9.24493789672852
92.9 53.1708145141602
93.0 144.987426757813
93.1 135.323806762695
93.3 7.69441032409668
93.9 67.1488800048828
94.0 273.707427978516
94.2 227.106582641602
95.0 10546.4228515625
95.9 188.188400268555
96.0 2009.59887695313
96.1 11.6203708648682
97.0 236.223892211914
97.1 16.8476371765137
97.9 60.0302772521973
98.1 167.700073242188
98.2 13.1715116500854
101.8 10.1150588989258
101.9 37.9524993896484
102.1 39.5294418334961
102.8 8.29508876800537
102.9 151.417495727539
103.0 613.943725585938
103.2 18.901647567749
104.0 478.261352539063
104.1 453.9140625
105.1 1809.43188476563
105.9 62.8329734802246
106.0 188.487701416016
106.8 7.92787170410156
109.0 20.5003318786621
114.9 129.306304931641
115.1 111.063575744629
115.8 11.4797983169556
115.9 22.7242965698242
116.0 50.4772987365723
116.5 6.85954332351685
117.0 180.445251464844
117.1 146.394760131836
117.8 6.59038257598877
118.0 214.304382324219
118.0 123.479782104492
118.1 70.7668762207031
118.9 50.0044250488281
119.1 121.388320922852
119.9 31.7914695739746
120.9 6.49484300613403
128.0 46.7596473693848
128.9 14.3538036346436
129.1 10.0043067932129
129.2 6.39065313339233
129.9 13.6915416717529
130.0 968.959716796875
130.8 32.1013069152832
130.9 91.6484375
131.1 326.878021240234
132.0 357.567199707031
132.1 389.190399169922
132.9 66.3444137573242
133.0 31.5050582885742
133.1 18.3875064849854
134.0 7.14316415786743
134.1 6.81156921386719
137.0 156.999847412109
137.9 10.9897937774658
138.0 24.7378349304199
138.1 23.1963958740234
138.8 10.5539026260376
139.0 51.1859245300293
139.1 32.4819068908691
140.0 9.00645065307617
140.1 10.1249713897705
142.0 26.330883026123
142.2 7.12152910232544
143.0 20.8658390045166
143.1 14.8081636428833
143.9 56.0182113647461
144.1 155.759475708008
144.2 7.71383190155029
144.9 42.3773231506348
145.1 9.39507007598877
145.8 8.03632831573486
145.9 40.7977409362793
146.0 163.239318847656
146.8 7.78062200546265
151.0 6.31364250183105
155.1 7.41832542419434
156.0 26.1848411560059
156.2 8.86760234832764
156.9 9.38209056854248
157.2 16.230339050293
158.0 708.579772949219
158.1 123.523590087891
158.8 8.84978675842285
159.0 182.935882568359
159.1 95.6435928344727
159.8 27.2229061126709
159.9 6.31416463851929
160.1 155.328033447266
160.2 29.9447021484375
167.0 21.9756660461426
169.9 350.770629882813
170.1 218.143600463867
170.1 21.677490234375
170.9 13.6262426376343
171.0 147.022430419922
171.1 65.2836074829102
171.9 16.92724609375
172.0 13.4066352844238
173.0 8.51850509643555
175.1 6.27743673324585
180.2 6.12634325027466
181.9 7.14736557006836
183.3 9.59555339813232
184.0 132.800094604492
184.1 179.357299804688
184.2 28.0040969848633
184.9 22.9369831085205
185.0 97.8199234008789
185.1 52.0884666442871
185.2 7.35826969146729
186.0 96.6762313842773
186.1 220.99072265625
186.2 49.2644805908203
186.9 154.937408447266
187.1 468.206756591797
187.1 164.002639770508
188.0 77.0008239746094
188.1 310.926086425781
188.3 14.6437187194824
188.9 33.6445426940918
189.1 75.370361328125
189.2 16.1510620117188
209.8 8.23315715789795
210.0 10.1050748825073
210.1 18.991491317749
210.8 18.0689563751221
210.9 21.6953773498535
211.1 21.5944309234619
211.9 98.7837524414063
212.1 180.998352050781
212.2 25.9667263031006
212.9 6.28296041488647
213.1 9.10864448547363
214.9 24.5360565185547
215.0 140.752914428711
218.8 6.1355094909668
232.9 75.3134918212891
233.0 0.166669845581055
236.9 29.2569122314453
237.1 11.6750831604004
238.5 13.5978307723999
239.1 21.6353073120117
240.1 2118.58325195313
240.1 1758.58605957031
240.9 85.5774536132813
241.1 392.388854980469
241.2 85.0468292236328
241.9 25.0946750640869
279.0 9.48889255523682
279.4 11.6922035217285
283.1 7446.29052734375
284.1 1398.73596191406
284.2 84.7280197143555
285.0 55.8971405029297
285.1 123.256652832031
