#"+EI Scan (rt: 8.013-8.118 min, 19 scans) Fent-1.D  Subtract "
#Point,X(Thompsons),Y(Counts)
39.9 14.0200004577637
40.1 132.468032836914
40.9 3.77234649658203
41.0 1818.60632324219
42.0 7106.9931640625
43.0 1023.28302001953
44.0 4010.84204101563
44.9 30.4542789459229
45.0 165.010223388672
45.1 11.0223073959351
49.9 67.2751388549805
50.0 352.318878173828
51.0 1553.73913574219
51.1 58.4574432373047
51.9 103.739227294922
52.0 325.336944580078
52.9 94.8779373168945
53.0 550.564270019531
54.0 323.633026123047
54.0 566.642456054688
55.0 1849.833984375
55.9 12.7864112854004
56.0 1604.62573242188
57.0 8945.06640625
57.9 49.5447883605957
58.0 354.526123046875
58.1 39.9975700378418
59.0 93.5719985961914
59.1 25.7748966217041
59.9 17.3761596679688
61.8 14.9320278167725
62.0 49.7663192749023
62.1 65.2904815673828
63.0 739.987731933594
63.8 38.2982635498047
64.0 499.502410888672
64.9 190.241500854492
65.0 2925.35473632813
65.9 289.011840820313
66.0 378.555206298828
67.0 1497.08923339844
67.9 15.6274452209473
68.0 2007.95690917969
69.0 300.858520507813
69.0 1398.34106445313
70.0 730.297241210938
70.1 2196.57763671875
71.0 286.742919921875
71.1 52.932201385498
72.1 17.1062507629395
73.0 56.5577392578125
73.8 12.8607807159424
73.9 134.681838989258
74.1 23.1736679077148
74.9 116.980583190918
75.0 95.2708282470703
75.9 11.5835084915161
76.1 548.581420898438
77.0 10620.189453125
78.0 2114.78784179688
79.0 3826.43774414063
80.0 425.904449462891
80.1 450.186279296875
81.0 402.169464111328
81.9 16.4146461486816
82.0 1566.28955078125
82.9 78.3879547119141
83.0 443.50634765625
84.0 375.626342773438
84.1 274.458190917969
85.0 28.9216461181641
85.1 75.083366394043
85.9 58.4163360595703
86.1 20.1594696044922
88.0 12.8742895126343
88.9 95.3756561279297
89.0 320.749328613281
89.1 242.019912719727
90.0 14.1836833953857
90.1 576.55322265625
91.0 10951.1962890625
92.0 581.765686035156
92.0 1052.15954589844
93.0 2976.869140625
94.0 1754.2607421875
94.1 324.837799072266
95.0 116.552429199219
95.1 1155.91552734375
96.1 7716.03466796875
97.1 1234.63061523438
97.9 58.2531547546387
98.0 254.520202636719
100.1 11.937557220459
100.9 61.1061897277832
101.2 12.5457191467285
101.9 71.8066787719727
102.0 299.334411621094
102.1 54.5212097167969
103.0 3745.02587890625
104.0 5160.02099609375
104.1 548.975646972656
105.1 13394.34375
106.0 2628.591796875
107.0 262.208801269531
107.1 39.8900337219238
107.9 48.3729667663574
108.0 114.270919799805
108.8 7.65594005584717
108.9 48.3700561523438
109.0 59.5447235107422
109.1 3.6397876739502
109.9 10.4701166152954
110.0 8.00923633575439
110.8 10.0515851974487
110.9 36.4553565979004
111.0 59.2003402709961
112.9 19.1914672851563
113.2 8.55038738250732
115.0 384.045562744141
115.0 342.337432861328
115.8 24.4577865600586
116.0 319.437133789063
116.1 35.7079467773438
117.0 2496.25048828125
118.0 5944.6923828125
119.0 1559.58435058594
119.9 48.604061126709
120.0 746.714477539063
121.0 46.9892959594727
121.1 27.3720378875732
123.0 8.17064189910889
126.9 27.7630519866943
127.0 48.2799415588379
127.8 51.7385787963867
127.9 13.7951030731201
128.0 279.460784912109
129.0 136.248962402344
129.1 215.517868041992
129.1 51.3704605102539
130.1 6156.12744140625
131.0 3953.00073242188
132.0 1150.12731933594
132.1 7465.40478515625
133.0 1419.05725097656
133.2 9.49405574798584
134.0 270.656707763672
134.1 384.173858642578
135.0 48.1213264465332
135.1 4.97603750228882
136.8 33.1271209716797
137.0 1.0704345703125
138.0 22.9541721343994
138.9 38.1295890808105
139.0 566.056762695313
139.9 8.83140087127686
140.1 49.6167068481445
140.9 36.9822120666504
141.1 99.2471008300781
142.0 60.1485137939453
142.9 164.26286315918
143.1 135.489944458008
144.0 30.3110542297363
144.1 1152.62805175781
144.2 7.94778203964233
145.0 336.808776855469
145.1 707.680603027344
146.1 38301.875
146.9 47.2931213378906
147.1 4388.34814453125
147.9 30.4746837615967
148.0 451.519226074219
148.1 138.901184082031
148.8 23.9001808166504
149.0 28.1604194641113
149.1 250.567535400391
149.9 36.6027717590332
150.0 277.106689453125
150.2 10.5411977767944
150.9 8.85184955596924
151.0 28.128698348999
151.8 12.6587705612183
152.0 8.38273525238037
152.1 10.1838140487671
153.0 54.9388732910156
154.0 17.2009677886963
154.9 48.7483062744141
155.0 39.6409111022949
155.8 11.7056341171265
156.0 123.574554443359
156.1 81.7478256225586
156.2 56.7884254455566
157.0 149.03564453125
157.1 58.0755996704102
158.1 3299.52270507813
159.0 1259.18823242188
160.0 451.537628173828
160.1 1208.0498046875
160.8 14.3886575698853
161.0 162.763717651367
161.2 85.3215484619141
162.0 9.48831462860107
162.2 18.1814079284668
163.1 18.8698120117188
165.0 33.13330078125
165.1 10.4791784286499
166.9 27.3696041107178
167.9 10.5016031265259
168.9 10.2353534698486
169.0 23.1788578033447
169.8 10.912504196167
170.0 11.9194660186768
170.1 21.9819488525391
170.3 11.1676254272461
170.9 22.4131851196289
171.1 16.520637512207
171.9 14.9867057800293
172.0 285.013366699219
172.1 82.264778137207
172.9 25.4210529327393
173.0 261.661987304688
173.1 111.075454711914
174.0 66.0712738037109
174.1 37.4913902282715
177.9 5.06904792785645
179.0 8.20305156707764
181.2 8.80589389801025
181.9 22.5301265716553
182.1 9.42541599273682
182.9 9.08628463745117
183.1 9.71707344055176
184.0 31.7974987030029
184.1 498.440124511719
184.8 14.8521890640259
185.0 227.125411987305
185.1 136.002151489258
186.0 18.482593536377
186.1 1578.63586425781
186.9 23.4034461975098
187.1 1387.458984375
188.0 38.4869041442871
188.1 2563.154296875
189.1 23863.294921875
190.1 3160.65185546875
191.0 80.2429504394531
191.1 211.464309692383
193.0 17.1250457763672
194.9 9.53123950958252
199.8 8.51399898529053
199.9 12.4002561569214
200.0 42.5545806884766
200.2 13.2888555526733
201.0 44.7139663696289
201.2 9.263747215271
202.1 8327.2470703125
203.0 17.5139751434326
203.1 1221.5478515625
203.9 27.0095348358154
204.1 76.6997604370117
206.8 56.4362258911133
206.9 18.9688262939453
211.0 27.7309799194336
211.1 46.2172355651855
214.7 55.0310325622559
214.9 122.624450683594
215.9 87.8572082519531
216.1 433.076751708984
216.9 63.8861351013184
217.0 48.3463287353516
217.2 16.2200832366943
218.9 53.3530120849609
219.1 38.5737380981445
220.8 20.782808303833
223.0 13.5888996124268
227.0 17.6148300170898
231.1 17.6334972381592
232.9 6.07982635498047
233.0 2.64849662780762
234.0 9.87880229949951
234.2 12.4661378860474
237.0 63.1678161621094
237.1 33.7949409484863
238.0 10.1541128158569
239.0 9.19831562042236
243.0 10.7472867965698
243.1 54.947582244873
244.1 354.495025634766
245.2 62459.19921875
246.2 10850.9091796875
247.0 174.95768737793
247.2 852.649780273438
248.0 17.3809452056885
251.1 17.8586330413818
279.0 48.4856224060059
279.2 67.2495574951172
292.8 8.50076103210449
292.9 2.67233848571777
307.0 19.3670539855957
334.1 57.2336311340332
335.2 25.7979793548584
