#"+EI Scan (rt: 7.990-8.095 min, 19 scans) Fent-8.D  Subtract "
#Point,X(Thompsons),Y(Counts)
40.1 45.1735687255859
41.0 1442.14697265625
42.1 5203.19970703125
43.0 924.497924804688
44.0 2802.45922851563
45.0 66.2704849243164
45.1 30.5507431030273
49.9 77.0625152587891
50.0 244.679840087891
50.8 4.54592180252075
51.0 1202.47314453125
51.1 10.4454526901245
51.9 235.559280395508
52.1 141.534469604492
53.0 552.660278320313
53.9 27.8117218017578
54.0 546.656799316406
55.0 1371.09777832031
56.1 1215.21643066406
57.0 6568.94287109375
58.0 160.179244995117
58.1 140.362045288086
58.8 3.72322463989258
58.9 78.1250686645508
60.8 8.09302234649658
61.9 82.6213912963867
62.0 26.2321796417236
62.8 19.2324409484863
63.0 331.381256103516
63.0 255.345520019531
64.0 210.003967285156
64.0 175.144638061523
65.0 2522.61645507813
66.0 213.155181884766
66.0 331.098236083984
66.9 60.2664985656738
67.0 1158.49841308594
67.9 14.78249168396
68.0 1471.65368652344
69.0 810.246948242188
69.1 577.062377929688
70.0 2256.30737304688
70.9 61.6913223266602
71.0 240.376861572266
72.0 7.96844482421875
72.9 35.1523590087891
73.0 52.9349212646484
73.9 14.0746650695801
74.0 101.504577636719
75.0 115.942893981934
75.1 79.0257263183594
75.9 72.9320983886719
76.0 337.251861572266
77.0 8067.3994140625
78.0 1830.63452148438
79.0 3032.7431640625
79.9 36.197566986084
80.0 587.66650390625
81.0 318.307403564453
82.0 1234.77783203125
83.0 167.048263549805
83.1 203.766342163086
84.0 501.996032714844
84.1 12.4507627487183
84.8 10.4327831268311
85.0 39.309642791748
85.0 31.4825496673584
86.0 61.4455947875977
88.1 10.7490663528442
88.9 55.2980575561523
89.0 440.541076660156
90.0 392.145263671875
90.2 24.4056606292725
91.0 8046.78466796875
92.0 508.544830322266
92.0 741.02490234375
93.0 111.676071166992
93.1 2548.31591796875
93.9 20.6275081634521
94.0 1667.03576660156
94.9 9.03895568847656
95.0 950.594543457031
95.2 8.31124114990234
96.1 5879.748046875
97.0 264.300384521484
97.1 582.872436523438
98.0 287.692596435547
98.1 35.1795196533203
100.9 8.66386318206787
102.0 163.428100585938
102.1 161.943206787109
103.0 2781.84301757813
104.0 4124.43701171875
105.0 10120.677734375
106.0 92.4268569946289
106.0 1895.43688964844
107.0 225.113952636719
108.0 70.1499481201172
108.1 21.8060913085938
108.9 28.4943771362305
109.0 60.1120262145996
109.9 9.2716236114502
110.0 18.1877288818359
111.0 22.2326946258545
111.2 26.9329586029053
112.1 8.88021087646484
114.8 8.26578235626221
115.0 364.835632324219
115.0 184.87385559082
115.2 11.8993797302246
115.9 34.6211128234863
116.0 246.59765625
117.0 325.606353759766
117.0 1572.1435546875
117.9 52.0990524291992
118.0 4271.9326171875
119.0 312.500244140625
119.0 880.498229980469
119.9 49.2343711853027
120.0 454.035217285156
120.1 9.91380977630615
121.0 33.8641548156738
126.9 28.0440769195557
127.0 28.4434661865234
127.9 74.4689636230469
128.0 207.470657348633
129.0 94.307243347168
129.1 156.710754394531
130.1 4643.681640625
131.0 2964.0595703125
132.1 6372.923828125
132.9 58.3046112060547
133.0 558.412719726563
133.1 421.953704833984
134.0 183.826126098633
134.1 255.339996337891
137.0 77.9129943847656
138.9 82.1507949829102
139.0 238.936218261719
139.1 101.598854064941
139.9 16.3803157806396
140.2 9.01268196105957
141.0 53.0397262573242
142.0 9.1678524017334
142.9 120.409744262695
143.1 87.8345718383789
143.9 11.7393608093262
144.1 881.082153320313
145.1 807.680236816406
146.1 29302.37890625
147.0 88.4082565307617
147.1 3301.72998046875
148.0 421.441955566406
148.1 66.1709899902344
148.8 22.2367076873779
148.9 48.2817802429199
149.0 224.207748413086
149.9 29.4354667663574
150.1 197.914108276367
153.0 26.7026233673096
154.1 8.09391021728516
154.9 19.8101749420166
155.1 33.6399955749512
155.9 69.4910430908203
156.0 69.2419204711914
156.9 30.7877140045166
157.0 84.6532363891602
157.2 26.90989112854
158.0 1069.45068359375
158.1 1469.28015136719
159.0 824.241394042969
159.9 30.1718654632568
160.1 1214.80383300781
160.9 69.6800765991211
161.1 119.051330566406
162.1 9.01167583465576
165.0 17.4637584686279
170.0 13.6407594680786
170.1 30.3833904266357
171.0 21.9596271514893
172.0 158.395797729492
172.1 80.7216262817383
173.0 50.5167541503906
173.1 181.0361328125
173.2 16.3038864135742
173.9 20.7574291229248
174.0 11.8639621734619
180.9 8.61571311950684
182.0 9.28707599639893
184.0 25.1445178985596
184.1 366.032348632813
185.0 131.666351318359
185.1 153.699935913086
186.1 847.8486328125
186.1 311.548980712891
186.9 8.47014904022217
187.0 388.900177001953
187.1 712.811584472656
188.1 1863.83386230469
189.1 17935.48046875
190.1 2569.5224609375
191.0 9.86667346954346
191.1 175.734832763672
191.2 12.5428276062012
198.2 8.36834335327148
199.8 9.28813743591309
200.8 9.34698390960693
201.0 9.68749713897705
201.1 10.1870317459106
202.1 6328.5478515625
203.0 21.7036037445068
203.1 901.825988769531
203.3 15.2938776016235
204.0 31.1244659423828
204.2 11.1130628585815
210.8 8.64547348022461
211.0 26.9823379516602
214.9 27.9405517578125
215.0 39.9972839355469
216.0 186.816116333008
216.1 204.080749511719
216.9 87.7035217285156
217.1 11.507830619812
218.7 25.5196781158447
218.9 17.1190338134766
227.0 8.43103885650635
229.1 9.36534786224365
233.0 38.9583435058594
237.0 113.093154907227
243.0 26.5762786865234
244.1 181.817352294922
245.2 47997.67578125
246.2 8127.4072265625
247.1 677.039672851563
247.2 151.579238891602
278.9 9.06195831298828
279.1 61.997875213623
279.2 34.927848815918
292.8 8.09775066375732
334.1 24.688325881958
335.1 9.85113334655762
