#"+EI Scan (rt: 1.565-1.670 min, 19 scans) R9M1.D  Subtract "
#Point,X(Thompsons),Y(Counts)
40.1 154.6708984375
41.1 6335.23046875
42.1 1445.46801757813
43.1 7278.60791015625
44.0 931.75
44.9 387.433319091797
45.9 45.376091003418
46.1 16.8493804931641
46.2 18.3932304382324
47.0 252.721298217773
47.1 25.7325744628906
49.0 60.6862297058105
49.9 27.5547561645508
50.1 52.709156036377
51.0 213.942260742188
51.0 347.045166015625
51.8 23.5667915344238
52.0 264.023040771484
52.1 47.7035446166992
53.1 1821.72387695313
54.0 303.040191650391
54.1 113.176849365234
55.0 3856.15698242188
55.9 86.6511459350586
56.1 1157.11547851563
57.1 1111.3525390625
58.0 99.1750793457031
58.1 101.99560546875
58.2 39.0325965881348
59.0 6574.421875
60.0 366.655151367188
61.1 68.9177627563477
61.2 30.1206340789795
61.8 8.42716407775879
62.0 136.852416992188
62.9 104.813598632813
63.1 334.468505859375
64.0 295.645935058594
64.1 52.5578308105469
65.0 1514.80810546875
65.9 147.079772949219
66.0 630.13671875
67.0 3355.80444335938
67.9 72.3222198486328
68.1 1445.49633789063
69.0 1947.70166015625
70.0 535.192504882813
71.1 358.733642578125
71.9 115.161415100098
72.0 2763.296875
73.0 683.05126953125
73.9 229.851943969727
75.0 427.220642089844
76.1 596.600219726563
77.0 5159.7578125
78.0 2574.4326171875
79.0 3543.47729492188
79.9 33.2811584472656
80.0 615.264038085938
80.2 219.390090942383
81.0 2298.1376953125
81.9 5.63389587402344
82.0 1164.9443359375
83.1 1097.462890625
83.8 43.0274848937988
83.9 272.739349365234
84.1 320.063293457031
85.1 47.043701171875
86.0 763.573547363281
87.0 600.943542480469
87.1 305.704010009766
87.6 40.0796852111816
87.9 125.193717956543
88.1 119.719253540039
89.1 725.737976074219
89.9 350.871704101563
91.0 2229.23608398438
91.1 4298.39599609375
92.0 645.773010253906
92.1 561.018005371094
93.0 2507.1923828125
93.2 40.0044708251953
94.0 426.366516113281
94.1 397.603576660156
95.1 1661.865234375
96.0 5.6319580078125
96.1 584.199035644531
97.0 94.2586441040039
97.1 246.307373046875
98.0 1046.43359375
99.0 256.209228515625
99.2 43.4731292724609
99.7 16.1651782989502
99.9 85.9104614257813
100.1 328.907836914063
100.2 160.211471557617
100.6 16.0638465881348
100.9 138.529556274414
101.1 226.371612548828
101.9 196.5927734375
102.0 388.767852783203
102.1 257.409759521484
103.0 1967.24206542969
104.0 497.968597412109
104.1 109.256195068359
105.1 4052.29638671875
105.8 13.3491125106812
106.0 275.572113037109
106.1 479.106872558594
106.2 9.00673198699951
107.0 4917.66064453125
107.8 76.2271423339844
108.1 1419.46069335938
109.0 1722.19653320313
109.9 395.723815917969
110.2 113.985046386719
111.1 974.871520996094
111.8 34.1048698425293
112.0 160.636474609375
112.2 95.9073791503906
112.9 158.246170043945
113.1 99.5151824951172
113.6 64.872428894043
113.9 97.1167831420898
114.0 970.756469726563
115.0 2235.392578125
115.1 2315.27783203125
115.9 80.2179489135742
116.0 1095.41015625
117.0 1984.88842773438
118.0 366.842224121094
118.1 254.886596679688
119.0 154.282836914063
119.1 5217.87548828125
120.0 25.0752868652344
120.1 999.439880371094
120.2 9.20215606689453
120.8 14.6931648254395
121.1 2558.2841796875
121.1 573.449340820313
121.8 20.2723903656006
122.1 1628.61938476563
123.0 2440.2353515625
124.0 1043.01196289063
124.1 493.877563476563
124.9 131.292083740234
125.1 172.758422851563
125.9 113.994323730469
126.1 157.922027587891
126.1 149.806594848633
127.0 282.546630859375
127.0 1033.29321289063
128.0 4078.17602539063
129.0 500.179443359375
129.1 1859.3408203125
130.0 393.297058105469
130.1 70.6083374023438
131.0 98.7857666015625
131.0 2273.06860351563
132.0 387.231597900391
132.1 234.996398925781
133.0 1233.25512695313
133.9 21.1305961608887
134.1 2590.16381835938
135.1 2634.67651367188
135.9 68.3327026367188
136.0 1432.17687988281
137.0 4594.302734375
138.0 549.193359375
138.9 307.392639160156
139.0 125.67724609375
140.0 225.151107788086
140.1 64.4352722167969
140.3 24.5304431915283
140.9 80.0630874633789
141.0 1926.38403320313
142.0 986.095642089844
142.3 36.7790870666504
143.0 1288.1708984375
144.0 1075.70935058594
144.1 67.4666442871094
144.7 27.5956192016602
145.0 2046.22631835938
145.9 302.337738037109
146.0 379.286743164063
146.1 125.628364562988
146.3 17.4391632080078
147.0 2644.84155273438
147.7 15.3101034164429
147.9 92.9127883911133
148.0 471.8330078125
148.1 205.976364135742
148.9 45.0476989746094
149.0 990.460815429688
149.1 542.441589355469
149.9 96.2065658569336
150.0 618.817199707031
150.1 134.725341796875
150.2 37.5202751159668
151.0 803.251342773438
151.9 2.71335601806641
152.0 1840.70703125
152.9 57.5755424499512
153.0 1039.271484375
153.1 483.955749511719
154.1 764.856384277344
155.0 1760.88818359375
155.9 213.77978515625
156.0 298.542724609375
156.2 38.6230964660645
156.7 53.4018669128418
156.9 411.895751953125
157.0 845.408935546875
158.0 379.724243164063
158.1 632.721130371094
159.0 2359.10546875
160.0 1191.13159179688
161.1 2518.53002929688
161.8 91.3523483276367
162.0 645.252990722656
163.0 1521.63732910156
163.0 679.065368652344
164.0 106.312660217285
164.1 313.585266113281
165.0 1173.80432128906
165.1 1650.05578613281
165.8 23.759407043457
166.0 498.689971923828
166.2 81.0615615844727
167.0 1235.61608886719
168.0 519.402160644531
168.2 31.026611328125
169.0 909.75341796875
169.1 314.585021972656
169.7 17.0188865661621
169.9 136.577941894531
170.1 465.138061523438
171.0 1681.64501953125
172.0 573.3046875
173.0 765.884765625
173.1 2151.91333007813
173.9 200.637802124023
174.1 8569.013671875
174.9 63.2496528625488
175.1 3617.55737304688
176.0 303.651611328125
176.1 714.088684082031
176.2 36.709041595459
176.7 16.9367141723633
177.0 343.943450927734
177.1 433.101623535156
177.7 16.3558197021484
178.0 1054.58374023438
178.1 60.8681030273438
178.8 17.8035430908203
179.0 192.883071899414
179.1 421.273223876953
179.1 136.619018554688
179.5 9.80290412902832
179.9 31.9191513061523
180.1 322.244995117188
180.2 19.0094947814941
180.9 161.310424804688
181.0 22.7628784179688
181.1 1468.88037109375
181.9 246.328872680664
182.0 418.896362304688
182.9 59.1915550231934
183.0 1758.23010253906
184.0 703.982849121094
184.1 72.3207244873047
185.0 1288.70520019531
185.9 211.186386108398
186.0 848.8115234375
187.0 371.795928955078
187.0 3356.69506835938
187.9 103.24462890625
188.1 2140.2548828125
189.0 164.607360839844
189.1 3915.37036132813
189.9 31.6696319580078
190.0 72.3792037963867
190.1 1873.66650390625
190.2 17.0655727386475
191.0 204.671630859375
191.1 450.265472412109
191.8 64.0293960571289
192.0 381.852325439453
193.1 10637.5400390625
194.0 37.6589813232422
194.1 1807.5634765625
195.0 485.304809570313
195.1 843.201049804688
196.1 320.762847900391
196.9 186.92138671875
197.0 850.172607421875
198.0 738.652893066406
198.1 34.9169311523438
199.0 1849.86511230469
200.0 602.67236328125
200.1 471.013610839844
201.0 6130.04833984375
201.7 11.0531988143921
202.0 1500.4814453125
202.1 332.796722412109
202.7 12.2029829025269
203.0 826.678771972656
203.1 589.149291992188
203.8 23.7399272918701
203.9 75.0434722900391
204.1 300.513427734375
205.0 518.732604980469
205.1 45.1943588256836
205.9 11.9884462356567
206.0 260.494079589844
206.2 72.4203872680664
207.0 1087.39770507813
207.9 70.8321380615234
208.0 9.60708618164063
208.1 206.960479736328
208.7 8.63235855102539
208.9 28.9062042236328
209.0 433.503997802734
209.3 22.0279941558838
209.8 11.0718097686768
209.9 75.738655090332
210.1 166.958297729492
211.8 53.2024078369141
212.1 300.023529052734
213.1 1621.12133789063
213.9 101.789222717285
214.1 1459.43713378906
215.0 2452.7763671875
216.0 435.6064453125
217.0 3285.43579101563
218.0 522.182739257813
218.1 156.49919128418
219.0 460.17919921875
220.0 752.679565429688
220.0 144.341445922852
220.9 218.681274414063
221.0 660.3896484375
221.6 10.1487245559692
221.9 22.7178192138672
222.0 117.653602600098
222.2 13.7717266082764
222.8 38.8780822753906
222.9 373.533294677734
223.9 76.2764053344727
224.0 79.3649291992188
224.2 28.4884872436523
224.9 197.004623413086
225.1 240.586822509766
226.0 137.269409179688
226.2 267.109649658203
226.3 70.7905654907227
226.4 29.8776302337646
227.0 239.679870605469
227.1 583.205200195313
227.2 87.3104858398438
227.7 14.0580425262451
227.9 63.247444152832
228.1 323.224029541016
228.2 175.260559082031
229.1 2207.22143554688
229.8 65.9780883789063
230.1 536.730895996094
231.1 53836.7109375
232.0 271.625427246094
232.1 8394.841796875
233.0 2911.52734375
233.9 642.962829589844
234.0 60.5501708984375
234.9 173.243850708008
235.0 126.374755859375
236.0 96.2348175048828
236.2 18.8641700744629
237.0 970.07861328125
239.0 289.927215576172
239.7 11.8917007446289
240.0 259.515655517578
240.3 14.7627286911011
240.9 14.6160583496094
241.0 569.186096191406
241.7 12.4292840957642
242.1 314.311370849609
242.2 24.1563606262207
242.9 28.6433486938477
243.1 1114.87683105469
243.2 1240.04846191406
244.1 602.127136230469
244.2 104.824546813965
245.1 3649.98193359375
245.8 15.0050048828125
246.1 2438.70361328125
246.2 3431.82592773438
246.9 11.1062822341919
247.0 383.991455078125
247.1 556.910522460938
247.9 78.1677780151367
248.1 9.9796142578125
248.2 41.2962951660156
248.3 23.4328670501709
248.9 146.440032958984
249.0 95.1915054321289
249.2 37.844783782959
250.0 70.4376449584961
250.9 62.8123664855957
251.0 97.9760894775391
251.2 57.5872230529785
251.8 17.3814144134521
252.0 19.7366390228271
252.2 21.4179363250732
252.7 25.1177558898926
252.8 49.810375213623
253.0 158.440383911133
253.2 274.923553466797
253.6 18.8024291992188
253.9 49.7577095031738
254.0 48.8569450378418
254.2 25.2582969665527
254.7 25.0209083557129
255.0 334.740783691406
255.2 137.510971069336
255.3 17.5689563751221
256.0 86.8158721923828
256.1 120.970191955566
256.3 17.3553218841553
257.1 534.267700195313
257.1 1970.42102050781
258.1 14770.916015625
259.1 6289.68603515625
260.1 832.8369140625
260.2 170.619430541992
260.7 19.6760063171387
260.8 61.2566223144531
260.9 62.9995384216309
261.3 34.1599464416504
262.0 33.0823287963867
262.4 8.32723903656006
262.7 11.9173107147217
262.9 96.6162719726563
264.0 52.167423248291
264.1 80.9240646362305
264.2 14.2127656936646
264.9 17.2478981018066
265.0 72.2118759155273
265.2 8.53658103942871
265.8 9.50292301177979
266.0 18.5121765136719
266.7 13.443826675415
266.8 38.383358001709
267.0 167.461715698242
267.4 11.4958543777466
267.7 14.2238416671753
267.9 58.9466857910156
268.0 39.6637191772461
269.0 375.099151611328
269.1 144.846588134766
269.9 8.52493286132813
270.1 126.936714172363
271.2 13176.5869140625
272.1 32.3133850097656
272.2 4542.43212890625
273.0 91.1201324462891
273.1 1241.009765625
274.1 215.109985351563
274.4 12.595157623291
275.0 395.524444580078
275.7 11.8796529769897
275.8 63.5161323547363
276.0 28.662540435791
276.6 14.545877456665
276.8 59.9173965454102
277.0 213.689788818359
277.8 32.4263229370117
278.1 15.9974555969238
278.5 35.5373916625977
278.8 115.962516784668
279.0 119.66813659668
279.8 25.7992248535156
280.0 44.8806610107422
280.7 15.3877096176147
280.9 96.8356323242188
281.0 159.928802490234
281.9 37.6211929321289
282.2 23.8486175537109
282.3 17.6459312438965
282.8 10.0325803756714
282.9 85.4934463500977
283.1 238.120483398438
283.8 10.4506778717041
283.9 13.1498432159424
284.0 32.3091583251953
284.2 20.3973484039307
284.9 129.709671020508
285.0 173.779235839844
285.1 327.67724609375
285.9 34.7487144470215
286.1 275.940063476563
286.2 30.8314876556396
286.7 11.447883605957
287.0 173.082138061523
287.2 23.9455432891846
287.8 16.9416961669922
288.1 18.7682723999023
289.0 1314.11254882813
290.0 327.870300292969
290.7 20.1798152923584
290.8 210.637802124023
291.1 102.706802368164
292.0 30.4261150360107
292.1 31.4795112609863
292.9 620.065673828125
294.0 330.695922851563
294.8 213.971862792969
295.1 45.0413246154785
295.8 26.3950939178467
296.0 84.6911849975586
296.1 224.874481201172
296.8 38.7467079162598
296.9 4.6353759765625
297.1 577.204895019531
297.6 9.74643611907959
297.7 22.1457443237305
298.0 183.503387451172
298.1 24.3289833068848
298.2 52.7397727966309
299.1 202.865921020508
299.2 3416.3603515625
300.0 76.4196929931641
300.1 659.419067382813
300.3 148.391403198242
300.7 18.6466655731201
300.9 100.854362487793
301.0 77.3281478881836
301.1 24.0902576446533
302.9 32.055419921875
303.1 57.8829803466797
304.1 9.32181739807129
304.9 20.0931224822998
305.8 10.300835609436
306.7 10.1725025177002
307.1 169.406326293945
307.2 32.3818626403809
308.1 10.1146306991577
308.7 8.27453899383545
309.1 20.2303218841553
309.2 21.533275604248
310.7 9.75745296478271
311.1 46.3731346130371
311.9 24.1712589263916
312.0 43.3301162719727
312.1 92.6587829589844
312.3 13.5188503265381
313.0 25.3133964538574
313.1 183.480407714844
313.2 200.794326782227
314.2 21872.96484375
315.2 4517.64599609375
315.3 837.896240234375
316.1 259.330993652344
316.2 414.718994140625
316.8 29.6798610687256
317.1 10.0401382446289
317.2 20.8231067657471
317.6 8.03273296356201
319.0 42.8217468261719
321.1 18.5355453491211
326.2 11.1364641189575
326.4 12.0935392379761
326.8 38.0803298950195
327.0 46.9406547546387
328.0 8.71935749053955
328.2 33.0143928527832
328.8 8.09946346282959
328.9 2.89165496826172
330.6 9.59198951721191
330.8 9.74581527709961
331.0 45.8167610168457
331.9 9.1023530960083
332.9 51.0731506347656
334.7 14.1042852401733
334.9 47.110034942627
335.0 21.7467975616455
343.2 8.44285106658936
347.0 8.87642765045166
347.1 8.98932456970215
348.8 45.8339195251465
349.1 136.689895629883
350.0 9.08428955078125
350.9 55.7386093139648
351.1 64.8972702026367
352.0 18.9902439117432
352.1 9.91826248168945
352.8 85.9710922241211
353.9 14.1927042007446
354.8 36.9860992431641
355.0 13.8569765090942
358.9 42.0297393798828
359.1 8.32272911071777
363.0 18.5762538909912
366.8 20.6519718170166
367.1 33.9020347595215
370.8 18.1258411407471
371.0 21.6853923797607
374.9 11.5297765731812
381.0 8.16022491455078
386.8 10.4457769393921
396.9 10.2603998184204
400.9 42.6559371948242
401.0 53.8259048461914
408.9 11.4700994491577
