#"+EI Scan (rt: 4.520-4.602 min, 15 scans) R9M1.D  Subtract "
#Point,X(Thompsons),Y(Counts)
40.2 56.2476577758789
41.1 2555.4228515625
42.0 201.631881713867
43.0 97.0679321289063
43.1 172.971420288086
43.9 166.272262573242
44.8 28.1545810699463
46.0 26.4099082946777
46.9 72.0110168457031
48.8 10.03542137146
49.0 23.4156608581543
49.9 131.618896484375
50.1 126.635032653809
50.9 47.6950912475586
51.0 307.898559570313
51.8 48.2800140380859
52.0 152.949203491211
52.2 23.1176567077637
53.1 246.57487487793
53.9 61.1251983642578
54.0 126.447784423828
54.2 10.9757652282715
55.0 767.656494140625
55.8 11.3107471466064
55.9 19.2427291870117
56.0 226.867706298828
56.2 27.8263416290283
57.0 923.530944824219
57.9 75.4866027832031
58.2 150.479629516602
58.3 22.1164627075195
59.0 290.57275390625
60.1 81.8383178710938
60.9 49.616455078125
61.1 57.970386505127
61.7 11.7845630645752
61.9 101.764671325684
62.1 164.866928100586
63.0 469.736053466797
63.1 34.745777130127
63.8 79.2638473510742
64.0 58.8219985961914
64.1 18.5038738250732
64.9 158.534942626953
65.1 29.0457611083984
65.2 12.49196434021
65.9 20.4097080230713
66.1 28.510856628418
66.8 27.1477832794189
67.0 100.435928344727
67.1 108.515289306641
67.9 25.9894409179688
69.0 53.6080932617188
69.9 24.8626136779785
70.1 60.0346717834473
70.3 14.4519338607788
71.2 24.2590160369873
72.1 33.0359153747559
72.3 18.2067127227783
73.1 331.455810546875
74.0 92.0644989013672
74.1 289.302551269531
75.0 780.725952148438
76.0 74.0034637451172
76.1 728.061401367188
76.3 25.8957004547119
77.0 2283.8359375
78.0 930.82666015625
79.0 129.294860839844
79.9 123.901695251465
80.1 18.3382911682129
80.2 25.6880874633789
81.0 297.5078125
81.9 131.381637573242
83.0 123.245895385742
83.2 95.2569885253906
84.1 26.7082595825195
84.2 11.0793924331665
84.4 10.6918048858643
84.8 45.4921951293945
84.9 338.408386230469
85.7 38.8713798522949
85.9 158.079284667969
86.1 15.8954029083252
86.9 250.064834594727
87.1 256.879058837891
87.8 30.114315032959
88.0 525.327270507813
88.1 41.38818359375
88.2 14.7662410736084
88.9 39.7439193725586
89.0 1713.74157714844
90.0 455.808502197266
90.8 29.7697257995605
90.9 285.030059814453
91.9 42.9277572631836
92.2 27.8024826049805
92.8 34.2932548522949
93.1 146.241806030273
93.3 65.499870300293
93.8 46.3703079223633
94.0 60.7835578918457
94.2 31.74391746521
94.6 97.4134902954102
94.8 52.3957328796387
94.9 82.2743377685547
95.2 20.0948543548584
95.8 109.410263061523
96.0 123.805046081543
96.1 12.1622486114502
97.0 251.61735534668
97.1 61.0437660217285
97.7 55.9567413330078
97.9 74.5393524169922
98.0 0.187057495117188
98.3 12.9799757003784
98.7 16.7491149902344
99.0 115.338302612305
99.0 133.612152099609
99.8 40.2382431030273
100.0 273.369812011719
100.2 36.359302520752
100.9 66.8196029663086
101.0 1965.03784179688
102.0 1549.66003417969
102.1 455.924926757813
103.0 162.243545532227
103.1 596.696350097656
103.7 15.7085103988647
104.1 44.3748626708984
104.9 28.5178508758545
105.0 89.858772277832
105.1 31.8374900817871
105.8 42.017391204834
105.9 37.4142837524414
106.1 79.2741928100586
106.3 93.1594390869141
106.4 58.1300163269043
106.7 127.22541809082
106.9 194.669692993164
107.3 24.3355083465576
107.6 25.2013626098633
107.9 40.9010429382324
108.2 41.0078201293945
109.0 559.755187988281
109.7 13.2288999557495
110.0 135.783004760742
110.6 25.1499061584473
110.9 102.438407897949
111.0 63.009838104248
111.2 36.6537475585938
111.7 13.8820753097534
111.8 69.8939743041992
112.0 29.552906036377
112.1 80.0379943847656
112.3 15.5623750686646
113.0 461.452941894531
113.2 152.630523681641
114.0 595.5927734375
114.1 230.220565795898
114.2 46.8521575927734
115.0 1210.72924804688
115.1 743.906066894531
115.9 62.0293922424316
116.0 1380.56359863281
116.1 1963.80200195313
117.1 802.872680664063
117.7 11.7069730758667
118.1 242.20133972168
118.8 21.3225059509277
118.9 26.9559020996094
119.2 80.4640350341797
119.4 11.0298490524292
119.6 26.529447555542
119.8 21.905445098877
120.1 23.4423503875732
120.3 36.6622657775879
120.4 113.234809875488
120.6 370.027404785156
120.8 135.795379638672
121.2 40.4687423706055
121.8 72.7950820922852
122.1 63.6459426879883
122.6 15.4708776473999
122.9 194.725570678711
124.0 38.4026298522949
124.9 33.1593322753906
125.1 239.267791748047
125.9 56.2610397338867
126.1 3360.37353515625
127.0 15276.5029296875
127.9 157.759490966797
128.0 3292.56787109375
128.1 1140.22875976563
129.0 1131.39685058594
129.0 928.975219726563
130.0 869.433166503906
130.1 947.661193847656
131.0 242.88232421875
131.2 29.6532707214355
131.8 39.1165199279785
132.0 16.7261657714844
132.2 24.5212745666504
132.7 28.9277420043945
133.1 199.959991455078
133.5 71.0550765991211
134.0 88.2534942626953
134.0 52.3573684692383
134.8 127.414520263672
134.9 159.029006958008
135.2 53.449520111084
135.6 43.1186752319336
135.9 291.651153564453
137.0 1662.419921875
138.9 757.730285644531
139.9 234.76416015625
140.1 145.758590698242
140.4 23.5003910064697
141.1 1110.67993164063
141.5 390.139190673828
141.7 466.74365234375
142.1 184.54899597168
142.6 56.682731628418
142.9 367.405090332031
143.1 494.655334472656
144.0 7375.1123046875
145.0 71.4620666503906
145.1 688.916870117188
145.8 13.6049947738647
145.9 152.926986694336
146.0 23.9139003753662
146.2 32.6980323791504
146.8 156.310546875
147.9 46.1781349182129
148.2 12.737811088562
148.8 63.4472160339355
148.9 52.8437805175781
149.5 17.7570323944092
149.8 10.8385667800903
150.0 114.347259521484
150.1 170.639923095703
151.1 437.687957763672
151.9 43.9561767578125
152.1 154.978164672852
152.2 17.2437038421631
152.7 37.6322059631348
152.9 266.743103027344
153.3 10.6111631393433
153.7 13.2784032821655
153.9 32.9605941772461
154.0 325.004364013672
154.2 40.2033424377441
155.0 6589.037109375
156.0 1079.65991210938
157.0 259.584411621094
157.9 127.157920837402
158.1 392.292205810547
158.2 15.8348932266235
159.0 989.9365234375
159.8 49.9458465576172
160.0 463.210083007813
160.8 130.409027099609
161.0 84.177001953125
161.1 37.4283218383789
161.7 21.9814777374268
161.9 25.3317050933838
162.0 93.8474349975586
162.3 18.7620220184326
163.0 481.348510742188
163.2 162.909896850586
163.5 42.2606925964355
163.7 37.8847312927246
163.8 79.9195022583008
164.0 173.058258056641
164.1 80.2705154418945
164.7 17.9798812866211
164.8 107.482620239258
165.0 231.419952392578
165.8 40.379035949707
166.0 42.6704559326172
167.0 2443.61157226563
167.8 48.805835723877
167.9 353.278625488281
168.1 106.852249145508
168.8 43.9902992248535
168.9 86.5376052856445
169.0 106.276756286621
169.8 60.541374206543
169.9 91.6473159790039
170.0 348.241424560547
170.8 75.4373931884766
171.1 18.8919925689697
171.8 25.0273609161377
172.0 256.518737792969
172.1 170.918594360352
172.8 53.5220985412598
173.0 149.3408203125
174.0 80.3345565795898
174.2 17.8867874145508
174.9 59.6772918701172
175.0 52.3179550170898
175.9 72.3433609008789
176.1 73.3801651000977
176.2 10.1247911453247
177.1 119.214385986328
177.2 19.9752254486084
178.0 14.2413320541382
178.1 91.7564392089844
179.1 15.111626625061
179.7 10.2124109268188
179.9 10.8448266983032
180.1 29.3977222442627
180.9 152.976104736328
181.9 160.196487426758
182.1 34.8961029052734
182.8 68.2952575683594
183.1 34.3728294372559
184.0 140.328018188477
184.1 70.5777435302734
184.4 14.5502290725708
184.9 95.7230834960938
185.1 23.0939350128174
185.7 23.7543640136719
185.9 145.147018432617
186.1 70.471809387207
186.7 23.5334796905518
186.8 43.7837677001953
186.9 361.495300292969
187.8 18.3524036407471
188.1 143.730270385742
189.0 387.68408203125
189.1 147.765396118164
189.9 49.5953598022461
190.0 42.4326934814453
191.0 171.049865722656
191.1 72.7175979614258
191.8 27.3257656097412
192.0 59.2001190185547
192.1 23.9189033508301
192.2 10.2499017715454
192.8 159.642074584961
193.1 65.3699951171875
193.8 24.4314498901367
194.0 96.6574554443359
194.9 304.446502685547
195.1 60.4967918395996
195.7 43.8984146118164
195.9 168.674331665039
196.1 17.5893211364746
196.2 23.7054615020752
196.8 182.546295166016
197.9 167.993469238281
198.0 57.666862487793
198.3 11.3650722503662
198.8 0.9471435546875
199.0 349.764770507813
199.1 174.259353637695
200.1 11523.7685546875
201.0 44.7119750976563
201.1 1767.31774902344
202.0 224.374771118164
202.1 146.645797729492
202.9 252.757888793945
203.1 45.0669898986816
203.7 21.663875579834
204.1 30.5708904266357
204.8 71.9685974121094
205.0 93.8680114746094
205.9 10.0193605422974
206.0 29.5049743652344
207.0 1048.90161132813
208.0 97.9449081420898
208.2 44.639518737793
209.1 92.5875549316406
210.0 27.6902351379395
210.0 30.5762634277344
210.2 56.8885116577148
211.0 528.86865234375
211.9 114.303756713867
212.0 2322.48413085938
212.9 125.480751037598
213.0 1449.9951171875
213.9 36.015941619873
214.1 772.145874023438
215.0 2051.8349609375
215.8 79.333984375
216.0 190.765258789063
217.0 1403.78186035156
217.8 2.16304016113281
217.9 113.812171936035
219.9 173.920608520508
220.1 31.0891094207764
220.7 55.3888473510742
221.0 273.956146240234
221.9 58.769645690918
222.7 36.0594673156738
223.0 208.869583129883
224.0 252.312240600586
224.1 15.5191164016724
224.7 21.8905696868896
224.9 72.9120330810547
225.1 243.869079589844
226.0 267.874389648438
226.1 442.141174316406
226.2 15.6204175949097
226.9 252.89436340332
227.0 102.346450805664
227.1 45.8690605163574
227.9 135.811325073242
228.0 76.9056396484375
228.2 117.725448608398
228.9 82.4157409667969
229.1 27.9393005371094
229.8 10.3371057510376
229.9 44.5731964111328
230.1 148.960510253906
230.7 14.8201322555542
230.8 27.856481552124
231.0 64.8551330566406
232.0 46.5058784484863
232.1 64.5877914428711
233.0 51.33349609375
233.9 495.479553222656
234.9 112.583679199219
236.0 98.3370361328125
236.1 12.3421840667725
237.0 824.27001953125
237.9 464.940979003906
238.0 369.306945800781
238.9 339.683074951172
239.0 151.371459960938
240.0 754.717712402344
240.1 833.848510742188
241.1 3842.22973632813
241.9 52.3723411560059
242.1 1625.55834960938
242.3 17.4501323699951
242.9 220.025390625
243.1 374.795135498047
243.2 17.6054267883301
244.0 63.4576835632324
244.7 12.6154689788818
245.0 53.0262222290039
247.0 22.2283935546875
247.9 11.1223173141479
248.9 47.7396621704102
249.0 63.1170806884766
251.0 182.086990356445
251.1 104.702308654785
251.8 38.7701568603516
252.0 219.54753112793
252.2 14.3708543777466
252.9 24.7204132080078
253.0 764.938720703125
254.0 65.3645172119141
254.1 2236.30834960938
254.2 241.155044555664
255.0 124.247924804688
255.1 1170.37060546875
255.9 87.4382400512695
256.1 1320.77270507813
257.0 342.972137451172
257.1 118.105880737305
257.9 22.5413036346436
258.0 39.6942520141602
258.2 14.7138404846191
258.8 25.1925487518311
259.0 20.7530136108398
260.0 15.7924537658691
260.7 11.1299324035645
260.8 24.2857837677002
260.9 13.2627067565918
262.0 26.8175868988037
262.8 12.2608613967896
262.9 14.1866760253906
263.0 10.7034244537354
263.8 49.9317169189453
264.6 11.6803703308105
264.8 46.2792701721191
264.9 41.2990875244141
265.0 80.6407318115234
265.1 40.7242164611816
266.0 378.254913330078
266.1 283.699127197266
266.8 22.187858581543
267.0 511.399047851563
267.2 423.520294189453
268.0 192.963409423828
268.1 662.758239746094
268.8 16.6324653625488
269.0 100.653427124023
269.1 1387.03515625
270.1 5281.4765625
270.8 96.88427734375
271.0 345.093292236328
271.1 703.170288085938
271.7 13.8573513031006
271.9 138.719207763672
272.0 121.89225769043
272.1 48.4983062744141
272.8 34.7080841064453
273.0 189.019439697266
273.7 11.3485202789307
274.0 63.8486480712891
274.1 13.9620876312256
274.9 288.493499755859
275.8 24.4275913238525
276.0 60.36279296875
276.9 150.150573730469
277.0 18.8156890869141
277.8 24.932092666626
277.9 48.0282211303711
278.1 47.9614410400391
278.7 37.3718757629395
278.9 34.8222312927246
279.1 33.1299514770508
279.8 64.7449264526367
280.0 127.001739501953
280.2 169.094421386719
280.9 110.922813415527
281.1 35.0641288757324
281.9 54.3642158508301
282.0 245.174392700195
282.1 204.143249511719
282.8 41.8415603637695
283.0 535.424987792969
283.2 32.5761642456055
284.1 8389.857421875
285.0 112.591949462891
285.1 2026.98400878906
285.7 13.9704427719116
285.9 122.794723510742
286.1 127.345458984375
286.2 21.7951564788818
286.9 66.5093002319336
287.0 169.518356323242
287.8 11.1854009628296
288.2 29.1087474822998
288.9 77.6484222412109
289.0 1022.5400390625
289.7 18.1431617736816
289.8 77.3527755737305
289.9 85.1045150756836
290.1 34.4391403198242
290.9 131.90251159668
291.1 43.820629119873
291.8 12.2521867752075
291.9 32.7182159423828
292.1 23.0239009857178
293.0 387.232543945313
293.8 66.4954986572266
294.1 234.407928466797
294.9 197.059265136719
295.9 35.8113861083984
296.0 29.056468963623
296.1 32.4888801574707
296.9 115.177383422852
297.0 97.4834671020508
297.8 48.5056648254395
297.9 11.1777305603027
298.0 227.866439819336
298.2 167.843948364258
298.9 34.2126998901367
299.1 197.07795715332
299.2 27.3959445953369
300.0 82.729362487793
300.9 27.1630420684814
301.0 11.1105298995972
302.0 11.0002775192261
302.9 22.500244140625
303.0 41.3548622131348
306.9 48.9528617858887
308.0 210.390869140625
308.1 281.929748535156
308.3 57.319766998291
309.0 33.7285385131836
309.1 212.737213134766
310.0 119.129936218262
310.1 6746.34814453125
310.9 70.9974670410156
311.1 1696.39514160156
311.2 302.532623291016
312.0 189.90185546875
312.1 110.166175842285
312.3 26.8561115264893
312.8 35.3829345703125
313.2 42.8449440002441
313.4 17.6550350189209
314.7 12.5919637680054
316.9 17.15478515625
317.2 28.5548458099365
319.1 13.2459621429443
323.1 12.9005317687988
323.2 17.8857116699219
323.9 48.8874473571777
324.1 85.9814910888672
324.2 61.1164131164551
324.8 21.2448310852051
325.0 83.8484573364258
325.2 80.775520324707
326.1 7543.662109375
327.1 15322.3271484375
328.1 2491.55786132813
328.2 1275.44384765625
329.0 115.128318786621
329.1 340.374328613281
329.2 24.5208759307861
330.1 12.9948949813843
331.2 15.6211795806885
332.9 12.9792947769165
334.8 19.5668087005615
341.0 66.2170028686523
341.2 78.3456115722656
341.3 24.5409297943115
342.0 10.6840114593506
342.1 21.4668617248535
344.8 17.8505439758301
348.8 19.089599609375
351.0 22.3150253295898
353.0 87.8190765380859
354.9 28.9977855682373
366.9 42.1707878112793
367.1 13.8512830734253
400.9 41.7469902038574
427.1 10.8442354202271
