#"+EI Scan (rt: 5.127-5.208 min, 15 scans) R6M1.D  Subtract "
#Point,X(Thompsons),Y(Counts)
40.0900 3369.67651367188
41.0802 61504.546875
42.0698 7863.49267578125
43.0896 16042.771484375
44.0322 4625.24560546875
45.0183 719.77685546875
46.0000 460.894927978516
46.1300 157.058898925781
47.0464 8763.6982421875
47.8400 18.8810176849365
47.9500 32.0989036560059
48.0300 102.190338134766
48.1200 89.4354095458984
49.0100 130.341934204102
49.9900 839.558288574219
50.0749 404.773315429688
51.0424 4634.7236328125
51.9600 117.234687805176
52.0600 2409.58935546875
53.0691 12332.3876953125
54.0500 6090.51904296875
55.0695 24245.861328125
56.0700 7634.2353515625
57.0649 6307.5458984375
58.0727 6878.96533203125
59.0400 6666.427734375
59.9700 231.618621826172
60.0600 524.037902832031
61.0123 1399.70642089844
61.0800 1287.10620117188
61.9464 781.566589355469
62.0300 1420.03869628906
63.0300 4533.58837890625
63.9984 2115.5751953125
65.0400 11449.5791015625
65.9700 175.088088989258
66.0500 8427.54296875
67.0600 35508.99609375
68.0800 6140.45068359375
69.0697 36512.609375
70.0689 4609.208984375
70.9800 390.482696533203
71.0879 169.834899902344
71.9300 186.152267456055
72.0600 222.636688232422
73.0468 3362.150390625
74.0300 1037.82971191406
74.1700 69.9025573730469
75.0181 3789.03271484375
76.0388 9198.525390625
77.0348 61409.546875
78.0434 16494.91796875
79.0600 62392.859375
80.0694 13610.1640625
81.0588 19518.400390625
82.0500 5892.33154296875
83.0351 1671.81909179688
84.0200 400.118530273438
84.1300 196.683181762695
84.9730 460.82763671875
85.1400 213.688537597656
85.8700 46.0085258483887
85.9800 266.723083496094
86.0800 214.639450073242
86.2500 19.2395114898682
86.6100 14.9584035873413
86.9721 536.04296875
87.0600 1442.32421875
88.0397 20278.130859375
89.0384 24527.033203125
90.0296 52836.19140625
91.0601 69045.078125
92.0700 55811.68359375
93.0700 95882.1015625
94.0600 54062.62109375
95.0592 8845.765625
95.9500 61.1771011352539
96.0481 2877.26489257813
97.0100 773.362182617188
97.1500 84.0806655883789
97.8600 143.714309692383
98.0900 204.626525878906
98.2300 21.0716304779053
98.7200 48.2242660522461
98.9700 134.503005981445
99.1100 62.8133964538574
99.3600 23.995979309082
99.8800 67.6177673339844
100.0600 279.592559814453
100.8900 265.341125488281
101.0600 2106.7744140625
102.0400 23523.033203125
103.0400 58581.796875
104.0500 26863.755859375
105.0598 19759.044921875
106.0700 12991.2919921875
107.0602 22470.099609375
108.0700 23228.056640625
109.0521 13693.845703125
109.9500 107.632278442383
110.0700 2138.81323242188
110.5800 74.3322601318359
110.6900 12.842752456665
110.8000 42.1516342163086
110.9772 373.300170898438
111.0900 72.362434387207
111.2000 155.423965454102
111.4800 94.6658172607422
111.6200 161.557723999023
111.7800 35.5924339294434
111.9100 51.7339553833008
112.0800 23.1495323181152
112.3400 45.4587898254395
112.9200 147.665664672852
113.3000 27.4264450073242
113.8700 209.715866088867
113.9839 289.279296875
114.1100 286.900268554688
115.0000 1995.72192382813
115.0545 2850.97875976563
115.9710 713.424926757813
116.0400 6831.177734375
117.0285 33653.95703125
118.0400 11510.734375
119.0607 13614.6015625
120.0400 8469.4013671875
121.0400 4554.88037109375
122.0300 1945.48095703125
122.1200 132.498001098633
123.0110 1254.09716796875
123.8000 43.7520065307617
124.1400 23.1061897277832
124.2900 52.7342987060547
124.6800 276.072143554688
124.8620 234.2490234375
125.0700 1148.08911132813
125.1900 1148.77954101563
125.3400 681.096496582031
125.4600 1211.06420898438
125.5900 1864.75061035156
125.7500 182.973220825195
126.1100 36.3113441467285
126.2400 11.0120553970337
126.8800 74.4128494262695
127.0217 1814.35375976563
128.0500 5239.11083984375
129.0303 31607.626953125
130.0500 24212.876953125
131.0498 125513.609375
132.0500 20506.791015625
133.0695 10735.255859375
134.1000 10965.19921875
135.1000 79188
136.1100 22177.228515625
137.0235 15408.326171875
137.9958 1505.12719726563
138.9917 785.8955078125
139.7800 59.3574562072754
139.9000 258.345153808594
140.0236 343.288177490234
140.3000 58.4384841918945
141.0100 1588.16320800781
141.9434 344.508605957031
142.0400 2522.92114257813
143.0493 8846.9912109375
144.0500 19855.474609375
145.0300 351984.71875
146.0300 36142.5390625
147.0285 3486.86010742188
148.0900 2766.3271484375
149.1088 7800.3515625
150.1299 187249.921875
151.1300 23194.490234375
152.0421 712.560180664063
152.1100 1237.14782714844
153.0100 362.686462402344
153.1300 311.532653808594
153.3300 500.360870361328
153.8262 974.963134765625
154.0297 636.018676757813
155.0250 4641.4111328125
156.0500 9406.291015625
157.0500 10528.9951171875
158.0498 11090.390625
158.9937 7791.7470703125
159.9900 2139.58349609375
160.0600 907.540649414063
161.0339 5155.75830078125
161.9500 428.642547607422
162.0700 813.166442871094
162.2000 26.0875110626221
162.8000 66.6819610595703
162.9346 180.1787109375
163.0000 444.996734619141
163.8400 43.6288414001465
163.9316 112.097816467285
164.0700 329.553558349609
165.0000 1240.34362792969
165.1400 20.0533695220947
165.9100 104.142478942871
165.9882 200.927978515625
166.0800 119.735153198242
166.4700 14.8003959655762
166.9771 1799.5673828125
168.0300 1686.92224121094
168.1200 299.063751220703
169.0500 3307.79443359375
170.0100 779.411682128906
170.0800 1799.15930175781
171.0600 14354.4892578125
171.9400 95.459716796875
172.0500 3512.54248046875
172.9400 33.3177947998047
173.0900 2620.72900390625
174.0600 40178.80078125
175.0000 1760.75659179688
175.0600 11034.4267578125
175.9600 225.081497192383
176.0400 2349.9208984375
177.0400 31228.228515625
178.0400 3729.8662109375
178.9600 558.028198242188
179.0675 215.043182373047
179.8100 35.2566452026367
179.9635 364.980133056641
180.0700 443.583587646484
180.9700 1444.77844238281
181.0900 315.921875
182.0000 488.834625244141
182.0800 919.799621582031
182.9900 811.472534179688
183.0600 1744.50061035156
184.0500 2196.97778320313
185.0360 3454.6435546875
185.0800 7684.4736328125
186.0200 491.624603271484
186.0800 4938.62353515625
187.0700 3021.33935546875
187.8800 78.1047439575195
188.0600 812.681213378906
188.1700 18.5962944030762
188.9760 297.31201171875
189.1000 16.0091171264648
189.8700 18.4148006439209
189.9800 288.339080810547
190.0800 323.779693603516
191.0090 1023.29229736328
191.1100 349.383392333984
191.9800 585.098876953125
192.1000 299.312591552734
192.9664 660.474853515625
193.8900 81.3372116088867
194.0200 674.683288574219
194.9900 1998.99743652344
196.0232 923.672302246094
196.1600 43.0761299133301
196.9910 1266.25280761719
197.6700 24.7881813049316
197.8900 42.8988037109375
197.9977 866.998168945313
198.1200 210.542465209961
199.0400 5169.0517578125
199.9900 343.582946777344
200.0700 2264.39526367188
200.9564 714.016845703125
201.0500 252.586318969727
201.9282 303.147155761719
202.0400 425.968353271484
202.6100 37.0558319091797
203.0300 1812.31713867188
203.1100 420.268432617188
203.9900 425.994781494141
204.0700 454.26025390625
205.0900 3889.72436523438
205.9000 39.4282455444336
206.0600 1057.21911621094
206.1400 662.161315917969
207.1100 16319.435546875
208.0289 562.383911132813
208.1200 2444.61328125
208.8600 41.2070274353027
209.0161 788.765991210938
209.1000 756.738891601563
209.8700 34.0619163513184
210.0590 1580.10925292969
211.0045 2971.9921875
212.0474 3235.03393554688
213.0900 38670.09765625
214.0885 7248.63134765625
215.0000 6926.015625
215.9400 724.975769042969
216.0160 949.591796875
216.9900 2801.38696289063
218.0200 764.997314453125
218.1200 166.773345947266
219.0287 4503.18017578125
220.1400 46735.609375
221.1200 8390.775390625
222.0700 1418.40270996094
222.1500 1044.04968261719
222.9100 527.897766113281
223.0048 618.231689453125
224.0900 789.528869628906
224.9200 350.870300292969
225.0500 355.473663330078
225.3500 10.9594459533691
225.9624 51.0890350341797
226.1000 693.892150878906
226.9233 135.951461791992
227.0300 446.0859375
227.1900 16.5245990753174
227.7700 11.1886739730835
227.8600 120.090591430664
228.0262 585.63037109375
228.1400 441.105621337891
228.9917 662.617431640625
229.0700 435.479431152344
229.8000 29.5170383453369
229.9783 584.804626464844
230.1600 354.991088867188
231.0900 4729.56787109375
232.0993 5989.7158203125
233.1083 413259.0625
234.1100 64235.83203125
235.0792 5603.0810546875
236.0200 759.245544433594
236.0900 1125.29455566406
236.9939 3900.86181640625
238.0400 3875.34375
238.1200 1535.08837890625
238.8200 61.1309700012207
238.9898 28.6663818359375
239.0500 1233.11499023438
239.9387 213.779693603516
240.1300 131.047515869141
240.8472 32.12744140625
241.0206 410.878845214844
241.6000 21.2282791137695
241.8800 130.673156738281
241.9942 41.9493713378906
242.1700 24.8879318237305
242.8100 63.0024223327637
242.9700 254.511947631836
243.1300 39.1852493286133
243.8600 36.2062759399414
244.0200 84.0117340087891
244.1600 47.9664154052734
244.8000 24.3945827484131
244.9700 170.029830932617
245.0500 447.362121582031
245.1700 303.611968994141
246.0600 442.251739501953
246.1500 663.8115234375
247.0100 113.04955291748
247.1100 1416.16137695313
248.0100 460.425598144531
248.1300 2249.71411132813
249.1100 5292.779296875
250.1200 5604.42333984375
251.1000 1876.63647460938
251.1600 1834.26220703125
251.8800 22.1227321624756
252.0800 1131.56677246094
252.1600 1107.12573242188
252.9823 290.285552978516
253.0800 399.523559570313
253.8000 55.321662902832
253.9700 127.25732421875
254.1000 137.880126953125
254.7300 37.2106475830078
254.9195 3.96527099609375
255.0500 94.0201416015625
255.9600 87.7318954467773
256.1100 79.4026184082031
256.2700 17.4693241119385
256.4200 17.9491081237793
256.9800 57.519458770752
257.1000 1321.28381347656
257.2400 116.007339477539
258.0400 483.339508056641
258.1600 640.921630859375
259.0500 1079.02966308594
259.1300 634.373657226563
259.6700 19.626766204834
259.9500 25.476432800293
260.0400 330.344085693359
260.1600 1340.10754394531
261.1400 3180.11010742188
261.8700 10.8767910003662
262.1000 819.919372558594
262.1900 355.011413574219
263.0000 51.0376243591309
263.1300 3202.48315429688
264.0400 213.497299194336
264.1300 1116.46533203125
265.1600 9067.6142578125
266.1400 3222.68627929688
266.8900 81.4468688964844
267.1400 705.619689941406
267.2500 12.2907314300537
267.9400 83.5222015380859
268.0400 221.066207885742
268.2200 61.9271583557129
268.4000 27.7090969085693
268.6000 13.3941650390625
268.7900 29.0522193908691
268.9017 153.141998291016
269.0300 161.35285949707
269.8200 11.9452743530273
270.0800 1017.1435546875
270.3100 17.0044460296631
270.9374 190.909027099609
271.0800 1100.19299316406
271.8900 50.8306999206543
272.0500 538.139526367188
272.1300 582.419250488281
273.0088 589.942993164063
273.1900 232.635833740234
273.8868 18.7003631591797
274.0300 293.271179199219
274.1400 220.121017456055
274.6600 64.9761581420898
274.9734 161.928863525391
275.1300 102.656112670898
276.0100 315.448699951172
276.1400 227.602890014648
277.1000 2185.22143554688
278.0100 61.2651290893555
278.1100 2081.14624023438
279.0100 43.4203414916992
279.1200 1428.09326171875
280.1500 2536.66577148438
280.2000 1449.74084472656
281.0839 1197.84655761719
281.2000 524.276428222656
281.8100 16.2927303314209
282.1300 419.2333984375
282.9700 47.7991790771484
283.0700 735.601440429688
283.1900 544.496826171875
284.0900 750.790649414063
284.2100 414.145172119141
285.0700 976.382629394531
285.2000 154.814529418945
285.9800 203.612335205078
286.0834 429.473999023438
286.1500 211.33854675293
287.0800 770.207641601563
287.1500 945.656799316406
288.1500 7840.53564453125
289.1239 11012.0595703125
290.1300 6095.10205078125
291.0873 1664.16394042969
292.0400 318.509399414063
292.1700 423.346618652344
292.9917 1602.85229492188
294.1600 193477.078125
295.1600 42052.578125
296.1600 5515.123046875
297.1148 4614.5322265625
298.1700 82440.890625
299.1700 19759.080078125
300.1600 1733.09875488281
300.2200 1210.71618652344
301.0800 279.000762939453
301.1800 308.819213867188
301.9600 80.7772521972656
302.1400 20.7597064971924
302.3200 15.0704460144043
302.7900 79.3230361938477
303.0300 98.72265625
303.1700 323.115631103516
303.9700 160.361740112305
304.1068 16.3682556152344
305.0000 35.9884757995605
305.1235 217.778228759766
305.3500 20.4499683380127
305.8400 26.979642868042
306.0200 101.118186950684
306.1200 844.939392089844
306.2500 27.3240013122559
307.1200 782.261169433594
307.3000 34.5968818664551
308.1600 13691.814453125
309.1500 5266.8935546875
309.9900 81.6520690917969
310.1000 934.962707519531
310.2500 251.489273071289
310.9100 60.4480171203613
311.0700 501.879333496094
311.1900 194.468154907227
312.0500 184.945617675781
312.1700 2779.09936523438
313.0300 64.0248565673828
313.1300 900.049377441406
313.2200 510.629211425781
314.1400 6291.12744140625
314.2500 169.530944824219
315.0700 615.3232421875
315.1800 1461.87451171875
315.2800 279.838958740234
316.0700 122.170997619629
316.2000 323.491180419922
316.3900 34.5828628540039
316.7100 18.5455265045166
316.9700 50.192211151123
317.0800 10.7406320571899
317.2200 116.375968933105
318.0500 95.0847854614258
318.1600 341.139526367188
318.2600 22.7622909545898
318.9300 29.745397567749
319.1035 215.25634765625
319.2100 189.718353271484
319.3300 29.1961116790771
319.6900 12.2366094589233
319.8400 28.8515739440918
319.9700 43.1709785461426
320.1200 374.464050292969
320.3200 13.0129137039185
321.1900 140.6787109375
321.7800 19.048189163208
322.0200 46.9212226867676
322.1500 439.301544189453
322.2400 153.485748291016
323.0500 414.698760986328
323.1600 266.1591796875
323.8100 40.2518997192383
323.9600 33.5465126037598
324.1100 379.342071533203
324.2600 56.5199317932129
324.9900 182.237121582031
325.1000 501.233581542969
325.1900 440.045227050781
326.1700 66141.296875
327.1600 15916.39453125
328.1400 2089.12451171875
328.2000 1074.66723632813
328.9800 119.811164855957
329.0700 70.0237350463867
329.1400 279.837219238281
329.9800 26.324369430542
330.8000 27.1685905456543
331.0100 52.2519302368164
331.7400 12.454761505127
331.8700 12.9878339767456
332.5900 40.0624885559082
332.7800 24.8766975402832
332.8400 58.7605476379395
332.9800 23.8815231323242
333.1100 13.6124095916748
333.7800 14.0856533050537
334.0600 156.395706176758
334.2400 120.363021850586
334.4100 25.5442447662354
335.0000 52.1336135864258
335.1700 807.145812988281
335.2900 175.170440673828
336.0500 224.674346923828
336.2300 413.481658935547
336.9900 54.9270820617676
337.1400 727.760314941406
337.2200 1857.79248046875
338.2100 70917.1484375
339.2200 24481.724609375
340.1000 237.350433349609
340.2100 15000.830078125
341.1900 2009.05944824219
341.2500 1677.64404296875
342.1900 4774.30322265625
342.9800 41.0640296936035
343.0800 232.258987426758
343.2100 1154.26904296875
344.1100 125.707801818848
344.1800 115.794052124023
344.4500 17.4344596862793
344.9700 53.9266319274902
345.1600 86.0596771240234
346.0800 39.3040199279785
347.0300 21.0916042327881
347.2300 10.8435525894165
347.9900 123.367584228516
348.2100 107.620376586914
348.4800 13.3679828643799
348.8553 136.599334716797
349.0200 112.942337036133
349.1200 67.476448059082
349.8300 19.5620727539063
349.9700 181.383773803711
350.1200 85.3672180175781
350.2000 194.354354858398
350.5600 36.0537223815918
350.6700 21.1791496276855
350.9800 16.8042221069336
351.0900 127.339614868164
351.2400 65.4658813476563
351.4600 10.0088634490967
352.1400 81.3340301513672
352.5300 32.9575309753418
352.6900 27.0679798126221
352.9200 64.2583770751953
353.0600 77.1002655029297
353.2300 92.7524490356445
354.0600 125.19921875
354.2500 8717.2509765625
355.2600 201394.78125
356.2600 50877.76953125
357.2700 6275.72998046875
358.1800 410.037445068359
358.3200 73.1349792480469
358.9200 27.6858310699463
359.2100 12.48473072052
360.0400 10.1553611755371
360.9900 22.1062698364258
361.1000 56.0532302856445
361.8600 11.8251581192017
361.9900 39.387451171875
362.1000 23.587963104248
362.2100 499.287750244141
362.8700 37.221118927002
363.1300 437.930938720703
363.2300 709.157653808594
363.9800 33.2450294494629
364.1700 250.901718139648
364.2900 159.076599121094
364.9700 34.8496437072754
365.1200 277.895172119141
365.2800 88.3710861206055
366.1100 422.724426269531
366.2500 451.411712646484
366.7600 18.900411605835
367.0000 82.5049591064453
367.1300 239.605178833008
367.2800 192.99543762207
367.4500 77.5899353027344
368.1100 511.655822753906
368.2200 964.672912597656
368.3400 48.821720123291
369.0000 39.1974945068359
369.1300 231.063171386719
369.2600 178.089096069336
370.1700 14.6379299163818
370.8500 53.4940605163574
370.9800 18.5780010223389
371.1100 74.333984375
371.7800 11.9091243743896
371.9000 24.6838684082031
377.1300 13.0293130874634
380.2300 14.7128229141235
380.8500 13.5510654449463
381.0200 73.7443923950195
381.2200 161.14582824707
382.2300 6069.6875
383.2500 126661.9609375
384.2500 33872.03515625
385.1000 137.036895751953
385.2500 4430.54541015625
385.4100 77.5544738769531
386.0400 28.7103137969971
386.1700 168.819534301758
386.2700 240.974639892578
387.0700 21.4207649230957
397.0000 13.8855104446411
400.8600 22.7904262542725
401.0900 16.7991218566895
408.8200 10.2375087738037
410.0500 14.4174814224243
425.0000 12.0895099639893
429.9200 10.8696746826172
