#"+EI Scan (rt: 5.126-5.208 min, 15 scans) R9M1.D  Subtract "
#Point,X(Thompsons),Y(Counts)
40.1 3685.16040039063
41.1 65912.7890625
42.1 8395.6982421875
43.1 16952.587890625
44.0 5979.83544921875
45.0 188.614944458008
45.0 456.375457763672
45.8 16.2946605682373
46.0 380.729309082031
46.1 259.622222900391
47.0 9386.939453125
48.0 160.483856201172
48.1 98.5508270263672
48.2 13.1395969390869
48.9 60.654956817627
49.0 43.2820281982422
50.0 1202.45629882813
50.2 80.0555419921875
51.0 4558.81591796875
52.0 2407.64379882813
53.0 12620.263671875
54.1 6305.7724609375
55.1 26016.443359375
56.1 7828.77490234375
57.1 7216.3173828125
58.1 7313.0791015625
59.0 8957.80078125
60.0 686.096008300781
61.0 1024.36853027344
61.1 1945.66333007813
62.0 2445.359375
63.0 4377.4541015625
64.0 2252.26733398438
65.0 12005.2099609375
66.1 8913.73828125
67.1 37207.76953125
68.1 6334.34814453125
69.1 37612.1171875
70.1 3189.046875
70.1 1882.91687011719
71.0 422.273712158203
71.1 258.440124511719
71.9 192.108901977539
72.1 326.217926025391
73.0 2665.54565429688
74.0 951.961975097656
74.1 185.552734375
75.0 1686.23791503906
75.0 2398.1005859375
76.1 9722.794921875
77.0 63238.125
78.0 17556.76171875
79.1 62695.609375
80.1 14956.255859375
81.0 19925.28125
82.1 6049.947265625
83.0 1935.09838867188
84.0 256.039489746094
84.1 349.866241455078
84.9 251.347106933594
85.0 418.961120605469
85.8 70.5178604125977
86.0 300.800598144531
86.1 162.984848022461
87.0 1221.90478515625
87.0 1105.85559082031
88.0 20899.56640625
89.0 24610.5859375
90.0 52996.0625
91.1 71272.875
92.1 58424.12890625
93.1 98487.4921875
94.1 54404.7578125
95.1 9246.779296875
96.0 1968.81604003906
96.1 977.618469238281
97.0 569.671264648438
97.1 185.732345581055
98.0 244.85710144043
98.2 47.2718162536621
98.5 23.9875812530518
98.8 97.4579925537109
98.9 137.872985839844
99.1 95.0500183105469
99.7 25.1902961730957
99.9 268.489135742188
100.0 72.7745513916016
100.2 60.6995048522949
100.9 33.7336578369141
101.0 2230.14868164063
102.0 23930.15234375
103.0 60405.375
104.0 26735.10546875
105.0 19954.560546875
106.1 13581.375
107.1 21185.673828125
108.1 24198.98828125
109.1 15243.1357421875
110.0 1260.60278320313
110.1 1140.38452148438
110.7 58.2354469299316
110.8 348.487213134766
111.1 312.240966796875
111.2 37.2770729064941
111.6 237.67626953125
111.8 48.5001182556152
112.0 103.185401916504
112.3 10.3261747360229
112.7 37.4921646118164
112.9 126.405731201172
113.0 300.673065185547
113.2 67.852424621582
113.5 12.8519096374512
113.9 35.8244400024414
114.0 599.578979492188
114.2 137.432479858398
115.0 376.77001953125
115.0 4565.30322265625
116.0 93.5054702758789
116.1 7509.966796875
117.0 32234.76953125
118.0 11148.3447265625
119.1 13430.6875
120.1 8708.716796875
121.0 4588.67138671875
122.0 1199.48974609375
122.1 940.277038574219
123.0 1093.56506347656
123.8 42.3539962768555
124.3 112.340751647949
124.5 105.881690979004
124.9 477.437408447266
125.1 2250.70166015625
125.3 548.747863769531
125.4 447.283264160156
125.6 2927.18530273438
125.8 103.766288757324
126.2 73.1607208251953
126.6 49.4584693908691
126.9 152.540374755859
127.0 1648.79528808594
127.1 125.61279296875
128.0 4911.66552734375
128.2 116.642913818359
129.0 32660.580078125
130.1 23771.263671875
131.1 123581.5546875
132.1 20309.0234375
133.0 4693.68359375
133.1 6153.5
134.1 11479.7138671875
135.1 74629.8046875
136.1 20801.427734375
137.0 15192.068359375
138.0 809.722290039063
138.1 390.287170410156
139.0 1311.84814453125
139.8 100.928215026855
139.9 369.194885253906
140.0 217.560882568359
140.1 145.535980224609
140.9 119.883605957031
141.0 1201.63671875
142.0 1540.99084472656
142.1 1602.87731933594
143.1 8762.8740234375
144.1 19734.5546875
145.0 337567.5625
146.0 34763.28515625
147.0 3808.02124023438
148.1 2159.5380859375
148.2 625.087646484375
149.0 274.796203613281
149.1 7240.9794921875
150.1 179677.546875
151.1 21889.544921875
151.2 289.800262451172
152.1 1176.19470214844
152.1 702.213928222656
152.9 281.592926025391
153.0 135.939834594727
153.2 274.188842773438
153.4 136.139434814453
153.7 259.597778320313
153.9 404.378723144531
154.0 906.205200195313
154.1 301.149932861328
155.0 4787.06005859375
156.0 8911.8408203125
157.1 10097.2587890625
158.1 10533.9365234375
159.0 9283.93359375
160.0 2408.68627929688
161.0 5689.7001953125
161.8 18.5631122589111
161.9 38.6545257568359
162.1 999.307373046875
162.2 25.799503326416
163.0 1054.49230957031
163.7 30.6686687469482
163.9 64.9782333374023
164.0 361.269744873047
164.1 36.2980728149414
164.8 77.9555816650391
164.9 264.493072509766
165.1 638.330444335938
165.8 12.8381977081299
166.0 376.222198486328
166.1 268.497924804688
167.0 1674.69763183594
168.0 1950.11218261719
169.0 622.552185058594
169.1 2538.11206054688
170.0 332.166137695313
170.1 2166.55444335938
171.0 2735.77392578125
171.1 10588.38671875
172.1 3480.6064453125
173.1 2654.92602539063
174.1 39449.16015625
175.1 12220.658203125
176.1 2394.63891601563
177.0 29504.134765625
178.0 703.771362304688
178.1 2743.83813476563
178.7 13.4728479385376
179.0 685.692993164063
179.2 29.6435127258301
179.9 116.192710876465
180.1 872.971435546875
180.8 48.1313705444336
181.0 1459.75061035156
181.8 59.2306632995605
182.0 1278.27966308594
182.1 86.3883056640625
183.0 1538.53344726563
183.1 782.019775390625
184.0 423.536468505859
184.1 1870.37023925781
185.1 10533.4619140625
186.1 5278.9130859375
187.0 834.475769042969
187.1 2169.9287109375
187.9 335.188293457031
188.1 384.026428222656
188.9 98.0232849121094
189.0 289.479705810547
189.7 28.9472465515137
189.9 210.309280395508
190.1 368.92822265625
191.0 1412.51428222656
191.9 84.0502014160156
192.1 575.593078613281
193.0 1397.01037597656
193.8 43.8419036865234
193.9 174.233505249023
194.0 513.07958984375
195.0 1539.73034667969
195.9 69.9222793579102
196.0 908.215148925781
196.1 109.557456970215
196.9 243.227722167969
197.0 1228.80322265625
197.8 26.4002780914307
198.0 1374.45288085938
199.0 3908.39428710938
200.1 2355.95385742188
201.0 772.865478515625
201.0 682.116577148438
202.0 181.776229858398
202.1 621.676513671875
202.9 296.009826660156
203.1 1673.51513671875
203.8 20.969705581665
204.0 149.609359741211
204.1 449.8095703125
204.3 45.2447853088379
205.0 431.393737792969
205.1 3027.54418945313
206.0 492.590637207031
206.1 1171.0859375
207.1 15244.1904296875
208.1 2888.74194335938
209.1 1249.78796386719
209.2 271.274261474609
210.0 276.94921875
210.1 1369.02319335938
211.0 3749.919921875
212.0 621.515747070313
212.1 2244.59741210938
213.1 37510.28515625
214.1 6681.4306640625
215.0 7639.0986328125
216.0 1782.40771484375
217.0 714.159423828125
217.1 225.957107543945
218.0 696.900085449219
218.1 198.42692565918
219.0 6795.81201171875
220.1 43590.234375
221.1 7808.80322265625
222.0 300.445098876953
222.1 1971.24719238281
222.9 354.930206298828
223.0 1089.1337890625
223.8 25.1918106079102
224.1 840.037780761719
224.2 81.5159454345703
224.8 81.8845901489258
225.0 382.249237060547
225.8 35.9026756286621
226.0 533.449401855469
226.2 425.638641357422
227.0 519.310424804688
227.1 127.006004333496
227.8 103.753730773926
228.0 408.833160400391
228.1 712.224243164063
228.9 75.696403503418
229.0 1070.07153320313
229.9 120.802032470703
230.0 597.066772460938
230.2 394.989837646484
231.1 4749.9052734375
232.1 5621.158203125
233.1 395834.28125
234.1 61040.16015625
235.1 6294.45654296875
236.0 653.662902832031
236.1 1232.90625
237.0 4679.2763671875
238.0 4363.7216796875
239.0 1628.8681640625
239.8 10.4516763687134
239.9 104.293731689453
240.0 251.764907836914
240.2 40.4397125244141
240.7 44.8518829345703
241.0 810.000366210938
241.4 13.5578775405884
241.8 13.2267713546753
241.9 90.4874038696289
242.0 170.692398071289
242.7 26.139778137207
242.9 22.2946758270264
243.0 179.55322265625
243.1 45.4468040466309
243.6 12.1401977539063
243.7 10.5836706161499
244.1 50.1330642700195
244.9 16.4045391082764
245.0 365.650665283203
245.1 424.452575683594
246.0 470.733123779297
246.2 708.663452148438
247.1 729.610717773438
247.2 723.062744140625
248.1 1215.49108886719
248.2 1476.56481933594
249.1 5165.04638671875
250.1 5158.76123046875
251.1 3164.88549804688
251.2 366.830474853516
252.1 2198.11010742188
252.9 84.6564788818359
253.0 431.986206054688
253.2 198.775665283203
253.8 22.9030838012695
253.9 116.201324462891
254.0 216.419342041016
254.2 78.4466018676758
254.9 120.835624694824
255.0 140.51838684082
255.9 52.3828201293945
256.0 108.541114807129
256.3 18.1502361297607
257.1 563.457946777344
257.2 526.940612792969
257.8 13.0572137832642
258.0 268.263549804688
258.1 320.052764892578
258.2 550.684875488281
258.9 29.2258186340332
259.0 54.7956161499023
259.1 1709.00158691406
260.0 403.463806152344
260.2 1022.49078369141
261.1 2805.65087890625
261.9 24.0598659515381
262.1 144.457550048828
262.1 971.940673828125
263.1 3180.20727539063
263.8 18.0148487091064
264.0 292.592498779297
264.1 1106.83447265625
265.2 8451.681640625
266.1 771.405639648438
266.2 2374.43798828125
267.0 511.500823974609
267.1 443.315612792969
267.9 81.1122360229492
268.0 138.830047607422
268.2 64.933967590332
268.3 15.9615163803101
268.9 371.461791992188
269.1 91.3373565673828
269.2 19.1544933319092
269.8 32.0292091369629
270.0 599.938049316406
270.2 351.140563964844
271.1 1264.89538574219
271.9 63.4178657531738
272.1 765.109008789063
272.2 259.914978027344
273.0 821.120178222656
273.1 278.030120849609
274.1 514.070739746094
274.2 90.6243515014648
275.0 580.093933105469
275.0 227.379211425781
275.9 41.2881240844727
276.1 328.726989746094
276.1 127.687232971191
277.1 1842.70483398438
277.1 567.545593261719
277.8 27.3840312957764
278.1 345.018615722656
278.2 1513.67102050781
279.0 518.094665527344
279.1 828.197814941406
280.2 3593.66552734375
281.1 811.222351074219
281.2 776.479614257813
282.0 131.845352172852
282.1 365.758728027344
282.4 12.2066535949707
283.0 155.225250244141
283.1 800.975891113281
283.2 296.459991455078
284.0 171.653274536133
284.1 779.956665039063
284.2 392.543670654297
285.0 517.509948730469
285.1 552.638122558594
286.0 246.185592651367
286.2 605.610046386719
287.0 462.414703369141
287.1 1013.75140380859
288.1 2001.85571289063
288.2 5564.853515625
289.1 9980.03515625
290.1 5641.4072265625
291.0 555.888793945313
291.1 1058.91455078125
291.9 77.7271347045898
292.0 207.643936157227
292.1 447.058868408203
293.0 3227.15747070313
294.2 182444.546875
295.2 40827.140625
296.1 1034.25610351563
296.2 4069.30053710938
297.1 1028.57360839844
297.1 3509.87573242188
298.2 77147.5
299.2 18057.02734375
300.1 1404.23791503906
300.2 1407.27221679688
301.0 253.616180419922
301.1 222.408828735352
301.9 36.5493125915527
302.1 88.785026550293
302.9 23.7451286315918
303.0 107.208343505859
303.1 230.733291625977
303.2 101.143180847168
303.8 22.6362724304199
304.0 167.555633544922
304.1 156.134582519531
304.3 16.2070178985596
304.9 11.7927618026733
305.0 110.089988708496
305.1 155.376022338867
305.3 16.1765117645264
306.1 314.916168212891
306.2 622.623474121094
306.9 39.0012817382813
307.1 790.157409667969
308.2 13778.564453125
309.2 5046.8310546875
310.1 1153.576171875
310.2 219.813507080078
310.7 12.2482624053955
311.0 207.959762573242
311.1 500.674926757813
311.3 33.7434005737305
312.1 718.043579101563
312.2 2002.55517578125
312.9 20.8555469512939
313.0 281.245056152344
313.2 1115.25744628906
314.1 6504.94580078125
315.1 1518.90161132813
315.2 600.907531738281
316.1 327.767120361328
316.2 94.005126953125
317.0 123.519752502441
317.2 113.989273071289
317.9 18.2114486694336
318.1 243.446273803711
318.2 135.932891845703
318.9 21.8185939788818
319.0 291.920318603516
319.2 178.012893676758
319.8 27.0515270233154
320.0 208.473663330078
320.2 133.787460327148
320.3 69.9614562988281
321.1 43.8997383117676
321.3 48.3620109558105
322.1 136.543472290039
322.2 499.740173339844
322.9 55.0101585388184
323.1 76.6792297363281
323.1 371.802368164063
323.3 109.417976379395
323.9 31.5589179992676
324.1 267.987365722656
324.2 155.650436401367
325.1 863.856262207031
326.2 60720.4921875
327.2 14878.35546875
328.0 36.632007598877
328.2 2775.7275390625
328.3 400.937927246094
329.0 126.592864990234
329.1 275.783721923828
329.2 135.026016235352
329.4 28.4960308074951
330.2 31.3574657440186
330.8 15.8031120300293
330.9 76.0700454711914
331.9 11.360089302063
333.0 102.146606445313
334.0 15.2191925048828
334.2 194.08984375
334.2 82.5224151611328
335.0 61.8359642028809
335.1 177.496795654297
335.2 782.405456542969
335.9 22.0818252563477
336.0 122.836265563965
336.2 410.252105712891
336.4 26.3679084777832
337.1 52.6854782104492
337.2 1442.88122558594
337.2 1112.283203125
338.2 66962.6015625
339.2 23090.2578125
340.2 15382.2958984375
341.1 76.9646301269531
341.2 3352.3330078125
342.1 243.541595458984
342.2 4506.45947265625
343.1 675.810607910156
343.2 822.909362792969
344.2 142.260559082031
344.9 35.5018997192383
345.0 37.2670631408691
345.1 76.6630554199219
346.3 11.3728361129761
347.2 55.8663749694824
347.3 33.5090713500977
348.0 26.5443286895752
348.1 51.9772338867188
348.3 119.947174072266
349.0 158.519470214844
349.2 16.1656112670898
349.8 13.4401559829712
350.1 388.380828857422
350.2 153.874572753906
350.6 16.7626819610596
350.9 29.7423133850098
351.1 117.481864929199
351.2 77.261604309082
352.0 62.6396484375
352.3 72.5226211547852
352.4 31.2688980102539
353.0 157.039321899414
353.1 8.6024169921875
353.2 39.4402503967285
354.2 4052.2294921875
354.3 3968.81762695313
355.3 191792.234375
356.3 46942.5625
357.3 5841.6728515625
358.2 168.678253173828
358.3 269.228668212891
359.1 42.5916862487793
362.1 75.3140182495117
362.2 368.442443847656
362.3 171.455017089844
362.9 17.5570945739746
363.1 471.312835693359
363.3 531.530456542969
363.8 12.6304225921631
364.1 220.902328491211
364.3 297.010223388672
365.0 35.8810997009277
365.1 217.12841796875
365.3 76.2196273803711
366.2 440.442657470703
366.3 354.856842041016
366.9 28.152795791626
367.0 125.496810913086
367.2 248.047515869141
367.3 109.079055786133
368.1 315.653900146484
368.2 1005.97125244141
368.9 11.3548974990845
369.0 115.167877197266
369.2 228.221710205078
369.4 109.62890625
370.0 24.9487419128418
370.2 18.6049118041992
370.9 16.8722019195557
371.0 10.7918519973755
371.3 11.2807731628418
380.3 40.6939849853516
381.0 26.4939403533936
381.1 166.17610168457
381.2 33.1013259887695
381.3 30.8446922302246
382.2 5945.16748046875
383.3 120785.6328125
384.2 31206.294921875
385.1 117.296997070313
385.3 4120.97802734375
386.1 56.5170707702637
386.2 307.968566894531
386.4 14.0164451599121
387.2 12.9540042877197
397.3 14.1995134353638
400.8 26.2791957855225
401.0 14.2259960174561
401.1 13.8675203323364
409.0 10.6578912734985
409.1 17.6177349090576
