#"+EI Scan (rt: 2.265-2.323 min, 11 scans) R3M2.D  Subtract "
#Point,X(Thompsons),Y(Counts)
40.1 108.713333129883
41.1 11207.3037109375
42.0 1415.42407226563
43.1 2497.35131835938
44.0 538.78466796875
45.0 411.013732910156
45.8 47.3296051025391
46.0 175.359161376953
47.0 2584.43505859375
48.9 114.915802001953
49.0 8.86639404296875
49.9 215.48078918457
50.1 136.512893676758
50.9 79.6805725097656
51.0 516.4609375
51.1 195.529144287109
52.0 243.768615722656
52.1 198.483383178711
53.0 1247.53125
53.9 225.179702758789
54.1 267.132904052734
55.0 3224.91430664063
56.1 1263.99536132813
57.1 13976.1181640625
58.0 504.47021484375
58.1 433.790557861328
59.0 5874.111328125
60.0 714.589965820313
60.9 24.0438461303711
61.0 586.679931640625
61.9 255.114791870117
62.0 391.753967285156
62.9 164.807922363281
63.0 466.008056640625
64.0 392.037384033203
64.0 88.3835601806641
64.6 21.4311618804932
65.0 307.756561279297
65.1 162.944229125977
66.1 180.884048461914
66.2 18.1585025787354
67.0 62.0371322631836
67.1 912.536193847656
68.0 711.692077636719
69.0 5199.57421875
69.9 77.4248809814453
70.1 1909.25939941406
71.0 62.8983917236328
71.1 293.701599121094
72.0 194.250259399414
72.1 80.4767608642578
73.0 2717.63720703125
74.0 750.659912109375
75.0 1156.93713378906
76.0 2752.24829101563
77.0 5166.7353515625
78.0 1034.51904296875
79.0 101.378173828125
79.0 202.71337890625
79.7 17.2545642852783
79.9 55.477466583252
80.2 21.209545135498
81.0 566.658264160156
82.0 689.406494140625
82.9 98.9927978515625
83.0 2031.38037109375
84.1 1184.84448242188
84.2 27.974494934082
85.0 862.894287109375
86.0 979.841247558594
86.9 125.042976379395
87.0 95.7554550170898
87.1 594.890197753906
88.0 6956.24365234375
89.0 3476.13818359375
90.0 7782.84228515625
91.0 216.406799316406
91.0 861.49755859375
91.9 43.02783203125
92.0 214.466537475586
93.0 50.5826873779297
93.8 27.9913558959961
93.9 73.9640121459961
94.3 14.1190242767334
95.0 230.533416748047
95.9 33.0022430419922
96.0 186.328689575195
96.8 42.0391311645508
97.1 118.369338989258
98.1 205.569839477539
98.8 13.3129272460938
99.1 315.097320556641
99.8 81.3283004760742
100.0 137.664031982422
101.0 440.847747802734
101.1 279.714050292969
102.0 6330.7705078125
103.0 23055.828125
104.0 5949.30859375
105.0 4.58372497558594
105.1 653.117919921875
106.0 198.907592773438
106.7 70.517463684082
106.8 54.8332290649414
107.0 229.327133178711
107.8 30.1126804351807
108.0 111.273223876953
108.2 29.0753345489502
109.0 388.85302734375
110.1 90.7276229858398
111.0 365.571228027344
112.0 725.59521484375
113.0 289.802673339844
113.1 65.1980667114258
113.8 285.686828613281
114.0 99.4381561279297
114.1 326.027435302734
115.0 557.211547851563
115.9 481.639526367188
116.0 717.455688476563
116.1 47.5068588256836
117.0 4649.080078125
118.0 1135.74389648438
118.1 648.087585449219
119.0 333.875885009766
119.1 70.8656463623047
119.8 48.3952331542969
120.0 40.2160720825195
120.1 4.56487655639648
120.3 21.6967372894287
120.8 68.5706405639648
120.9 123.514495849609
121.0 126.017234802246
121.7 56.2830696105957
121.8 33.2157821655273
122.0 68.8821411132813
122.1 25.6064529418945
122.6 27.0888729095459
122.7 38.9090461730957
123.0 79.4001159667969
123.1 33.6324157714844
123.8 15.4383716583252
123.9 43.5296096801758
124.1 20.9189224243164
124.8 158.864929199219
125.9 9.43518829345703
126.0 121.538444519043
126.9 97.2447357177734
127.0 216.67138671875
127.2 32.2899780273438
128.0 94.5148620605469
128.0 673.002014160156
128.1 88.4991302490234
129.0 9253.291015625
130.0 8334.837890625
131.0 50443.421875
132.0 5462.857421875
132.9 179.956634521484
133.0 395.570037841797
134.0 360.325744628906
134.9 840.829406738281
136.0 313.201507568359
137.0 3507.81640625
138.0 579.93310546875
139.0 198.768737792969
139.7 15.3224420547485
139.9 98.3621139526367
140.0 180.561492919922
141.0 769.0498046875
141.8 40.4968719482422
141.9 365.306518554688
142.0 288.908203125
143.0 1547.43090820313
143.1 482.008728027344
144.0 8509.326171875
145.0 46096.2578125
146.0 5373.65771484375
146.1 179.803176879883
147.0 611.824645996094
147.1 185.804977416992
147.7 26.5592994689941
147.9 70.2326736450195
148.0 181.030029296875
148.2 1.3089599609375
148.8 38.3242530822754
148.9 95.6358871459961
149.0 51.7044677734375
149.9 42.3155708312988
151.0 576.679809570313
151.9 55.412223815918
152.0 29.1410827636719
152.8 78.2385559082031
153.0 295.992401123047
154.0 334.935821533203
154.1 207.898559570313
155.0 1236.51342773438
156.0 1201.58178710938
157.0 1695.5625
158.0 2714.79150390625
159.0 1710.6845703125
160.0 561.616943359375
161.0 562.782165527344
161.9 19.918098449707
162.1 697.481506347656
162.9 121.16455078125
163.0 453.696594238281
163.8 19.2803859710693
163.9 192.468475341797
165.0 25.3135223388672
165.1 72.4583129882813
165.8 7.29434585571289
165.9 74.0726928710938
166.1 8.84254837036133
166.9 259.324462890625
168.0 772.60595703125
168.1 59.7749176025391
169.0 1940.89562988281
169.1 241.652145385742
170.0 214.607040405273
170.1 439.549987792969
170.2 23.1295509338379
171.0 2192.50537109375
171.9 37.022575378418
172.0 524.572692871094
172.7 10.1855773925781
172.9 28.5589981079102
173.0 362.412963867188
173.1 280.715087890625
173.8 13.6718807220459
174.0 1223.94714355469
175.0 479.898742675781
175.9 53.6088714599609
176.0 349.886505126953
176.7 28.3272266387939
176.9 141.519180297852
177.0 176.48664855957
177.8 21.3390979766846
177.9 67.3092575073242
178.1 14.8528280258179
178.7 19.8093662261963
178.8 26.6600227355957
179.0 88.0124969482422
179.9 42.6742935180664
180.1 92.8615417480469
181.0 138.55485534668
182.0 175.558242797852
182.1 18.9763031005859
183.0 532.617431640625
183.2 23.8651142120361
183.8 54.4054145812988
184.0 237.485870361328
184.1 61.196849822998
185.0 1309.46594238281
186.0 1271.19287109375
186.9 551.699035644531
188.0 220.042465209961
189.0 1613.03930664063
189.8 17.9880180358887
189.9 50.5508918762207
190.0 365.627166748047
191.0 394.270690917969
192.0 23.4713706970215
192.2 41.0978088378906
192.9 448.309692382813
193.9 57.1712646484375
194.0 57.3469047546387
194.5 18.9013290405273
194.9 79.1281280517578
195.8 60.366325378418
196.1 131.008041381836
197.0 460.564208984375
197.8 56.4645347595215
197.9 118.478439331055
198.0 40.0101623535156
198.3 23.0258884429932
198.9 20.3782196044922
199.1 90.9385757446289
199.9 282.664520263672
200.0 333.425231933594
201.0 1662.99621582031
202.0 241.472946166992
202.1 64.3387145996094
202.7 13.0372180938721
203.1 886.464721679688
203.9 18.1461296081543
204.0 182.264526367188
204.1 172.408538818359
205.0 1363.49853515625
206.1 2611.70483398438
207.1 654.712341308594
208.0 262.774353027344
208.8 18.933666229248
208.9 83.6975402832031
209.9 42.0063514709473
210.0 68.4206085205078
211.0 1037.74951171875
212.0 189.863403320313
213.0 2086.24340820313
214.0 1245.17211914063
215.0 2504.462890625
215.9 674.795043945313
217.0 1574.17810058594
217.8 63.2130088806152
218.0 345.680358886719
218.1 36.6287536621094
218.9 735.745361328125
219.9 273.936096191406
220.8 105.893356323242
220.9 30.4256057739258
221.8 36.705810546875
222.0 71.1957702636719
222.1 54.3011474609375
223.0 109.378967285156
223.8 43.9178924560547
224.0 74.5310134887695
224.2 38.6883392333984
224.9 82.5387878417969
225.1 71.5691375732422
225.8 24.9720516204834
226.1 458.243225097656
226.2 65.4529724121094
227.0 143.5888671875
227.1 75.9545593261719
227.9 52.1016311645508
228.1 106.643569946289
228.2 111.046089172363
229.0 499.363128662109
229.7 62.3331909179688
230.0 22.9737739562988
230.1 136.141235351563
230.2 25.1639957427979
230.9 1.24842071533203
231.1 2850.73095703125
232.0 301.782073974609
232.1 1326.59460449219
232.2 118.050003051758
233.1 172509.65625
234.1 28452.27734375
235.0 2157.04248046875
235.2 520.757995605469
236.1 184.624404907227
237.0 1204.93115234375
238.0 364.483459472656
238.9 460.989379882813
239.8 9.65166282653809
239.9 29.8167610168457
240.1 136.744613647461
240.8 26.3506813049316
240.9 202.75813293457
241.9 81.067756652832
242.1 369.368041992188
242.9 41.3432998657227
243.0 69.9935913085938
243.2 122.050659179688
243.9 43.3025817871094
244.1 223.730560302734
244.6 22.7508125305176
244.9 98.1676177978516
245.1 122.71410369873
246.1 13270.5341796875
247.1 2495.23071289063
247.9 82.0248794555664
248.0 353.544616699219
248.9 3.67591857910156
249.0 153.983673095703
249.9 107.058212280273
250.1 167.240295410156
250.2 17.0538940429688
250.9 64.9520263671875
251.1 19.6492538452148
251.8 18.179386138916
252.8 178.985534667969
253.1 20.7034587860107
254.2 78.9925231933594
254.6 19.9780597686768
254.9 134.656188964844
256.0 35.3025360107422
256.8 74.6427917480469
257.8 2.20857238769531
258.1 27.5681686401367
258.8 72.1259689331055
259.0 28.3271808624268
259.2 20.2238121032715
260.0 200.747543334961
260.1 166.709243774414
260.7 8.87430572509766
260.9 25.0501098632813
261.0 244.923782348633
261.1 219.490188598633
262.0 16.8731174468994
262.1 1036.79504394531
262.7 16.9415626525879
262.8 57.7967758178711
262.9 106.234657287598
263.1 144.062759399414
263.2 21.8340682983398
264.0 14.9731111526489
264.8 47.3224105834961
265.0 244.780090332031
265.1 207.996948242188
265.7 27.3235187530518
266.1 72.9096069335938
266.9 147.737716674805
268.0 27.5434417724609
268.8 49.7751922607422
269.0 10.5788269042969
269.1 115.648979187012
269.9 13.9373340606689
270.2 32.2741470336914
270.9 221.097473144531
271.9 13.6218109130859
272.0 229.406127929688
273.0 289.583740234375
273.8 32.9693069458008
274.0 141.826232910156
274.1 52.1352691650391
274.9 363.432983398438
275.1 76.0850448608398
275.7 22.611047744751
275.9 98.2922134399414
276.1 69.9624938964844
276.6 1.77723121643066
276.8 20.789665222168
276.9 91.1278076171875
277.7 22.0354156494141
278.1 866.212951660156
278.7 50.7954864501953
278.9 107.177711486816
279.0 89.535270690918
279.3 22.2308158874512
280.2 47.1943778991699
280.4 11.7824172973633
282.2 39.7424774169922
282.9 73.4282684326172
283.0 38.905704498291
283.9 40.5279808044434
284.0 7.3956995010376
284.9 72.4298095703125
285.0 27.3211059570313
285.9 132.990707397461
286.0 9.56808471679688
286.7 14.4104156494141
287.0 243.200241088867
287.9 120.800643920898
288.1 235.135528564453
289.1 36961.14453125
290.1 7221.1767578125
291.0 445.658660888672
291.1 559.069458007813
291.9 86.8377075195313
292.1 104.807579040527
292.9 972.867797851563
294.0 174.282836914063
294.1 25.1572570800781
294.9 338.735382080078
295.0 102.848266601563
295.9 106.61075592041
296.9 437.609344482422
297.9 8.73696899414063
298.0 65.6374359130859
298.2 59.1277236938477
299.1 70.5921020507813
300.1 31.3308734893799
300.3 30.6383228302002
300.4 17.920768737793
301.0 299.090728759766
301.1 8.77156829833984
301.3 17.3247718811035
302.0 82.7521057128906
302.1 996.889587402344
303.1 1013.96923828125
303.7 18.9825439453125
304.1 149.653991699219
304.7 14.3639440536499
304.8 33.3072128295898
305.0 30.2418212890625
306.8 42.7353515625
306.9 33.1592025756836
309.0 33.1284484863281
309.2 14.547399520874
310.7 16.1890735626221
314.7 20.2489223480225
315.0 34.2174301147461
315.9 13.3459987640381
316.1 376.776458740234
317.0 32.1875152587891
317.2 130.774063110352
318.2 19103.48828125
319.0 12.1369476318359
319.1 3723.62573242188
320.1 1679.60815429688
321.1 34487.875
322.0 97.7280731201172
322.1 6161.68212890625
322.9 24.8219051361084
323.1 318.206176757813
323.1 444.598022460938
323.9 17.6072006225586
324.0 21.240852355957
324.3 14.3652982711792
327.1 14.1380929946899
328.8 9.39180946350098
329.0 11.7148141860962
329.8 48.832160949707
330.1 825.369140625
330.2 300.283569335938
330.3 57.903621673584
330.9 82.4066390991211
331.0 318.167358398438
331.3 43.9198799133301
332.1 50.1979751586914
332.8 9.68699169158936
333.8 25.7635517120361
333.9 156.161560058594
334.1 134.967315673828
334.7 24.336332321167
335.1 97.4010543823242
335.3 16.1970901489258
337.2 20.3504905700684
340.9 17.4601058959961
344.9 63.0303001403809
345.1 170.467544555664
346.0 100.688209533691
346.2 84.3229675292969
347.0 3.50313949584961
348.6 11.8077802658081
348.8 54.3240013122559
348.9 45.309440612793
350.0 21.9028053283691
350.8 25.9677410125732
352.8 82.8315734863281
353.1 28.0842456817627
355.8 14.9141988754272
356.8 38.7206916809082
358.1 15.0071020126343
359.1 50.5254058837891
360.0 13.9953155517578
362.0 43.5789833068848
362.2 889.165649414063
363.0 55.5767288208008
363.1 62.8618202209473
363.3 66.5422821044922
366.8 16.6663513183594
367.0 41.4169578552246
375.9 16.8769512176514
377.2 1454.16394042969
377.4 54.5023574829102
378.1 85.5466384887695
378.2 271.525177001953
378.3 42.9218711853027
378.9 16.9377517700195
379.3 15.7127599716187
386.9 18.2347831726074
401.2 100.240020751953
