#"+EI Scan (rt: 2.259-2.317 min, 11 scans) R9M2.D  Subtract "
#Point,X(Thompsons),Y(Counts)
40.1 442.020355224609
41.1 9791.599609375
42.0 67.3594818115234
42.1 1121.16723632813
43.0 87.6463394165039
43.1 1923.65246582031
44.0 666.908081054688
44.9 155.312805175781
45.0 99.1804809570313
45.8 40.1059913635254
46.0 127.919082641602
46.1 80.9301300048828
47.0 1966.62194824219
48.0 23.7061634063721
48.8 44.1724395751953
49.0 8.32369804382324
49.8 57.3532257080078
50.0 271.427734375
50.1 96.027099609375
51.0 1010.84460449219
51.9 118.140472412109
52.0 71.8294906616211
52.1 113.997428894043
53.1 1256.73986816406
53.9 97.3824768066406
54.0 186.058380126953
55.0 2759.54833984375
56.1 1006.50512695313
57.1 12743.4189453125
58.0 7.04708862304688
58.1 468.612548828125
58.2 265.517242431641
59.0 5309.73681640625
60.0 433.194488525391
60.1 152.643249511719
60.9 82.5155868530273
61.0 278.073577880859
61.1 67.4136276245117
61.9 267.980285644531
62.0 243.632263183594
62.9 63.4181594848633
63.0 456.908935546875
63.1 138.385513305664
63.9 78.3772811889648
64.0 198.457305908203
64.9 281.673614501953
65.1 216.092651367188
65.8 24.4720325469971
65.9 30.3314819335938
66.0 84.8070907592773
66.1 44.4207496643066
67.0 400.924072265625
67.1 392.495361328125
68.0 144.320648193359
68.1 589.788635253906
69.0 4023.20874023438
69.9 10.0605430603027
70.0 1561.07800292969
70.9 63.8311462402344
71.1 288.854644775391
71.8 17.5049247741699
72.2 154.644744873047
73.1 1998.69482421875
73.9 199.138107299805
74.1 315.958251953125
75.0 1101.89733886719
76.0 2487.98046875
77.0 3455.98828125
78.0 876.3076171875
78.9 29.4557800292969
79.0 123.217163085938
79.9 124.749069213867
80.1 9.29563522338867
81.0 104.66552734375
81.9 36.6905212402344
82.0 310.256103515625
82.2 171.971664428711
83.0 626.420288085938
83.1 1532.27966308594
83.9 225.698852539063
84.1 804.519226074219
85.0 195.817169189453
85.1 595.7197265625
86.0 360.200775146484
86.1 397.904907226563
86.8 55.1901321411133
87.0 468.475952148438
88.0 5057.65625
89.0 2926.22021484375
90.0 5261.470703125
91.0 1056.80505371094
91.8 11.3342533111572
92.0 211.66552734375
92.1 3.29746341705322
92.7 16.8802280426025
92.9 61.5169372558594
93.8 57.4740295410156
93.9 20.6731491088867
94.1 44.7314224243164
94.9 114.175415039063
95.1 101.484390258789
95.8 28.9943428039551
96.0 231.890502929688
96.1 79.8240661621094
96.8 25.3667335510254
97.0 110.385681152344
98.0 313.484802246094
98.1 1.94932174682617
98.9 139.081939697266
99.0 216.935150146484
99.2 36.194938659668
100.0 120.938201904297
100.1 61.7854881286621
100.9 435.463684082031
101.1 281.639038085938
101.9 5.4823055267334
102.0 4963.45849609375
103.0 16948.322265625
104.0 4576.798828125
105.0 478.551818847656
105.2 25.8271865844727
105.8 42.1040496826172
105.9 48.1689720153809
106.1 37.6840553283691
106.9 93.9054870605469
107.0 80.1845779418945
107.6 16.517110824585
107.8 26.9301090240479
108.1 90.9154281616211
109.0 407.029174804688
110.0 163.838409423828
110.2 47.5403060913086
111.0 58.106803894043
111.1 50.8116760253906
111.8 27.7841339111328
111.9 203.948593139648
112.1 335.727813720703
112.7 20.2282543182373
113.1 290.512451171875
113.6 94.7051086425781
113.8 55.9204597473145
114.0 554.699401855469
114.1 135.560623168945
114.7 24.8687629699707
115.0 309.302551269531
115.2 28.2743301391602
116.0 973.18994140625
116.1 59.1799545288086
117.0 3202.1044921875
117.9 60.1220626831055
118.0 1182.06616210938
118.7 12.5489330291748
119.0 391.217254638672
119.1 200.240295410156
119.9 32.0273399353027
120.2 25.9384574890137
120.5 27.3533401489258
120.8 99.8797149658203
121.0 126.968032836914
121.7 2.13650608062744
121.9 96.0924072265625
122.1 17.2852897644043
122.7 54.1334228515625
123.0 128.879974365234
124.0 70.6134948730469
125.1 124.758865356445
125.7 33.83056640625
125.9 115.759780883789
126.9 441.793273925781
127.1 44.9407577514648
128.0 278.229675292969
128.1 219.149108886719
128.2 218.160583496094
129.0 6481.29052734375
130.0 6570.693359375
131.0 37212.17578125
131.9 157.253921508789
132.0 3560.140625
132.9 352.233428955078
133.0 56.8854675292969
133.8 161.714172363281
133.9 127.23706817627
134.1 61.428279876709
134.9 43.4177398681641
135.0 328.029052734375
135.7 5.02258110046387
136.1 310.967224121094
137.0 2870.02734375
138.0 361.888977050781
138.9 247.518264770508
139.9 87.70361328125
140.0 28.6407051086426
141.0 179.915405273438
141.8 44.7684211730957
141.9 70.0240173339844
142.0 334.532409667969
143.0 1433.51098632813
144.1 6192.12451171875
145.0 33413.91796875
146.0 3883.19848632813
146.8 87.1924514770508
147.0 254.880874633789
147.1 46.0891647338867
147.9 101.517562866211
148.1 101.07145690918
148.2 26.1826477050781
148.9 41.9732513427734
149.1 53.2334365844727
149.2 26.7179393768311
151.1 241.447128295898
151.9 153.905578613281
152.1 14.9370269775391
152.9 183.522247314453
153.8 38.885612487793
153.9 169.460647583008
154.1 78.9008026123047
155.0 1038.36889648438
156.0 886.934692382813
157.0 1289.07897949219
157.9 10.0546951293945
158.0 1832.72875976563
159.0 1533.2001953125
159.9 115.3193359375
160.1 186.07356262207
161.0 675.827575683594
161.1 161.625335693359
162.0 451.609588623047
162.8 38.3223342895508
162.9 306.815063476563
163.8 13.5516223907471
164.0 93.4933242797852
164.1 16.3551845550537
165.0 67.0196075439453
165.9 59.8544425964355
166.1 34.2083320617676
166.9 552.075561523438
167.8 117.368637084961
167.9 281.946014404297
168.1 200.451965332031
169.0 265.914611816406
169.0 1081.5810546875
169.8 15.2246189117432
169.9 476.355987548828
170.1 115.651466369629
170.9 157.137451171875
171.0 751.7109375
171.1 401.90087890625
171.9 42.3481903076172
172.0 541.544372558594
172.9 67.7118301391602
173.0 425.439727783203
173.7 21.6452102661133
173.9 378.116882324219
174.1 801.050964355469
175.0 97.9088287353516
175.1 94.1792678833008
175.8 15.73215675354
175.9 91.7876434326172
176.0 173.861389160156
176.1 57.6714210510254
176.8 35.1647262573242
176.9 57.3017044067383
177.1 101.945976257324
177.9 32.4816246032715
178.7 11.3923168182373
178.9 67.6531066894531
179.8 1.79103851318359
180.1 15.9466924667358
180.8 48.3528747558594
181.0 36.2896728515625
182.0 131.306457519531
182.1 45.2294578552246
183.0 377.248626708984
183.1 96.7362976074219
184.0 188.507949829102
184.2 80.9389572143555
184.9 159.914978027344
185.0 616.465576171875
185.8 22.9990577697754
186.0 529.395629882813
186.1 296.207550048828
187.0 519.170593261719
188.0 101.201614379883
188.1 71.2551956176758
188.9 106.207160949707
189.0 1006.72491455078
189.8 56.3919448852539
190.0 215.331192016602
190.1 39.7060699462891
190.8 5.73330688476563
190.9 148.618591308594
191.0 65.7861328125
191.9 18.8322257995605
192.8 173.912811279297
193.9 36.8255805969238
194.9 153.200500488281
195.9 42.1965408325195
196.1 119.81169128418
197.0 370.912384033203
197.7 23.0112590789795
198.0 132.497680664063
198.5 15.7568979263306
198.9 376.668853759766
199.9 106.007041931152
200.0 292.323486328125
200.1 56.7881011962891
201.0 1064.82568359375
201.8 48.573413848877
202.0 191.44367980957
203.0 714.413635253906
203.1 157.00080871582
203.8 49.4931182861328
203.9 186.558059692383
204.1 57.3258323669434
205.1 1071.50439453125
206.0 57.1950874328613
206.1 1752.50268554688
207.0 572.27734375
208.0 145.809906005859
208.8 0.822853088378906
209.0 176.480743408203
209.8 56.1279678344727
210.0 136.062103271484
210.1 9.96200561523438
211.0 582.81689453125
211.9 97.6160202026367
212.0 19.6558837890625
212.1 137.495529174805
213.0 98.9042358398438
213.1 1600.07470703125
214.0 884.998596191406
215.0 1538.12109375
216.0 207.568481445313
217.0 733.105102539063
217.7 55.9939460754395
217.9 76.2218322753906
218.0 86.4433135986328
219.0 451.72998046875
219.9 202.464660644531
220.8 21.7813262939453
221.0 101.420288085938
221.8 93.0202560424805
221.9 4.57779693603516
222.1 5.0948600769043
222.6 14.5653505325317
222.7 70.2167358398438
222.9 231.907150268555
223.8 30.8641414642334
224.0 95.895393371582
224.7 5.76217842102051
224.9 81.9376831054688
225.1 25.0787048339844
225.9 78.7656631469727
226.1 329.363555908203
226.8 83.734504699707
226.9 167.161834716797
227.7 21.0843753814697
227.9 139.335983276367
228.1 92.8393707275391
228.4 54.4592933654785
229.0 252.234954833984
229.1 130.454681396484
229.5 32.3051300048828
230.0 46.9120330810547
230.1 97.7104797363281
230.2 168.962127685547
231.1 2219.41064453125
232.0 627.217041015625
232.1 784.504089355469
233.1 125672.03125
234.1 20478.66796875
235.1 2281.87768554688
235.9 174.495208740234
236.1 95.8173522949219
237.0 717.43603515625
237.8 206.17822265625
238.0 81.782470703125
239.0 420.149475097656
239.9 121.912948608398
240.0 39.8128204345703
240.1 47.9088478088379
240.6 32.9951286315918
240.7 118.171592712402
240.9 194.849243164063
242.0 61.6645164489746
242.1 179.046768188477
242.2 46.0813980102539
242.9 84.5991287231445
243.0 69.1225509643555
244.1 184.516403198242
245.0 143.564849853516
245.1 177.321792602539
246.1 9780.755859375
246.9 39.8184280395508
247.1 1664.02209472656
247.2 43.5365371704102
247.9 19.9800853729248
248.1 284.726318359375
248.8 97.5011901855469
249.0 37.6606407165527
249.3 32.1047706604004
249.9 52.0096664428711
250.0 178.709915161133
250.2 26.8755798339844
250.9 76.3555450439453
251.0 34.1587371826172
252.6 15.0765676498413
253.0 79.1280746459961
253.2 44.9430809020996
253.9 23.3539619445801
254.1 35.7145080566406
254.9 25.1712417602539
255.9 16.2215900421143
256.1 3.8509349822998
256.8 24.3512096405029
256.9 3.22225952148438
258.2 26.1704444885254
258.9 32.8354301452637
259.1 132.140060424805
259.8 22.1281070709229
260.0 180.51904296875
260.2 56.5902976989746
260.9 116.259368896484
261.1 71.92138671875
261.2 265.597564697266
261.9 85.1674270629883
262.0 67.6283416748047
262.2 600.442260742188
262.9 39.9318695068359
263.0 173.864212036133
264.9 64.1291122436523
265.1 286.613708496094
266.0 20.5920810699463
267.0 26.8997802734375
269.0 146.622817993164
269.2 20.6642932891846
269.9 39.2764320373535
270.0 45.8868675231934
270.7 32.593635559082
270.8 58.6059112548828
271.2 20.5390567779541
272.0 135.109115600586
272.1 155.725509643555
272.8 78.4489288330078
272.9 255.894317626953
273.8 104.232299804688
274.0 40.4727325439453
274.2 37.2446823120117
274.3 23.0631542205811
274.6 10.4629135131836
274.8 182.226654052734
274.9 9.2301025390625
275.1 17.2210006713867
275.9 14.8426752090454
276.0 120.829963684082
276.8 63.2012786865234
276.9 26.9928817749023
277.8 29.3881721496582
278.1 460.968719482422
278.2 197.874465942383
278.7 22.9791145324707
279.0 181.307312011719
279.8 25.1233539581299
280.8 115.226577758789
281.9 3.91258907318115
283.0 31.349781036377
284.7 8.55366706848145
284.9 17.3503189086914
285.0 39.0669860839844
285.7 15.6603450775146
285.9 183.82666015625
286.0 6.36474609375
287.0 279.151428222656
287.9 39.3750991821289
288.1 216.202285766602
289.1 28434.3515625
290.1 4915.92822265625
291.0 574.761596679688
291.2 74.380859375
292.1 146.942459106445
293.0 349.493530273438
293.9 283.20556640625
294.6 28.4006786346436
294.7 41.7899589538574
296.0 77.1668090820313
296.9 15.4622802734375
297.1 97.873908996582
297.8 5.75333118438721
298.0 57.3625411987305
298.2 22.3094100952148
298.8 32.576732635498
299.0 85.4280700683594
300.1 56.1157073974609
300.8 69.0281982421875
300.9 151.468780517578
301.1 48.2991828918457
301.2 18.2446193695068
301.9 26.4045028686523
302.0 252.092712402344
302.2 250.719909667969
302.3 99.8492126464844
303.1 746.382507324219
304.0 21.7617321014404
304.1 109.705856323242
304.3 18.0033340454102
305.1 24.6888179779053
307.0 86.4593048095703
307.1 56.0509796142578
310.9 22.610424041748
311.0 10.7458143234253
314.8 15.2570018768311
315.1 52.024227142334
315.8 29.4391860961914
316.1 149.752593994141
316.2 107.38655090332
316.9 7.53165864944458
317.0 27.9930858612061
317.2 118.62816619873
317.3 30.2320575714111
318.2 13915.306640625
319.1 254.805953979492
319.2 2769.5615234375
319.9 69.4009628295898
320.1 1115.52624511719
321.1 26562.87109375
322.1 5033.5693359375
323.0 509.842163085938
323.2 73.3733825683594
324.1 38.5226364135742
329.9 32.9475975036621
330.1 962.705139160156
330.9 43.1500205993652
331.0 26.294994354248
331.1 140.352645874023
331.7 37.4241676330566
332.8 10.2056035995483
333.9 24.8527717590332
334.1 111.366798400879
334.2 19.4361629486084
334.8 9.93704128265381
335.0 39.8751182556152
344.1 21.1844139099121
344.9 56.4356460571289
345.0 61.8852882385254
346.1 77.4916076660156
346.9 44.983699798584
347.1 20.3212661743164
347.8 17.0859432220459
349.0 34.9994125366211
349.1 33.8698577880859
354.8 14.580493927002
355.0 18.8083515167236
359.1 32.0952949523926
362.1 176.269393920898
362.2 556.211303710938
362.9 74.9472198486328
363.1 62.28369140625
363.3 22.6874809265137
365.1 38.1602897644043
366.6 16.1333484649658
371.1 17.9688148498535
376.9 32.7829856872559
377.1 358.350677490234
377.2 868.181579589844
378.1 177.897125244141
378.2 111.807327270508
378.4 15.2229223251343
378.9 19.9885387420654
384.1 34.4493865966797
401.0 19.9170684814453
