#"+EI Scan (rt: 2.707-2.789 min, 15 scans) R5M2.D  Subtract "
#Point,X(Thompsons),Y(Counts)
40.1 148.142486572266
41.0 600.252319335938
41.2 92.2631530761719
41.9 12.311882019043
42.1 103.806015014648
43.0 485.557189941406
44.0 122.678466796875
44.9 48.1083602905273
45.2 35.6388626098633
45.9 1.84815216064453
47.1 32.1691818237305
48.9 6.29886245727539
49.0 0.0589866638183594
50.0 3.88991165161133
50.1 40.3944931030273
51.0 162.753845214844
51.8 28.1210289001465
52.0 23.0386695861816
53.0 115.064910888672
53.1 140.861557006836
53.9 25.7349605560303
54.0 41.677864074707
55.0 213.922668457031
55.0 621.577697753906
55.9 94.075309753418
57.1 515.602661132813
58.0 25.9763336181641
58.1 14.2119979858398
58.3 32.3294105529785
59.0 306.2685546875
60.0 147.216232299805
60.8 39.4467582702637
60.9 9.28516006469727
61.1 44.4605903625488
61.9 117.22981262207
62.0 17.7691955566406
63.0 274.873260498047
64.0 73.2204132080078
64.9 123.207534790039
66.0 46.4554405212402
67.0 38.4693145751953
67.0 102.644439697266
67.9 3.29998779296875
68.0 57.5494346618652
68.2 17.4365119934082
69.1 591.518249511719
69.8 64.9963302612305
70.0 93.5550689697266
70.9 38.7560501098633
73.0 22.20947265625
74.1 42.0187759399414
74.9 755.962036132813
75.8 14.5630340576172
76.0 52.1464080810547
77.0 176.896484375
79.0 138.268798828125
80.0 84.4459991455078
81.0 469.7568359375
81.9 66.3592224121094
82.0 0.0285186767578125
82.2 39.9785575866699
83.0 65.9681396484375
83.0 2076.39916992188
83.9 12.5120086669922
84.0 215.578079223633
85.1 144.498519897461
86.1 52.7777900695801
87.0 134.685989379883
87.8 48.2451095581055
87.9 57.6094779968262
88.1 175.550201416016
88.8 20.4331798553467
88.9 28.1362609863281
89.0 421.789184570313
89.1 108.528343200684
89.9 71.693244934082
89.9 147.134292602539
90.9 306.590637207031
91.7 26.8213195800781
92.0 33.3081893920898
92.9 149.416595458984
93.7 10.8043699264526
94.9 197.766937255859
95.9 30.1360015869141
96.0 115.359214782715
97.0 175.144653320313
97.1 16.1972999572754
97.7 66.3745880126953
98.1 115.966361999512
98.2 0.549962997436523
98.3 22.839241027832
98.8 5.56724548339844
99.1 65.1657180786133
99.8 8.17987060546875
100.3 6.61450529098511
100.8 69.7504653930664
101.0 224.046051025391
101.1 116.477279663086
101.8 1.87904357910156
102.0 281.617309570313
102.2 30.5017547607422
102.8 15.1660995483398
102.9 238.169998168945
103.8 41.018424987793
104.1 11.5990629196167
105.0 95.7639770507813
105.7 1.804856300354
106.0 51.2475814819336
106.9 119.928428649902
107.0 179.61198425293
107.1 115.334785461426
107.6 29.9388694763184
108.0 114.809692382813
108.1 306.153259277344
109.0 26531.857421875
110.0 2088.24487304688
110.8 58.2949905395508
111.0 147.73551940918
111.8 13.1578569412231
112.1 13.9565000534058
112.6 13.0032606124878
112.8 24.3016815185547
112.9 39.6661529541016
113.0 0.245853424072266
113.9 216.540222167969
114.1 162.643218994141
114.9 259.365997314453
115.0 703.218017578125
116.0 505.881896972656
116.9 205.76692199707
117.0 18.58447265625
118.1 127.698623657227
118.9 79.8243408203125
119.2 21.3744583129883
119.9 4.09943389892578
120.6 12.1045656204224
120.8 14.9316177368164
120.9 59.0032424926758
122.0 4.55721664428711
122.7 9.85588455200195
122.9 87.3511657714844
123.1 16.2394561767578
123.6 8.50725078582764
124.9 220.601867675781
125.6 10.5032196044922
125.9 41.8079833984375
126.0 21.1440277099609
126.1 41.155158996582
126.9 270.294372558594
127.7 11.2966566085815
127.9 230.642807006836
128.1 231.517654418945
128.9 572.546997070313
130.0 125.080459594727
130.1 228.214950561523
130.7 28.1465034484863
131.1 64.8695602416992
131.9 14.4221343994141
132.0 45.3653984069824
132.9 190.310180664063
133.7 6.1240406036377
133.9 16.257266998291
134.0 43.0965690612793
134.1 7.42197608947754
134.8 36.6182479858398
134.9 86.9044189453125
135.2 137.828201293945
135.9 126.51082611084
137.0 164.64453125
138.0 732.994384765625
139.0 197.997894287109
140.0 188.574920654297
140.1 38.4321479797363
140.9 39.0897521972656
142.0 194.338104248047
142.1 98.5102691650391
142.9 236.55029296875
143.0 408.603485107422
144.0 1036.08227539063
144.1 15.5560359954834
145.0 131.115234375
145.8 46.1416130065918
146.8 29.0317230224609
147.2 19.8680210113525
147.9 13.4848785400391
148.7 7.59315872192383
148.9 101.052062988281
149.8 7.90466117858887
150.0 23.974494934082
150.9 76.170654296875
151.0 61.213134765625
151.9 80.4869842529297
152.0 53.7079315185547
152.1 74.4257049560547
152.3 30.1449794769287
152.8 12.5616302490234
152.9 281.978210449219
154.0 277.615356445313
154.1 37.6202545166016
155.0 621.631958007813
155.9 371.825805664063
156.9 403.612365722656
157.7 28.614330291748
157.9 63.4977874755859
158.1 24.0670776367188
159.0 321.1748046875
159.8 86.6578369140625
161.0 454.891662597656
162.0 30.3767051696777
163.0 104.098159790039
163.7 30.1368579864502
163.8 0.16619873046875
164.0 50.4033126831055
164.1 18.533561706543
165.0 244.60498046875
165.2 14.2822856903076
165.8 30.3853759765625
166.0 213.341766357422
166.7 9.61334228515625
167.0 1385.56555175781
167.9 235.250778198242
168.1 185.196075439453
169.0 87.7313385009766
169.1 17.8042774200439
169.8 40.9615364074707
169.9 32.0265350341797
170.0 204.949722290039
171.0 308.384490966797
171.8 7.21109199523926
172.1 68.9920349121094
173.1 13.0569067001343
174.1 33.5486793518066
174.7 14.2045831680298
174.9 31.0326614379883
175.1 33.627384185791
175.9 24.138599395752
176.0 22.2032413482666
176.8 65.916374206543
177.1 6.31652069091797
177.7 14.6546974182129
177.8 19.2852172851563
177.9 83.2366256713867
178.1 11.4296827316284
178.8 26.1795234680176
179.0 27.6277542114258
179.8 11.5495862960815
179.9 290.485382080078
180.0 270.256652832031
180.1 101.703689575195
181.0 551.70703125
181.8 5.51701545715332
182.1 1141.77758789063
182.9 133.525085449219
183.0 124.534530639648
183.1 125.333984375
183.9 32.1482772827148
184.0 183.448654174805
184.1 96.6057891845703
184.7 30.5750198364258
184.9 62.2350158691406
185.0 49.8750190734863
185.9 46.7450866699219
187.0 119.627700805664
188.6 11.45751953125
188.9 111.343589782715
189.9 7.59008836746216
190.1 10.6418085098267
190.9 269.759521484375
191.0 37.0863342285156
191.9 185.911468505859
192.1 30.4677543640137
193.0 100.845138549805
193.9 134.722229003906
194.0 265.961059570313
194.2 19.6682662963867
195.0 355.954833984375
195.7 32.661205291748
196.0 395.572204589844
197.0 391.263885498047
197.8 46.8178405761719
197.9 9.35484313964844
198.0 22.5998840332031
198.2 10.3476877212524
199.1 94.7720642089844
199.8 103.640899658203
200.8 212.371200561523
201.7 32.3316993713379
202.1 20.7948551177979
202.9 159.069351196289
203.8 7.11366653442383
204.0 109.775131225586
204.6 11.7645578384399
204.8 25.940071105957
205.0 120.473068237305
205.2 11.7732496261597
205.9 25.7754764556885
206.0 32.1991729736328
207.7 10.5775165557861
207.9 83.2616119384766
208.2 24.0147686004639
208.8 118.987319946289
209.0 22.0466918945313
210.0 608.529846191406
210.1 119.113555908203
211.0 224.97119140625
211.9 363.844177246094
212.1 255.043563842773
213.0 274.985290527344
213.1 4.70631790161133
214.1 116.455345153809
217.0 91.0347900390625
218.0 128.193893432617
219.8 62.5712623596191
219.9 29.8980865478516
221.0 123.189605712891
221.1 87.3365936279297
221.7 23.040246963501
221.9 255.177810668945
222.1 397.37353515625
223.0 256.36669921875
223.6 14.660831451416
223.8 6.24995422363281
224.0 85.7444000244141
224.1 143.250930786133
224.6 16.530158996582
225.1 757.909912109375
225.8 19.3444442749023
225.9 23.5409545898438
226.0 137.92301940918
226.1 75.1815719604492
226.4 16.6455574035645
226.6 13.163197517395
226.8 5.25625419616699
227.0 65.6244125366211
227.1 48.5906677246094
227.9 10.9684228897095
228.8 45.3013648986816
229.1 339.40380859375
229.9 9.92507171630859
230.0 94.6038284301758
230.2 6.9047327041626
230.8 36.7465362548828
231.0 110.164131164551
232.1 3344.8251953125
233.0 356.48388671875
234.1 85.5527038574219
234.7 28.4428291320801
235.1 56.4797439575195
235.2 42.0099220275879
236.0 76.8486938476563
238.0 494.390563964844
239.0 582.525207519531
239.8 14.4929714202881
240.0 60.9924240112305
240.1 42.9053993225098
240.9 516.237182617188
241.8 64.1991958618164
241.9 6.55123901367188
242.8 13.9086780548096
242.9 50.6906585693359
244.8 27.1636066436768
245.0 82.8233184814453
245.8 11.4076595306396
246.1 12.4995460510254
246.9 6.1373405456543
247.0 18.1396484375
247.1 29.6363086700439
248.7 24.6489696502686
248.8 0.516218185424805
249.0 5.92074584960938
249.8 43.0417823791504
250.0 25.6450614929199
250.1 62.9190063476563
250.9 85.089729309082
251.0 25.3041648864746
252.1 9259.259765625
252.1 256.871368408203
253.1 1988.35522460938
254.0 175.40754699707
254.1 125.551284790039
255.0 6.14484786987305
255.1 64.5737533569336
256.8 102.500518798828
258.7 4.91201972961426
258.8 79.2612380981445
259.9 16.5717887878418
260.1 28.8482685089111
260.9 32.4694786071777
261.0 52.1226425170898
262.0 17.7857360839844
263.1 22.192684173584
264.1 14.1639080047607
264.9 48.2915191650391
265.9 10.6178369522095
266.1 155.370498657227
266.2 15.8009157180786
267.0 36.1020050048828
267.1 1305.771484375
267.8 19.8748073577881
267.9 156.736114501953
268.1 79.807731628418
268.9 1.12535095214844
270.9 118.661437988281
271.0 186.699279785156
271.9 75.2683868408203
272.0 7.12726974487305
272.2 24.5810279846191
272.9 334.198303222656
273.7 21.6313705444336
273.8 89.2239837646484
274.8 219.75602722168
275.9 127.323585510254
276.1 255.349075317383
276.3 19.45583152771
276.8 14.0007781982422
276.9 157.292114257813
277.1 25.4946594238281
277.2 34.027156829834
278.1 25.5507164001465
278.7 7.35245132446289
278.9 90.1927490234375
279.9 18.4700393676758
280.2 25.1936511993408
280.9 124.164680480957
281.8 13.9011564254761
282.0 30.0332469940186
282.8 19.0462532043457
283.0 46.7034034729004
283.1 3.23654174804688
283.3 7.86858797073364
285.0 166.839508056641
285.7 25.0794296264648
285.8 9.1767578125
286.0 61.8526000976563
287.1 953.279418945313
287.3 32.4440879821777
288.0 52.4635047912598
288.1 180.513565063477
290.0 355.082214355469
290.1 330.466217041016
290.2 62.6577110290527
291.1 961.211791992188
291.8 48.8527526855469
292.0 115.946968078613
292.1 134.483428955078
293.0 373.091979980469
293.9 328.380798339844
295.0 53.6948318481445
295.8 58.4287643432617
295.9 2.94636154174805
296.9 405.099029541016
297.8 64.5149078369141
297.9 64.5693283081055
298.9 53.6478042602539
304.0 10.7719383239746
305.1 42.3817939758301
305.9 18.7504367828369
306.0 197.96240234375
306.1 197.576202392578
306.9 168.284439086914
307.1 10.4477615356445
307.3 10.1632804870605
307.9 10.6503505706787
308.0 84.8347625732422
308.2 139.521926879883
308.8 13.9593486785889
309.1 30.1392002105713
310.8 106.492050170898
311.2 57.6981201171875
312.0 8.77011680603027
313.1 14.0531177520752
314.1 10.4913234710693
314.8 13.7060298919678
315.0 29.0826206207275
315.8 7.1965913772583
317.1 36.6884651184082
318.2 46.9197578430176
318.8 22.4344444274902
319.0 1.06502532958984
319.1 78.3047409057617
320.1 13.6573839187622
323.0 6.86791133880615
323.2 4.53151226043701
328.9 0.152880668640137
330.0 102.511299133301
330.2 323.258392333984
330.3 10.5593843460083
330.9 28.4661998748779
331.1 70.5281066894531
331.2 32.1364097595215
331.9 34.7066383361816
332.1 73.6459274291992
332.2 33.1738471984863
333.0 10.0898761749268
333.2 36.8911056518555
334.0 171.231796264648
334.1 1312.00036621094
334.2 403.954162597656
335.0 134.051574707031
335.1 314.109313964844
335.9 44.2406044006348
336.1 16.213680267334
336.2 10.847146987915
344.9 6.87507009506226
345.0 27.2812728881836
346.9 27.905590057373
348.2 14.1571989059448
349.0 26.3339920043945
349.1 973.190368652344
349.2 405.311492919922
349.8 8.48286819458008
350.0 105.16618347168
350.2 160.803909301758
350.3 98.9544982910156
352.7 3.62546539306641
352.9 14.3110313415527
353.1 1.23487186431885
353.7 28.7152709960938
357.0 10.6975154876709
367.0 21.2726097106934
367.9 10.3370323181152
368.9 5.57052278518677
372.9 12.3319692611694
376.9 10.35142993927
404.9 4.07397222518921
523.2 12.1664552688599
