#"+EI Scan (rt: 4.025-4.083 min, 11 scans) R10M2.D  Subtract "
#Point,X(Thompsons),Y(Counts)
40.1 1947.89221191406
41.1 54437.44921875
42.1 7191.15087890625
43.1 49221.24609375
44.1 3941.392578125
45.0 1963.0244140625
45.9 118.390350341797
46.1 517.320068359375
47.0 10919.5908203125
47.9 41.135440826416
48.0 228.661682128906
48.8 22.7439498901367
48.9 30.4833030700684
49.1 86.2382354736328
49.9 75.7929534912109
50.1 982.685913085938
51.0 3179.46899414063
51.9 50.2054023742676
52.0 1376.38781738281
53.1 4279.78125
54.0 2675.17041015625
55.1 23020.48046875
56.1 5938.99267578125
57.0 1644.00805664063
57.9 20.7960739135742
58.1 339.40380859375
58.1 399.687561035156
59.0 26672.818359375
60.0 1902.01062011719
61.0 3889.81005859375
61.9 27.0245666503906
62.0 2600.80200195313
63.0 5072.05712890625
64.0 1535.69055175781
64.6 41.5802536010742
65.0 2198.06713867188
65.1 67.6471481323242
65.7 30.3602848052979
65.9 7.95231056213379
66.0 516.835327148438
66.9 38.1102447509766
67.0 3145.39379882813
68.1 1631.40270996094
69.1 14939.775390625
69.9 74.5709838867188
70.1 3250.84008789063
71.1 1686.02282714844
72.0 1138.52685546875
72.1 715.689758300781
73.0 4507.88525390625
74.0 1889.24926757813
74.1 143.567947387695
75.0 6013.12158203125
76.0 6229.74951171875
77.0 15290.474609375
78.0 6536.3935546875
79.0 1386.99731445313
79.6 18.7881336212158
79.7 21.9975318908691
79.9 107.806304931641
80.0 50.9777679443359
80.2 104.093894958496
81.0 1757.00146484375
81.9 201.491134643555
82.0 705.924682617188
82.2 87.3414154052734
83.0 4110.6474609375
84.0 514.29345703125
84.1 498.476928710938
84.9 42.0597305297852
85.0 1116.71069335938
85.9 44.0044097900391
86.0 460.676208496094
86.1 290.281219482422
87.0 2488.48266601563
87.1 1473.33093261719
88.0 10258.0908203125
89.0 32724.234375
90.0 5693.7451171875
90.9 259.821105957031
91.0 2687.5029296875
91.8 329.702667236328
92.0 147.487457275391
92.1 235.9755859375
92.4 20.059720993042
93.0 227.677001953125
93.1 22.4005336761475
93.7 39.0822486877441
93.9 48.4380187988281
94.1 43.5420608520508
94.9 34.9261627197266
95.1 235.944137573242
96.0 248.353775024414
96.1 119.03343963623
96.9 113.467933654785
97.0 164.081588745117
97.1 174.186767578125
97.9 65.1232376098633
98.0 2150.24731445313
98.2 179.580627441406
98.9 550.931274414063
99.1 448.130584716797
99.2 23.0626430511475
100.0 1473.97351074219
100.1 387.433227539063
101.0 15740.1240234375
102.0 38620.00390625
103.0 17694.59375
104.0 2980.58129882813
104.9 166.372665405273
105.1 369.777770996094
105.2 86.4932479858398
105.8 59.004467010498
106.0 30.4912185668945
106.1 996.953125
106.3 78.7171936035156
106.5 19.8440093994141
107.0 72.2814102172852
107.1 303.985076904297
107.2 85.9369125366211
107.7 55.1664581298828
108.0 35.5937042236328
108.1 24.4699840545654
108.2 107.869812011719
109.0 2330.5234375
109.8 96.1189498901367
110.0 277.099731445313
110.1 75.4587020874023
110.8 120.060745239258
111.0 77.983268737793
111.1 6.30058288574219
111.5 37.1436882019043
111.9 231.475875854492
112.0 169.305862426758
112.1 102.556617736816
113.0 1460.75170898438
113.1 346.880493164063
114.0 17139.236328125
115.0 57192.62890625
116.0 99011.4375
117.0 17053.125
118.1 6236.68603515625
119.0 316.398315429688
119.0 273.339630126953
119.1 238.589965820313
119.9 84.1203765869141
120.0 178.363525390625
120.1 74.1415786743164
120.6 36.4178733825684
120.8 140.541656494141
121.0 142.527923583984
121.1 54.0988388061523
121.7 20.4807815551758
121.9 34.1870803833008
122.0 70.2157211303711
122.9 83.9546585083008
123.0 199.322570800781
123.7 46.8813209533691
123.9 6.30603981018066
124.1 53.1919288635254
124.8 134.600891113281
125.0 380.238037109375
125.8 18.3275260925293
125.9 551.400756835938
126.1 382.774780273438
126.2 72.2974319458008
127.0 4549.91845703125
128.0 47389.01953125
129.0 84662.9375
130.1 77931.8359375
131.0 12033.490234375
132.1 3436.962890625
133.0 871.960266113281
133.8 16.3137664794922
133.9 123.483200073242
134.1 172.300674438477
134.3 50.2388305664063
135.0 640.088989257813
135.1 277.960083007813
136.1 721.195678710938
137.0 12531.455078125
138.0 1258.18566894531
139.0 1127.76684570313
140.0 1835.01696777344
140.1 966.760498046875
141.0 4705.9833984375
142.0 208.902252197266
142.0 8992.4453125
143.0 85144.859375
144.0 283217.03125
145.1 31736.390625
146.1 3761.6845703125
146.9 398.269805908203
147.1 285.558532714844
147.9 532.828918457031
148.1 1585.62072753906
148.8 11.1433973312378
148.9 42.8221626281738
149.0 365.722930908203
149.1 5.66309928894043
149.8 96.351432800293
150.0 95.9006652832031
150.1 79.7597274780273
150.3 58.1199111938477
151.2 254.234191894531
151.4 267.193817138672
151.5 263.387145996094
151.6 2030.04797363281
151.8 522.093933105469
152.0 5.70131301879883
152.1 36.6592788696289
153.0 1549.17431640625
153.1 213.165222167969
154.1 7940.12890625
155.0 15293.1474609375
156.1 15971.8271484375
157.0 24366.36328125
158.0 12948.8935546875
159.0 5909.3583984375
160.0 4086.65454101563
160.9 46.4744262695313
161.0 1191.7294921875
162.0 464.086303710938
162.2 40.0601768493652
162.3 50.5967063903809
162.7 46.4981307983398
163.0 642.478088378906
163.9 123.890998840332
164.0 62.013801574707
165.0 213.306823730469
165.1 173.343215942383
165.9 194.223297119141
166.0 619.145080566406
167.0 2657.16650390625
167.1 1368.93542480469
168.1 5487.3125
169.0 16.4031219482422
169.1 3255.77709960938
170.1 21630.20703125
171.0 7750.302734375
172.1 3920.43505859375
173.1 79938.390625
174.1 25694.400390625
175.1 2835.10327148438
175.9 664.374450683594
176.0 1858.76208496094
176.7 64.4973754882813
177.0 533.845886230469
177.7 19.3780212402344
177.8 10.0399971008301
177.9 55.1860237121582
178.0 202.000091552734
179.0 244.442520141602
179.1 267.580169677734
180.0 476.682647705078
180.1 491.027130126953
181.0 1546.90417480469
181.9 36.487476348877
182.1 2768.61352539063
183.0 2760.28735351563
184.1 11418.7646484375
185.1 4421.501953125
186.0 432.410522460938
186.1 765.195739746094
186.1 987.195251464844
187.0 281.819763183594
187.1 1436.78381347656
188.0 482.921539306641
188.1 422.678527832031
188.8 27.5489883422852
188.9 242.555053710938
189.1 136.214004516602
190.1 89.7362976074219
190.4 26.8468570709229
191.0 783.559143066406
191.8 30.1027050018311
191.9 100.402084350586
192.0 7.52545928955078
192.1 219.635696411133
193.0 676.882995605469
193.1 95.8629608154297
193.8 94.8980331420898
194.0 381.38330078125
194.2 51.3995018005371
195.0 1729.15808105469
196.1 1128.85400390625
196.9 277.699493408203
197.0 1367.94555664063
198.1 3928.12548828125
199.0 2381.43481445313
199.9 27.174430847168
200.0 1242.22216796875
200.2 229.405181884766
201.0 1470.05639648438
201.1 431.514343261719
201.8 22.5792293548584
201.9 70.4838943481445
202.1 1175.74389648438
203.0 1476.3955078125
203.1 66.6472625732422
204.1 10788.5126953125
205.1 9245.94921875
206.1 4404.943359375
207.0 1405.92626953125
208.1 366.306274414063
209.0 518.594116210938
209.1 120.598533630371
209.8 42.2281455993652
210.0 180.105163574219
210.1 1222.55139160156
211.0 4138.5859375
212.1 12976.138671875
213.1 3355.77709960938
214.1 2282.80346679688
214.2 436.728240966797
215.0 7066.81640625
215.9 381.371215820313
216.0 1348.94909667969
216.9 776.326904296875
217.0 655.961120605469
218.0 652.535766601563
218.1 46.9330787658691
218.9 1957.73217773438
220.0 167.678421020508
220.1 209.724029541016
221.0 255.864562988281
221.1 213.738967895508
221.7 15.1295013427734
222.0 192.78466796875
222.9 234.619979858398
223.0 337.895874023438
223.7 56.8488006591797
223.9 67.5311813354492
224.1 223.262817382813
225.0 651.7451171875
225.1 56.9427337646484
225.8 128.029037475586
225.9 69.7232055664063
226.0 292.207336425781
226.2 122.528610229492
226.3 58.4496726989746
226.9 47.388801574707
227.1 3602.48266601563
228.1 2610.87280273438
228.8 123.027359008789
229.0 1380.01000976563
229.2 325.726379394531
230.1 13390.326171875
231.1 10689.9208984375
232.1 997978.9375
233.1 167075.421875
234.1 15369.7626953125
235.0 1488.6796875
235.9 146.417343139648
236.1 187.418899536133
237.0 3692.1884765625
237.9 74.7342224121094
238.0 586.599060058594
238.9 596.639404296875
239.0 65.8177642822266
239.9 282.132781982422
240.1 68.4879760742188
241.0 745.881958007813
241.7 25.5172271728516
241.9 199.444946289063
242.0 117.935874938965
242.1 102.621803283691
242.5 46.0938148498535
242.7 12.288272857666
242.9 136.58479309082
243.1 275.409057617188
243.3 67.5129089355469
243.9 170.826705932617
244.1 1572.77612304688
244.2 22.140869140625
245.1 4829.3818359375
246.1 2538.20434570313
246.2 315.779724121094
247.0 242.440841674805
247.1 10382.3076171875
248.1 352525.96875
249.1 58531.55078125
250.1 5166.87353515625
251.0 290.853057861328
251.1 198.99609375
252.0 15.2650413513184
252.2 39.8360748291016
252.5 14.8091640472412
253.0 268.553985595703
253.1 257.777099609375
253.9 36.5511512756348
254.0 197.893737792969
254.2 16.756763458252
254.9 168.306549072266
255.0 98.4027862548828
255.2 94.819221496582
256.0 70.1410751342773
256.2 115.227874755859
256.4 29.5424385070801
256.8 25.0643882751465
257.0 145.9521484375
257.1 184.979187011719
257.2 24.7234077453613
258.0 332.639373779297
258.2 80.6064682006836
258.3 41.3624572753906
259.1 1819.74499511719
259.2 840.421325683594
260.1 10533.9345703125
261.0 73.8948669433594
261.1 1938.75891113281
261.9 97.845085144043
262.1 340.983306884766
262.3 26.2424621582031
262.8 18.4320011138916
263.0 181.556213378906
263.1 17.1724433898926
264.2 22.8157939910889
264.7 18.0159130096436
264.9 35.0823669433594
265.0 44.9082221984863
266.8 34.8894309997559
267.0 155.911209106445
267.1 154.638626098633
268.0 25.4482345581055
268.1 76.8554153442383
268.9 67.352653503418
269.0 219.131362915039
269.2 18.0341014862061
270.0 49.8631324768066
270.1 91.3723449707031
270.2 15.6129875183105
270.9 87.1623382568359
271.1 1047.56994628906
271.9 186.13623046875
272.0 202.875289916992
272.2 24.2968730926514
273.0 632.679870605469
273.1 550.749938964844
274.0 147.901702880859
274.1 343.187408447266
274.8 39.5399703979492
274.9 272.699462890625
275.0 0.207077026367188
275.9 77.3156890869141
276.0 129.119125366211
276.1 358.5693359375
276.3 18.4905166625977
276.9 191.410263061523
277.0 447.013977050781
277.7 15.829794883728
277.9 21.8537101745605
278.0 90.9300842285156
278.2 78.1406707763672
278.7 12.4864959716797
278.9 62.6095809936523
279.0 276.561492919922
279.3 15.2983770370483
279.8 15.906795501709
279.9 45.0861740112305
280.1 30.3022174835205
280.7 23.065502166748
280.9 68.2354965209961
281.0 183.289566040039
281.2 34.0074920654297
281.8 15.3852596282959
282.0 28.365686416626
282.2 91.2548522949219
282.8 33.0504684448242
283.0 152.248016357422
283.3 78.5170440673828
284.0 52.022533416748
284.1 48.3216209411621
284.2 22.251766204834
285.1 1426.44909667969
286.1 667.168884277344
286.2 24.7964992523193
287.1 14822.0390625
288.1 7232.7421875
289.0 2514.85791015625
289.9 274.425109863281
290.0 187.522567749023
290.7 35.7572784423828
290.8 26.2737274169922
291.0 274.055236816406
291.8 10.0701427459717
291.9 29.5071601867676
293.0 1462.32482910156
293.7 60.333065032959
294.0 288.681457519531
294.9 234.454864501953
295.0 44.9530487060547
296.0 135.950225830078
297.0 689.04150390625
298.0 136.390350341797
298.1 39.4308967590332
298.5 27.6097240447998
298.8 42.4953689575195
298.9 107.922409057617
299.0 45.8598403930664
299.1 28.9537887573242
299.9 18.0587215423584
300.1 89.8147354125977
300.2 36.9033584594727
301.1 145.382476806641
301.1 1204.25109863281
302.0 148.138565063477
302.1 1249.44738769531
303.2 13513.1474609375
304.0 145.234237670898
304.2 2813.82470703125
304.9 28.3760604858398
305.1 532.719665527344
305.2 25.630578994751
306.1 24.012788772583
306.9 169.879913330078
308.1 13.8433284759521
309.0 18.4448661804199
309.1 25.3540344238281
310.1 65.4335250854492
310.8 3.96932077407837
311.0 102.162521362305
311.1 83.9679870605469
312.0 32.9348983764648
313.0 108.998138427734
313.2 35.2320594787598
314.0 31.3004531860352
314.1 107.150367736816
315.1 12453.47265625
316.1 2831.57788085938
317.1 368.463104248047
317.2 108.91431427002
317.3 46.834888458252
317.9 16.1219673156738
318.1 14.5287847518921
319.0 350.181457519531
319.2 81.9012069702148
320.1 8090.4248046875
321.1 200.12646484375
321.2 1723.71472167969
321.9 21.6212844848633
322.1 229.157135009766
323.0 69.2333831787109
323.1 16.5762462615967
324.1 99.8631362915039
325.0 43.0740013122559
326.9 29.2892284393311
327.1 68.0683975219727
327.8 16.6212882995605
328.0 85.2671890258789
328.1 91.1390838623047
329.0 566.167175292969
329.2 222.780410766602
330.2 1484.28234863281
330.2 783.934509277344
331.1 513.031433105469
331.2 3489.78759765625
331.9 60.4351959228516
332.0 401.474884033203
332.2 477.082824707031
333.1 158.469085693359
333.2 904.849609375
333.9 25.892879486084
334.1 233.2822265625
334.2 37.7206077575684
334.3 33.7319107055664
335.0 37.825366973877
336.0 86.6376342773438
336.3 25.5805416107178
337.9 16.5719585418701
338.9 52.594970703125
339.0 15.7614841461182
339.2 19.165864944458
340.0 44.2036094665527
340.9 18.1188812255859
341.1 86.3533935546875
342.1 333.738586425781
342.2 473.721466064453
343.0 36.3098487854004
343.1 31.1421985626221
343.3 184.882110595703
344.1 798.480285644531
344.2 484.100891113281
345.2 4198.8935546875
346.1 213.799987792969
346.2 502.430938720703
346.3 106.134407043457
347.0 198.393753051758
347.2 373.689544677734
347.3 42.6579895019531
348.2 35.2982902526855
348.4 26.8250980377197
348.9 54.2661590576172
349.0 170.92658996582
349.9 1.25129795074463
350.0 54.7636222839355
351.0 46.0109024047852
352.7 17.0459442138672
352.8 58.2755851745605
353.1 99.4047546386719
355.1 18.501558303833
356.9 18.2721328735352
357.9 14.0421323776245
358.1 16.2760372161865
358.9 29.4848136901855
360.1 77.0055923461914
360.3 63.262508392334
361.0 53.9382438659668
361.1 1159.92529296875
362.2 68699.59375
363.2 16234.7177734375
364.2 2452.8564453125
365.1 197.588226318359
365.2 155.159027099609
366.9 31.8391723632813
367.0 34.3310623168945
370.8 17.9313049316406
371.0 46.3792343139648
374.1 40.1152496337891
374.3 35.9118995666504
375.1 36.0345802307129
378.2 15.9776124954224
400.8 29.7258434295654
401.2 43.0521850585938
408.8 13.701416015625
409.0 23.7862167358398
413.0 14.4207420349121
