#"+EI Scan (rt: 4.526-4.602 min, 14 scans) R4M2.D  Subtract "
#Point,X(Thompsons),Y(Counts)
40.1 797.040161132813
41.1 20447.51953125
42.1 1986.51953125
43.1 7796.8251953125
44.0 14491.13671875
45.0 1038.32885742188
45.9 93.2512817382813
46.1 99.8513641357422
46.8 74.8311157226563
47.1 52.7952041625977
48.9 31.3322982788086
49.0 11.5155162811279
50.0 597.240539550781
51.0 672.248046875
51.1 613.999389648438
51.9 261.444427490234
52.0 402.453063964844
52.2 71.4078369140625
53.0 3527.53979492188
54.1 2642.46728515625
54.2 114.324340820313
55.1 43735.15234375
56.1 5211.33349609375
57.0 2873.30615234375
58.0 322.963317871094
58.2 56.3775329589844
59.0 2319.7607421875
59.9 188.887939453125
60.7 12.39146900177
60.9 71.0125579833984
62.0 911.346252441406
63.0 1666.06225585938
64.0 492.512573242188
65.0 1562.53234863281
65.9 138.573989868164
66.0 229.534271240234
66.1 342.586090087891
67.1 6107.13671875
67.9 68.8617630004883
68.1 1261.65307617188
69.0 880.243469238281
69.1 2034.43566894531
70.0 95.6224517822266
70.1 2032.66284179688
70.2 191.89274597168
71.0 63.3507118225098
71.1 2080.79174804688
72.1 11482.9443359375
73.0 2409.2021484375
73.8 46.5278282165527
73.9 196.396392822266
74.0 187.893310546875
74.2 31.0116710662842
74.9 65.1353225708008
75.0 1460.71557617188
76.0 347.177673339844
76.0 3541.72998046875
77.0 9717.294921875
78.0 2328.77734375
79.0 2099.37084960938
80.0 518.795654296875
80.1 243.680267333984
81.0 2266.7958984375
82.0 1104.53894042969
83.1 6497.30859375
83.9 267.57861328125
84.1 880.252380371094
85.0 532.5087890625
85.1 142.02507019043
85.9 47.1333427429199
86.1 746.7509765625
86.8 49.6693840026855
86.9 308.532073974609
87.1 673.649841308594
88.0 7228.0869140625
89.0 6378.5380859375
90.0 11280.8603515625
90.9 533.096252441406
91.0 2234.18627929688
91.8 12.2287445068359
92.0 539.947082519531
92.1 67.9995040893555
93.1 1180.67321777344
93.9 16.2773094177246
94.0 498.455810546875
94.1 96.3676910400391
95.0 3092.12939453125
96.0 327.681335449219
96.1 469.655120849609
97.0 271.745758056641
97.1 3655.14282226563
98.0 1330.10510253906
98.1 774.527954101563
99.0 479.628784179688
99.9 42.8322944641113
100.0 352.30517578125
100.1 140.800704956055
100.2 25.6602878570557
100.8 101.931312561035
101.0 689.696594238281
101.1 61.4094314575195
102.0 7979.90869140625
103.0 33347.09375
104.0 10263.3203125
105.0 1513.40197753906
105.9 30.5872497558594
106.1 247.41455078125
106.8 14.4042148590088
106.9 14.3455657958984
107.1 138.037322998047
107.8 63.4019088745117
108.0 36.507755279541
109.0 1061.611328125
109.9 58.4001388549805
110.0 321.4970703125
110.2 31.9868869781494
110.8 33.4177436828613
110.9 212.376953125
111.2 26.6392822265625
111.8 44.7036552429199
112.0 25.8411521911621
112.9 65.7893981933594
113.0 25.6155338287354
113.2 36.201343536377
113.8 55.3184547424316
114.0 368.572113037109
114.2 40.1622581481934
114.9 72.017692565918
115.0 2059.67919921875
116.0 542.734252929688
116.1 1434.19018554688
117.0 6209.638671875
118.0 321.945251464844
118.1 2625.06713867188
119.0 981.354309082031
119.8 68.7290954589844
120.0 72.8658828735352
120.1 108.964515686035
120.3 14.1480388641357
120.8 117.691352844238
121.0 141.500442504883
121.1 16.7081317901611
122.0 69.0122451782227
122.7 29.3912792205811
123.0 106.470573425293
123.8 49.7606811523438
125.0 385.41943359375
125.8 16.2735805511475
126.0 39.995189666748
126.1 171.019760131836
126.9 333.451141357422
127.0 758.661254882813
127.8 50.6950035095215
128.0 1855.67541503906
128.1 262.039733886719
129.0 10977.8046875
130.0 13159.31640625
131.0 37459.18359375
132.0 6309.7470703125
133.0 398.615600585938
133.1 362.576629638672
133.8 69.3563842773438
135.0 228.094787597656
135.1 302.811218261719
135.9 26.4631385803223
136.1 105.754890441895
137.0 5308.759765625
138.0 744.916748046875
138.9 245.681259155273
139.9 180.31575012207
140.0 186.292083740234
140.1 98.5758895874023
140.8 76.4623565673828
141.0 534.962524414063
141.8 23.8707809448242
142.0 246.451934814453
142.1 746.799194335938
143.0 2428.74560546875
144.1 8075.31689453125
145.0 148003.609375
146.0 14520.134765625
147.0 1539.07312011719
147.8 52.1537857055664
147.9 93.2858200073242
148.1 116.398963928223
148.8 36.951343536377
149.0 122.69401550293
150.0 12.6528615951538
150.1 15.2424459457397
150.7 62.4372367858887
151.1 507.026611328125
151.8 117.256416320801
152.0 39.9508514404297
152.1 28.5736713409424
152.8 37.2567443847656
153.0 13.7391357421875
153.1 218.314712524414
153.2 20.0134601593018
153.7 22.7233734130859
153.9 76.2372055053711
154.1 303.972045898438
155.0 1868.056640625
156.0 121.126052856445
156.1 1930.41760253906
157.0 3200.6435546875
157.9 171.947509765625
158.0 4752.751953125
158.1 234.202362060547
159.0 3726.3115234375
160.0 1192.59106445313
160.9 152.873138427734
161.0 894.037353515625
161.9 151.170272827148
162.1 93.6957626342773
163.0 606.531860351563
163.8 58.6585884094238
164.0 62.3232269287109
164.7 15.0437240600586
164.9 169.697296142578
165.1 29.581262588501
165.9 100.755332946777
167.0 468.187805175781
168.0 779.804870605469
168.9 258.123352050781
169.1 2128.25561523438
169.8 155.664413452148
170.0 444.507263183594
170.1 333.702880859375
170.9 116.833503723145
171.0 976.670532226563
171.1 251.533950805664
171.8 15.9658374786377
172.0 859.080505371094
172.1 199.449493408203
172.8 92.4191055297852
173.0 713.238220214844
173.1 121.376930236816
174.0 4303.7685546875
174.9 56.7552108764648
175.1 2047.48986816406
175.7 14.4535655975342
175.9 18.6013965606689
176.0 204.552749633789
176.7 23.8632011413574
176.9 108.281173706055
177.0 23.3114929199219
177.9 15.4312515258789
178.8 28.2511196136475
179.8 28.6194496154785
179.9 20.274995803833
180.0 75.6116409301758
180.2 35.265251159668
181.0 459.0556640625
181.7 13.5707550048828
181.8 28.5443019866943
181.9 111.743774414063
182.0 257.642608642578
182.1 142.833114624023
182.9 302.30224609375
183.0 855.301391601563
184.0 360.323547363281
184.2 220.516357421875
184.7 22.744535446167
185.0 1987.24548339844
185.1 43.370002746582
186.0 3097.24536132813
186.9 499.202209472656
187.1 404.526428222656
187.8 23.8476505279541
187.9 54.7396125793457
188.0 166.687774658203
188.9 50.8188858032227
189.0 47.5158309936523
189.9 37.0614280700684
190.8 247.378952026367
191.0 332.38330078125
191.8 7.06962585449219
192.0 62.8400421142578
192.7 37.4015693664551
193.0 816.906921386719
193.8 11.2705154418945
193.9 40.1470794677734
194.2 17.8659324645996
194.8 79.6959838867188
195.0 462.883087158203
195.9 178.978958129883
196.0 114.55061340332
196.8 98.1371612548828
197.0 469.914367675781
197.9 116.712745666504
198.0 51.5363845825195
198.1 250.348861694336
198.8 74.5863265991211
198.9 289.157836914063
200.0 607.639282226563
200.1 122.140617370605
200.9 170.115188598633
201.1 506.209869384766
201.8 109.452613830566
201.9 145.642715454102
202.7 51.0974655151367
202.9 61.4323921203613
203.7 36.5619316101074
204.0 111.848487854004
204.1 15.2453508377075
204.9 261.970306396484
205.1 19.3692626953125
205.2 15.2641496658325
206.0 14.3941974639893
207.0 589.30810546875
207.8 33.4347953796387
208.1 166.65299987793
209.0 388.108245849609
209.1 23.826322555542
209.9 135.2880859375
210.1 584.503540039063
210.2 136.249053955078
211.0 2255.49560546875
212.1 2098.6591796875
213.1 2382.11181640625
213.9 77.6882705688477
214.0 440.12255859375
214.1 803.275817871094
215.0 2272.552734375
216.0 1724.03234863281
217.0 1110.61584472656
217.5 19.0200252532959
217.7 26.5444602966309
218.1 83.5657119750977
218.9 309.860595703125
219.9 218.192733764648
220.0 260.420135498047
220.1 53.2045097351074
220.9 180.370086669922
221.0 177.770721435547
222.0 23.1168060302734
222.6 24.9895362854004
222.9 40.3082046508789
223.0 273.223693847656
223.9 47.2530784606934
224.0 76.6363677978516
224.1 93.6480712890625
224.6 15.6767482757568
224.8 63.1553764343262
225.0 35.7325744628906
225.1 219.853866577148
225.9 64.5610275268555
226.0 207.594482421875
226.2 50.0667991638184
226.8 32.0758895874023
226.9 216.454376220703
227.0 61.2793579101563
227.2 39.4069213867188
228.0 102.340217590332
228.1 5779.06103515625
229.0 297.405334472656
229.1 3555.484375
230.1 663.703247070313
230.2 236.272857666016
230.9 12.53662109375
231.0 207.918746948242
232.1 809.660278320313
233.0 2039.40625
233.9 822.635620117188
235.0 753.757995605469
235.9 90.9513778686523
236.0 173.014450073242
237.0 1787.48291015625
238.0 1303.54309082031
239.1 5164.3837890625
240.1 3565.18676757813
241.1 274807.65625
242.1 47192.78125
242.7 32.5973854064941
243.1 4433.021484375
243.2 31.4073600769043
244.1 325.122283935547
244.2 64.7717437744141
244.9 19.2654056549072
245.1 64.6162719726563
245.9 12.188362121582
247.0 15.1812362670898
248.0 52.8914451599121
248.1 237.251983642578
248.8 39.9586982727051
248.9 83.9619827270508
249.2 19.311918258667
251.1 11.8294429779053
252.0 52.811149597168
252.9 60.0004348754883
253.0 218.899536132813
253.1 488.756530761719
253.2 65.6449508666992
253.8 15.9042510986328
254.0 114.972969055176
254.2 146.270858764648
254.9 67.2502899169922
255.1 777.603210449219
255.2 70.3848037719727
256.1 1668.56713867188
256.2 384.816650390625
257.0 55.2882461547852
257.1 2029.38269042969
258.0 268.941558837891
258.1 158.50065612793
258.6 16.3818702697754
258.8 57.7551078796387
259.0 104.807739257813
259.2 15.3597278594971
260.0 37.6418991088867
260.8 79.0849685668945
260.9 13.5936422348022
265.9 13.5514659881592
266.9 87.5494995117188
267.1 14.2866735458374
267.9 77.50341796875
268.0 30.0343036651611
268.1 488.89013671875
268.3 24.2764530181885
268.8 32.7638282775879
269.0 109.383079528809
269.1 398.334167480469
269.2 35.2572059631348
269.9 56.4763793945313
270.0 191.519760131836
270.1 71.0750732421875
270.3 15.3456287384033
270.8 114.02978515625
271.0 19.1608581542969
271.0 98.6968765258789
271.8 38.4840660095215
271.9 15.7873916625977
272.2 28.3868808746338
273.0 873.554321289063
273.8 57.7705955505371
274.0 117.921859741211
274.2 38.1994209289551
274.7 66.911003112793
275.0 227.15739440918
275.7 13.1081418991089
275.9 143.399154663086
276.7 45.025951385498
276.8 18.654296875
276.9 179.681640625
277.1 24.8704891204834
277.9 40.5094413757324
278.1 16.7047748565674
278.8 130.676956176758
279.0 89.4737014770508
279.9 46.8633613586426
280.1 107.863273620605
280.2 236.008926391602
280.4 11.6895618438721
280.7 14.4853677749634
280.9 147.043426513672
281.0 31.0867309570313
281.1 73.1061782836914
281.9 69.6129302978516
282.1 86.9144973754883
282.5 16.6467227935791
282.9 49.4702033996582
283.0 196.575531005859
283.2 75.4559936523438
283.9 16.2096328735352
284.1 52.9550704956055
284.2 26.7973365783691
285.0 401.542755126953
285.9 47.2148704528809
286.0 137.228240966797
286.1 62.8815994262695
286.8 30.4971714019775
286.9 102.861885070801
287.2 53.0303764343262
287.9 52.2535133361816
288.0 41.6647033691406
288.9 481.227172851563
290.0 372.9130859375
290.8 64.2158355712891
290.9 416.68896484375
292.0 69.2410278320313
293.0 307.63720703125
293.9 48.7972106933594
294.0 28.5570373535156
294.4 34.6551475524902
295.1 2041.599609375
296.0 246.374145507813
296.1 782.640502929688
296.2 188.092514038086
296.9 567.004211425781
297.0 501.080596923828
297.2 143.030807495117
297.8 80.2413940429688
298.0 210.268432617188
298.1 42.7618064880371
298.7 26.5911388397217
298.8 160.224395751953
299.0 34.2653541564941
299.6 22.4625568389893
300.7 28.4090728759766
301.0 15.2533645629883
302.6 11.38498878479
302.8 38.647216796875
303.1 25.4773654937744
303.9 44.8839912414551
305.0 70.4406356811523
305.3 16.2560386657715
305.9 17.6405048370361
306.7 10.9548673629761
307.0 144.681854248047
308.0 20.5564079284668
308.2 15.7030572891235
308.4 29.4140586853027
308.6 12.858172416687
308.9 49.9765014648438
309.1 67.0328826904297
310.0 59.257453918457
310.1 453.742462158203
310.2 445.456817626953
310.5 18.61403465271
311.1 1373.64025878906
312.2 164211.96875
313.2 36317.75390625
314.2 4378.3544921875
315.0 164.178024291992
315.1 172.122039794922
315.3 74.0512619018555
320.2 14.3658380508423
322.2 57.7541542053223
322.8 12.1694421768188
323.1 130.261672973633
323.2 20.0849666595459
323.9 60.7051200866699
324.0 140.412384033203
324.1 200.00080871582
324.9 34.2209930419922
325.1 20.5445384979248
325.2 19.1910800933838
326.7 17.0205669403076
327.8 11.0008325576782
328.9 13.5982999801636
330.6 11.4318380355835
330.7 27.3394737243652
330.9 30.7481117248535
331.7 11.8660259246826
332.7 11.5452899932861
332.8 12.4934606552124
332.9 11.0261449813843
334.9 27.1499977111816
336.1 711.834289550781
336.2 284.316162109375
336.7 25.2487449645996
336.9 19.8402881622314
337.1 256.451721191406
337.3 17.0988941192627
338.0 248.900863647461
338.2 490.762298583984
339.1 614.601196289063
339.2 72.030632019043
340.0 64.8341064453125
340.1 44.3743324279785
340.7 16.1220893859863
341.0 92.8122177124023
341.1 150.104400634766
341.2 141.952743530273
342.1 29.3854064941406
342.2 44.2856101989746
344.0 13.5543766021729
344.9 37.8398132324219
346.9 13.0811529159546
348.1 19.5114917755127
348.8 31.6996612548828
349.1 64.482551574707
350.0 34.0251579284668
350.9 35.7571487426758
352.7 19.4874477386475
352.9 23.3798828125
353.1 19.7565422058105
353.9 14.5855531692505
355.0 11.4363708496094
355.1 27.3183326721191
356.0 16.3142967224121
356.2 524.650207519531
356.3 343.985626220703
357.0 68.4611358642578
357.2 166.02766418457
358.9 23.2981586456299
359.1 20.8583316802979
362.3 12.6963224411011
367.1 33.3737449645996
370.9 37.4844703674316
377.1 12.0632486343384
384.8 13.7665176391602
400.9 13.1616487503052
