#"+EI Scan (rt: 5.371-5.482 min, 20 scans) R2M2.D  Subtract "
#Point,X(Thompsons),Y(Counts)
41.1 689.508911132813
41.9 69.7967300415039
42.0 253.663619995117
42.1 103.939529418945
42.9 2.45120239257813
43.1 582.322387695313
43.9 88.9362945556641
44.0 2113.18310546875
44.8 38.3500061035156
44.9 21.6093292236328
45.1 7.72941589355469
46.0 46.1030349731445
46.8 24.9201526641846
47.1 24.6438789367676
48.9 57.4398918151855
49.9 29.4012222290039
50.0 202.575942993164
51.0 441.861755371094
51.1 36.4710464477539
51.9 93.1013946533203
52.9 189.093780517578
53.0 366.112457275391
54.0 149.5888671875
54.1 83.0285568237305
55.0 316.696563720703
55.2 33.4453048706055
56.0 380.174468994141
56.1 56.3621826171875
56.9 92.384521484375
57.0 381.917724609375
58.0 21.4627075195313
58.1 97.3119659423828
58.3 20.5867671966553
59.0 670.0732421875
59.9 23.2388591766357
60.0 81.1658020019531
60.2 18.2216053009033
60.9 45.7800712585449
61.0 45.8315658569336
62.0 465.548095703125
62.1 231.231521606445
62.9 190.60319519043
63.0 549.371765136719
64.0 110.426574707031
64.1 74.4575653076172
64.8 89.8352355957031
65.0 263.940521240234
65.1 33.3830261230469
65.8 31.6839027404785
66.9 146.660430908203
67.2 25.8917846679688
67.9 63.7811965942383
68.0 175.236846923828
68.2 51.5643844604492
68.9 158.291290283203
69.0 33.4127197265625
69.1 51.8276596069336
69.9 87.4067535400391
70.0 897.069702148438
70.1 76.9146575927734
70.9 82.7406463623047
71.0 270.140319824219
71.2 59.3684692382813
71.9 78.2476501464844
72.1 1065.11987304688
72.1 503.95458984375
73.0 27.46435546875
74.0 303.665832519531
74.1 131.94172668457
75.0 700.1748046875
75.9 93.3678970336914
76.0 710.337036132813
77.0 2002.06640625
78.0 74.99365234375
79.0 154.623779296875
79.7 9.5124626159668
79.9 104.075134277344
80.2 51.0828132629395
81.0 583.525146484375
81.9 25.3950614929199
81.9 54.1454467773438
82.1 51.3916625976563
83.0 5129.52001953125
83.9 269.620025634766
84.0 114.411987304688
85.0 370.529541015625
85.1 41.5595932006836
85.2 16.9736309051514
85.8 48.1340255737305
86.0 137.459259033203
87.0 424.219970703125
87.2 53.2015075683594
87.8 42.7448120117188
88.0 3056.50317382813
89.0 1531.80029296875
89.9 78.8467559814453
90.0 1494.97924804688
91.0 97.9155426025391
91.1 174.393463134766
91.8 11.588171005249
92.0 41.8618965148926
92.1 36.1709022521973
93.1 205.246871948242
93.1 54.529857635498
93.8 34.4480400085449
94.8 81.3560104370117
95.0 86.2938385009766
95.1 273.891998291016
96.0 581.375366210938
96.7 9.68141746520996
97.0 236.340118408203
97.1 109.50520324707
98.0 209.804290771484
98.1 40.6373519897461
98.8 27.358814239502
99.0 19.4400329589844
99.1 15.4925937652588
99.8 16.2387237548828
100.0 70.9241790771484
100.2 15.1747007369995
100.7 31.4725227355957
100.9 72.6891860961914
101.1 105.629676818848
102.0 1120.2587890625
102.1 528.908325195313
102.8 23.3242092132568
103.0 966.344604492188
103.9 90.1414642333984
104.0 443.762298583984
104.1 110.031288146973
104.8 8.73579692840576
104.9 159.018478393555
105.1 233.978225708008
105.2 30.2617073059082
105.7 15.8628768920898
105.9 116.610427856445
106.1 56.4974365234375
106.2 8.08906745910645
106.8 39.3276443481445
107.0 1231.42712402344
107.6 12.3730344772339
108.1 1528.80310058594
108.3 105.575057983398
109.0 70283.0234375
110.0 5881.490234375
111.0 442.780944824219
111.6 12.6511735916138
111.7 7.67160892486572
111.9 32.9705848693848
112.1 25.99485206604
112.8 59.2909965515137
112.9 183.466918945313
113.7 9.77579784393311
113.8 78.4284362792969
114.2 8.62972068786621
115.0 11.6740112304688
115.1 104.337112426758
115.9 8.34463500976563
116.0 131.969421386719
116.1 171.486083984375
116.8 130.878326416016
117.0 283.737060546875
117.1 41.7409896850586
118.0 456.243591308594
118.2 93.4092864990234
118.9 169.583221435547
119.0 6.15692901611328
119.8 10.7183780670166
119.9 60.6379508972168
120.0 16.6006469726563
120.8 41.4540100097656
120.9 119.519630432129
121.1 207.77490234375
121.6 21.9515647888184
121.9 218.820846557617
122.0 183.141937255859
122.9 378.790985107422
123.7 8.23821926116943
123.9 54.8262138366699
124.0 20.3659915924072
124.8 68.8727951049805
125.1 38.5779647827148
125.8 89.2496948242188
125.9 41.134765625
126.1 57.3538436889648
126.9 196.739135742188
127.2 13.6039381027222
127.8 15.3104343414307
128.0 89.4551239013672
128.1 63.8329963684082
128.2 34.9878158569336
128.9 6.58889770507813
129.0 1102.42565917969
130.0 352.441345214844
130.9 35.6348114013672
131.0 765.02294921875
131.8 55.6847534179688
131.9 124.179672241211
132.0 148.596939086914
132.2 14.893030166626
132.9 189.065200805664
133.1 39.5397262573242
133.8 69.7170257568359
134.1 43.9061012268066
135.0 941.593383789063
135.7 13.9724864959717
136.1 209.849243164063
137.0 2643.517578125
138.8 68.5595321655273
139.0 79.24169921875
139.1 194.166397094727
139.9 124.091049194336
140.8 74.2815017700195
141.0 6.0430908203125
141.1 158.986328125
141.6 10.3384094238281
141.8 55.9778137207031
141.9 93.8893508911133
142.1 19.4057426452637
142.7 11.9143800735474
142.8 98.4209976196289
142.9 115.850189208984
143.9 98.4391098022461
144.0 541.896362304688
145.0 7224.892578125
145.8 14.0121536254883
145.9 636.618896484375
146.0 215.856567382813
146.6 9.01740074157715
146.8 11.6218290328979
146.9 198.940826416016
147.0 1.05323028564453
147.1 14.2598419189453
147.6 7.88003778457642
147.8 24.6808090209961
148.8 22.4345798492432
149.0 123.205642700195
149.8 19.496114730835
150.0 19.9763889312744
150.9 147.855361938477
151.0 285.770355224609
151.7 15.8302402496338
151.9 2.63533020019531
152.0 112.191284179688
152.8 31.5491027832031
152.9 213.291305541992
153.8 18.487247467041
154.1 45.5172500610352
154.2 9.24427223205566
155.0 701.261962890625
155.9 57.5971984863281
156.0 20.1730041503906
156.7 55.5340156555176
156.9 646.283813476563
157.9 60.802131652832
158.1 153.714050292969
158.2 32.7653160095215
159.0 867.59716796875
159.9 577.643493652344
160.8 175.0380859375
161.0 160.041656494141
161.7 9.9519681930542
161.9 44.7881126403809
162.0 42.6861038208008
162.9 84.9580688476563
163.8 8.15981197357178
163.9 41.9463500976563
164.0 38.3777961730957
164.8 89.7153015136719
165.0 194.352691650391
165.8 29.3140716552734
166.0 30.1095695495605
166.1 18.3530387878418
166.8 157.033355712891
167.1 42.028923034668
167.8 70.5325469970703
168.1 106.980880737305
168.8 94.0836029052734
169.0 273.454833984375
169.1 30.469446182251
169.8 30.1109409332275
169.9 101.528495788574
170.0 152.38249206543
170.3 13.980206489563
170.7 42.316234588623
171.0 233.383102416992
171.0 19.4454956054688
171.9 149.773483276367
172.1 203.464630126953
172.3 10.6878433227539
172.8 48.6311836242676
173.0 450.100280761719
173.1 149.510711669922
173.8 23.8963813781738
174.0 112.891891479492
174.2 52.2656745910645
174.9 68.0794677734375
175.0 100.525192260742
175.2 11.5766639709473
175.7 8.21616268157959
175.8 45.2188568115234
176.0 141.475250244141
176.9 245.30126953125
177.0 112.365203857422
177.2 15.7743167877197
177.7 8.00259208679199
177.8 13.0648775100708
178.0 57.6101303100586
179.0 43.5111274719238
179.7 13.9882564544678
180.0 40.4418334960938
180.1 75.6709213256836
180.9 513.208251953125
181.0 162.199066162109
181.6 13.5355453491211
181.7 20.0246849060059
182.0 72.2958221435547
182.8 12.3408718109131
182.9 169.774658203125
183.1 31.8493499755859
183.8 8.35320472717285
183.9 71.0023651123047
184.1 9.98019504547119
184.8 71.6855087280273
185.0 234.434326171875
185.8 30.4979496002197
185.9 165.332305908203
186.0 477.627532958984
186.2 11.9104604721069
186.9 216.978378295898
187.0 204.283737182617
187.8 17.8233547210693
187.9 7.79465198516846
188.1 44.4174385070801
188.7 63.6978149414063
189.2 10.3281316757202
189.8 19.6649723052979
190.3 8.64615821838379
190.9 588.700256347656
191.1 14.0179195404053
191.9 12.5452041625977
192.0 77.5595855712891
192.1 41.6731185913086
192.8 85.4113540649414
193.1 34.6739349365234
193.8 39.7508316040039
193.9 150.215103149414
194.0 161.714447021484
194.4 17.5369319915771
194.9 849.739379882813
195.9 117.470916748047
196.1 334.181793212891
196.9 288.370544433594
197.0 64.5993347167969
198.0 311.976898193359
198.8 180.974746704102
199.0 114.807678222656
199.1 44.4160995483398
199.7 35.6088790893555
199.8 54.4044799804688
199.9 72.7784729003906
200.1 22.0805587768555
200.9 687.419250488281
201.8 77.9161224365234
202.7 13.4911851882935
202.9 18.8509979248047
203.2 13.7081546783447
203.9 67.065299987793
204.0 7.65080165863037
204.1 7.85043573379517
204.9 115.256286621094
205.0 179.612258911133
205.1 26.0899963378906
205.9 38.9404029846191
206.0 39.1958084106445
206.1 17.3910160064697
206.9 209.263870239258
207.1 540.431457519531
207.8 73.9078521728516
207.9 289.88623046875
208.2 20.356575012207
209.0 201.254516601563
209.2 12.9808931350708
209.3 11.4484758377075
209.8 19.4521903991699
209.9 39.0307235717773
210.1 91.7702178955078
211.0 490.92431640625
211.7 24.4706249237061
212.9 465.874572753906
213.1 19.3648567199707
213.8 38.4910507202148
214.1 147.975997924805
214.2 33.0953521728516
215.0 1789.5224609375
216.0 261.531005859375
217.0 269.142211914063
217.7 74.7889633178711
217.9 12.0258331298828
220.0 288.399230957031
220.8 130.060089111328
221.9 67.1144638061523
222.0 78.7134017944336
222.9 377.692565917969
223.0 674.61572265625
224.0 494.981353759766
224.1 212.967681884766
225.0 493.206024169922
225.1 451.810546875
225.8 49.4552268981934
226.0 341.553558349609
226.2 75.4467849731445
226.7 48.6386985778809
227.0 208.444122314453
227.9 37.1506423950195
228.1 18.4707012176514
228.8 42.939208984375
229.0 374.295074462891
229.8 51.061939239502
230.0 27.4213562011719
230.8 52.7010383605957
231.9 52.8666076660156
232.1 54.4687423706055
233.0 629.3056640625
234.0 463.018218994141
235.0 374.484802246094
235.1 84.4556350708008
236.0 48.721061706543
237.0 205.0888671875
237.9 591.527709960938
238.9 517.189758300781
240.0 165.125518798828
241.0 751.053588867188
241.8 24.106466293335
242.1 104.840065002441
242.9 60.4839859008789
243.0 41.4456367492676
244.8 45.5488624572754
244.9 45.5629196166992
246.8 18.0637454986572
247.8 13.791711807251
248.0 30.7250556945801
248.7 7.81345891952515
248.9 84.3106460571289
249.0 106.751991271973
249.1 31.3928642272949
249.7 15.6800746917725
249.9 50.644401550293
250.9 155.880889892578
251.0 291.16357421875
251.8 26.221752166748
251.9 139.528961181641
252.0 447.454895019531
253.1 47317.35546875
254.1 8112.3447265625
254.9 247.564529418945
255.0 729.145812988281
255.9 8.21640968322754
256.0 22.4464912414551
256.1 37.7829170227051
256.8 10.2558107376099
256.9 156.361251831055
257.8 18.8409233093262
258.1 9.96212482452393
259.0 33.0956764221191
260.0 8.56093788146973
261.0 30.9970703125
264.0 21.3767185211182
264.9 51.0319404602051
265.0 16.3989143371582
265.9 7.94003677368164
266.7 24.7222785949707
266.9 114.686561584473
267.1 59.146858215332
268.0 37.174430847168
268.9 62.1961212158203
269.1 587.531860351563
269.8 10.2631530761719
269.9 50.4191589355469
270.1 60.390266418457
270.7 21.5080146789551
271.0 144.738494873047
271.9 33.9100761413574
272.0 46.5529251098633
272.9 371.599670410156
274.1 37.608470916748
274.2 8.06997108459473
274.9 113.70051574707
275.0 160.388732910156
275.7 8.32556915283203
275.9 112.074203491211
276.0 30.4013423919678
276.9 47.4048309326172
277.0 146.610092163086
277.8 40.0993118286133
278.0 168.462493896484
278.1 38.6703567504883
278.3 8.50585174560547
278.7 8.61545181274414
278.8 95.5785522460938
279.1 11.5262279510498
279.9 42.1858520507813
280.1 45.2901229858398
280.8 41.734935760498
281.1 157.005096435547
281.2 22.7255535125732
281.9 13.2053632736206
282.9 21.1000556945801
283.0 34.3699645996094
284.8 144.365432739258
284.9 146.392211914063
285.9 77.3437957763672
286.2 24.8753852844238
286.9 105.556602478027
287.0 12.6055603027344
289.8 69.9168701171875
289.9 257.095764160156
290.7 14.4760208129883
290.9 133.911422729492
291.0 14.6803207397461
291.8 45.9922256469727
292.8 112.031631469727
293.0 252.63623046875
293.8 193.10612487793
294.2 13.8058414459229
294.9 410.104827880859
295.0 160.284744262695
295.8 11.8877334594727
296.1 94.8951644897461
296.3 19.4255695343018
296.7 87.5068359375
297.0 229.76969909668
297.0 85.0788345336914
297.7 30.6191215515137
298.1 7.85390472412109
298.8 32.4016456604004
298.9 71.2252044677734
299.0 50.0807571411133
299.9 17.7998199462891
300.9 21.5378761291504
302.0 10.3948936462402
302.7 27.1281681060791
303.1 58.3460807800293
303.9 9.93214225769043
305.1 45.9748725891113
305.9 7.59021472930908
306.0 21.4984111785889
306.7 8.51774883270264
306.8 32.4560928344727
307.0 128.563293457031
307.1 33.3810043334961
307.3 8.8038158416748
307.6 12.9986553192139
307.9 11.7596588134766
308.0 8.48403549194336
308.1 12.876802444458
308.9 48.6001091003418
309.0 75.8866119384766
309.1 41.2879600524902
309.9 18.7249088287354
310.8 13.9859895706177
311.1 54.890625
311.9 37.1881637573242
312.0 175.266006469727
312.2 52.0404281616211
312.3 19.3360290527344
313.0 8.94065380096436
315.0 52.1915588378906
315.2 8.41271305084229
319.1 16.4528694152832
320.8 42.6926689147949
320.9 44.6213455200195
321.1 120.762756347656
321.9 30.2694187164307
322.0 106.968978881836
322.1 63.4863204956055
322.8 11.3530540466309
323.0 49.1029586791992
323.1 129.774536132813
324.1 24111.16796875
325.1 5509.130859375
326.0 41.9117317199707
326.1 590.717163085938
326.3 58.1857299804688
327.0 61.9832954406738
327.2 39.4568672180176
328.8 25.7740440368652
329.0 8.78149223327637
330.7 13.2127552032471
330.9 40.3431282043457
332.7 18.8447437286377
332.9 10.8757495880127
333.7 8.80849933624268
334.9 56.4740905761719
335.1 25.170862197876
336.0 17.53932762146
339.1 17.6561603546143
339.9 9.17092704772949
344.6 8.25352478027344
347.0 9.39465999603271
348.1 12.0477361679077
348.7 9.05710887908936
348.9 152.720367431641
349.0 37.4987373352051
349.1 16.7986736297607
349.7 9.50963973999023
349.9 21.5668296813965
350.1 153.957717895508
350.2 176.604583740234
350.9 18.6990585327148
351.0 142.68586730957
351.1 111.09765625
352.1 18.2226295471191
352.5 7.93890762329102
352.7 7.89129877090454
352.8 58.503288269043
356.8 27.1712341308594
358.8 8.6533145904541
366.8 13.1465015411377
367.0 27.2888851165771
368.1 34.0205307006836
368.2 68.4677886962891
369.1 12.2719697952271
370.8 19.4111633300781
370.9 40.6436157226563
384.9 7.93990421295166
401.1 7.83936595916748
401.4 9.98213768005371
