#"+EI Scan (rt: 5.360-5.459 min, 18 scans) R6M2.D  Subtract "
#Point,X(Thompsons),Y(Counts)
41.0 962.527465820313
41.9 6.87757873535156
42.0 386.96630859375
42.2 38.190299987793
43.0 185.983703613281
43.1 667.252502441406
44.0 3025.85400390625
44.8 1.82758331298828
45.0 169.153701782227
45.1 72.7459411621094
46.0 24.4711933135986
47.0 0.482231140136719
48.9 1.99945640563965
49.1 58.6608009338379
49.9 67.3179626464844
50.0 165.02897644043
50.1 66.8470001220703
51.0 536.5400390625
51.9 88.443359375
52.0 119.759658813477
53.0 328.630310058594
53.8 22.9056816101074
53.9 68.3827362060547
54.0 266.48486328125
55.0 143.931518554688
55.1 717.583679199219
55.9 115.183937072754
56.1 454.105773925781
57.0 765.210998535156
58.0 116.896797180176
58.1 34.1144409179688
59.0 1164.39892578125
59.9 107.831268310547
60.0 92.6748657226563
61.0 99.244384765625
61.9 376.575805664063
62.0 411.046478271484
62.8 1.99292469024658
62.9 128.593811035156
63.0 687.41064453125
63.9 104.83959197998
64.1 261.874969482422
64.9 12.543773651123
65.0 179.789489746094
65.1 37.0471267700195
65.9 71.1648864746094
66.1 27.2421264648438
66.2 21.1270027160645
66.8 36.057014465332
66.9 40.2737274169922
67.8 17.9292049407959
67.9 129.908752441406
68.1 115.426712036133
69.0 214.65869140625
69.9 48.6762504577637
70.0 1113.92346191406
70.9 1.97030258178711
71.1 433.725952148438
72.0 680.610900878906
72.1 1087.38732910156
73.0 768.61669921875
73.9 86.1243515014648
74.0 63.4890441894531
74.1 58.8267097473145
74.9 178.639312744141
75.0 735.25390625
75.9 416.966156005859
76.1 466.130920410156
77.0 1231.810546875
78.0 724.53955078125
78.9 386.908508300781
79.8 50.8094329833984
80.0 39.6364440917969
81.0 446.506103515625
81.8 46.3890380859375
82.0 156.044448852539
82.1 35.0552558898926
83.0 5628.4541015625
83.8 110.39860534668
84.0 314.719940185547
85.0 255.841354370117
85.7 14.5499706268311
85.9 9.42091274261475
86.0 62.832893371582
86.1 98.2020950317383
86.9 142.878204345703
87.0 306.860748291016
88.0 3518.52856445313
88.2 64.9871368408203
89.0 2225.60107421875
89.9 272.427917480469
90.0 1420.73657226563
90.9 11.286693572998
91.0 511.56103515625
91.9 41.9578170776367
92.0 40.3108100891113
92.1 33.1484069824219
92.9 124.45263671875
93.7 14.8067607879639
93.9 87.0026931762695
94.0 93.3520812988281
94.3 10.0438823699951
94.8 40.5724678039551
94.9 19.0289916992188
95.0 540.558044433594
95.9 3.14422607421875
96.0 649.783081054688
96.2 2.025390625
97.1 270.737945556641
97.7 16.9996604919434
97.9 68.1888122558594
98.0 65.5246810913086
98.9 12.1723709106445
99.0 99.0690765380859
99.1 39.6133308410645
99.9 131.982116699219
100.1 34.1063995361328
100.7 2.60190534591675
100.8 56.5327529907227
101.0 74.4050064086914
101.1 42.9182472229004
101.2 18.7439403533936
102.0 1112.54541015625
102.1 876.622131347656
102.9 63.55517578125
103.0 960.528015136719
103.6 15.3649091720581
103.8 8.76632595062256
104.1 573.978576660156
105.0 547.435668945313
105.1 5.69456624984741
105.9 50.6654357910156
106.0 48.5425872802734
106.2 22.30126953125
106.8 35.4552764892578
107.0 895.962280273438
107.1 523.132263183594
107.8 25.5959892272949
108.0 93.0964813232422
108.1 1512.25952148438
109.0 81608.71875
109.9 264.302520751953
110.0 6018.9287109375
110.9 19.10498046875
111.0 308.127197265625
111.8 30.8837203979492
111.9 23.9223728179932
112.0 22.4040946960449
112.8 26.0354824066162
113.0 130.76872253418
113.9 24.2861652374268
114.0 155.762115478516
114.2 28.0993633270264
114.9 26.4560546875
115.0 328.095764160156
115.2 16.4005126953125
115.9 146.852157592773
116.1 223.987503051758
116.2 29.9129772186279
117.0 721.041198730469
117.1 156.959976196289
117.9 251.317657470703
118.0 197.831298828125
118.2 10.0458679199219
118.9 87.4437637329102
119.0 65.217887878418
119.1 62.9603881835938
119.9 26.4083118438721
120.0 16.4083576202393
120.2 34.6083297729492
121.1 171.348770141602
121.9 78.5992279052734
122.0 322.287109375
122.9 0.438125610351563
123.0 128.527160644531
123.7 6.0093355178833
123.9 37.3342781066895
124.0 47.4935989379883
124.9 59.9440460205078
125.1 27.5451126098633
125.9 95.9957733154297
126.0 11.4211368560791
126.1 13.0186624526978
126.7 50.4139938354492
126.9 84.3320083618164
127.1 93.816780090332
127.8 76.9548568725586
128.0 177.028854370117
128.1 22.5583572387695
129.0 1237.75427246094
129.1 21.1642608642578
129.8 12.5610427856445
130.0 309.064697265625
130.1 197.180282592773
131.0 1177.798828125
131.8 33.3299827575684
131.9 74.3464813232422
132.0 203.208724975586
132.8 41.1593551635742
133.0 268.213958740234
134.0 16.0390281677246
134.1 47.8748779296875
134.9 551.71826171875
136.0 196.945419311523
136.1 68.8613662719727
137.0 2771.333984375
138.0 299.683410644531
138.8 50.39306640625
138.9 26.9207153320313
139.0 110.950988769531
139.8 89.4869232177734
140.0 4.88369369506836
140.1 110.613006591797
141.0 329.1728515625
141.7 28.5125045776367
142.0 19.3658447265625
142.1 102.255218505859
142.9 119.15544128418
143.0 97.170539855957
143.1 85.1725845336914
143.9 4.54816055297852
144.0 591.836181640625
144.1 235.817291259766
145.0 8179.05078125
145.9 221.918502807617
146.0 809.95068359375
146.7 40.3731536865234
146.9 126.483551025391
147.0 44.1401138305664
147.8 20.7202968597412
148.9 44.1643447875977
149.0 72.6378784179688
149.2 26.2322463989258
149.9 61.4890594482422
150.0 26.0551910400391
150.9 469.957672119141
151.8 94.2337188720703
152.0 23.5950794219971
152.8 16.1200942993164
152.9 63.1389617919922
153.0 28.6137847900391
153.1 31.32737159729
153.8 70.8133239746094
154.0 57.1465759277344
154.2 32.1776924133301
155.0 604.394653320313
155.7 57.7432060241699
155.9 159.192901611328
156.1 95.1602401733398
156.9 410.991119384766
157.8 3.09365844726563
158.0 239.261322021484
158.1 4.98876762390137
159.0 859.345703125
160.0 818.923645019531
161.0 451.507141113281
161.8 0.643594741821289
162.1 32.9233932495117
162.9 138.914794921875
163.8 19.102596282959
164.7 33.8210563659668
164.8 81.4682693481445
165.9 45.8743896484375
166.9 261.70849609375
167.0 1.11387634277344
167.9 120.516410827637
168.2 34.6299095153809
168.8 92.1575088500977
168.9 32.8667411804199
169.0 239.455535888672
169.9 139.723587036133
170.0 402.487579345703
170.6 10.3974151611328
170.9 248.253143310547
171.1 49.2309036254883
172.0 292.601440429688
172.3 9.25707054138184
172.9 237.67610168457
173.0 445.018249511719
173.7 11.5051517486572
173.9 46.6511535644531
173.9 101.201507568359
174.1 13.2723932266235
174.2 15.2108745574951
174.9 124.330429077148
175.1 49.4383964538574
175.2 18.7330722808838
175.8 12.3626699447632
176.0 137.498565673828
176.1 106.796974182129
176.9 64.0021591186523
177.0 275.247711181641
177.7 28.1396560668945
178.0 64.2669525146484
178.2 30.2378063201904
178.9 19.8431205749512
179.1 5.25843620300293
179.8 58.1264953613281
180.0 43.54296875
180.1 17.9694042205811
180.7 22.3801097869873
180.8 121.715065002441
180.9 58.2483520507813
181.8 52.9733505249023
182.0 39.273307800293
182.8 114.509407043457
183.0 120.214584350586
183.7 9.9157543182373
184.0 81.6037521362305
184.9 252.065704345703
185.8 34.3205108642578
186.0 369.920196533203
186.1 217.318420410156
186.1 141.201049804688
186.9 54.4720764160156
187.1 142.563293457031
188.0 17.2546691894531
188.6 51.4752464294434
188.8 27.3574295043945
189.1 27.0706214904785
189.8 37.0451774597168
190.8 139.176132202148
190.9 172.374938964844
191.7 3.27721071243286
192.1 33.2992477416992
192.8 147.581039428711
193.8 18.8231716156006
194.0 249.978515625
194.2 23.3853702545166
194.9 237.199142456055
195.0 178.898864746094
195.9 26.2621269226074
196.0 233.858963012695
196.1 274.479095458984
196.2 49.1110687255859
197.0 474.607452392578
197.0 579.720947265625
198.0 487.035308837891
198.1 29.7030067443848
198.8 71.0479736328125
198.9 235.008728027344
199.7 41.6148262023926
199.9 17.8337707519531
200.0 93.4493179321289
200.2 13.4984436035156
201.0 331.147674560547
201.7 27.8072605133057
202.0 47.5276794433594
202.7 7.15843200683594
202.9 174.857788085938
203.9 10.0715770721436
204.1 32.459831237793
204.9 239.736618041992
205.0 123.014984130859
206.1 14.5995979309082
206.2 12.5489311218262
206.9 69.4108123779297
207.0 156.919372558594
208.0 146.901489257813
208.9 94.5613632202148
209.0 30.3456611633301
209.7 10.5426301956177
209.9 32.0181846618652
210.0 94.8852081298828
211.0 554.14453125
211.9 376.653350830078
212.9 79.3823547363281
213.0 119.171020507813
213.7 18.9900875091553
213.9 3.90963745117188
214.0 194.844253540039
215.0 1659.640625
216.0 325.375518798828
217.0 433.563354492188
217.1 69.8730773925781
217.6 9.83087635040283
217.8 51.0785140991211
218.9 455.6337890625
219.8 152.227096557617
220.7 25.7208499908447
220.9 37.1219024658203
221.0 128.473480224609
221.8 4.91762161254883
221.9 105.476203918457
222.1 31.5808334350586
222.9 200.482574462891
223.0 1060.03161621094
223.7 36.4388236999512
224.0 585.690856933594
224.1 101.236595153809
225.0 70.1440963745117
225.1 967.487121582031
225.9 41.1688690185547
226.0 374.919830322266
226.1 142.792007446289
226.6 15.0266456604004
226.9 64.6505813598633
227.0 129.917388916016
227.1 20.3351707458496
227.9 11.328254699707
228.0 77.997932434082
228.9 422.306823730469
229.8 85.037712097168
230.0 117.5615234375
230.9 91.6362609863281
231.2 24.9592151641846
231.7 23.2297134399414
231.9 10.3994789123535
232.1 43.2212181091309
233.0 843.470703125
233.9 139.945419311523
234.0 59.3082275390625
235.0 546.400756835938
235.7 36.7562942504883
235.8 35.9013977050781
236.0 36.5636215209961
236.2 13.0000095367432
237.0 1034.87548828125
238.0 220.336547851563
238.8 134.835800170898
239.7 40.0816879272461
240.0 30.1714763641357
240.1 55.3808517456055
241.0 534.9892578125
241.1 80.2688903808594
241.8 40.5988082885742
242.0 250.911346435547
242.2 35.3626365661621
242.7 5.92640495300293
242.9 35.6457366943359
243.0 30.3606071472168
245.0 51.7188568115234
246.1 20.2941989898682
246.8 25.1412143707275
246.9 37.0017166137695
247.9 52.6763191223145
248.1 80.7646179199219
248.5 11.6502084732056
248.7 11.0454216003418
249.0 90.0891571044922
249.2 26.3223781585693
249.9 49.7087516784668
250.0 56.0650444030762
250.1 18.6746120452881
250.9 128.155731201172
251.1 380.388793945313
251.2 9.02057361602783
251.6 13.023889541626
251.7 30.0008811950684
251.9 52.7417411804199
251.9 132.884231567383
252.1 467.038909912109
253.1 54768
254.1 9233.205078125
254.8 18.2106170654297
255.0 649.500549316406
255.1 218.39665222168
255.7 13.9972124099731
255.9 49.3891868591309
256.1 59.6911773681641
256.2 22.9725017547607
256.6 9.23220920562744
256.9 87.5741119384766
257.1 57.7571907043457
257.6 8.83125019073486
257.7 11.0726766586304
258.0 20.0461864471436
258.9 69.6776275634766
259.0 14.3499250411987
260.8 18.0603122711182
260.9 33.2552680969238
261.1 6.82914018630981
262.7 2.26710939407349
263.0 5.67909812927246
263.9 20.7598133087158
264.7 10.1481590270996
264.9 36.7300224304199
265.0 10.7701272964478
265.2 14.5731573104858
265.9 14.3263092041016
266.8 17.3974151611328
267.0 100.022499084473
267.9 16.9459323883057
268.3 11.3589105606079
268.9 12.2542724609375
269.0 613.666381835938
269.9 22.5693473815918
270.0 50.2037887573242
270.1 22.3265609741211
270.6 17.4128398895264
271.0 142.176712036133
271.1 13.4255018234253
271.9 11.7377529144287
272.0 30.3553600311279
273.0 238.544296264648
273.9 10.5959510803223
274.0 0.945474624633789
274.8 22.6141662597656
274.9 3.21485900878906
275.1 15.1435441970825
275.8 1.24989604949951
275.9 56.8491592407227
276.7 43.7322998046875
277.0 48.8106155395508
277.1 20.0835227966309
277.7 44.209789276123
277.8 8.24386215209961
278.0 125.597900390625
278.1 72.2637710571289
278.7 9.91658782958984
278.9 112.511093139648
279.0 140.759185791016
280.0 33.9889640808105
280.8 49.7002716064453
281.1 103.598640441895
282.1 1.52066230773926
282.9 33.6043319702148
283.1 5.13012027740479
284.0 8.72956466674805
284.8 9.39038276672363
285.0 275.913208007813
285.9 37.2268562316895
286.0 35.9177703857422
286.8 71.8597869873047
287.2 5.59384346008301
289.0 579.419067382813
289.9 85.5113372802734
290.0 35.0477294921875
290.7 10.8419933319092
291.1 129.746032714844
291.8 20.2823619842529
292.0 24.4265174865723
292.9 422.206237792969
294.0 384.955932617188
294.9 24.4053192138672
295.0 354.126617431641
295.7 8.99755764007568
295.8 63.6215629577637
295.9 60.805778503418
296.1 23.4634265899658
296.2 29.6553077697754
296.7 19.2940254211426
296.9 218.412689208984
297.2 30.4562244415283
297.6 35.8306541442871
297.8 15.0840644836426
297.9 17.5507755279541
298.8 20.6620330810547
299.0 9.1584587097168
300.8 12.2413053512573
300.9 48.5165939331055
302.8 10.5630321502686
303.1 38.445930480957
305.0 80.4440765380859
306.0 10.5108299255371
306.8 12.8185415267944
307.1 131.456451416016
308.0 97.7780303955078
308.1 30.5379867553711
309.0 94.6422500610352
309.1 33.9844093322754
310.0 10.9989452362061
310.7 2.00698328018188
310.8 5.78662109375
311.1 6.02152919769287
311.2 18.9720916748047
312.1 129.653244018555
312.2 120.722480773926
312.4 9.72722434997559
312.9 10.7493753433228
313.2 10.7819833755493
315.0 20.918327331543
315.1 9.3768310546875
315.2 10.5766696929932
315.9 10.24782371521
317.1 15.5868797302246
320.9 85.9016036987305
321.0 110.408432006836
321.2 84.8535537719727
321.6 10.0034017562866
321.8 49.6238288879395
322.0 56.9210472106934
322.2 39.7649879455566
323.0 69.7324600219727
323.1 187.987365722656
324.1 29403.169921875
325.1 6634.32275390625
326.0 222.171127319336
326.2 667.665893554688
326.9 58.9699020385742
327.1 34.676929473877
328.8 9.78591060638428
329.0 8.34814834594727
330.8 4.04533004760742
331.0 22.1972579956055
334.1 23.4891510009766
334.8 12.101541519165
335.0 34.5689353942871
335.6 21.8318729400635
336.1 20.4388122558594
339.0 9.46775341033936
339.3 8.37075901031494
340.2 11.6858072280884
341.2 9.17501926422119
345.3 8.87745094299316
347.8 8.62219619750977
347.9 9.49215316772461
348.1 9.80969715118408
348.6 12.503475189209
348.8 68.754280090332
349.0 63.241828918457
349.9 34.0829544067383
350.1 260.931182861328
350.2 45.6855316162109
351.0 131.885116577148
351.1 117.269493103027
351.2 32.8472023010254
352.7 11.6283254623413
352.9 22.0282726287842
355.0 9.34855270385742
358.2 8.94709587097168
360.0 10.9186992645264
366.9 7.18441390991211
367.1 44.2309989929199
367.9 25.9283676147461
368.2 51.5455627441406
370.4 8.57967090606689
387.0 30.8262672424316
400.8 35.7092819213867
