#"+EI Scan (rt: 6.450-6.543 min, 17 scans) R2M2.D  Subtract "
#Point,X(Thompsons),Y(Counts)
40.1 97.0778274536133
41.1 7532.34423828125
42.0 175.03044128418
42.1 821.406982421875
43.1 10975.3623046875
44.0 1402.7333984375
45.0 10.6053085327148
45.1 80.3022766113281
45.9 31.37770652771
46.0 4.81253051757813
46.9 37.6891784667969
48.8 9.96649169921875
49.1 20.8031005859375
49.8 89.4293518066406
50.0 570.660278320313
51.0 484.101501464844
51.0 1094.65454101563
52.0 338.750244140625
52.1 391.504699707031
52.9 16.1970520019531
53.0 756.47802734375
53.9 10.9955978393555
54.0 292.012664794922
55.1 2280.43579101563
56.1 465.424987792969
56.2 33.8866920471191
56.8 33.148250579834
56.9 311.113800048828
58.1 144.378387451172
59.0 1429.75146484375
60.0 171.008407592773
60.7 3.46056842803955
60.9 21.4792098999023
61.0 70.9462051391602
61.1 37.4986038208008
62.0 904.441711425781
62.1 348.243865966797
63.0 3131.18286132813
64.0 1125.9775390625
64.1 72.4397125244141
64.9 2.24266815185547
65.0 954.226440429688
65.1 69.0877075195313
66.0 199.608413696289
66.1 141.832077026367
66.9 195.337127685547
67.1 133.615539550781
67.9 34.4102516174316
68.1 136.363204956055
68.9 15.8208618164063
69.0 664.601135253906
69.9 37.0394058227539
70.0 94.5970077514648
70.1 16.2262096405029
70.9 71.1052017211914
71.0 350.572448730469
71.1 146.637435913086
71.3 7.89822864532471
71.7 14.3867788314819
71.9 72.3417587280273
72.1 3.46140384674072
72.2 33.7224082946777
73.0 729.92041015625
74.0 416.509613037109
75.0 2528.830078125
76.0 137.053924560547
76.1 3969.17993164063
77.0 6897.146484375
78.0 1911.1279296875
79.1 733.6142578125
79.9 77.7690124511719
80.1 74.6379623413086
81.0 292.85595703125
81.7 25.1471099853516
81.9 77.2477722167969
82.2 10.3241329193115
82.8 30.241792678833
82.9 132.89094543457
83.1 6.81027221679688
83.8 3.36898899078369
84.0 26.2966156005859
84.9 174.695251464844
85.8 22.8400764465332
86.0 205.661422729492
86.2 15.2258071899414
86.7 4.04283857345581
86.9 232.724456787109
87.0 664.680419921875
87.9 71.8752670288086
88.0 5517.392578125
89.0 11859.0947265625
90.0 16491.037109375
91.0 2218.86596679688
91.2 66.9796371459961
91.8 22.329231262207
92.0 302.867492675781
92.1 137.43132019043
93.0 179.007186889648
93.9 44.406665802002
94.2 10.2592487335205
94.3 9.48374938964844
94.8 25.277774810791
95.0 89.863525390625
96.0 67.5649032592773
96.1 19.4653129577637
96.4 9.34532642364502
96.7 34.4947814941406
97.0 54.0237274169922
97.6 11.353494644165
97.8 52.4431419372559
97.9 3.04384613037109
98.0 31.8389530181885
98.1 1.09042358398438
98.5 10.5568761825562
98.7 16.5521106719971
98.8 32.7111282348633
98.9 90.4391098022461
99.1 98.814079284668
99.2 23.8845100402832
99.9 133.493774414063
100.0 359.122924804688
100.1 101.117080688477
101.0 4963.689453125
102.0 9479.0615234375
103.0 17427.91796875
104.0 3831.541015625
104.8 25.9801330566406
104.9 110.836326599121
105.0 375.341766357422
105.2 37.7754096984863
105.8 19.958137512207
106.0 65.0727081298828
106.7 1.51119828224182
106.9 87.4038467407227
107.2 40.4618644714355
107.6 9.92489337921143
108.0 96.4490127563477
108.2 32.1262702941895
109.0 1014.66723632813
109.7 17.6534233093262
110.1 135.826477050781
110.9 68.003059387207
111.0 13.9581604003906
111.1 25.2103366851807
111.7 23.3514919281006
111.9 22.2473545074463
112.7 6.35692882537842
112.9 132.740188598633
113.0 127.871101379395
113.4 12.7783813476563
113.9 46.2790985107422
114.0 2477.736328125
115.0 4601.3671875
116.0 24295.26953125
117.0 11614.83984375
118.0 2102.92529296875
119.0 482.582763671875
119.9 63.2880630493164
120.1 26.7244987487793
120.8 35.9252967834473
120.9 57.8273239135742
121.4 28.1206912994385
121.7 51.6538887023926
121.9 17.8648109436035
122.0 29.2201595306396
122.1 77.9079437255859
122.4 33.7538070678711
122.8 116.989166259766
122.9 193.27864074707
123.2 32.2301025390625
123.6 19.3926105499268
123.9 16.8860263824463
124.2 18.743537902832
124.9 195.525909423828
125.8 35.246696472168
126.0 105.69596862793
126.1 89.4583129882813
126.2 17.3704624176025
127.0 1584.16369628906
128.0 6926.85302734375
129.0 10438.490234375
130.0 3668.95678710938
131.0 5511.5419921875
131.9 253.741882324219
132.1 721.770935058594
132.8 51.4136123657227
132.9 331.162445068359
133.9 71.5468597412109
134.1 3.07723236083984
134.2 5.6453709602356
134.4 16.4279766082764
134.9 95.8854675292969
135.0 220.83235168457
135.8 97.5973892211914
136.0 6.83930969238281
136.1 323.007446289063
136.2 101.550445556641
137.0 5635.66015625
137.9 347.848937988281
138.0 154.789428710938
139.0 590.72509765625
139.1 66.2721786499023
139.7 9.07622528076172
139.8 54.9354934692383
140.0 286.030548095703
140.1 5.97206878662109
141.0 1074.19445800781
142.0 4350.34619140625
142.1 2971.61157226563
143.0 13005.6865234375
144.0 22058.009765625
145.0 92524.078125
146.0 8807.892578125
146.9 62.5343246459961
147.0 667.892395019531
147.1 116.15852355957
147.8 15.735631942749
147.9 27.8826065063477
148.1 39.3400650024414
148.8 0.796367645263672
148.9 57.193302154541
149.0 66.5240249633789
149.7 24.4458084106445
149.8 141.887023925781
150.0 170.41845703125
150.2 155.908920288086
150.8 173.430297851563
151.0 390.901000976563
151.1 125.034523010254
151.8 62.5780487060547
151.9 59.3044471740723
152.0 59.1148338317871
152.1 52.0675735473633
153.0 416.933746337891
153.8 36.0507545471191
153.9 117.237098693848
154.0 426.640716552734
155.0 2399.93310546875
156.0 1162.93542480469
156.1 301.370635986328
157.0 1351.41247558594
157.9 116.73210144043
158.0 679.809509277344
158.1 200.798446655273
159.0 1655.94677734375
159.9 186.636840820313
160.0 225.624923706055
160.9 75.8853454589844
161.0 139.368026733398
161.8 23.9876098632813
162.0 32.7029495239258
162.1 6.34869909286499
163.0 695.892150878906
163.8 6.63598155975342
164.0 144.376586914063
164.0 21.4887981414795
164.7 20.3983192443848
164.9 38.3109512329102
165.0 133.154937744141
165.8 63.6660499572754
166.0 78.7671356201172
166.2 11.2846298217773
166.3 10.5706958770752
167.0 273.884521484375
167.9 79.9282531738281
168.0 173.124374389648
168.7 0.893398284912109
168.9 299.687835693359
169.0 221.639984130859
169.2 13.1984443664551
170.0 1593.31982421875
171.0 30733.318359375
172.0 3918.18896484375
172.8 13.2692928314209
172.9 311.703491210938
173.1 200.337966918945
174.0 103.340171813965
174.7 17.9520034790039
174.9 85.6636734008789
175.0 52.1172409057617
175.9 50.4620895385742
176.0 157.017395019531
176.2 19.8582744598389
176.9 62.8135986328125
177.1 181.503997802734
177.9 44.0284881591797
178.0 27.0756416320801
178.1 39.0799903869629
178.9 100.634902954102
179.0 332.345123291016
179.1 277.973388671875
179.6 101.853446960449
179.8 104.970550537109
180.0 100.62092590332
180.8 201.057815551758
181.7 103.638893127441
182.1 20.8194828033447
182.8 136.433029174805
182.9 52.3880386352539
183.7 9.87256526947021
183.9 92.9572830200195
184.0 70.4951553344727
184.2 33.1740951538086
185.0 519.226196289063
185.0 752.809875488281
186.0 159.060775756836
186.1 326.001617431641
187.1 3140.82861328125
188.0 168.585021972656
188.1 523.826538085938
188.9 293.174835205078
189.8 14.8531789779663
190.0 36.0345764160156
190.8 44.3241539001465
190.9 22.70263671875
191.0 36.4957885742188
191.9 56.6197242736816
192.0 44.5878448486328
192.2 13.7871112823486
192.9 266.1328125
194.0 47.968994140625
194.1 66.3859558105469
194.9 78.7048645019531
195.0 249.474914550781
195.9 141.384063720703
196.1 131.098968505859
197.0 402.857147216797
197.7 63.132396697998
197.9 18.8103637695313
198.0 3.75872993469238
198.9 152.989379882813
199.0 336.508209228516
199.8 30.8830318450928
199.9 108.164978027344
200.0 63.8015556335449
200.8 221.892364501953
200.9 131.006225585938
201.8 71.6355133056641
201.9 105.676856994629
202.1 91.5037307739258
203.0 582.915649414063
203.2 11.3768930435181
203.8 44.7230834960938
204.0 161.702178955078
204.1 238.596130371094
205.0 151.916778564453
205.9 24.36692237854
207.0 298.565307617188
207.7 12.5526084899902
208.1 113.419311523438
208.2 11.603874206543
208.8 37.7844314575195
209.0 111.331909179688
209.8 31.6840438842773
210.0 54.9505310058594
210.1 34.4773063659668
211.0 781.53076171875
212.0 630.591430664063
213.0 1681.75952148438
214.0 636.022094726563
214.1 542.059448242188
215.1 144079.203125
216.1 21410.123046875
217.0 3049.2958984375
217.9 122.091567993164
218.1 46.4126510620117
218.9 499.678131103516
219.8 2.71609497070313
219.9 90.7438049316406
220.9 100.950225830078
222.0 6.85806465148926
222.8 36.7510681152344
222.9 105.798431396484
223.9 49.7086143493652
224.0 11.8423042297363
224.9 31.6056365966797
226.1 16.9184875488281
226.7 7.07415771484375
226.8 53.294059753418
227.1 34.1328086853027
227.9 100.871971130371
228.1 101.261817932129
229.0 2331.0966796875
230.0 413.436462402344
230.1 2013.03979492188
231.1 3734.17602539063
232.0 269.8876953125
232.1 482.108032226563
233.0 1188.8017578125
234.0 492.636108398438
235.0 221.049682617188
235.1 137.297439575195
236.0 93.9736633300781
237.0 1131.9365234375
237.9 116.72444152832
238.0 150.424377441406
239.0 456.01953125
239.9 118.047561645508
240.0 181.453308105469
240.2 20.1863136291504
240.9 225.282836914063
241.0 461.45556640625
241.8 12.1327819824219
241.9 41.7570381164551
242.0 603.87939453125
242.1 460.132080078125
242.7 9.65521335601807
242.9 183.147415161133
243.1 186.486740112305
243.2 82.6157531738281
243.7 19.8776912689209
243.9 350.395629882813
244.1 232.005584716797
244.7 11.9182395935059
245.0 181.503158569336
245.1 128.241073608398
245.9 13.7529010772705
246.0 135.084045410156
246.1 20.0808982849121
247.0 49.2065200805664
247.2 21.9526443481445
248.8 21.9533538818359
248.9 15.7951164245605
249.1 17.4949016571045
251.0 20.7039737701416
251.9 9.6032600402832
253.0 136.234466552734
253.1 98.7856750488281
253.7 13.9396190643311
253.8 26.3821620941162
253.9 9.62688732147217
254.7 29.9891967773438
255.0 97.0688247680664
255.3 9.46659374237061
255.9 117.175025939941
256.1 170.865463256836
256.4 11.0316181182861
256.9 150.328582763672
257.0 112.543579101563
257.1 153.05517578125
258.0 726.976867675781
258.1 496.699340820313
258.9 241.286834716797
259.1 717.370178222656
259.8 11.7203226089478
260.0 224.318801879883
260.1 335.388427734375
260.3 13.5944290161133
260.8 26.4187259674072
260.9 81.7989654541016
261.1 103.819000244141
261.7 18.5444583892822
261.9 13.8651056289673
262.0 15.7832679748535
262.2 12.5805730819702
262.7 13.3285436630249
264.9 12.0352964401245
265.1 20.7307777404785
267.0 28.9558563232422
268.0 30.7805995941162
268.9 34.8013534545898
269.0 210.641860961914
269.8 39.1996917724609
269.9 108.829711914063
270.1 122.619514465332
271.0 425.715667724609
271.1 454.602325439453
271.9 89.5205154418945
272.0 233.671722412109
272.1 183.165405273438
273.0 1982.86669921875
273.1 708.346252441406
273.8 3.08868932723999
274.0 478.172943115234
274.1 151.809005737305
275.0 408.27734375
275.1 34.3458366394043
275.8 13.3589477539063
276.9 172.517715454102
277.0 46.386848449707
277.2 17.139949798584
278.0 19.4675674438477
278.8 102.867027282715
278.9 9.06672286987305
279.1 6.75920724868774
279.9 33.6072006225586
280.7 8.02683925628662
280.8 118.826614379883
281.6 12.0476341247559
281.9 25.8442230224609
282.0 7.96810007095337
282.1 57.4334106445313
282.9 230.036972045898
283.1 496.205505371094
283.8 19.8722953796387
283.9 45.118896484375
284.0 125.069953918457
284.1 128.483337402344
285.0 684.896789550781
285.1 151.312377929688
286.0 298.613800048828
286.2 160.944244384766
286.9 7.78231334686279
287.1 8069.02685546875
287.2 75.2260208129883
287.9 33.1119499206543
288.1 3012.39770507813
289.0 750.608032226563
290.0 240.964752197266
290.2 21.1614074707031
290.9 97.4228363037109
291.0 39.1130523681641
291.3 15.8523950576782
291.9 21.7469940185547
292.0 29.7215404510498
293.0 595.098388671875
293.8 38.3378295898438
293.9 303.454345703125
294.7 10.9934225082397
294.8 87.5453491210938
295.0 3.26162719726563
295.9 21.326789855957
296.9 319.309600830078
297.7 13.5996427536011
297.9 29.1408195495605
298.0 40.8230209350586
298.2 16.5014801025391
298.9 62.6208839416504
299.1 114.230751037598
299.9 91.8403091430664
301.1 7008.078125
301.8 65.5901489257813
302.1 1735.43896484375
302.7 23.9808387756348
303.0 189.235595703125
303.1 158.358825683594
303.2 20.0495147705078
303.9 21.3617286682129
306.8 12.6031608581543
307.0 28.6330871582031
307.1 31.3450965881348
307.9 10.8476400375366
308.2 13.2166986465454
310.9 2.47397613525391
311.0 102.713409423828
311.1 20.2712230682373
311.8 12.7290191650391
312.0 18.8259925842285
312.2 67.056266784668
312.9 6.73282241821289
313.1 15.0329418182373
314.0 114.880683898926
314.2 28.0193729400635
314.7 10.243203163147
314.9 1.56468963623047
315.0 419.373382568359
315.1 150.538452148438
315.9 56.7487869262695
316.0 375.661468505859
316.2 68.8580627441406
317.1 84.9499359130859
319.0 9.43672180175781
324.1 10.5296764373779
325.0 46.9704399108887
325.2 9.64682579040527
326.2 13.4182653427124
326.9 91.5910720825195
327.1 9.66405963897705
328.5 8.98811340332031
328.8 28.2226047515869
328.9 80.3501129150391
329.1 60.6733703613281
329.1 211.678588867188
330.1 439.296112060547
330.2 5085.8330078125
331.1 1119.36694335938
331.2 268.6611328125
332.0 71.5902862548828
332.2 45.4237365722656
332.3 42.2266807556152
332.4 9.64892768859863
332.9 13.6415739059448
333.0 9.02778339385986
334.7 23.3333415985107
334.9 35.4610977172852
338.7 20.2775554656982
339.1 86.2958755493164
339.2 28.9672660827637
340.0 41.1003189086914
340.1 34.573356628418
340.2 15.7388124465942
340.4 9.40023040771484
341.1 469.846557617188
341.2 1456.71813964844
342.1 2253.50073242188
343.0 122.674591064453
343.2 928.990356445313
343.9 13.1916828155518
344.0 18.7997188568115
344.1 69.5373382568359
344.3 77.2658538818359
344.7 8.93932914733887
347.9 10.5910911560059
349.0 54.7634048461914
350.0 26.0313282012939
350.1 9.09488773345947
350.9 9.60064029693604
351.7 16.0550231933594
352.7 19.9771900177002
352.9 8.83882141113281
353.0 25.4340400695801
353.6 13.9490776062012
353.8 29.1731815338135
354.0 47.9743576049805
354.2 59.9111976623535
354.8 24.775691986084
355.0 10.4099168777466
355.9 14.6512565612793
356.0 9.08649158477783
356.2 47.5159873962402
357.0 75.7474365234375
357.1 702.726806640625
357.2 1688.68176269531
358.2 57088.54296875
359.2 14879.048828125
360.2 1972.80786132813
360.8 18.5674076080322
361.0 58.5617370605469
361.1 67.7103729248047
361.4 10.9359760284424
362.8 9.94285869598389
363.0 10.2574081420898
364.1 16.3820934295654
371.0 37.3724098205566
372.0 20.7849445343018
380.1 11.315390586853
392.0 11.0662651062012
401.0 20.5771942138672
401.1 7.13784170150757
402.8 9.29205894470215
404.9 9.18091583251953
