#"+EI Scan (rt: 8.903-9.043 min, 25 scans) R4M2.D  Subtract "
#Point,X(Thompsons),Y(Counts)
40.1 294.895660400391
41.1 14168.7900390625
42.0 528.614501953125
42.1 185.903030395508
43.1 5949.240234375
44.0 302.48681640625
44.7 7.71667718887329
45.0 262.123992919922
45.1 76.7458419799805
45.8 15.9956064224243
45.9 87.4905700683594
46.1 85.1590118408203
47.0 3981.48022460938
47.9 37.1959342956543
48.1 47.6510467529297
48.1 21.7740421295166
48.8 12.0305509567261
48.9 70.1800994873047
49.1 53.1356391906738
49.9 308.190460205078
50.0 734.652221679688
50.9 193.788650512695
51.0 1762.423828125
52.0 342.603973388672
52.0 246.059844970703
52.1 66.0876312255859
53.0 1015.63745117188
53.2 41.5963706970215
54.0 166.555267333984
54.1 43.4440727233887
55.0 1297.94140625
55.9 29.3640975952148
56.0 81.1935272216797
56.1 26.0284576416016
56.9 71.9090728759766
57.0 197.505218505859
57.2 22.922119140625
57.6 24.8755779266357
57.8 34.6593933105469
58.0 4.33372497558594
58.1 44.9715957641602
58.2 74.9408340454102
59.0 2747.71728515625
59.9 49.2173843383789
59.9 130.017883300781
60.8 15.2222080230713
61.0 1578.46362304688
62.0 502.044769287109
62.0 2168.70629882813
63.0 6222.63818359375
64.0 1069.04663085938
64.1 286.005798339844
64.9 81.8119354248047
65.0 3536.50439453125
65.9 132.549896240234
66.0 166.369003295898
66.1 68.4780349731445
66.9 88.9313201904297
67.0 668.401428222656
67.1 57.0332679748535
67.8 7.8336329460144
68.0 24.7648067474365
68.0 76.2412643432617
68.1 59.4923248291016
69.1 3625.1572265625
69.9 24.4543476104736
70.0 189.609237670898
70.2 37.5377197265625
70.9 34.5081443786621
71.1 78.3341827392578
71.2 31.1066303253174
71.7 14.5673952102661
71.8 34.5622901916504
71.9 87.637580871582
72.0 15.2020416259766
72.2 16.433536529541
73.0 1024.83154296875
74.0 1266.74890136719
74.1 459.317016601563
75.0 4298.984375
76.0 1781.32580566406
76.1 1463.79321289063
77.0 4380.3017578125
78.0 2176.14501953125
78.9 167.782653808594
79.0 355.494567871094
79.9 80.454231262207
80.0 32.961612701416
80.9 83.0155487060547
81.0 131.990234375
81.8 17.7985553741455
82.1 16.8045196533203
83.0 42.1257934570313
83.1 129.524337768555
83.2 9.95254993438721
83.7 7.56588697433472
83.8 13.1631898880005
84.1 11.2067527770996
84.9 264.410919189453
85.0 113.159713745117
85.8 69.3335647583008
86.0 494.934417724609
86.1 428.571594238281
86.9 26.2760887145996
87.0 2710.93701171875
88.0 3559.09790039063
88.1 2849.85693359375
89.0 22647.046875
90.0 2459.19140625
90.2 74.2591857910156
91.0 519.70458984375
91.0 166.936233520508
91.7 8.66302680969238
91.8 19.8852691650391
92.0 43.7384300231934
92.1 34.5858383178711
92.9 82.5926742553711
93.1 27.6083106994629
93.9 55.5647277832031
94.1 4.64980363845825
94.7 12.0982980728149
94.9 45.1364784240723
95.1 31.0427913665771
95.9 51.6210136413574
96.0 0.902473449707031
96.2 11.1897230148315
96.7 42.163444519043
96.9 29.77099609375
97.1 23.0023880004883
97.9 120.006500244141
97.9 191.26708984375
98.1 102.672698974609
99.0 239.062042236328
99.1 147.148986816406
99.7 24.2111129760742
99.9 155.197814941406
100.0 356.941680908203
100.2 33.5066375732422
101.0 6628.08642578125
102.0 14259.05078125
103.0 5143.01416015625
103.7 6.65382766723633
103.8 41.5842933654785
104.0 363.224151611328
104.1 214.16047668457
104.9 61.0666694641113
105.0 57.979076385498
105.1 25.8878211975098
105.2 7.01507806777954
105.9 15.401985168457
106.6 48.2626075744629
106.7 36.3413467407227
106.8 22.3945846557617
107.0 51.122184753418
107.2 11.0455150604248
107.4 13.6425790786743
107.7 6.43040895462036
107.9 18.6639175415039
108.1 62.1328887939453
109.0 943.391357421875
109.9 38.0546493530273
110.1 71.8712463378906
110.2 6.94291305541992
110.9 75.9601440429688
111.0 100.418045043945
111.6 29.7419986724854
111.9 59.7291374206543
112.1 116.025955200195
112.9 506.927551269531
113.0 3603.42602539063
113.2 84.1110076904297
114.0 11960.107421875
115.0 118845.078125
116.0 48611.20703125
117.0 4756.1708984375
117.9 45.1720657348633
118.0 265.295684814453
118.1 236.328750610352
118.7 24.415210723877
118.8 29.5847969055176
118.9 19.5252380371094
119.1 12.1223220825195
119.6 6.73989868164063
119.8 17.0878486633301
120.1 14.0511569976807
120.2 23.277494430542
120.3 28.7934646606445
120.5 21.2740383148193
120.8 45.1466407775879
120.9 74.0625305175781
121.0 5.34868621826172
121.8 19.0431709289551
121.9 23.6947135925293
122.1 12.5404500961304
122.8 45.5554504394531
123.0 107.624465942383
123.8 17.124439239502
123.9 23.3121452331543
124.1 20.5333080291748
124.8 8.91323852539063
125.0 143.450637817383
125.1 113.623649597168
125.9 329.197875976563
126.0 1250.10119628906
127.0 867.976623535156
127.0 3101.10717773438
128.0 14901.87109375
129.0 23321.556640625
130.0 10475.51953125
131.0 510.058532714844
131.0 731.120056152344
131.8 11.7272720336914
131.9 212.690414428711
132.0 40.2259674072266
133.0 315.916320800781
133.6 8.41054344177246
133.8 20.1905498504639
133.9 35.0884284973145
134.1 76.0427703857422
134.2 16.8205318450928
134.9 208.955627441406
135.0 153.723922729492
135.9 102.492767333984
136.1 164.313827514648
137.0 4388.7890625
138.0 553.037902832031
138.9 95.5438842773438
139.0 528.297790527344
139.9 161.944137573242
140.0 652.371643066406
140.2 120.156852722168
141.0 738.903869628906
141.1 414.23828125
142.0 500.9482421875
142.1 1710.31567382813
143.0 34323.00390625
144.0 106280.453125
145.0 11147.833984375
145.8 7.80544185638428
145.9 328.990264892578
146.0 640.291870117188
146.7 26.0146636962891
147.0 184.987014770508
147.1 41.4027786254883
147.8 14.6373500823975
148.0 281.246307373047
148.1 190.792297363281
148.7 32.5246810913086
148.9 17.3156318664551
149.1 44.4418907165527
149.3 16.0523796081543
149.8 64.4896621704102
149.9 83.5082626342773
150.1 136.893890380859
150.3 11.1387252807617
151.0 168.785339355469
151.1 173.6552734375
151.2 72.9694595336914
151.8 10.8815383911133
151.9 184.246978759766
152.1 156.556838989258
152.2 2.76946496963501
152.9 150.573577880859
153.0 239.220077514648
153.2 36.0282974243164
154.0 1294.63293457031
154.1 954.282958984375
155.0 1849.15844726563
156.0 3320.658203125
157.0 6212.94873046875
157.9 127.142639160156
158.0 2763.8369140625
159.0 1275.24853515625
159.9 22.5435791015625
160.0 238.151870727539
160.9 232.811920166016
161.7 24.7679500579834
161.9 75.5076446533203
162.0 36.0607223510742
162.1 8.10933208465576
162.8 23.8812103271484
163.0 285.679992675781
163.7 26.1275539398193
163.8 51.6634101867676
164.0 18.9437637329102
164.6 22.0475902557373
164.9 109.406562805176
165.0 42.0501289367676
165.2 9.31812286376953
165.9 145.057907104492
166.1 51.7548522949219
167.0 738.718017578125
167.0 429.060791015625
167.8 20.2346000671387
168.0 1219.0244140625
169.0 142.833068847656
169.1 512.620178222656
169.2 64.2280654907227
170.0 5267.16552734375
171.0 390.216857910156
171.0 1137.1474609375
171.9 174.441116333008
172.0 202.227035522461
172.1 61.611988067627
172.2 12.6368761062622
172.8 46.6488075256348
173.0 56.3817138671875
173.2 10.7495594024658
173.8 61.2387161254883
174.0 172.073715209961
174.1 59.3802185058594
174.8 39.0378341674805
175.0 108.809120178223
175.2 7.32804393768311
175.9 69.657470703125
176.0 434.374755859375
176.0 505.628784179688
176.7 19.731746673584
176.8 47.2585983276367
177.0 43.0066070556641
177.1 97.3089981079102
177.3 7.91240739822388
177.9 11.8185892105103
178.0 29.0890579223633
178.1 2.3656439781189
178.8 50.3548240661621
178.9 26.1092681884766
179.0 73.6136016845703
179.2 11.0890493392944
179.9 44.7805404663086
180.0 220.750793457031
180.2 20.8827972412109
180.8 43.5945434570313
181.0 131.738067626953
181.1 2.35492706298828
181.8 12.3842782974243
181.9 92.8016967773438
182.0 505.425384521484
182.1 2.6905632019043
182.7 47.4029350280762
183.0 187.825286865234
183.1 284.364990234375
183.8 47.4062843322754
184.0 965.199890136719
184.1 959.211547851563
184.9 548.480712890625
185.1 119.948425292969
185.7 19.5195999145508
185.9 92.579460144043
186.0 128.913619995117
186.1 11.5727977752686
186.7 22.5151176452637
187.0 71.9472198486328
187.1 77.6767272949219
187.8 14.0954542160034
187.9 45.0870018005371
188.0 43.3483772277832
188.7 42.7857093811035
189.0 167.959655761719
189.2 12.7775363922119
189.9 17.3207855224609
190.0 14.185076713562
190.7 13.299708366394
191.0 232.313919067383
191.9 48.6251907348633
192.0 60.6033401489258
192.7 18.8081855773926
192.8 10.9443511962891
192.9 97.7528076171875
193.2 22.9329662322998
193.9 122.562866210938
194.0 4.29525566101074
194.2 10.8004903793335
194.8 190.115417480469
195.9 46.7562141418457
195.9 118.338775634766
196.0 88.6809387207031
197.0 389.080871582031
198.0 402.461608886719
198.1 437.162353515625
198.9 321.536193847656
199.0 183.674407958984
199.9 134.337768554688
200.0 203.999404907227
200.1 42.0624618530273
200.4 15.5558748245239
201.0 868.997497558594
201.9 217.992584228516
202.0 302.912231445313
202.2 20.0707721710205
202.6 3.26333665847778
202.8 16.7372245788574
202.9 294.356628417969
203.0 15.8589706420898
203.8 43.335823059082
204.0 212.614791870117
204.1 131.016357421875
204.2 20.4693622589111
204.6 15.0686082839966
204.9 242.927444458008
205.1 129.32568359375
206.2 6.1749119758606
207.0 318.95361328125
207.9 106.329666137695
208.0 4.76383209228516
208.2 32.2571983337402
208.7 35.5357437133789
209.0 92.4269104003906
209.8 54.073184967041
209.9 6.83232736587524
210.0 448.538604736328
210.2 57.7230453491211
211.0 1666.60168457031
212.1 7928.9853515625
213.0 792.032958984375
213.1 876.741333007813
214.0 323.94384765625
214.1 206.631378173828
215.0 2422.240234375
215.9 436.139190673828
217.0 259.056579589844
217.1 56.7544403076172
217.6 9.5935640335083
217.8 68.794189453125
218.0 63.5308113098145
218.2 16.7307415008545
218.9 651.098510742188
220.0 137.585861206055
220.1 28.3995208740234
220.7 31.9936370849609
220.8 137.410247802734
222.0 39.8717002868652
222.1 6.21204662322998
222.8 98.7469329833984
223.0 86.1156311035156
223.4 6.42870283126831
223.7 13.5190162658691
223.9 125.708709716797
224.0 6.98801565170288
224.3 15.3502712249756
224.7 0.277923583984375
224.9 135.125091552734
225.0 86.2592010498047
225.2 25.4983139038086
225.5 22.5823631286621
225.7 11.1423292160034
226.0 289.703430175781
226.2 38.0023345947266
226.5 16.5289440155029
226.8 120.457481384277
227.0 169.909164428711
227.1 170.972381591797
227.3 18.1612491607666
227.5 22.4688568115234
227.7 56.3691177368164
227.9 190.043792724609
228.0 180.345657348633
228.1 248.3935546875
228.3 67.3270416259766
228.7 42.9915008544922
228.9 232.646545410156
229.1 570.780822753906
229.3 88.8096313476563
229.9 19.6583633422852
230.1 2204.99975585938
230.1 1442.15783691406
231.1 3865.16088867188
232.1 447301.25
233.1 77096.7109375
234.1 7237.85107421875
235.0 64.078369140625
235.1 499.455932617188
236.0 52.6676216125488
237.0 1255.84326171875
237.8 113.904632568359
237.9 156.784790039063
238.8 133.472549438477
239.1 31.0542411804199
240.0 150.933242797852
240.1 70.0119857788086
240.9 271.855041503906
241.0 321.420288085938
241.9 115.326934814453
242.0 167.663360595703
242.2 81.8186340332031
242.7 18.7578601837158
243.0 228.841934204102
243.2 13.5005702972412
243.8 14.6183204650879
244.1 110.410430908203
244.3 6.47042608261108
244.8 23.3027381896973
245.0 72.2893447875977
245.9 29.5725879669189
246.0 61.3689002990723
246.9 11.6063785552979
247.0 34.2114868164063
248.8 4.09087657928467
248.9 53.6763458251953
249.1 17.7522850036621
250.6 7.21346473693848
251.0 91.1828689575195
251.1 39.0956573486328
251.9 13.495192527771
252.2 10.5041074752808
252.8 91.0343856811523
253.0 52.4160461425781
253.1 28.0861701965332
253.7 7.35687208175659
253.9 129.214828491211
254.0 113.440071105957
254.2 77.3761367797852
254.8 16.6405277252197
254.9 37.4720611572266
255.0 58.583625793457
255.2 59.6878852844238
255.9 58.956600189209
256.1 192.056365966797
256.2 21.4524822235107
256.8 27.2690925598145
256.9 4.96045684814453
257.1 192.464218139648
257.8 18.8216361999512
257.9 46.6480751037598
258.0 109.583534240723
258.3 16.933406829834
258.8 8.36861133575439
258.9 30.8366813659668
259.0 39.3013763427734
261.0 24.2514019012451
263.1 27.2678127288818
264.9 27.6097240447998
265.9 6.23037338256836
266.1 10.3581943511963
266.7 7.21641969680786
266.9 45.7128295898438
267.0 51.1491394042969
267.2 10.3004455566406
267.8 8.23937892913818
267.9 23.9179573059082
268.0 12.7928504943848
268.7 58.7774467468262
269.0 36.4018630981445
269.1 54.9406967163086
269.9 99.0341720581055
270.1 175.842071533203
270.2 28.5528564453125
270.9 291.667419433594
271.9 26.7024421691895
272.0 68.0630874633789
272.2 34.9723815917969
272.8 85.2346954345703
273.0 71.6868591308594
273.1 79.2213821411133
273.8 8.09685039520264
274.5 9.13336753845215
274.8 126.345718383789
274.9 8.12074279785156
275.1 15.0083274841309
275.9 14.2833518981934
276.9 111.907829284668
277.1 65.3488845825195
277.8 7.8750057220459
277.9 13.4594020843506
278.8 8.36048030853271
278.9 72.4332885742188
279.1 4.1560378074646
279.9 6.06875038146973
280.9 34.5651397705078
281.0 38.3326873779297
281.1 22.93408203125
281.8 11.6070022583008
282.0 17.8579502105713
282.9 29.4203033447266
283.0 52.5288314819336
283.8 23.1397361755371
284.0 55.8032035827637
284.1 37.5118598937988
284.8 122.642250061035
285.0 598.81103515625
286.0 194.714202880859
286.1 104.820915222168
286.9 89.6059722900391
287.1 2.15375232696533
288.0 4.48975658416748
288.1 8.06663417816162
288.8 48.1421356201172
289.0 432.185302734375
290.0 174.305709838867
290.7 22.6397609710693
291.0 186.481079101563
291.8 16.2263965606689
292.0 1.61698627471924
292.8 52.3774757385254
292.9 442.686676025391
293.6 11.3186454772949
293.9 355.776336669922
294.7 16.1036987304688
294.8 48.7315139770508
295.1 47.7679977416992
295.7 10.5027294158936
295.9 21.8888454437256
296.0 4.14041709899902
296.2 6.74360799789429
296.9 92.7065124511719
297.0 46.0653228759766
297.1 57.3506851196289
297.7 3.02944421768188
297.9 92.2505798339844
298.0 50.4703178405762
298.1 9.33911228179932
298.8 47.7279586791992
299.0 73.3686218261719
299.8 15.5392847061157
300.0 243.223083496094
300.1 1166.76721191406
300.3 21.5517559051514
300.7 10.8259630203247
301.0 175.514068603516
301.1 229.178176879883
301.8 6.18644714355469
301.9 25.633581161499
302.9 10.6978101730347
303.1 4.59981727600098
304.9 0.891931533813477
305.0 15.4036989212036
305.1 6.12164354324341
306.8 52.6326065063477
307.0 23.9482669830322
307.1 1.47341918945313
307.9 10.6095142364502
308.1 20.0699710845947
310.9 77.7908477783203
311.1 12.3724632263184
311.9 38.0307235717773
314.8 9.00435638427734
316.1 7.20766115188599
319.0 37.0594444274902
324.0 6.67362594604492
326.1 6.91716623306274
326.2 7.9032506942749
329.0 14.9480009078979
330.8 8.91914653778076
331.0 16.4180679321289
331.2 1.23272085189819
332.1 6.5533971786499
334.7 2.08792114257813
335.0 0.927422523498535
340.8 6.46244955062866
341.9 24.2916030883789
342.9 7.76338815689087
345.0 0.453462600708008
345.9 37.9609794616699
346.1 29.7862567901611
348.7 3.97994041442871
348.9 65.4388580322266
349.0 8.55903434753418
350.9 6.08146810531616
352.8 60.7410354614258
353.0 14.2342758178711
353.2 6.32383346557617
353.9 10.5419139862061
354.8 6.71115589141846
356.9 7.03303575515747
357.0 6.88987970352173
357.1 25.1140747070313
358.0 37.5225715637207
358.1 54.4579925537109
358.2 1.89003896713257
359.0 112.933151245117
359.2 21.9640483856201
360.1 8.43401527404785
367.0 0.796942710876465
369.7 6.71326112747192
373.9 71.7289047241211
374.1 78.9046936035156
374.2 247.123474121094
375.0 251.153244018555
375.1 380.491333007813
375.3 10.0351114273071
376.0 89.1272659301758
376.1 45.4530258178711
376.3 42.2304840087891
377.0 10.1840305328369
384.9 7.50151062011719
401.2 7.46909427642822
405.4 6.23086833953857
