#"+EI Scan (rt: 8.915-9.055 min, 25 scans) R1M2.D  Subtract "
#Point,X(Thompsons),Y(Counts)
40.1 356.447967529297
41.1 15102.087890625
42.0 235.35530090332
42.1 530.155151367188
43.1 6487.85205078125
44.1 903.062744140625
44.9 15.3792877197266
45.0 179.728866577148
45.1 11.4490842819214
46.0 46.4950866699219
46.1 108.80549621582
46.2 11.4251871109009
47.0 4134.60546875
48.0 50.3235359191895
48.2 9.70231246948242
48.9 58.528148651123
49.1 70.349853515625
49.9 53.1082229614258
50.0 910.69091796875
50.1 217.462478637695
51.0 2281.99609375
51.9 15.9033842086792
52.0 272.543884277344
52.0 459.414154052734
53.0 412.503723144531
53.0 872.840087890625
53.9 72.4886703491211
54.0 77.0517807006836
54.1 99.412712097168
55.0 1431.48022460938
55.8 15.5575513839722
55.9 26.4375152587891
56.0 47.4236869812012
56.2 18.2098941802979
56.8 14.112696647644
56.9 95.1216888427734
57.0 9.5676383972168
57.2 41.2783088684082
57.6 43.9361610412598
57.7 38.5965957641602
58.0 94.4198608398438
58.1 34.400634765625
58.2 12.9320335388184
59.0 3090.1689453125
59.9 87.1603393554688
60.1 82.8719177246094
61.0 935.276245117188
61.1 865.283142089844
61.9 22.0231056213379
62.0 2791.30517578125
63.0 7050.4091796875
63.9 3.72033309936523
64.0 1528.18713378906
65.0 4304.498046875
65.9 23.7214546203613
66.0 357.232452392578
66.1 72.450553894043
66.9 136.545501708984
67.0 769.020263671875
67.9 64.8807525634766
68.0 52.5075187683105
68.2 26.7634925842285
69.1 4112.4560546875
69.9 44.6600799560547
70.0 182.906265258789
70.1 89.4497985839844
70.9 9.62977981567383
71.0 66.757194519043
71.1 97.0641479492188
71.1 31.7655754089355
71.8 34.487060546875
71.9 45.5098724365234
72.1 46.8493309020996
73.0 1032.77587890625
74.0 810.828979492188
74.0 905.234680175781
75.0 4745.65185546875
76.0 3847.13525390625
76.1 12.4934005737305
77.0 5721.9599609375
78.0 2396.06201171875
79.0 392.099792480469
79.1 175.471496582031
79.9 114.280975341797
81.0 308.51708984375
81.9 105.229133605957
82.2 11.8067216873169
82.7 30.0093727111816
83.0 234.473281860352
83.4 9.13120269775391
83.7 12.6901016235352
83.8 22.9107475280762
84.1 14.6146211624146
84.8 70.0836944580078
85.0 157.770477294922
85.1 49.5674018859863
85.9 141.091323852539
86.0 822.35986328125
86.9 44.3642768859863
87.0 2866.76123046875
88.0 2770.01904296875
88.0 4329.5615234375
89.0 24898.65234375
90.0 3004.36572265625
90.7 14.0247793197632
91.0 517.847351074219
91.1 51.0074462890625
91.7 39.7569236755371
91.8 6.3179874420166
91.9 77.2133636474609
92.1 41.4764747619629
92.9 15.7001800537109
93.0 69.6034240722656
93.7 2.24836874008179
94.0 18.6390399932861
94.4 9.62240695953369
94.8 15.729248046875
94.9 29.4693069458008
95.0 1.32229614257813
95.1 22.6067123413086
95.4 11.7017335891724
95.9 20.9086837768555
96.0 71.8388442993164
96.9 18.9079818725586
97.0 224.83642578125
97.8 22.067455291748
97.9 195.920959472656
98.0 152.314971923828
98.2 21.4726066589355
98.8 71.7510986328125
99.0 218.508117675781
99.1 100.514007568359
99.8 20.1695327758789
100.0 267.513336181641
100.1 310.315460205078
101.0 781.043701171875
101.0 6771.7763671875
102.0 16581.06640625
103.0 6151.302734375
103.8 11.4335193634033
103.9 233.559722900391
104.0 524.364013671875
104.8 19.5157337188721
104.9 102.277496337891
105.1 13.1379203796387
105.9 47.9095268249512
106.1 29.8329734802246
106.2 18.1529083251953
106.8 48.081787109375
107.0 82.0143814086914
107.1 39.9368934631348
107.6 19.3805274963379
107.7 8.14080905914307
107.9 29.9077453613281
108.0 19.9646987915039
108.2 0.358807563781738
109.0 616.034484863281
109.8 8.48671340942383
110.0 189.283782958984
110.1 1.73709106445313
110.7 7.13710880279541
110.9 36.778076171875
111.0 119.4619140625
111.2 15.0267171859741
111.8 33.5617752075195
111.9 111.63988494873
112.1 101.429412841797
112.3 18.3790664672852
113.0 4863.970703125
114.1 13235.08203125
115.0 127780.4453125
116.0 55777.015625
117.0 5757.5849609375
117.9 143.431732177734
118.0 218.272155761719
118.1 227.254760742188
118.8 67.8076705932617
119.0 63.1367111206055
119.8 28.4349994659424
119.9 15.623143196106
120.2 64.8567123413086
120.5 12.2022562026978
120.7 81.9125518798828
120.8 69.7380142211914
121.0 53.8101234436035
121.2 30.3862113952637
121.7 20.5518131256104
121.8 10.1528291702271
121.9 21.5890941619873
122.8 67.1522064208984
123.0 70.6166687011719
123.7 8.19830226898193
123.8 6.45353126525879
123.9 23.5361328125
124.1 2.90895175933838
124.9 79.2882537841797
125.0 130.059600830078
125.1 87.3816604614258
125.9 122.491973876953
126.0 1784.15209960938
127.0 575.034057617188
127.0 3819.48193359375
128.0 16938.291015625
129.0 27077
130.0 12041.6513671875
130.8 20.3784332275391
131.0 991.764282226563
131.1 376.146484375
131.9 129.051773071289
132.0 42.5815811157227
132.1 58.6826591491699
133.0 48.5025024414063
133.1 118.015396118164
133.9 85.2409210205078
134.0 91.6509628295898
134.2 7.7790641784668
135.0 69.5806884765625
135.1 245.290786743164
135.5 15.9247970581055
135.9 121.113067626953
136.0 104.056243896484
137.0 4206.962890625
138.0 782.594116210938
138.9 20.1064453125
139.0 486.366516113281
139.9 344.574676513672
140.0 650.686218261719
140.1 107.675537109375
140.9 393.500061035156
141.0 906.158386230469
142.0 485.37353515625
142.1 1883.19885253906
143.0 38607.08203125
144.0 128377.8359375
145.0 13390.154296875
145.9 211.996978759766
146.0 937.73291015625
146.7 18.9406147003174
146.9 66.9893646240234
147.0 118.297073364258
147.9 201.772857666016
148.0 383.458374023438
148.2 42.7522087097168
148.7 9.30148124694824
148.9 23.4406661987305
149.1 138.787551879883
149.2 7.38708066940308
149.8 86.5078430175781
149.9 68.9810104370117
150.0 92.5247192382813
150.2 120.753067016602
150.9 204.628387451172
151.0 74.8254699707031
151.9 82.2743606567383
152.0 320.022338867188
153.0 28.4908599853516
153.1 417.289276123047
154.0 2612.70947265625
155.0 1808.68981933594
156.0 2014.58227539063
156.1 1675.16760253906
157.0 7105.5498046875
158.0 2478.64868164063
158.1 1017.82556152344
159.0 1719.31689453125
160.0 297.189514160156
161.0 358.114135742188
161.8 1.41530227661133
162.0 71.1178817749023
162.1 66.0006408691406
163.0 251.134185791016
163.7 9.93191909790039
163.8 10.1244831085205
164.0 104.24186706543
164.1 5.82039260864258
164.7 6.9222149848938
165.0 161.902770996094
165.2 13.8605661392212
165.8 55.4823875427246
165.9 170.115921020508
166.1 125.941993713379
167.0 1340.6259765625
167.1 193.532272338867
168.0 286.12451171875
168.1 1223.83923339844
168.2 26.1581134796143
169.0 698.322021484375
169.1 233.52294921875
170.1 6496.2412109375
170.9 37.6027679443359
171.0 1284.04248046875
171.1 121.309272766113
171.9 89.4930648803711
172.0 227.084945678711
172.1 104.385345458984
172.3 18.1710262298584
172.9 78.1541442871094
173.0 92.376335144043
173.8 47.4414520263672
174.0 279.090667724609
174.1 49.5176467895508
174.7 6.02632331848145
174.8 37.3945121765137
175.0 88.308464050293
175.1 9.7390604019165
175.9 229.517990112305
176.0 982.861938476563
176.9 0.102310180664063
177.0 283.485046386719
177.7 8.33530044555664
177.8 10.7379894256592
177.9 46.9649124145508
178.0 73.5651016235352
178.1 11.6532554626465
178.9 36.1408538818359
179.0 53.2200164794922
179.6 9.52344036102295
179.8 2.20028305053711
179.9 173.816787719727
180.1 189.158020019531
180.9 98.8876495361328
181.0 195.469879150391
181.9 219.058624267578
182.0 215.208633422852
182.2 203.597671508789
182.9 278.920196533203
183.0 182.498794555664
183.2 11.1783924102783
184.0 649.787292480469
184.1 1545.68688964844
184.9 437.612457275391
185.0 208.398345947266
185.9 207.03108215332
186.1 85.7336044311523
186.6 4.49667358398438
186.9 191.256103515625
187.0 33.844841003418
187.7 4.26340389251709
187.9 89.5442047119141
188.1 42.8253326416016
188.4 9.3569917678833
188.8 69.006462097168
188.9 52.4024200439453
189.0 81.1092529296875
189.9 3.51657772064209
190.1 18.3825836181641
190.9 205.877655029297
191.7 20.1552066802979
192.0 62.7665901184082
192.1 42.938648223877
193.0 259.233947753906
193.8 39.043285369873
193.9 17.413143157959
194.0 85.9034805297852
194.2 7.26505470275879
194.9 359.759094238281
195.7 9.67412567138672
196.0 305.786529541016
196.0 27.0222778320313
197.0 332.730804443359
198.0 413.551879882813
198.1 547.006958007813
199.0 402.360229492188
199.1 22.4236679077148
200.0 240.128982543945
200.1 206.551147460938
201.0 262.171112060547
201.9 220.391372680664
202.0 528.514526367188
202.2 18.2347393035889
202.9 82.2806243896484
203.0 437.727416992188
203.7 6.31620931625366
203.8 6.66306018829346
204.0 239.641098022461
204.1 154.133880615234
204.2 7.80411386489868
204.8 51.2711715698242
205.0 210.213653564453
205.1 18.3642807006836
205.9 38.7338066101074
206.1 41.2316513061523
206.2 7.1734619140625
207.1 296.500396728516
208.0 190.451690673828
208.7 6.49010562896729
208.8 15.8897094726563
209.0 83.8815002441406
209.9 70.6224975585938
210.0 215.216461181641
210.1 170.68798828125
211.0 899.659118652344
212.1 8664.3662109375
213.1 1863.34460449219
213.9 34.9494476318359
214.0 275.880004882813
214.1 151.840591430664
215.0 2361.38671875
216.0 453.078125
216.1 121.214775085449
217.0 206.900512695313
217.1 266.727722167969
217.7 7.04387474060059
217.8 90.7133407592773
218.0 73.9313507080078
218.9 423.673583984375
219.7 7.90654039382935
220.0 142.077346801758
220.7 20.0466270446777
220.8 107.321220397949
221.1 11.4156169891357
222.0 56.7553901672363
222.2 8.033522605896
223.0 295.7646484375
223.2 32.9654006958008
223.8 7.1833438873291
223.9 43.8248519897461
224.0 48.7062492370605
224.2 11.1278247833252
224.6 22.9181976318359
224.7 13.1623287200928
224.9 0.899093627929688
225.1 116.809982299805
225.2 43.3186225891113
225.6 28.0177192687988
225.8 25.6215114593506
225.9 55.2765197753906
226.0 83.087646484375
226.1 131.763534545898
226.2 23.7354354858398
226.7 51.6046867370605
227.0 351.035125732422
227.1 123.363243103027
227.3 14.0618505477905
227.4 94.9370422363281
227.7 22.8721313476563
227.8 66.6606979370117
227.9 85.314323425293
228.0 342.689331054688
228.2 295.980194091797
229.0 1092.53381347656
229.2 60.2126655578613
230.1 4142.96875
231.1 4600.08203125
232.1 535654.8125
233.1 84717.90625
234.1 8541.95703125
235.0 470.948516845703
235.1 142.763824462891
235.9 64.0062026977539
236.1 26.0857696533203
237.0 1185.58984375
237.8 19.0440826416016
237.9 145.804000854492
238.1 49.2834243774414
239.0 391.504638671875
239.1 44.699031829834
239.8 58.0107154846191
239.9 113.425338745117
240.1 59.1781234741211
240.9 41.9116516113281
241.0 366.983215332031
241.1 55.0002250671387
241.8 34.8937568664551
242.0 291.746734619141
242.1 91.8123321533203
242.8 63.9779052734375
243.0 128.851318359375
243.1 28.5665245056152
243.6 12.4641695022583
243.7 20.3789367675781
244.0 73.2446899414063
244.1 40.3895797729492
244.8 11.0314788818359
244.9 62.6600914001465
245.0 28.4872608184814
245.9 15.5431032180786
246.0 6.77281188964844
246.9 35.3673324584961
247.0 27.8149909973145
248.0 24.9880924224854
248.7 2.75776052474976
248.9 96.4112854003906
249.0 21.7758674621582
250.8 3.31425952911377
250.9 46.8662261962891
251.0 69.3475341796875
251.2 23.1374626159668
251.9 14.5720090866089
252.9 58.6269607543945
253.0 92.1155776977539
253.1 31.0911636352539
253.8 7.22999572753906
253.9 93.7750778198242
254.0 175.509841918945
254.1 45.5528030395508
254.7 38.8096733093262
255.0 162.765930175781
255.2 20.5525341033936
255.5 16.8558769226074
255.8 26.3133392333984
256.0 187.551040649414
256.1 128.706008911133
257.0 216.089599609375
257.0 72.8327713012695
257.7 3.47529315948486
258.0 87.8965225219727
258.1 88.2139358520508
258.7 6.82514953613281
258.8 21.8979530334473
259.0 75.1389999389648
259.9 7.16489362716675
260.9 22.142822265625
262.7 17.6185855865479
262.8 27.6556091308594
262.9 20.5941925048828
264.8 6.6519193649292
264.9 25.8039398193359
266.8 10.0622415542603
266.9 22.4066982269287
267.1 25.4102096557617
267.4 6.40904951095581
267.8 7.6619553565979
268.0 34.0573272705078
268.8 19.5534496307373
268.9 87.2422485351563
269.1 41.7802658081055
269.9 13.9990139007568
270.0 69.6826782226563
270.1 165.789733886719
270.9 128.392547607422
271.0 25.404052734375
271.1 57.8464508056641
271.9 94.6413497924805
272.0 158.137161254883
272.9 101.124740600586
273.0 33.1637268066406
273.2 27.5647430419922
273.7 24.0528335571289
273.9 0.0524749755859375
274.0 90.9219207763672
274.9 286.516906738281
276.0 3.12810897827148
276.7 64.1351013183594
277.0 33.8626174926758
277.7 3.72834777832031
277.9 0.17662239074707
278.0 30.8977394104004
278.1 0.716915607452393
278.8 9.50612640380859
279.0 65.5714721679688
279.8 1.32848024368286
280.0 15.6402893066406
280.7 35.9807777404785
280.9 7.53517913818359
281.0 49.0756530761719
281.9 36.4660301208496
282.1 30.9553108215332
282.3 6.42956972122192
282.6 7.94048833847046
282.8 20.6751708984375
282.9 59.3167343139648
283.0 45.8302917480469
284.0 158.747131347656
284.2 33.6474266052246
285.0 274.933807373047
285.0 205.891082763672
286.0 280.088195800781
286.1 92.1747512817383
286.8 22.2813816070557
287.0 99.3695526123047
287.2 17.8770732879639
288.0 28.9731674194336
289.0 776.055480957031
289.9 58.4599456787109
290.0 108.599586486816
290.7 21.7075042724609
290.9 78.7788162231445
291.0 52.2373046875
291.9 3.35929870605469
293.0 273.310516357422
293.1 190.175827026367
293.8 94.5558395385742
294.0 145.243041992188
294.8 78.8392028808594
295.0 82.5471649169922
296.0 24.368522644043
296.1 42.9300193786621
296.8 35.9962158203125
296.9 161.839691162109
297.8 11.1137771606445
297.9 44.201114654541
298.0 64.3405303955078
298.1 30.7583789825439
298.2 6.58649826049805
298.9 12.8225021362305
299.0 31.3123092651367
299.1 24.8938026428223
300.0 78.148551940918
300.1 1116.91516113281
300.1 364.258911132813
300.9 25.3297538757324
301.0 139.067291259766
301.1 294.238159179688
301.2 8.22587490081787
301.9 14.5459079742432
302.1 7.73297548294067
302.9 23.7829093933105
303.1 4.59553718566895
304.9 18.5976848602295
306.8 1.03867530822754
306.9 23.0232162475586
307.1 35.9244956970215
307.9 22.5369815826416
308.0 15.6021776199341
308.2 8.18816757202148
309.1 4.4901237487793
310.2 9.02935218811035
311.0 74.8575057983398
311.1 0.65129566192627
312.2 20.8975238800049
314.6 6.36274147033691
314.8 17.7714824676514
314.9 17.4031581878662
315.0 49.1058883666992
315.1 6.2091007232666
315.9 6.59191942214966
316.8 6.55018424987793
316.9 6.25098037719727
317.9 6.86484861373901
318.9 10.685417175293
319.2 9.03870964050293
322.8 2.83654308319092
323.0 6.40763235092163
326.9 19.1101264953613
329.0 17.0720767974854
329.1 6.89721441268921
330.7 3.90162897109985
330.9 21.6100082397461
331.1 16.1468963623047
332.8 18.5854301452637
338.0 7.47569847106934
340.1 6.49265193939209
341.3 7.53100156784058
342.1 33.979061126709
342.2 18.4732151031494
345.0 28.9385528564453
345.9 18.8085784912109
346.0 8.78544616699219
346.2 50.1523780822754
346.3 6.76041603088379
346.8 8.09216403961182
347.0 20.5888576507568
347.1 23.9811305999756
348.9 2.03174209594727
349.0 46.4883575439453
349.1 1.66183805465698
350.8 2.69530725479126
353.1 18.9776630401611
354.0 22.9564304351807
354.1 11.269305229187
354.9 22.0931396484375
355.0 9.00061416625977
355.9 6.66936111450195
356.9 48.4721908569336
357.0 15.3889770507813
357.2 7.1438364982605
357.8 14.7951755523682
358.0 48.7075500488281
358.2 27.4345073699951
359.0 16.7971839904785
359.1 101.832511901855
359.2 20.1526374816895
361.0 6.78369379043579
362.9 1.79729175567627
364.8 6.58561563491821
367.0 10.3194255828857
370.9 2.0655403137207
370.9 28.2921276092529
373.2 9.35236835479736
374.0 158.872344970703
374.1 254.942260742188
374.2 114.774131774902
375.0 168.183944702148
375.1 471.512725830078
375.2 112.670997619629
376.0 80.423225402832
376.2 140.60693359375
376.3 10.5451440811157
377.0 15.091344833374
