#"+EI Scan (rt: 5.791-5.908 min, 21 scans) R7M3.D  Subtract "
#Point,X(Thompsons),Y(Counts)
40.0 28.2784595489502
41.0 923.236694335938
42.0 226.193725585938
42.1 40.4885444641113
42.2 4.4127368927002
43.0 20.9496154785156
43.1 867.739990234375
44.0 2223.72412109375
44.9 27.8701019287109
45.1 102.288719177246
46.0 8.40425491333008
46.1 13.2902956008911
47.0 334.543731689453
49.0 24.6288051605225
49.1 14.7467365264893
49.9 35.3039207458496
50.0 75.8102340698242
50.2 20.0326271057129
51.0 370.168273925781
51.9 40.0061340332031
52.0 44.0132102966309
53.0 60.0367126464844
53.1 45.4523468017578
53.9 45.8340454101563
54.1 28.687671661377
54.2 37.5288314819336
54.9 152.565078735352
55.0 176.65087890625
55.1 14.7928047180176
56.0 405.757507324219
56.8 7.18393516540527
57.0 411.024749755859
57.1 109.985382080078
58.0 60.4943962097168
58.1 18.6582412719727
58.2 60.2978515625
59.0 632.529296875
60.0 54.9231491088867
60.1 55.5909729003906
60.8 43.288932800293
61.2 13.8542613983154
61.8 53.3138427734375
62.0 216.385009765625
62.1 42.7562828063965
63.0 565.847900390625
63.1 67.2337036132813
63.9 182.203033447266
64.1 60.4706687927246
64.9 95.1062927246094
65.1 23.5793380737305
65.9 5.52693367004395
66.0 41.723030090332
66.9 23.7795867919922
67.1 61.8358383178711
67.8 28.1482162475586
67.9 44.8061180114746
68.0 10.2899188995361
68.2 25.2795906066895
69.0 640.5517578125
69.8 68.8716735839844
70.0 82.8466949462891
70.1 40.6780624389648
71.0 80.7825622558594
71.8 18.8560523986816
72.0 246.219955444336
72.1 41.1739654541016
73.0 308.115478515625
74.0 73.0965881347656
74.1 100.893486022949
74.8 39.7154960632324
75.0 115.173217773438
75.0 83.928466796875
75.9 155.367660522461
76.0 268.912841796875
77.0 899.20703125
78.0 348.02685546875
78.9 169.762664794922
79.8 55.9509582519531
80.1 54.7269973754883
81.0 262.5576171875
81.8 30.9341926574707
81.9 6.65850830078125
82.1 126.654083251953
82.2 47.0127182006836
83.0 3516.55224609375
83.9 124.303993225098
84.0 156.478958129883
84.2 35.0167350769043
84.9 82.3679122924805
85.1 90.5549926757813
85.9 21.1180305480957
86.1 96.0211029052734
86.7 9.99479389190674
86.9 2.15629196166992
87.0 72.5178833007813
87.1 9.59226608276367
87.7 13.3977527618408
87.8 118.529190063477
88.0 34.1013641357422
88.2 55.7735252380371
88.7 0.880437850952148
89.0 1478.77099609375
89.8 62.0137367248535
90.0 400.440979003906
90.1 56.5388031005859
90.6 7.5859489440918
90.8 37.8749923706055
90.9 177.932922363281
91.8 9.56287670135498
92.0 22.7636775970459
92.8 74.1267852783203
93.0 101.187454223633
93.9 23.4072360992432
94.8 66.2264709472656
95.0 70.4264984130859
95.1 83.9544906616211
95.9 128.681671142578
96.1 51.3208770751953
96.5 1.91966915130615
96.6 11.4326686859131
97.0 110.697624206543
97.1 11.4592590332031
97.9 55.0613708496094
98.0 32.2846145629883
98.1 65.410514831543
98.7 38.0341835021973
99.0 127.188293457031
99.3 7.71213293075562
100.0 56.0898513793945
100.1 21.7799777984619
100.7 8.32880020141602
101.0 41.0134887695313
101.0 16.7882843017578
101.9 210.373474121094
102.0 265.468811035156
103.0 578.389404296875
103.8 35.1589088439941
104.0 35.4710998535156
104.1 136.164474487305
104.2 8.96221828460693
104.8 15.9901876449585
104.9 33.5002937316895
105.0 73.5546188354492
106.0 46.1355972290039
106.2 17.4842128753662
106.9 343.270690917969
107.1 516.876525878906
107.8 14.1521224975586
108.0 40.8278274536133
108.1 286.049560546875
108.2 661.193664550781
109.0 40780.41796875
110.0 3123.39575195313
110.9 28.1845855712891
111.0 125.847122192383
111.2 9.80594825744629
111.8 56.8911628723145
112.0 200.748672485352
112.1 160.093765258789
112.7 81.4436950683594
112.8 57.8716125488281
113.1 83.5367126464844
113.2 30.0518989562988
113.7 20.347074508667
113.8 9.28837776184082
114.0 42.0022087097168
114.3 0.412497520446777
114.8 19.3875389099121
115.0 185.581649780273
115.8 10.2699279785156
116.0 806.673034667969
116.1 74.1988906860352
116.9 42.7171020507813
117.0 801.301574707031
118.0 233.58854675293
118.1 9.74225425720215
118.9 34.3273620605469
119.1 116.97339630127
119.9 33.0777854919434
120.1 27.7955646514893
120.8 42.7969131469727
121.1 89.8641662597656
121.9 8.1295690536499
122.0 34.9624404907227
122.1 7.96688413619995
122.9 9.64244079589844
123.1 31.189208984375
123.8 3.98351669311523
123.9 15.7696733474731
124.1 10.754994392395
125.0 80.0819854736328
125.8 44.0735473632813
126.0 27.1429882049561
126.2 48.8806610107422
126.5 11.08811378479
126.8 25.5082015991211
126.9 171.878616333008
127.9 66.9136047363281
128.0 11.501594543457
128.9 59.9788208007813
129.0 118.370048522949
129.9 141.437759399414
130.1 103.542709350586
130.8 63.7862892150879
131.0 157.603500366211
131.9 18.7380294799805
132.0 119.288368225098
132.1 15.7877473831177
132.7 10.9978199005127
133.0 310.232269287109
134.0 141.863555908203
134.1 69.3672714233398
135.0 276.993408203125
136.1 24.4307250976563
136.2 41.2182807922363
137.0 1895.1484375
137.9 398.520080566406
138.9 84.6999969482422
139.0 96.9971160888672
140.1 45.5335235595703
140.9 211.055938720703
142.0 138.832107543945
142.2 33.8446769714355
143.0 123.460342407227
143.1 125.777069091797
144.0 1900.51806640625
145.0 2034.90063476563
145.9 86.3231048583984
146.0 210.257568359375
146.8 21.5295143127441
147.0 12.9020690917969
147.9 7.55111789703369
148.6 9.64506053924561
149.0 37.8238525390625
150.0 15.3186731338501
151.0 149.057739257813
151.1 65.134765625
151.9 64.6644897460938
152.1 13.296688079834
152.2 12.0128717422485
152.4 8.85240650177002
152.6 7.42519474029541
152.8 51.517463684082
152.9 69.0271453857422
153.3 17.3909721374512
153.9 4.04508018493652
154.1 83.0984649658203
155.0 384.507568359375
155.9 176.760192871094
156.0 207.38591003418
156.9 91.1038970947266
157.1 153.263153076172
158.0 12.5467071533203
158.1 23.4302406311035
159.0 628.63037109375
159.9 79.5247192382813
160.0 24.3811950683594
161.0 244.282485961914
161.6 29.2280712127686
161.8 123.607070922852
162.1 86.0893478393555
162.2 19.8489551544189
162.9 26.1786804199219
163.0 26.012882232666
163.7 10.6484489440918
164.1 1.26583385467529
164.7 4.87716197967529
164.8 45.3072052001953
165.0 12.1643371582031
166.8 47.2892532348633
166.9 190.08447265625
167.8 56.7895469665527
167.9 61.7695426940918
168.6 4.03076124191284
168.8 10.1039628982544
168.9 7.87201690673828
169.0 117.773338317871
169.8 47.5940322875977
169.9 29.244384765625
170.1 85.070426940918
171.0 166.501068115234
171.2 18.41872215271
171.9 93.9630584716797
172.1 13.0975017547607
172.7 15.4416818618774
173.0 19.9924545288086
173.8 9.77957248687744
174.0 109.385513305664
174.1 38.5641899108887
174.9 17.749755859375
175.1 18.5466766357422
175.9 18.2930297851563
176.1 31.5690479278564
176.9 58.6312255859375
177.0 24.1582107543945
177.8 40.2266960144043
178.0 53.2393035888672
178.8 40.6927070617676
179.1 12.1807880401611
179.9 28.7056941986084
180.0 17.1090774536133
180.9 462.8330078125
181.7 20.5055618286133
181.9 43.7706260681152
182.1 7.41357183456421
183.0 127.822883605957
183.8 26.3332691192627
183.9 24.2035446166992
184.0 38.3166046142578
184.8 45.8651885986328
184.9 26.5784606933594
185.0 11.9543228149414
186.1 27.4957618713379
186.8 87.9622497558594
187.8 20.1360015869141
188.6 7.59804534912109
188.9 30.3500518798828
190.7 5.86788558959961
191.0 177.475646972656
191.1 12.5987176895142
191.7 1.00107574462891
191.9 70.5506286621094
192.7 28.8387546539307
192.9 298.785736083984
193.8 60.1308288574219
194.7 20.3215007781982
194.9 70.7348022460938
195.0 137.839508056641
195.9 124.38313293457
196.0 23.0185928344727
196.1 10.2830190658569
197.0 385.829498291016
197.9 112.997550964355
198.0 55.2359466552734
198.9 31.0312805175781
199.0 119.755378723145
199.7 25.9695587158203
199.9 4.94345092773438
200.0 39.6016960144043
201.0 128.550216674805
202.0 38.5936431884766
202.8 65.6677398681641
202.9 48.3251571655273
203.1 26.9417934417725
203.9 27.1738567352295
204.8 27.2713470458984
204.9 95.2864837646484
205.0 66.75048828125
205.2 19.6384162902832
205.9 31.3017120361328
206.1 8.34667301177979
206.3 10.6974573135376
207.0 207.6025390625
207.8 8.47249794006348
208.1 14.949634552002
208.7 16.5330047607422
209.1 25.1339340209961
209.8 26.3926658630371
210.0 10.9048099517822
210.2 1.56989097595215
210.9 185.443435668945
211.0 140.906005859375
212.0 480.035064697266
212.7 10.2607183456421
213.0 129.372222900391
214.0 185.83186340332
215.0 927.197265625
216.0 87.6943359375
216.9 588.229614257813
217.8 71.5394592285156
217.9 11.2860412597656
218.9 320.189636230469
219.7 6.22109317779541
219.9 119.681137084961
220.9 138.930999755859
221.8 38.1188163757324
221.9 8.84055614471436
222.0 54.1271743774414
223.0 541.071594238281
223.1 604.685974121094
224.0 438.572631835938
224.1 369.5615234375
225.0 860.42724609375
225.1 329.279052734375
225.8 16.6701107025146
225.9 69.4316329956055
226.0 135.238220214844
226.1 121.418281555176
226.9 143.662017822266
227.1 12.3562240600586
228.8 3.90726470947266
229.0 66.5853271484375
230.0 67.0986480712891
230.1 21.0566864013672
230.8 56.1363716125488
231.8 17.5449981689453
232.1 12.7252140045166
233.0 374.97705078125
234.0 201.401214599609
234.9 390.215301513672
235.8 6.15876579284668
235.9 84.4724197387695
237.0 442.49853515625
237.8 117.563758850098
238.9 49.6159057617188
239.0 34.0641784667969
239.8 12.2806186676025
240.1 11.9239959716797
240.9 100.634033203125
241.0 90.0348968505859
241.9 34.6653213500977
242.1 12.7176933288574
242.3 8.24252128601074
242.7 22.3364658355713
243.0 3.75827026367188
244.9 32.4628753662109
245.8 16.1138153076172
246.2 9.36204814910889
246.9 24.1805515289307
247.0 10.2006645202637
247.6 24.4516925811768
248.2 23.3661403656006
248.7 26.3091735839844
249.0 83.5230407714844
249.1 17.8643817901611
249.9 38.8674087524414
250.0 238.927474975586
250.1 14.1706094741821
250.9 40.2131195068359
251.0 295.893737792969
251.1 344.867309570313
251.7 10.3296337127686
251.9 56.485466003418
252.0 263.117523193359
252.1 258.548004150391
253.1 33440.921875
254.1 5609.89306640625
254.7 14.4059677124023
254.9 177.086029052734
255.1 444.913452148438
255.9 38.3396072387695
256.9 1.54327392578125
257.0 40.4738388061523
257.9 9.11884117126465
258.6 8.34909343719482
258.9 50.9484672546387
259.0 29.3413944244385
259.9 8.09958362579346
260.8 30.4928741455078
261.1 9.34097766876221
262.7 8.8252649307251
264.8 18.6188278198242
264.9 8.74179649353027
266.0 8.58966541290283
266.9 28.0448036193848
267.1 22.6646537780762
267.2 11.7069292068481
267.7 16.6161670684814
267.8 17.9565200805664
268.0 594.206726074219
268.1 279.847229003906
268.2 10.7653427124023
269.0 198.740600585938
269.1 3377.68090820313
269.8 27.9390449523926
270.0 196.828048706055
270.0 339.714691162109
270.2 56.2188110351563
270.8 122.940063476563
270.9 25.4856872558594
271.2 12.5553731918335
271.8 9.06649208068848
271.9 69.8088836669922
272.0 29.8838691711426
273.0 108.850936889648
273.1 79.6952285766602
274.0 22.4314880371094
274.7 16.4407157897949
275.1 25.1722068786621
275.7 18.2248783111572
276.8 11.1129302978516
277.0 114.368949890137
277.6 12.1079235076904
277.9 0.939291000366211
278.1 7.48532390594482
278.8 73.2014312744141
279.7 8.18194103240967
279.9 20.0660152435303
280.1 26.5657615661621
280.2 7.51899480819702
280.7 4.04052495956421
280.8 59.9089279174805
281.1 48.1164588928223
281.2 20.7789840698242
282.1 12.7893581390381
283.1 21.8482227325439
284.9 94.3816680908203
285.0 25.1460266113281
285.9 54.0150337219238
286.0 1.28346633911133
286.1 27.9967193603516
286.9 40.2474746704102
287.1 28.2098846435547
288.1 11.462007522583
288.9 217.164337158203
289.9 67.6968078613281
290.8 50.0634422302246
290.9 78.3834915161133
291.1 5.74358367919922
291.9 75.0937652587891
292.1 43.1827850341797
292.9 128.090133666992
294.0 6.40127563476563
294.0 108.06462097168
294.8 111.833541870117
294.9 86.9752349853516
295.8 8.19786167144775
296.0 79.5649108886719
296.7 89.3593826293945
296.9 69.0987548828125
297.7 16.2874851226807
297.8 37.074146270752
298.7 20.4970092773438
302.9 11.6485157012939
304.8 7.47445106506348
304.9 15.1186494827271
305.1 22.3246402740479
307.0 96.5739440917969
307.1 913.591064453125
307.2 12.3404369354248
307.8 13.377833366394
307.9 79.733154296875
308.1 716.366760253906
308.8 10.0661430358887
308.9 70.6803359985352
309.1 200.289428710938
309.2 7.88815832138062
310.0 7.35551595687866
310.9 30.1936302185059
311.1 9.61644744873047
314.8 11.5249214172363
315.0 29.21852684021
315.2 12.1219787597656
319.1 58.6548309326172
320.2 9.82589817047119
320.9 9.72483730316162
322.0 18.2340488433838
322.2 7.37542152404785
323.0 25.7402248382568
324.0 45.7273139953613
324.1 2315.537109375
324.2 1770.86291503906
324.8 9.2487154006958
324.9 38.4759712219238
325.0 277.242858886719
325.1 701.066467285156
325.3 12.4600048065186
325.9 49.5979804992676
326.0 77.9817962646484
326.1 80.2487945556641
326.2 21.6364593505859
326.7 8.85811328887939
327.1 8.11057281494141
330.7 3.04881477355957
332.8 29.285099029541
333.0 8.56510066986084
333.6 9.5108699798584
334.8 0.898525238037109
335.2 9.29981327056885
335.9 11.0753955841064
336.0 18.4360084533691
336.2 7.37180662155151
337.0 9.17185401916504
341.1 10.8510694503784
344.9 11.6263475418091
347.9 12.2408399581909
348.0 42.9724998474121
348.2 19.2274513244629
349.0 57.7754516601563
349.9 29.2836627960205
350.0 137.101440429688
350.2 64.8377304077148
350.3 16.7221965789795
350.7 12.4411144256592
350.9 1.91750288009644
351.0 190.395584106445
351.1 76.7553329467773
351.2 66.6099243164063
352.1 48.4159317016602
352.8 28.348295211792
352.9 22.9970893859863
353.9 0.985266208648682
354.9 11.1812000274658
357.0 9.98199939727783
362.8 9.09964466094971
363.0 17.2928581237793
363.4 7.20718002319336
367.0 34.9581451416016
368.0 35.4935073852539
368.1 381.533569335938
368.2 74.4730834960938
368.8 10.7688045501709
369.0 9.51671314239502
369.1 58.2237739562988
370.8 16.8571605682373
384.0 7.51703977584839
482.9 8.01153087615967
