#"+EI Scan (rt: 5.791-5.925 min, 24 scans) R5M3.D  Subtract "
#Point,X(Thompsons),Y(Counts)
40.0 24.1264038085938
40.1 132.340438842773
40.9 19.2877082824707
41.1 643.160278320313
41.9 46.8387489318848
42.0 238.557418823242
42.2 37.4930229187012
43.0 50.1637992858887
43.0 691.651550292969
43.2 34.7884254455566
44.0 1294.03637695313
44.9 129.386337280273
45.8 6.69879913330078
46.0 37.7907562255859
46.1 6.94604873657227
46.7 7.66873407363892
47.0 363.469329833984
47.2 8.8363790512085
48.9 47.2962532043457
49.0 29.4723663330078
49.8 44.2421417236328
50.0 49.6192169189453
50.1 28.5275859832764
51.0 521.053100585938
51.1 22.7295322418213
51.9 37.5720329284668
52.0 90.1941909790039
52.9 274.74853515625
53.9 73.5556411743164
54.1 59.2960929870605
54.9 38.3728065490723
55.0 648.437194824219
56.0 305.605987548828
56.1 277.837036132813
56.9 19.1930084228516
57.0 166.613952636719
57.1 294.778778076172
57.9 95.8862609863281
58.1 118.891639709473
58.2 10.6055297851563
59.0 1221.1552734375
59.9 84.619140625
60.7 7.00174856185913
60.9 62.7238273620605
61.0 57.912425994873
62.0 395.465545654297
62.1 10.0335817337036
63.0 840.366027832031
63.1 81.7521057128906
63.8 22.33083152771
63.9 111.858345031738
64.0 153.850921630859
64.9 35.7692451477051
65.1 116.532653808594
65.3 6.67995405197144
65.9 64.3479080200195
66.0 6.95442628860474
66.8 13.0948553085327
67.1 105.050254821777
67.8 23.4424915313721
67.9 56.4704704284668
68.0 46.9155006408691
68.1 32.3565826416016
68.8 28.1806964874268
69.0 371.571472167969
69.9 49.2142143249512
70.1 136.374298095703
70.2 38.7981300354004
70.7 7.38978433609009
70.9 37.2313385009766
71.0 26.7942504882813
71.9 93.2374038696289
72.1 116.494842529297
72.2 42.5117301940918
72.4 9.05460071563721
73.9 169.877685546875
74.2 17.4366321563721
75.0 892.515991210938
76.1 512.827941894531
77.0 932.53125
78.0 38.12744140625
79.1 263.305450439453
79.8 29.5187664031982
80.0 70.8899002075195
81.0 345.685546875
81.9 105.551086425781
82.0 70.7149658203125
82.2 10.3537931442261
82.9 125.31468963623
83.0 3371.63989257813
83.9 87.1182174682617
84.0 163.809143066406
84.2 51.7831077575684
84.8 45.1196937561035
85.0 291.168853759766
85.1 67.4023132324219
85.7 6.87894582748413
85.8 38.1772041320801
86.1 68.7471694946289
86.8 76.2413864135742
87.0 163.17463684082
87.9 55.9360160827637
88.0 253.709854125977
88.1 31.73264503479
88.9 32.4932289123535
89.0 1299.23046875
89.1 96.7410507202148
89.9 125.217025756836
90.1 159.93229675293
90.9 204.825439453125
91.0 207.838134765625
91.9 34.7279510498047
92.0 15.721019744873
92.8 63.513111114502
93.1 134.85124206543
93.8 46.2610626220703
94.0 24.9512348175049
94.2 14.027943611145
94.8 6.47378015518188
94.9 178.099716186523
95.1 19.4086456298828
95.9 90.3744812011719
96.0 1.78573608398438
96.2 54.0916786193848
96.8 55.183177947998
97.0 152.280700683594
97.2 27.0628204345703
97.6 9.4709997177124
98.0 37.3497886657715
98.1 68.6473083496094
98.2 11.4128293991089
98.7 10.8225755691528
98.9 79.6460418701172
99.1 60.675235748291
99.8 9.39342594146729
100.0 85.8665237426758
100.5 9.08494091033936
100.7 7.71057176589966
100.8 41.6631507873535
101.0 95.3003463745117
101.3 8.35761737823486
101.9 154.77018737793
102.0 345.645538330078
102.2 22.8003177642822
102.8 41.6150779724121
102.9 371.851226806641
103.2 36.7004432678223
103.3 35.2607917785645
103.8 44.5565299987793
103.9 90.4637985229492
104.0 105.400459289551
104.1 18.6169719696045
104.9 79.9367446899414
105.0 95.4151840209961
105.9 54.0124664306641
106.0 37.1853675842285
106.9 228.893020629883
107.0 850.391784667969
107.6 11.0519676208496
107.8 133.428024291992
108.1 569.340026855469
108.1 306.11181640625
109.0 41930.015625
110.0 3357.32690429688
110.8 108.79296875
111.0 196.848861694336
111.4 14.3444356918335
111.7 45.5478477478027
111.9 110.637702941895
112.1 222.666915893555
112.3 43.8796081542969
112.5 22.526481628418
112.7 30.6815395355225
112.9 130.921173095703
113.2 11.086856842041
113.8 25.9657878875732
113.9 49.3861083984375
114.1 6.47677659988403
114.8 48.2913932800293
114.9 121.700073242188
115.1 60.1285820007324
116.0 759.889282226563
116.1 75.6753311157227
117.0 728.324523925781
117.8 26.495626449585
117.9 129.732925415039
118.1 86.7608108520508
119.1 163.482482910156
119.6 9.76339435577393
119.7 13.8803129196167
120.0 81.8695755004883
120.7 6.90893745422363
120.8 45.8207969665527
121.1 75.3891906738281
121.2 13.310980796814
121.8 40.7403221130371
122.0 68.105827331543
122.7 15.1377782821655
123.0 203.063034057617
124.1 45.8268241882324
124.7 25.1407947540283
125.0 39.2149200439453
125.1 24.0513763427734
125.6 20.2291946411133
125.8 58.6842308044434
126.0 20.4445171356201
126.1 7.3267560005188
126.2 31.1213932037354
126.5 43.3507881164551
126.7 32.8163185119629
126.9 55.2884216308594
127.7 16.8113880157471
128.0 147.198196411133
128.2 27.7182235717773
128.4 12.6128416061401
128.9 28.9814910888672
129.0 288.3759765625
130.0 222.026657104492
130.1 90.6316299438477
130.2 57.3053131103516
130.9 28.1530151367188
131.2 14.4254426956177
131.9 35.4473724365234
132.0 148.769760131836
132.2 23.559663772583
132.8 27.5938892364502
133.1 209.938034057617
133.8 17.1625308990479
134.1 32.3433837890625
134.9 39.1868591308594
135.0 231.428970336914
135.1 60.3827629089355
136.0 325.468536376953
137.0 1635.603515625
138.1 268.072723388672
138.9 219.363098144531
139.0 360.633636474609
139.6 9.77694034576416
139.9 115.663482666016
140.0 40.5592231750488
140.2 9.5443754196167
141.0 1299.24426269531
142.1 107.438285827637
142.2 15.4688034057617
142.9 172.978820800781
143.0 285.329498291016
143.9 237.327133178711
144.0 1481.91357421875
145.0 1040.02209472656
145.0 876.755859375
145.9 65.2436447143555
146.0 107.392265319824
146.1 68.5120391845703
146.7 22.7617721557617
146.9 126.603965759277
147.2 15.4405403137207
147.5 9.23215961456299
147.8 9.90217018127441
147.9 6.37840461730957
148.0 8.78044319152832
148.9 126.462768554688
149.0 90.9939804077148
149.1 12.9276962280273
149.8 22.6498928070068
150.0 10.4057674407959
150.2 7.50792074203491
150.9 327.407348632813
151.0 20.1911010742188
151.5 7.60973501205444
151.6 6.99165678024292
152.0 71.0211410522461
152.1 17.6141815185547
152.2 15.5080232620239
152.9 173.66162109375
153.1 36.2879219055176
153.8 31.8984127044678
154.0 104.115600585938
155.0 96.05712890625
156.0 277.080810546875
156.9 103.799133300781
157.1 339.246185302734
158.0 177.429931640625
158.1 34.1965065002441
159.0 509.43212890625
159.9 132.064270019531
160.0 199.797241210938
160.9 322.284393310547
161.1 31.6435375213623
161.8 46.0731544494629
161.9 51.0820617675781
162.0 173.204238891602
162.2 18.4746322631836
162.9 450.842163085938
163.9 65.463981628418
164.0 100.707191467285
164.8 41.4277763366699
165.0 112.875221252441
166.0 49.8386840820313
166.7 36.2811088562012
167.0 302.520111083984
167.7 11.6488103866577
167.9 203.783676147461
168.1 30.0699768066406
168.8 19.8377075195313
169.0 29.7877655029297
169.1 66.8201217651367
169.8 83.6308898925781
170.0 139.29719543457
170.1 60.0797271728516
170.7 62.686954498291
171.1 79.3016586303711
172.0 104.146965026855
172.1 6.61860656738281
172.8 41.9906997680664
172.9 71.5866394042969
173.1 60.6217613220215
174.0 198.386306762695
174.1 47.994800567627
174.9 10.9657258987427
175.5 6.67545557022095
175.9 21.8197650909424
175.9 31.635046005249
176.8 38.3430061340332
177.0 39.516845703125
177.9 47.5120697021484
178.0 30.3710155487061
178.1 6.67987251281738
178.9 125.989768981934
179.7 20.3280448913574
180.1 12.4753684997559
181.0 411.682403564453
181.1 71.889533996582
181.7 6.51844644546509
181.9 78.1206436157227
182.6 7.92266988754272
182.8 35.9375610351563
182.9 130.829238891602
183.1 30.4348297119141
183.7 16.3414669036865
184.0 40.4438056945801
184.6 20.2093105316162
184.9 514.081604003906
185.0 9.00021076202393
185.8 36.8422317504883
185.9 66.6278991699219
186.1 21.0002307891846
186.7 41.5055122375488
186.8 45.2738761901855
187.0 453.958953857422
187.7 7.34610509872437
187.8 16.6168155670166
188.0 31.2519474029541
188.9 129.619735717773
189.1 50.6967468261719
190.0 8.30797863006592
190.9 130.088424682617
192.0 61.0916557312012
192.2 10.4772319793701
192.7 19.0136013031006
192.8 98.6506958007813
192.9 269.314575195313
193.7 16.5756607055664
193.8 65.2483215332031
194.0 85.6833419799805
194.9 92.6115112304688
195.0 428.053497314453
195.8 67.3114929199219
196.0 301.901824951172
196.2 39.6860008239746
197.0 227.928100585938
197.1 118.097434997559
197.8 41.1770896911621
197.9 35.0276184082031
198.0 124.817352294922
199.0 57.8963661193848
199.6 8.23907661437988
199.9 85.2914199829102
200.7 95.1081924438477
201.0 95.3044662475586
201.7 41.2494354248047
201.9 32.4215545654297
202.0 64.1177444458008
202.7 14.1404418945313
202.9 299.130096435547
203.7 12.9996461868286
203.9 43.0046997070313
204.1 14.8401489257813
204.8 30.486608505249
204.9 51.4408569335938
205.1 151.646942138672
205.9 18.578104019165
206.1 29.5928802490234
206.2 16.988302230835
207.0 49.4310302734375
208.0 212.34196472168
208.1 86.4214782714844
208.9 84.9845504760742
209.1 135.464065551758
210.0 102.967872619629
210.1 7.14872980117798
211.0 342.95849609375
212.0 948.343688964844
212.8 76.407585144043
213.0 60.753246307373
213.6 7.35080671310425
213.8 70.8875198364258
214.0 127.077583312988
214.2 8.93933868408203
215.0 1240.3681640625
216.0 370.639404296875
217.0 1679.97448730469
217.7 12.0188302993774
217.9 175.337844848633
218.1 29.0213756561279
219.0 81.867919921875
219.9 12.3952026367188
220.0 208.120666503906
220.9 259.722808837891
221.0 308.717803955078
221.6 7.55484962463379
221.8 49.2838554382324
222.0 61.627613067627
222.1 26.4936580657959
222.9 213.675186157227
223.0 1403.22436523438
223.9 117.60107421875
224.0 574.908020019531
224.1 56.8832206726074
224.9 169.121078491211
225.1 1068.87451171875
225.8 9.54500293731689
226.0 117.097778320313
226.1 221.757278442383
227.0 188.443267822266
227.1 94.3670654296875
228.0 33.6795234680176
228.1 7.25802278518677
228.9 316.079772949219
229.6 9.88506031036377
230.0 117.527854919434
230.1 52.560115814209
231.0 116.342506408691
231.1 32.3266487121582
232.0 88.2890243530273
233.9 287.385131835938
235.0 511.721618652344
235.9 16.8971862792969
238.0 976.18701171875
238.8 27.024528503418
239.0 221.699600219727
239.7 7.22950410842896
240.0 74.1570510864258
241.0 420.789520263672
241.1 14.8455457687378
241.9 48.4208869934082
242.9 36.0579490661621
243.1 18.5362644195557
245.0 77.3141555786133
245.1 6.4791202545166
246.1 15.1402196884155
246.7 10.9723129272461
247.1 14.3694925308228
248.9 40.4488830566406
249.0 50.1002197265625
249.1 75.0944900512695
249.9 94.0459060668945
250.0 191.496627807617
251.0 303.967559814453
251.1 313.772125244141
251.7 12.8742876052856
252.0 141.938629150391
252.1 350.016021728516
253.1 34421.390625
254.1 6260.21875
255.0 564.691528320313
255.1 147.874862670898
256.0 40.0905876159668
256.1 16.8895206451416
256.8 118.159828186035
257.0 72.6283340454102
257.1 19.0408153533936
258.8 95.0450668334961
260.8 30.0574703216553
260.9 51.3362617492676
262.8 29.606466293335
264.7 6.59382772445679
265.8 8.52895832061768
265.9 9.91347789764404
266.6 6.87066650390625
266.8 48.6675987243652
266.9 85.8261184692383
267.1 21.1830310821533
268.0 296.320922851563
268.1 553.942565917969
268.2 11.1407356262207
269.1 3834.5107421875
269.9 63.1838684082031
270.0 629.183044433594
270.2 69.1332702636719
270.6 28.8266544342041
270.8 89.7058410644531
270.9 125.820678710938
271.9 55.4848480224609
272.0 27.6045665740967
272.7 21.9873886108398
273.0 374.193481445313
273.1 18.6098823547363
273.8 49.6114044189453
274.0 38.8017883300781
274.1 7.10058212280273
274.8 185.468215942383
275.7 21.6585140228271
275.8 21.4730072021484
276.0 75.3712844848633
276.8 124.330986022949
277.1 76.1469192504883
278.0 26.0632343292236
278.5 14.7768249511719
278.8 16.9193420410156
279.0 154.975830078125
279.8 6.36482048034668
279.9 29.9308490753174
280.0 15.0112829208374
280.8 57.8639831542969
281.1 90.2952194213867
282.0 55.3049354553223
282.8 16.4318695068359
283.0 29.5270748138428
283.2 8.54787826538086
284.7 15.9225702285767
285.9 135.901931762695
286.2 14.6814804077148
286.7 26.3927364349365
286.8 65.3247222900391
287.1 2.14421081542969
288.0 11.0339555740356
288.1 8.17692852020264
289.0 458.3798828125
289.9 178.604263305664
290.9 48.1822395324707
291.0 126.771682739258
291.0 34.2542152404785
291.8 13.2791166305542
292.0 117.257415771484
292.2 40.7373085021973
293.0 819.791809082031
293.9 353.186187744141
294.0 232.695846557617
294.7 41.9026145935059
295.0 433.364501953125
296.0 23.8880977630615
296.8 235.828536987305
298.1 28.917028427124
298.8 54.1381072998047
299.0 65.3645858764648
300.7 6.60370397567749
300.9 43.1358833312988
301.0 19.7930088043213
302.8 29.5253200531006
303.0 45.2664451599121
305.0 34.6484489440918
305.1 6.55530786514282
307.0 417.350189208984
307.1 480.915893554688
307.8 17.7666606903076
308.0 422.439086914063
308.1 453.926635742188
308.9 153.339126586914
309.1 127.752960205078
309.2 7.95214128494263
309.9 15.2212114334106
310.2 8.23164367675781
310.9 102.138671875
312.8 21.8155651092529
314.8 28.5539608001709
315.0 61.6471557617188
319.1 37.3902740478516
319.1 20.3858070373535
322.1 45.5193977355957
323.0 21.7280521392822
324.0 127.785118103027
324.1 3791.62890625
325.1 442.618011474609
325.1 543.344177246094
325.2 25.107931137085
325.8 10.2829122543335
326.0 41.3405723571777
326.1 139.786727905273
326.2 36.5250930786133
326.4 7.08243608474731
327.0 10.7684736251831
328.8 7.34116125106812
330.8 7.18786668777466
330.9 14.8483476638794
332.7 18.1255702972412
333.1 17.8682422637939
334.0 7.37556791305542
334.1 9.4955530166626
334.9 15.4320783615112
335.0 34.215950012207
335.1 6.71017217636108
335.9 22.8114948272705
336.1 17.7905406951904
336.2 29.8784923553467
337.0 6.64051580429077
347.1 7.0847430229187
347.9 21.5175018310547
348.1 29.6322326660156
348.2 29.3917484283447
348.5 8.04284763336182
348.8 66.6594314575195
348.9 16.2209625244141
349.1 20.0293025970459
349.9 20.5947723388672
350.0 96.8966293334961
350.2 126.355247497559
350.9 53.7798919677734
351.0 133.717956542969
351.1 113.906341552734
351.3 19.9406280517578
351.8 21.033561706543
352.1 8.88308238983154
352.6 8.21541213989258
352.9 34.7356872558594
353.0 66.1525344848633
353.2 7.95094442367554
356.8 7.05907964706421
359.1 12.0543451309204
363.0 9.20279216766357
366.9 24.149507522583
367.0 39.7146797180176
368.0 66.3916549682617
368.1 65.0405349731445
368.2 340.531219482422
368.3 14.80433177948
369.0 38.0406074523926
369.2 22.2468128204346
369.3 6.37118291854858
370.8 14.4633111953735
371.0 23.8115005493164
387.1 7.43237638473511
401.0 6.45892333984375
409.0 6.51682043075562
