#"+EI Scan (rt: 1.775-1.839 min, 12 scans) R4M4.D  Subtract "
#Point,X(Thompsons),Y(Counts)
40.1 1013.86029052734
41.1 18955.802734375
41.9 57.3330688476563
42.1 1884.23522949219
43.1 12181.177734375
44.0 938.812744140625
44.9 107.675231933594
45.0 397.389312744141
45.9 63.9669036865234
46.1 382.484741210938
47.0 3020.39233398438
48.0 38.9618492126465
48.1 49.8896484375
49.1 37.8671989440918
50.0 844.132873535156
50.1 151.279418945313
51.0 2081.88012695313
51.1 569.698059082031
51.9 28.2456302642822
52.0 794.032287597656
52.1 252.994338989258
53.0 3471.9755859375
54.0 160.912826538086
54.1 538.175048828125
55.1 5559.7890625
56.1 2098.6533203125
57.1 4620.4892578125
57.8 38.1365013122559
57.9 131.51872253418
58.1 89.9189453125
58.3 114.81453704834
59.0 8395.2890625
59.9 102.054298400879
60.0 85.5802001953125
60.7 15.1888656616211
60.9 184.446701049805
61.0 495.083648681641
61.2 73.3281784057617
62.0 1876.51867675781
63.0 3607.04052734375
63.9 358.410522460938
64.0 835.316589355469
65.0 2972.1103515625
65.9 315.334075927734
66.0 440.716674804688
67.0 2358.53540039063
68.0 168.838302612305
68.1 294.601287841797
68.2 23.1628894805908
69.1 3302.24755859375
69.9 224.539993286133
70.1 389.627075195313
71.1 1496.18579101563
71.8 17.5222072601318
72.0 643.850402832031
73.0 2167.45751953125
73.9 176.502258300781
74.0 1547.35571289063
75.0 3777.56127929688
76.0 4314.4814453125
77.0 11811.1318359375
78.0 4432.27294921875
79.0 2705.81689453125
79.9 235.36637878418
80.1 140.985336303711
81.0 1841.005859375
82.0 663.738403320313
82.1 526.315795898438
83.0 1399.39184570313
83.1 83.6494903564453
83.9 420.059326171875
84.0 472.425933837891
85.1 879.032470703125
85.9 242.340286254883
86.0 599.171936035156
86.8 49.2408294677734
87.0 1962.32006835938
88.0 4410.35595703125
89.0 10110.9384765625
89.8 74.8944396972656
90.0 2524.14453125
90.2 64.500373840332
91.0 6224.84619140625
91.7 36.9539184570313
91.9 177.694976806641
92.1 640.234985351563
93.0 674.911254882813
93.1 245.580200195313
93.7 21.1166896820068
93.9 67.7556381225586
94.1 182.106185913086
94.2 116.059104919434
94.6 141.777923583984
94.7 309.252349853516
94.9 177.624374389648
95.1 1356.91247558594
96.1 838.700988769531
96.9 231.36100769043
97.1 1481.09069824219
98.1 806.199890136719
98.2 149.93815612793
99.0 669.107055664063
99.1 235.150451660156
100.0 220.395858764648
100.1 484.286376953125
101.0 6263.15673828125
102.0 11264.2451171875
103.0 8826.0830078125
104.0 2025.21740722656
104.1 1090.73168945313
104.9 681.203308105469
105.1 2181.46240234375
105.7 43.3924293518066
105.9 149.586822509766
106.0 352.5595703125
106.1 194.463623046875
106.9 349.525604248047
107.1 223.386993408203
107.2 134.008361816406
107.7 78.4424057006836
107.9 107.142486572266
108.1 63.7078742980957
109.0 2696.05541992188
109.9 328.313323974609
110.0 482.506652832031
110.2 94.3346252441406
111.1 2287.07446289063
111.9 878.22509765625
112.0 552.765808105469
112.2 26.9541320800781
112.3 124.89527130127
112.9 56.1759948730469
113.0 1593.89416503906
113.9 120.968994140625
114.0 5412.61083984375
115.0 25954.474609375
116.0 14477.0244140625
117.0 8150.74755859375
118.0 3279.560546875
119.1 3698.26635742188
119.3 2994.06640625
119.5 8598.7275390625
119.6 375.022338867188
120.8 290.458374023438
121.0 367.572326660156
121.6 13.3079442977905
121.9 217.079620361328
122.1 92.2419052124023
122.8 44.4258117675781
123.0 550.629272460938
123.1 55.0450706481934
123.7 52.8236808776855
123.8 43.0930137634277
124.0 399.838317871094
124.1 350.849853515625
125.1 1990.462890625
125.9 335.806732177734
126.0 2926.23486328125
126.2 308.569549560547
127.0 7960.2421875
128.0 34697.10546875
129.0 24863.9765625
130.0 31437.921875
131.0 5195.14453125
131.9 64.0896606445313
132.0 1057.29943847656
132.1 324.874816894531
133.0 687.579467773438
133.9 164.257949829102
134.0 345.645080566406
134.1 116.677520751953
134.8 83.4411087036133
135.0 259.813415527344
135.1 556.191040039063
135.8 50.6352806091309
135.9 74.0648727416992
136.2 183.19401550293
137.0 10165.05859375
138.0 1980.25805664063
139.0 5074.6611328125
139.9 70.3321533203125
140.0 1664.27856445313
141.0 11091.421875
142.1 6219.015625
143.0 16092.728515625
144.0 28553.10546875
145.0 6312.07958984375
145.9 54.0601119995117
146.1 6937.71044921875
146.9 119.46785736084
147.0 1035.12768554688
147.9 88.2874984741211
148.0 212.839935302734
148.1 283.475677490234
148.8 84.6239700317383
149.0 440.214385986328
149.1 327.702178955078
150.0 1300.7939453125
151.0 4100.41015625
152.0 17473.841796875
153.0 8274.4091796875
154.1 4143.51904296875
155.0 6389.0234375
156.0 4689.5576171875
157.0 3834.47265625
158.0 2192.3603515625
159.0 4196.8447265625
160.0 1475.53015136719
160.9 1225.470703125
161.9 450.937957763672
162.1 218.085083007813
163.0 2630.07080078125
164.1 3195.74633789063
165.1 27656.4140625
166.1 9405.7451171875
167.0 5773.0498046875
168.0 501.085052490234
168.1 2758.75463867188
169.1 2911.99243164063
170.1 6605.138671875
171.0 3831.71069335938
172.0 453.409576416016
172.1 1249.90148925781
172.9 139.971252441406
173.1 432.57275390625
173.9 39.234073638916
174.1 2588.98486328125
175.0 936.398010253906
175.1 504.796997070313
175.8 44.112621307373
175.9 78.687126159668
176.0 3555.259765625
177.0 2904.3056640625
178.1 11330.5263671875
179.1 7193.37353515625
180.0 2673.21801757813
181.0 5445.3115234375
181.9 111.440940856934
182.1 2478.99853515625
182.9 77.527214050293
183.0 1775.04858398438
184.0 639.065795898438
184.1 2502.51391601563
184.3 161.333969116211
185.0 1097.52941894531
185.8 122.97745513916
185.9 281.211151123047
186.0 215.416091918945
186.1 104.135650634766
186.4 41.8260803222656
186.7 111.137268066406
186.9 160.415588378906
187.1 810.7939453125
188.1 97929.1875
189.1 22128.263671875
190.1 5023.14501953125
191.0 5382.73095703125
192.1 3636.62817382813
193.1 4028.96459960938
194.1 4206.97998046875
195.0 9972.7333984375
196.1 2791.02368164063
196.2 212.241744995117
196.8 80.6581039428711
197.0 1867.24060058594
197.8 117.453140258789
198.1 854.788818359375
199.1 1673.32043457031
199.9 267.614013671875
200.0 536.456604003906
201.0 1631.7138671875
202.1 2901.81518554688
203.0 2132.20727539063
203.1 104.750022888184
204.0 235.040008544922
204.1 5823.30615234375
205.1 3784.91186523438
206.0 1630.88134765625
207.1 4103.41015625
208.1 3221.244140625
209.1 11574.140625
210.0 122.87353515625
210.1 3135.6259765625
211.0 5271.263671875
212.0 2363.94091796875
213.0 1133.9736328125
214.0 691.895263671875
215.0 5495.296875
216.0 1708.623046875
217.0 2503.21533203125
217.8 25.3655681610107
218.1 972.819274902344
219.0 3157.22998046875
220.0 1113.25622558594
221.1 3984.34594726563
222.1 2720.77807617188
223.1 27307.2890625
224.1 10334.099609375
225.1 5838.49462890625
225.9 18.7540130615234
226.0 377.802886962891
226.1 745.254943847656
226.9 306.228179931641
227.0 286.328338623047
227.9 33.4104957580566
228.0 236.872375488281
228.1 173.7685546875
228.9 223.216674804688
229.0 319.856140136719
229.8 41.5798225402832
230.1 1540.71496582031
230.2 39.0500221252441
230.7 33.893985748291
231.0 134.047088623047
231.1 765.998291015625
232.1 34242.17578125
233.0 7267.080078125
233.9 595.716247558594
234.1 1354.39233398438
235.0 1447.22705078125
235.1 1356.75708007813
236.0 927.942687988281
236.1 1217.80419921875
237.0 8325.603515625
238.1 88118.7578125
239.1 22665.130859375
240.1 2843.39868164063
241.0 850.779357910156
241.1 65.4068908691406
241.7 28.8918552398682
241.9 124.839782714844
242.0 251.949844360352
242.8 51.4675140380859
243.0 293.651214599609
243.1 375.040008544922
244.0 199.132675170898
244.1 28.9519653320313
244.9 48.1355285644531
245.1 299.491241455078
245.9 53.7125205993652
246.0 153.93994140625
246.1 194.2177734375
246.3 17.2989273071289
246.9 50.5838508605957
247.0 305.304595947266
247.1 379.714965820313
248.1 1274.10278320313
248.9 141.180725097656
249.1 1577.9306640625
249.2 223.417190551758
250.0 1089.33337402344
250.2 129.08381652832
251.1 26248.90625
252.1 7388.2998046875
253.1 7817.35546875
254.1 2958.658203125
254.2 156.274536132813
255.0 101.256782531738
255.1 379.864898681641
255.2 46.5397834777832
255.6 26.037145614624
255.9 46.1429481506348
256.2 38.909496307373
256.7 98.6642150878906
256.9 151.563034057617
257.1 64.2405624389648
257.9 65.7363510131836
258.1 64.0762100219727
258.6 20.0864696502686
258.9 117.561805725098
259.0 135.491744995117
259.1 107.90673828125
259.3 21.4191970825195
260.0 50.0124931335449
260.1 21.8990383148193
260.8 28.7065734863281
260.9 151.981262207031
261.2 32.0935249328613
261.9 37.5671653747559
262.1 1256.10131835938
263.1 57911.57421875
264.1 9903.79296875
265.0 306.090362548828
265.1 5310.8642578125
266.0 325.345764160156
266.1 461.872589111328
266.2 343.794677734375
267.1 4049.4599609375
268.0 148.345764160156
268.1 301.974212646484
268.2 385.866180419922
269.1 313.202239990234
269.8 25.7247562408447
270.0 12.7459573745728
270.8 343.224517822266
271.8 25.9114437103271
271.9 189.766647338867
272.0 48.1503601074219
272.7 42.695972442627
272.8 285.878784179688
274.0 112.788414001465
274.9 27.7288818359375
275.0 288.328338623047
275.9 252.503952026367
276.0 76.1703720092773
277.0 751.390014648438
277.1 55.4159240722656
277.9 92.9350967407227
278.1 137.550674438477
279.0 552.738647460938
279.1 478.472503662109
279.9 43.2718544006348
280.1 419.639556884766
280.2 48.2295379638672
280.8 42.1612167358398
281.1 1588.93395996094
281.8 23.1085186004639
281.9 21.3045215606689
282.1 154.278137207031
282.2 255.639892578125
282.8 25.9222564697266
282.9 51.4886817932129
283.1 128.879516601563
283.3 18.0290107727051
284.0 29.3575115203857
285.0 101.490905761719
285.1 18.5398101806641
286.0 125.104461669922
286.3 14.0537805557251
286.6 24.6121883392334
286.9 217.703872680664
287.0 196.686584472656
287.1 45.1679649353027
287.7 21.542013168335
287.8 49.7370109558105
287.9 15.8328580856323
288.1 62.4200859069824
289.0 1371.58276367188
289.8 42.4503288269043
290.0 308.954345703125
290.9 12.7673263549805
291.0 447.590270996094
291.1 139.372268676758
291.8 92.4512939453125
292.0 141.836990356445
292.1 140.722366333008
293.0 3790.26171875
294.1 5096.5791015625
295.2 564358.5
296.2 125030.4609375
297.2 15998.1806640625
298.1 1514.39489746094
298.9 176.260147094727
299.1 136.048812866211
299.2 14.0144271850586
300.0 14.073431968689
300.1 26.8151016235352
300.9 207.000198364258
301.0 17.8375797271729
302.9 71.6967239379883
303.0 120.663391113281
304.1 24.318962097168
305.1 56.0360221862793
306.0 15.7180099487305
306.4 21.3047199249268
306.8 18.886661529541
306.9 134.18717956543
307.0 62.1896171569824
307.3 35.0405158996582
307.8 19.1198101043701
308.0 102.147438049316
308.2 80.3869323730469
309.1 788.535949707031
309.2 2292.38452148438
310.2 45666.67578125
311.2 10583.4169921875
312.0 50.1189727783203
312.1 927.803283691406
312.2 447.246246337891
313.1 209.997817993164
313.4 18.1923351287842
313.6 20.7928009033203
314.9 124.320365905762
315.0 67.864860534668
318.8 21.042459487915
319.2 63.588695526123
323.0 68.446403503418
323.0 52.599609375
323.2 26.4737987518311
323.8 26.9989528656006
324.1 21.3895721435547
324.2 37.5545463562012
324.4 34.8374099731445
324.9 15.273980140686
326.9 26.6553859710693
328.0 18.9168605804443
328.8 32.9475173950195
328.9 117.829376220703
329.1 141.584243774414
330.7 15.2561368942261
330.9 16.1915225982666
331.1 84.7581253051758
331.3 15.9111986160278
331.9 17.4054126739502
332.1 17.4997673034668
332.7 30.6052150726318
333.0 16.6765480041504
334.8 46.3578910827637
335.0 20.4044151306152
339.2 17.7052478790283
341.0 14.8798723220825
342.9 13.3813209533691
344.9 105.200050354004
346.0 26.4818439483643
346.9 13.3359880447388
347.1 18.0054302215576
348.8 65.7202682495117
348.9 119.885902404785
349.1 112.90064239502
349.9 29.3013610839844
350.9 15.32825756073
352.8 106.791412353516
353.0 85.6318588256836
356.9 14.9659185409546
360.9 24.8285121917725
363.0 50.8660163879395
365.1 17.1113586425781
367.0 75.4394912719727
368.1 14.410961151123
369.0 61.1615791320801
369.1 75.6722183227539
370.1 29.4647521972656
370.8 26.3290462493896
370.9 48.180606842041
401.0 110.220161437988
410.2 12.887035369873
413.1 13.379280090332
431.2 13.6568422317505
451.1 89.0689392089844
451.2 61.2762565612793
451.4 14.4953298568726
461.1 15.6376876831055
