#"+EI Scan (rt: 1.775-1.833 min, 11 scans) R10M4.D  Subtract "
#Point,X(Thompsons),Y(Counts)
40.1 341.218017578125
40.2 102.614852905273
41.1 19717.650390625
42.1 1897.73608398438
43.1 10716.345703125
44.0 50.92724609375
44.1 284.184051513672
44.8 11.7214012145996
45.0 656.716918945313
45.9 108.571678161621
46.0 363.81005859375
47.0 2462.40283203125
48.0 30.4924182891846
48.8 57.8342781066895
48.9 67.3489837646484
50.0 548.680480957031
50.1 168.052810668945
51.0 2733.0517578125
52.0 101.6357421875
52.1 1019.08099365234
52.2 35.2482872009277
53.0 3241.38720703125
54.0 99.2507019042969
54.1 584.028259277344
55.1 5113.818359375
56.0 2062.05419921875
57.1 3364.90258789063
58.1 365.155639648438
59.0 8036.904296875
60.0 440.248687744141
61.0 701.238098144531
62.0 1807.14575195313
63.0 3669.43359375
64.0 1328.65270996094
64.3 39.3466453552246
65.0 2968.52294921875
66.0 754.037109375
66.1 46.8711204528809
67.0 2825.57373046875
68.0 315.755645751953
68.1 236.478591918945
69.0 2305.45166015625
70.0 154.436096191406
70.1 259.518280029297
71.0 402.927062988281
71.1 403.444946289063
71.9 26.9378662109375
72.1 398.430450439453
73.0 1879.59692382813
73.9 138.305953979492
74.0 1247.60961914063
75.0 3819.9140625
76.0 4214.6611328125
77.0 11516.208984375
78.0 4368.83837890625
79.0 2437.05493164063
79.8 12.6182479858398
80.0 234.523529052734
81.0 1843.56689453125
82.0 260.225891113281
82.2 925.036926269531
82.6 51.2527809143066
83.0 460.408538818359
83.1 419.852020263672
83.8 114.358291625977
84.0 288.820922851563
84.2 12.1016235351563
85.0 705.988525390625
86.0 828.893676757813
87.0 2103.2421875
88.0 4153.138671875
89.0 9628.1279296875
90.0 2465.72778320313
91.0 5852.82177734375
92.0 848.298828125
93.0 872.757934570313
93.2 41.5544166564941
94.0 9.85916137695313
94.2 279.504089355469
94.3 148.900619506836
94.4 113.122924804688
94.6 161.974609375
94.7 68.7739028930664
95.0 232.200927734375
95.1 990.244079589844
95.9 10.1186676025391
96.1 541.385803222656
97.1 1813.68676757813
97.9 551.863342285156
98.1 257.175811767578
98.6 15.5812406539917
98.8 72.0990371704102
99.0 294.855926513672
99.1 148.088104248047
100.0 564.265991210938
100.1 117.80672454834
101.0 5751.3564453125
101.1 369.083129882813
102.0 10988.63671875
103.0 8474.1826171875
103.9 23.5321502685547
104.0 3150.76171875
104.9 278.275726318359
105.0 2556.56689453125
105.8 70.2779693603516
106.0 742.377563476563
107.0 602.115661621094
107.1 161.67041015625
107.8 20.8744812011719
107.9 79.7939910888672
108.0 288.908020019531
108.2 47.0690727233887
109.0 2185.61767578125
109.9 13.7439575195313
110.0 918.237915039063
111.1 1797.32080078125
111.7 49.7893104553223
111.9 252.653564453125
112.0 1267.49145507813
112.2 153.71044921875
113.0 1317.09094238281
114.0 5201.84423828125
115.0 26502.02734375
116.0 13841.3984375
117.0 7219.62451171875
118.0 229.267166137695
118.1 2747.642578125
119.1 1684.42272949219
119.2 4236.703125
119.4 3935.90307617188
119.6 2229.82592773438
120.1 208.406356811523
120.9 387.014251708984
121.0 292.319000244141
122.0 87.040885925293
122.1 92.26904296875
123.0 947.723693847656
123.1 29.8414764404297
123.8 23.6969833374023
123.9 155.426147460938
124.0 410.537780761719
124.2 131.063095092773
125.1 1556.42407226563
125.3 318.058349609375
125.9 331.418762207031
126.0 3407.17724609375
127.0 8243.8955078125
128.0 34986.03515625
129.1 24089.9296875
130.0 29572.123046875
131.0 4811.23095703125
132.0 1213.8671875
132.9 210.799957275391
133.0 650.539916992188
133.8 97.8841552734375
134.0 548.791625976563
135.0 651.719482421875
135.9 46.7121505737305
136.0 346.507598876953
136.2 53.7961463928223
137.0 9196.7421875
138.0 1282.65454101563
139.0 5293.455078125
140.0 1953.99731445313
141.1 12160.951171875
142.1 6467.00048828125
143.1 16334.78515625
144.0 27163.416015625
145.0 5920.78369140625
146.0 6810.6083984375
147.0 1145.76013183594
147.9 232.185806274414
148.0 271.327758789063
148.1 61.7222328186035
149.0 271.112518310547
149.1 381.72900390625
149.8 27.4604072570801
150.0 1064.96020507813
150.1 160.235534667969
150.3 19.6997184753418
151.0 4279.359375
152.0 17920.44921875
153.0 8467.1865234375
154.0 4390.158203125
155.0 5468.8037109375
156.0 4772.8935546875
156.9 43.3623886108398
157.0 2789.41674804688
157.2 171.419631958008
158.0 1451.61474609375
158.1 801.984802246094
159.0 3461.3505859375
160.0 967.754089355469
160.1 546.5009765625
160.9 75.5469741821289
161.0 854.352600097656
161.8 41.8994674682617
162.0 348.007354736328
162.1 64.8737258911133
163.0 2828.68310546875
164.1 2969.4189453125
165.1 27768.08203125
166.1 9099.3662109375
167.1 6023.5830078125
168.0 363.350158691406
168.1 2427.84008789063
169.0 2935.91821289063
170.0 6622.71630859375
171.0 3314.39282226563
172.0 1257.59240722656
172.1 293.988830566406
173.0 578.139343261719
173.2 130.042785644531
174.0 2807.31298828125
175.0 1569.50244140625
176.0 3684.96752929688
177.1 2779.07958984375
178.1 11045.8076171875
179.1 6781.27001953125
179.9 17.8346252441406
180.0 2456.92822265625
181.0 1105.6728515625
181.1 4625.33935546875
182.1 2212.84545898438
182.1 351.106689453125
183.0 1816.34484863281
183.2 166.954544067383
184.1 2930.59814453125
184.1 618.291809082031
184.9 152.857299804688
185.0 1117.95520019531
185.8 34.7986030578613
186.0 458.580535888672
186.2 93.0534744262695
187.0 1431.34191894531
188.1 92550.484375
189.1 21302.24609375
190.1 4996.03369140625
191.0 1533.01281738281
191.1 4006.65747070313
192.1 3265.28662109375
193.0 3611.2900390625
194.0 1532.21044921875
194.1 2518.88500976563
195.0 10168.228515625
196.1 2992.03198242188
197.0 2326.54174804688
198.0 1042.0224609375
199.0 1548.86254882813
199.8 16.1489181518555
200.0 584.280944824219
200.9 225.949493408203
201.0 911.742919921875
202.0 2764.86352539063
202.9 132.973098754883
203.0 2030.93530273438
204.1 5742.29833984375
204.9 66.54443359375
205.1 3141.81787109375
205.9 39.4792022705078
206.1 1710.64318847656
207.1 3698.37622070313
208.1 3453.408203125
209.1 11697.859375
210.1 3241.423828125
210.3 56.6749038696289
211.0 5314.0390625
212.0 1866.76330566406
213.0 764.044982910156
213.9 25.0121898651123
214.1 438.062347412109
215.0 5475.6318359375
216.0 2504.40283203125
217.0 1225.03662109375
218.0 844.335998535156
218.1 94.5445861816406
219.0 2388.93383789063
220.0 1493.01513671875
221.1 4460.96630859375
222.0 788.281188964844
222.1 1446.06604003906
223.1 25839.46484375
224.1 9777.330078125
225.1 5626.86669921875
226.0 188.568481445313
226.1 807.885620117188
226.7 27.0603065490723
226.9 115.565414428711
227.0 148.731750488281
227.9 52.5021667480469
228.1 346.268798828125
228.2 109.463554382324
228.8 96.5646514892578
228.9 415.486206054688
229.0 119.184814453125
230.1 1443.26281738281
230.2 32.7854461669922
231.1 973.33544921875
232.1 32395.59375
233.0 7659.3369140625
234.0 1515.4443359375
235.1 3252.42553710938
236.0 1635.60034179688
236.1 634.023071289063
237.0 8956.529296875
238.1 89931.59375
239.1 21673.9375
240.0 219.805709838867
240.1 2888.66040039063
241.0 744.8173828125
241.8 94.4204864501953
242.0 140.901062011719
242.2 40.789665222168
242.8 25.2032909393311
243.0 217.387405395508
243.1 318.845275878906
243.2 41.3097267150879
243.9 17.0725650787354
244.0 145.478164672852
244.7 52.7995109558105
245.1 187.712463378906
245.2 97.4091415405273
245.9 19.8310489654541
246.0 97.8894500732422
246.1 205.104507446289
246.9 17.7136573791504
247.1 592.638977050781
247.9 40.4366912841797
248.1 690.126098632813
248.2 338.186157226563
249.0 814.35009765625
249.1 883.595581054688
249.9 151.380874633789
250.1 1029.09484863281
250.2 417.276458740234
251.1 27375.7890625
252.1 7584.22802734375
253.1 8470.8515625
254.0 102.056587219238
254.1 2906.61108398438
255.0 612.029907226563
255.2 81.984130859375
255.3 17.4082660675049
255.9 13.7252264022827
256.1 49.166690826416
256.2 32.7379417419434
256.6 24.752082824707
257.0 80.8487091064453
257.1 62.080265045166
257.9 68.2776565551758
258.1 17.2799758911133
259.1 280.536895751953
259.8 43.6526222229004
260.1 21.5853080749512
260.4 13.882493019104
260.7 38.649227142334
260.9 156.907928466797
261.1 152.362579345703
262.0 63.4168701171875
262.1 1087.49133300781
262.2 130.063949584961
263.1 56351.25390625
264.1 9521.728515625
265.1 5927.32666015625
265.8 27.4972476959229
266.1 1282.91003417969
267.1 4158.947265625
268.1 854.310913085938
269.0 136.937088012695
269.1 320.790740966797
270.0 1.09331130981445
270.3 16.9293041229248
270.7 52.0048217773438
271.0 332.690765380859
271.8 102.802001953125
272.9 167.430603027344
273.8 144.890808105469
275.0 725.327331542969
275.7 31.5279655456543
276.0 123.190605163574
276.9 41.2813720703125
277.1 491.099731445313
277.8 45.0735473632813
278.0 56.5110778808594
278.1 93.2119216918945
278.2 17.7290210723877
279.0 166.682434082031
279.9 6.14059829711914
280.1 221.906066894531
281.0 0.095611572265625
281.1 525.014526367188
281.2 1136.70202636719
281.5 20.7212791442871
281.9 81.0114822387695
282.2 284.385986328125
282.8 19.9778366088867
283.0 120.826080322266
283.2 34.7276458740234
284.1 54.022575378418
284.3 16.7673263549805
285.0 296.067138671875
285.9 76.2734832763672
286.0 256.438079833984
286.8 119.818817138672
287.1 144.622985839844
287.2 42.147289276123
287.6 22.0781764984131
287.9 89.0396347045898
288.0 67.017707824707
288.1 44.7921257019043
289.0 938.411865234375
290.0 353.518341064453
290.9 59.3696899414063
291.0 97.0190887451172
291.1 463.224029541016
291.9 290.403503417969
292.1 221.508605957031
292.2 64.317512512207
293.0 2904.73681640625
294.1 4657.0419921875
295.2 566508.6875
296.2 125163.5234375
297.2 16206.1591796875
298.0 207.266845703125
298.1 1307.16369628906
299.0 82.9739456176758
299.1 274.337982177734
299.7 15.2624197006226
299.9 22.5640125274658
300.7 43.3316917419434
301.0 102.231056213379
302.8 17.8572616577148
303.0 80.853141784668
304.8 22.0971508026123
305.0 117.509101867676
306.8 62.7843170166016
307.0 278.726959228516
307.1 62.4644203186035
308.0 118.131256103516
308.1 79.302375793457
309.2 3185.62890625
310.2 45046.75
311.2 10561.6806640625
312.1 1057.60278320313
312.2 436.645812988281
312.9 33.7872505187988
313.1 124.748413085938
313.8 16.1196041107178
314.9 15.3868522644043
315.0 37.1934623718262
316.9 18.3108425140381
319.0 36.2934074401855
321.2 17.5270023345947
322.2 29.5002059936523
323.0 56.1036758422852
323.1 67.0000076293945
324.2 23.239538192749
324.4 20.0549030303955
324.5 15.9159727096558
324.8 32.9892158508301
325.0 16.2055015563965
326.9 73.3290252685547
328.8 58.3942756652832
329.0 87.9677047729492
329.1 14.4010810852051
331.0 91.7266693115234
331.1 6.40619850158691
332.9 95.320930480957
333.0 14.0468864440918
333.9 15.1893224716187
334.9 36.0520820617676
340.1 14.7926301956177
340.8 18.7684497833252
343.0 20.0887241363525
344.9 85.5797805786133
347.0 54.0643539428711
348.7 52.2439346313477
349.0 53.9144287109375
349.1 21.1146583557129
349.7 2.85363960266113
350.8 15.2325296401978
351.0 42.3974990844727
353.0 12.0855865478516
353.1 38.6419944763184
354.8 29.3364372253418
359.0 17.8777465820313
362.8 17.9825611114502
363.0 15.6795654296875
365.2 14.0446329116821
366.9 79.1900405883789
367.1 70.5906219482422
369.0 33.0904083251953
369.1 45.7246704101563
371.0 15.0657711029053
371.2 20.7271976470947
374.1 16.1609764099121
376.9 26.2713394165039
386.9 15.797158241272
398.8 17.4060497283936
401.0 16.5715026855469
401.2 52.0664672851563
409.1 18.4299545288086
412.8 15.0034847259521
451.2 81.0536422729492
482.8 14.1315622329712
527.2 16.2845897674561
