#"+EI Scan (rt: 2.469-2.533 min, 12 scans) R1M4.D  Subtract "
#Point,X(Thompsons),Y(Counts)
40.1 892.263977050781
41.1 17197.3984375
42.1 1423.38110351563
43.1 8424.759765625
44.0 389.823486328125
45.1 323.025512695313
45.8 12.7541999816895
45.9 30.5245513916016
46.1 67.4957275390625
47.0 3688.00512695313
48.0 52.3361778259277
48.1 14.5954446792603
49.0 107.128570556641
50.0 310.272216796875
51.0 1815.24499511719
51.9 128.580627441406
52.1 270.645721435547
53.0 3003.51220703125
53.1 134.213821411133
54.0 224.562133789063
54.1 488.315063476563
55.1 12859.111328125
56.0 783.299133300781
57.1 2824.29248046875
58.0 134.156555175781
58.0 423.531616210938
59.0 3486.3603515625
60.1 332.785125732422
61.0 1007.54248046875
61.1 46.6728477478027
62.0 543.735961914063
62.1 89.8060302734375
63.0 1453.56945800781
63.9 225.284652709961
64.1 152.453186035156
64.2 58.8364524841309
64.9 56.9343452453613
65.0 1252.80859375
66.0 217.091079711914
66.1 307.154754638672
66.2 18.8141536712646
67.0 3120.88549804688
67.9 167.529251098633
68.2 75.015869140625
69.1 6007.1875
69.9 183.861221313477
70.0 176.561370849609
70.9 39.7449913024902
71.2 38.3104133605957
71.8 19.5937480926514
71.9 52.1557426452637
72.0 33.1288604736328
72.2 43.0387573242188
73.0 770.43212890625
73.9 418.817016601563
74.0 381.380920410156
74.9 163.276626586914
75.0 1518.52807617188
75.9 359.379119873047
76.1 1285.38916015625
77.0 5655.705078125
78.0 1653.9169921875
79.0 3234.35571289063
80.0 32.5828247070313
80.1 180.149658203125
80.3 68.7973098754883
81.0 6882.3798828125
81.9 53.5955924987793
82.0 782.741088867188
83.0 7529.9267578125
83.7 62.1039619445801
83.9 46.7538146972656
84.0 675.224487304688
84.9 306.598999023438
85.9 121.483184814453
86.0 56.8385848999023
86.9 244.088745117188
87.0 320.532958984375
87.9 130.221008300781
88.0 1551.82055664063
89.0 7055.3955078125
90.1 2207.63940429688
91.1 1792.02331542969
91.7 61.7998161315918
91.8 131.530975341797
91.9 60.0243797302246
92.1 211.38459777832
93.1 225.339553833008
94.0 190.50178527832
94.1 66.0655822753906
95.0 1321.16174316406
95.9 127.572654724121
96.0 750.635375976563
96.2 93.9044494628906
97.1 2535.29052734375
98.0 306.490509033203
98.2 32.0206832885742
98.7 90.4066848754883
98.9 132.35546875
99.0 12.2309265136719
99.2 21.3878879547119
99.7 28.5521373748779
99.8 16.5451755523682
100.0 250.33903503418
100.1 229.147338867188
101.0 3641.716796875
102.0 8095.16162109375
103.0 4068.35009765625
103.8 57.6867256164551
104.0 526.570617675781
104.1 468.735961914063
104.6 132.512664794922
104.8 156.063903808594
105.0 265.292022705078
105.1 320.262664794922
105.3 17.1582870483398
105.4 63.2071838378906
105.6 78.6413040161133
105.8 397.939666748047
106.0 147.681503295898
106.9 107.244270324707
107.0 145.11750793457
107.8 105.229270935059
108.2 145.498229980469
109.0 6476.39404296875
110.0 803.851318359375
110.8 51.9771423339844
111.0 180.209487915039
111.1 381.253631591797
111.3 164.276138305664
111.6 198.031661987305
111.7 99.7399215698242
111.8 0.502761840820313
112.2 197.133865356445
112.5 1123.07702636719
112.7 850.430236816406
113.0 397.485687255859
114.0 2874.39111328125
115.0 11005.568359375
116.0 20567.513671875
117.0 5595.76904296875
117.9 102.979721069336
118.0 2073.7578125
118.1 369.004119873047
119.1 233.288589477539
119.2 124.056312561035
119.3 114.387420654297
119.6 61.4820976257324
119.7 53.4109687805176
119.9 827.399658203125
120.0 340.922637939453
120.6 53.2419776916504
120.7 42.3713912963867
121.1 142.97883605957
121.2 88.3052291870117
121.8 28.4705200195313
122.2 83.8024978637695
123.0 385.685119628906
123.1 84.2891616821289
123.8 93.3585815429688
124.0 133.79020690918
124.2 55.1286811828613
125.0 1983.09033203125
126.0 514.979797363281
126.0 276.1328125
127.0 3210.93481445313
128.0 9970.9482421875
129.0 13541.0654296875
130.0 19959.4765625
131.0 3215.68969726563
132.0 520.833312988281
132.1 291.400543212891
132.8 64.4376068115234
133.0 134.726928710938
133.9 250.753067016602
134.2 86.5105972290039
135.0 773.816833496094
135.7 36.6828804016113
136.0 101.534454345703
136.1 130.770721435547
137.0 3564.615234375
138.0 131.719970703125
138.1 856.92626953125
139.0 2549.19970703125
140.0 1668.20300292969
141.0 2365.7900390625
142.0 1365.92016601563
142.1 809.744812011719
143.0 10899.36328125
144.0 54252.91796875
145.0 6248.3056640625
145.9 33.554313659668
146.0 520.224975585938
146.8 68.5707626342773
147.0 99.9868469238281
147.9 221.326766967773
148.0 114.949562072754
148.1 97.1045837402344
149.0 336.120025634766
149.4 37.9842910766602
149.7 111.165550231934
149.9 110.505546569824
150.0 74.2012481689453
150.3 17.4878597259521
150.9 139.222610473633
151.0 60.3634033203125
151.1 434.953857421875
152.0 2202.47534179688
152.9 290.588531494141
153.0 752.794555664063
153.1 319.703399658203
154.0 5599.39453125
155.0 2492.55419921875
156.0 3547.69775390625
157.0 2943.74047851563
158.0 608.916809082031
158.1 1593.31994628906
159.0 1811.7998046875
159.9 16.3626708984375
160.0 175.207809448242
161.0 896.389709472656
161.9 112.226341247559
163.0 851.553527832031
163.9 130.35368347168
164.0 393.633056640625
164.2 59.0843200683594
164.9 307.466796875
165.1 928.082458496094
166.1 2040.12121582031
167.0 11166.0068359375
168.0 7608.58935546875
169.0 2007.7421875
170.0 471.7548828125
170.0 3769.4462890625
171.1 1154.60485839844
171.9 202.477584838867
172.1 1293.69213867188
172.9 73.3843994140625
173.1 127.854431152344
174.0 108.813468933105
174.1 60.6089935302734
174.8 45.1984062194824
174.9 39.7746124267578
175.4 13.9434194564819
175.8 21.5118465423584
176.0 658.086486816406
176.8 117.148887634277
177.1 149.21435546875
178.0 991.320617675781
179.0 1119.87951660156
180.1 8663.9814453125
181.0 5728.259765625
181.9 447.005218505859
182.1 6241.43017578125
182.9 120.138977050781
183.0 2543.03125
184.0 2388.98608398438
184.9 293.045989990234
185.0 435.072875976563
185.9 66.6420211791992
186.0 448.723724365234
186.9 141.29573059082
187.0 250.398391723633
187.7 47.9286155700684
187.9 42.5937385559082
188.0 109.95189666748
189.0 91.4197463989258
189.8 59.8719520568848
190.0 238.836822509766
190.9 80.0202102661133
191.0 574.2548828125
192.0 455.215972900391
192.1 256.274993896484
193.0 1383.60961914063
194.1 4222.34765625
195.0 408.581787109375
195.1 1104.54406738281
196.1 7861.220703125
197.0 2613.05859375
198.0 1021.63391113281
198.1 916.37744140625
198.9 201.192443847656
199.0 355.703125
199.9 221.073104858398
200.1 38.6043586730957
200.9 72.0076904296875
201.9 165.23323059082
202.0 235.058837890625
202.6 27.7036876678467
203.0 667.740173339844
204.0 604.903015136719
204.1 368.069763183594
205.1 5760.05126953125
206.1 4284.41845703125
207.1 1883.791015625
208.1 1425.41271972656
209.0 992.568054199219
209.2 97.5630874633789
210.1 7508.63623046875
211.0 2309.58056640625
212.1 3372.8369140625
213.0 1340.91027832031
213.8 59.6537284851074
214.1 61.8244934082031
215.0 2130.8125
216.0 442.5478515625
216.9 188.663818359375
217.0 470.955322265625
218.0 465.553802490234
218.1 968.600524902344
219.0 840.96875
219.9 968.75732421875
221.8 16.9233169555664
222.1 655.437072753906
222.9 70.6503295898438
223.1 229.932205200195
224.1 3145.66625976563
224.9 54.9050140380859
225.0 85.9460144042969
225.1 1226.6455078125
226.1 725.698303222656
226.3 41.6360893249512
226.8 139.134399414063
226.9 18.8706130981445
227.0 415.945953369141
227.7 19.6707096099854
227.8 49.2348365783691
228.1 200.357559204102
228.4 51.3285942077637
229.0 872.329528808594
230.1 1224.79077148438
231.0 420.356384277344
231.1 987.306091308594
232.1 206229.609375
233.1 33410.80078125
234.1 3599.09741210938
235.1 1099.70483398438
235.8 26.6035137176514
236.0 238.941024780273
236.1 71.4184875488281
237.0 864.1123046875
237.8 130.081039428711
237.9 768.688049316406
238.9 423.627685546875
239.0 323.915283203125
240.0 437.429168701172
240.2 62.0406379699707
240.3 28.1565093994141
240.8 50.4470672607422
241.0 394.949981689453
241.9 72.3805541992188
242.1 222.864608764648
242.8 2.49472808837891
243.0 32.6934509277344
243.7 35.1119232177734
243.9 100.75431060791
244.2 149.95783996582
244.3 25.6838512420654
245.0 270.101776123047
246.1 3424.11328125
247.1 11090.162109375
248.1 1924.34399414063
248.8 26.7977046966553
249.0 137.461944580078
249.2 32.8290824890137
249.3 56.5885353088379
250.0 170.141448974609
250.1 24.1977462768555
250.9 54.5847969055176
251.0 90.1010971069336
251.2 64.2832107543945
252.1 325.979644775391
252.2 186.269332885742
252.9 0.802413940429688
253.0 130.23876953125
253.1 130.757568359375
254.0 390.161254882813
254.2 1241.35668945313
255.0 419.448516845703
255.2 486.36083984375
256.1 11097.4755859375
257.0 68.4284744262695
257.1 2374.75439453125
257.2 31.621431350708
257.9 32.5642585754395
258.1 643.128784179688
258.2 54.890209197998
259.1 191.462142944336
260.0 119.323081970215
260.1 151.562973022461
260.3 27.6261425018311
260.7 23.2889156341553
261.0 487.990692138672
262.0 66.9613876342773
262.2 57.0262184143066
262.6 31.9021759033203
262.7 15.8827753067017
262.9 94.3687362670898
263.8 12.788631439209
264.0 67.6132736206055
264.9 115.778648376465
265.3 22.5943908691406
265.9 14.8300933837891
266.0 95.1311645507813
266.2 103.776786804199
266.9 4.29250335693359
267.0 102.329711914063
268.0 82.0361557006836
268.1 146.806838989258
268.5 29.7386245727539
268.7 33.0315170288086
269.0 437.715576171875
269.1 177.725173950195
270.1 16852.525390625
271.1 10433.7333984375
272.0 357.782684326172
272.1 2091.77856445313
273.0 650.07275390625
274.0 203.652679443359
274.2 18.4089107513428
274.7 68.296745300293
275.1 93.3965377807617
275.9 197.974960327148
276.0 62.136646270752
276.8 240.780075073242
277.1 125.707481384277
277.6 14.9818735122681
277.9 82.2814559936523
278.1 17.7106418609619
278.2 15.3755226135254
278.9 280.347198486328
279.8 15.4858732223511
279.9 41.7542915344238
280.0 46.7696380615234
280.2 46.2902641296387
280.8 20.7217426300049
281.1 184.639389038086
281.8 15.770411491394
281.9 70.9968566894531
282.1 61.7051582336426
282.3 13.7430725097656
282.9 81.1128540039063
283.0 3.74958801269531
283.1 41.0130462646484
284.0 121.012390136719
284.1 120.156349182129
284.2 110.65096282959
284.4 39.5864601135254
284.9 261.859405517578
285.0 252.404296875
286.1 6077.71875
287.1 518.660461425781
287.2 1091.96618652344
288.1 3936.37817382813
289.0 690.399658203125
289.9 318.100769042969
290.9 57.8429565429688
291.0 120.067077636719
291.1 48.3323822021484
292.0 141.800064086914
292.9 508.181976318359
294.0 570.245666503906
295.0 132.758239746094
295.9 22.7377777099609
296.0 168.069778442383
297.7 91.3174133300781
297.9 172.368896484375
298.2 94.7172698974609
298.4 26.4584255218506
299.1 1122.34692382813
299.2 745.348815917969
299.9 27.0963668823242
300.0 3.95980072021484
300.1 739.124816894531
300.7 85.1618576049805
301.1 228.563491821289
301.3 22.1287689208984
301.9 33.8623886108398
302.1 21.9824085235596
302.9 147.386184692383
303.1 31.2747936248779
303.2 17.7479305267334
304.9 28.7270946502686
307.1 250.358993530273
308.2 46.1692810058594
308.9 83.5020065307617
309.0 111.615852355957
309.2 93.7919082641602
310.1 79.3859786987305
310.8 62.8266143798828
310.9 44.1608581542969
311.2 48.7711791992188
312.1 1024.57580566406
312.2 1348.31945800781
312.8 43.2645149230957
313.2 794.5771484375
314.2 26064.96484375
315.2 5647.2919921875
316.1 403.300659179688
316.2 400.492431640625
316.9 17.0401248931885
317.1 18.1108989715576
318.8 14.5000276565552
319.0 97.968879699707
319.2 20.3341274261475
323.0 33.9388885498047
323.2 16.9272785186768
325.1 19.1760807037354
326.9 107.308982849121
327.2 18.9502143859863
328.1 283.286071777344
328.2 443.440643310547
329.2 16079.140625
330.2 3861.8681640625
330.9 18.6251773834229
331.0 167.391799926758
331.2 354.761993408203
332.1 49.860912322998
332.7 39.0399742126465
332.8 16.0244274139404
334.8 65.6755447387695
335.0 67.3348388671875
335.6 15.7145166397095
336.8 17.2492008209229
338.9 30.5713596343994
341.0 14.1562852859497
342.9 15.4803819656372
344.7 13.4081344604492
344.9 22.0261287689209
345.0 108.203582763672
348.2 17.2001037597656
348.8 140.636154174805
349.0 172.864028930664
349.9 13.031699180603
350.9 16.1187496185303
351.0 74.1628189086914
352.6 15.3324403762817
352.9 131.575088500977
355.1 30.7757930755615
357.0 14.7436285018921
359.0 12.7624387741089
369.0 19.2718143463135
370.9 68.9916229248047
371.0 16.2199459075928
376.2 15.9874038696289
384.7 13.4303770065308
400.9 18.1029987335205
401.2 45.1600761413574
405.1 16.9362621307373
408.7 37.1305503845215
482.9 14.6136598587036
