#"+EI Scan (rt: 3.658-3.728 min, 13 scans) R2M4.D  Subtract "
#Point,X(Thompsons),Y(Counts)
40.1 193.938934326172
41.1 2206.4794921875
42.0 240.639678955078
42.2 61.599235534668
42.9 67.9064254760742
43.1 3285.00170898438
44.0 178.806396484375
44.8 132.295059204102
46.0 64.4580612182617
47.1 103.811073303223
49.0 44.5285301208496
49.9 46.233642578125
49.9 28.3849639892578
50.1 137.900238037109
50.9 92.8048629760742
51.0 625.277282714844
51.7 25.8187084197998
51.9 148.136978149414
52.0 167.460723876953
52.2 50.754997253418
53.0 367.081665039063
53.9 17.4883708953857
54.1 81.9109649658203
54.2 43.0233993530273
54.9 90.5886993408203
55.0 293.734130859375
55.8 73.468879699707
56.2 45.6013832092285
57.0 614.716125488281
58.1 71.8218536376953
58.3 19.1854686737061
59.0 194.5576171875
60.1 240.11784362793
60.9 108.743728637695
61.1 11.5591945648193
61.2 26.3404750823975
62.0 52.1832733154297
62.1 189.176834106445
62.8 26.2970485687256
62.9 296.435302734375
63.1 138.829254150391
64.0 256.683807373047
64.1 114.343292236328
65.0 1809.78369140625
65.8 21.3659801483154
66.0 138.820831298828
66.1 60.3595008850098
67.1 315.050415039063
67.9 58.3162841796875
68.0 25.97216796875
69.0 233.217590332031
69.8 11.6911306381226
69.9 11.7242059707642
70.1 3.92943572998047
70.9 189.899444580078
71.0 137.149749755859
71.2 28.28395652771
71.9 50.3897895812988
72.0 33.1016578674316
72.2 57.802490234375
73.0 798.4169921875
73.8 30.4491996765137
74.0 424.652160644531
75.0 706.552673339844
75.7 17.1396217346191
75.8 30.322135925293
76.0 330.947967529297
76.1 339.826110839844
77.0 2565.041015625
78.0 1440.84423828125
79.0 101.010131835938
79.9 73.3847732543945
80.1 176.173568725586
81.0 155.259033203125
81.9 96.9309234619141
82.1 87.2726745605469
83.0 367.982971191406
83.8 43.5460891723633
83.9 31.6791610717773
84.0 37.9321517944336
84.9 204.987823486328
85.8 14.3240528106689
86.0 52.379150390625
86.2 25.8131103515625
86.9 189.427963256836
87.0 84.7377166748047
87.1 53.3329696655273
87.2 24.4317646026611
87.9 310.912322998047
88.0 400.460174560547
89.0 2585.89697265625
89.9 145.96940612793
90.0 315.516662597656
90.1 250.521026611328
91.1 10162.5458984375
91.9 139.824768066406
92.1 786.89453125
93.0 384.115509033203
93.1 561.826049804688
93.9 25.2583332061768
94.1 201.431579589844
94.2 46.312873840332
95.0 319.460998535156
95.8 180.152938842773
96.0 87.8105010986328
96.3 54.688232421875
96.9 219.617950439453
97.2 36.3347473144531
97.7 15.3174085617065
98.1 147.11604309082
98.6 13.6007394790649
99.0 157.82258605957
100.1 29.4417114257813
101.0 371.126586914063
101.1 663.613403320313
102.0 2529.49633789063
103.0 1416.58056640625
104.0 374.439239501953
104.8 43.6180419921875
104.9 232.694854736328
105.1 197.506011962891
105.8 24.6446437835693
105.9 285.422424316406
107.0 411.297454833984
107.7 42.0003242492676
109.0 390.04248046875
109.8 21.0034523010254
110.0 128.452133178711
110.4 13.2935600280762
111.8 18.5177631378174
112.0 19.6385898590088
113.0 543.200561523438
113.9 235.816558837891
114.0 537.640075683594
115.0 2826.6591796875
116.0 6142.22802734375
116.9 106.006874084473
117.0 1176.51611328125
117.8 25.9687366485596
117.9 132.616424560547
118.0 348.492401123047
118.9 219.904602050781
119.1 164.228179931641
119.9 115.525283813477
120.0 184.079132080078
120.3 20.6857490539551
121.0 3776.5634765625
121.9 160.290252685547
122.0 324.875640869141
122.1 58.6739768981934
122.9 238.677658081055
123.0 288.254364013672
123.5 19.124584197998
123.8 48.7296409606934
123.9 23.9834213256836
124.9 231.586975097656
125.0 268.955291748047
125.8 36.1224098205566
126.0 98.3254089355469
126.2 17.183198928833
126.3 13.712345123291
127.0 486.430694580078
127.1 172.23469543457
128.0 2640.63671875
129.0 4280.29736328125
130.0 3382.39086914063
130.8 80.0104675292969
131.0 588.265930175781
131.8 64.0003509521484
132.0 21.8415374755859
132.1 73.4495086669922
133.0 87.9593505859375
133.9 99.9953765869141
134.1 64.1947250366211
135.0 884.301330566406
135.8 33.656982421875
135.9 125.191390991211
136.1 203.938705444336
137.0 1302.80078125
138.0 213.235107421875
139.0 217.278076171875
139.7 39.7781982421875
139.8 39.8063545227051
139.9 202.48095703125
141.0 84.9925537109375
141.8 64.9079666137695
142.0 352.7294921875
142.1 168.506866455078
143.0 3206.35791015625
143.1 71.037223815918
144.0 19020.849609375
145.0 2444.07373046875
146.0 191.152038574219
146.1 104.450355529785
146.2 18.6343116760254
146.7 34.5712814331055
146.9 163.24284362793
148.0 91.8567276000977
148.2 14.7648296356201
148.6 20.4729423522949
148.9 44.3434600830078
149.0 16.9684906005859
149.1 69.1196441650391
149.9 86.0918045043945
150.1 81.2296295166016
150.2 18.9948577880859
151.0 528.741821289063
151.1 232.0810546875
152.0 127.317420959473
152.1 161.222396850586
152.8 22.805736541748
153.0 341.034027099609
154.0 618.220275878906
154.1 133.364898681641
155.0 513.911376953125
156.0 882.944702148438
156.1 179.614501953125
157.0 1189.17785644531
157.9 624.813415527344
158.1 239.157653808594
159.0 902.193359375
159.9 411.683227539063
160.9 151.922149658203
160.9 79.0078735351563
161.8 11.9171028137207
161.9 31.6515407562256
162.1 49.1904563903809
162.9 227.08381652832
163.8 27.5279579162598
163.9 50.8986587524414
164.1 51.9169158935547
164.3 17.6408538818359
164.8 30.8282165527344
164.9 240.701309204102
165.0 181.696426391602
165.7 41.4966430664063
165.9 93.5967102050781
166.0 34.8112945556641
166.1 112.937065124512
167.0 771.464782714844
167.7 21.7815551757813
168.1 348.149261474609
168.8 143.061431884766
169.0 17.6493072509766
169.0 121.292938232422
169.9 331.267517089844
170.0 599.702026367188
170.9 131.035949707031
171.0 41.1005897521973
171.9 61.6476783752441
172.0 254.109756469727
172.9 64.3362655639648
173.0 21.0242309570313
173.9 13.1468181610107
174.1 47.2640533447266
174.8 32.2323341369629
174.9 79.2228698730469
175.1 50.9538726806641
175.9 108.260795593262
176.0 221.300018310547
176.1 94.1947555541992
176.8 59.844123840332
177.0 232.497467041016
177.1 93.6784820556641
178.0 399.310394287109
178.1 40.3295021057129
178.9 128.493026733398
179.0 167.498519897461
179.9 15.2668151855469
180.3 17.9900398254395
181.0 668.951110839844
181.0 135.695556640625
181.8 88.1591339111328
182.1 168.545806884766
182.2 16.3428115844727
183.0 276.884399414063
183.2 15.2188501358032
184.0 318.536895751953
184.0 252.458572387695
184.9 89.5361022949219
185.1 83.7430953979492
186.0 124.879264831543
186.1 69.1010894775391
186.9 179.294555664063
187.9 64.738037109375
188.0 77.702262878418
188.1 90.9664611816406
189.0 152.787155151367
189.1 163.863586425781
189.8 76.3312683105469
190.0 105.832168579102
190.8 61.5455703735352
191.0 955.317626953125
191.9 200.673568725586
192.9 593.38916015625
193.7 14.5716695785522
194.0 82.1300277709961
195.1 104.639450073242
195.7 26.4992351531982
196.0 12.6712036132813
196.2 15.7515068054199
196.9 549.982055664063
197.7 18.8725090026855
198.1 283.447662353516
198.9 291.101989746094
199.9 257.771606445313
200.0 411.705261230469
200.8 495.894714355469
201.9 174.021514892578
202.1 33.353271484375
202.2 54.3108444213867
202.9 298.317077636719
203.0 183.791564941406
203.9 36.0720138549805
204.0 280.473205566406
204.1 508.945587158203
204.8 79.0949172973633
205.0 63.53466796875
205.1 245.223403930664
205.9 104.015098571777
206.0 180.648712158203
207.0 1499.74890136719
207.8 38.2794418334961
208.1 266.625030517578
208.2 37.0273361206055
208.8 85.1639556884766
209.1 191.039657592773
209.8 45.6856231689453
210.0 139.535568237305
210.1 34.4542198181152
210.3 27.3410606384277
211.0 635.880859375
211.9 115.36669921875
212.0 508.182250976563
213.1 1672.32006835938
214.1 75128.6875
215.0 11521.2587890625
216.0 1550.0439453125
217.0 966.120727539063
217.8 62.97607421875
218.0 472.477600097656
218.9 2136.021484375
219.8 68.6917190551758
220.0 95.7996215820313
220.9 323.026000976563
221.8 88.4859085083008
222.1 100.287994384766
222.7 85.3906784057617
223.0 344.791412353516
223.7 15.1799449920654
223.9 39.3464088439941
224.2 33.2732391357422
224.8 37.8593673706055
224.9 21.2931671142578
225.7 12.7974710464478
226.8 46.8693656921387
227.0 166.555633544922
227.2 24.8177471160889
227.8 44.0909767150879
228.0 24.9183578491211
228.1 95.6146240234375
228.2 36.8048515319824
229.0 1068.11694335938
229.9 5.61489105224609
230.0 552.934509277344
230.7 18.5245685577393
230.9 300.140289306641
232.0 172.576324462891
233.0 278.41015625
234.0 212.980346679688
235.0 522.349060058594
235.9 12.3522911071777
236.0 113.733070373535
236.2 60.3721961975098
237.0 853.14892578125
238.0 226.700805664063
238.8 132.551620483398
238.9 61.301025390625
240.6 27.1864852905273
241.0 214.622222900391
242.1 85.6660537719727
242.2 11.9109535217285
242.8 75.4876556396484
243.0 50.3957862854004
243.1 71.8284378051758
243.9 55.7489204406738
244.0 141.96452331543
244.1 27.6952743530273
244.9 73.0295639038086
245.1 72.3964538574219
245.9 102.308555603027
246.0 298.291564941406
247.0 91.6870040893555
247.1 93.1300964355469
247.3 12.1640586853027
248.0 57.5513687133789
248.1 41.2671737670898
248.2 47.8393974304199
248.9 25.1445846557617
249.1 87.5385894775391
249.2 12.7699718475342
250.0 12.0730590820313
250.2 17.8413772583008
250.7 24.8437194824219
251.0 27.737060546875
251.1 26.2155380249023
252.7 16.7801475524902
252.9 28.6558532714844
253.1 57.4055099487305
254.0 99.5750274658203
254.1 13.833459854126
255.1 142.775817871094
256.9 117.362060546875
257.0 107.62899017334
257.9 46.8673477172852
258.2 15.0155534744263
258.7 55.111946105957
258.9 18.8120307922363
259.0 140.894027709961
259.8 13.5133399963379
260.0 205.211181640625
260.2 58.6107177734375
260.6 11.9772071838379
260.8 75.9166107177734
261.8 19.0664615631104
262.0 121.231399536133
262.1 112.26586151123
263.0 60.2191352844238
263.1 13.7753314971924
263.2 11.8347787857056
266.0 27.2302932739258
266.9 26.0069446563721
267.0 64.4007415771484
267.9 29.6009483337402
269.0 75.6649322509766
269.1 31.6829814910889
269.7 13.0388679504395
270.0 40.6865844726563
270.3 12.2117204666138
271.0 490.613891601563
271.1 43.874382019043
271.8 48.7924880981445
271.9 80.1703033447266
272.7 56.2992782592773
272.9 45.8352355957031
273.1 51.6609306335449
273.9 142.862518310547
274.1 119.077690124512
274.8 20.100830078125
275.0 75.7921447753906
275.6 33.4751777648926
275.8 78.427848815918
276.1 33.9988441467285
276.3 15.3713464736938
276.8 149.27067565918
277.8 36.7141952514648
278.0 258.370666503906
278.1 135.762802124023
278.9 165.51741027832
279.1 23.729663848877
279.2 82.8224182128906
279.9 14.8712015151978
280.8 102.297515869141
280.9 229.457855224609
281.8 11.989767074585
282.1 32.0346336364746
282.8 17.0016822814941
283.0 69.8252258300781
283.8 12.453709602356
284.9 204.888534545898
285.1 411.766387939453
285.9 18.1183624267578
286.0 175.88899230957
286.9 61.908561706543
287.1 223.33251953125
287.9 50.1639137268066
288.1 32.7228736877441
289.0 724.171264648438
290.0 539.660278320313
290.9 235.586166381836
291.1 128.315582275391
292.9 1590.91589355469
293.8 43.078067779541
294.0 405.765747070313
294.7 32.3689498901367
294.9 551.722473144531
295.4 12.4850091934204
296.1 68.7134323120117
296.7 22.6365375518799
296.8 228.34326171875
297.0 21.9492206573486
297.7 18.2294216156006
297.9 163.672943115234
298.6 29.8149032592773
299.9 44.5044555664063
300.2 24.7071399688721
300.8 13.3936901092529
300.9 63.3609809875488
301.8 25.9324951171875
301.9 29.8972148895264
302.1 73.1547775268555
302.9 44.1053810119629
303.1 127.015213012695
303.9 14.1459045410156
304.0 81.6826553344727
304.2 42.1850433349609
304.9 19.0867176055908
305.1 100.048324584961
305.8 13.5714778900146
306.0 16.9204578399658
306.7 16.8223857879639
307.0 82.2642364501953
307.2 14.0469493865967
309.1 16.7168827056885
310.6 45.375
311.0 63.8893814086914
311.2 15.3033895492554
314.1 47.6797256469727
314.4 15.5434303283691
314.5 14.7237691879272
314.8 31.4861793518066
315.0 70.8206939697266
315.1 12.5630121231079
315.9 37.4634246826172
316.1 45.8154373168945
316.8 38.9806289672852
317.0 119.63069152832
317.2 288.867218017578
318.0 197.363784790039
318.3 43.5863304138184
318.9 37.0672378540039
319.1 483.851898193359
319.2 154.545516967773
320.0 15.8587284088135
320.1 166.877746582031
321.0 17.7444801330566
323.1 13.598237991333
326.9 26.5142230987549
328.0 17.9735431671143
328.8 35.0153427124023
329.0 45.8058815002441
329.1 38.8973579406738
329.3 16.3623008728027
329.4 13.5723915100098
330.9 11.7836322784424
331.0 32.8714141845703
332.8 36.7920761108398
334.1 34.5652618408203
334.9 37.7599411010742
335.2 1870.29541015625
336.0 55.1184425354004
336.1 428.034637451172
336.3 39.3162956237793
337.0 13.8999032974243
337.2 45.913875579834
345.0 61.7399711608887
345.1 15.3254098892212
348.8 119.439926147461
349.1 27.9209270477295
349.9 15.0475883483887
350.9 30.8486404418945
351.1 14.1686191558838
352.9 43.5655097961426
353.0 109.722366333008
363.0 14.5989875793457
366.8 11.8830938339233
367.1 20.4950752258301
371.9 24.0546531677246
384.9 11.5712480545044
385.1 22.1532726287842
386.7 12.4484386444092
396.4 13.2332344055176
399.2 13.2023057937622
414.4 53.9847450256348
414.5 15.9641094207764
