#"+EI Scan (rt: 5.977-6.065 min, 16 scans) R2M4.D  Subtract "
#Point,X(Thompsons),Y(Counts)
40.1 123.525733947754
41.0 3918.63110351563
42.0 785.376770019531
42.1 621.798950195313
43.0 154.653015136719
43.1 316.348541259766
44.0 950.968017578125
45.0 69.3150787353516
45.2 30.1830978393555
45.8 6.58280944824219
46.9 138.915954589844
48.9 44.1837997436523
49.0 96.4057083129883
50.0 789.993408203125
50.1 346.647644042969
51.0 2654.0087890625
52.0 627.089172363281
52.1 289.635009765625
52.9 38.3054351806641
53.0 632.098510742188
53.1 8.57814025878906
54.0 1181.15563964844
55.1 2411.28857421875
55.2 54.8302612304688
56.0 48.4085922241211
56.1 274.278778076172
56.9 49.287899017334
57.0 160.620574951172
57.3 35.6991958618164
57.9 185.838439941406
58.0 200.804046630859
58.2 99.2786026000977
59.0 882.5458984375
59.9 24.7128963470459
60.0 71.6054077148438
61.0 162.222702026367
61.1 95.8042602539063
62.0 857.7431640625
63.0 933.894775390625
63.1 773.311401367188
63.9 75.4088439941406
64.0 619.4814453125
64.1 120.666007995605
64.9 63.2155723571777
65.0 617.064636230469
65.1 786.3466796875
65.9 159.603225708008
66.0 246.382537841797
66.7 14.2162189483643
67.0 235.832214355469
67.8 29.4247703552246
68.0 163.376205444336
68.1 82.352424621582
68.8 30.7865600585938
69.0 198.760131835938
69.8 11.0752229690552
70.2 15.2729768753052
70.8 49.5657539367676
70.9 10.811336517334
71.1 17.0439262390137
72.1 38.8112678527832
72.3 7.07717609405518
73.0 841.501708984375
73.9 566.624755859375
74.0 9.19734191894531
75.0 1359.70251464844
76.0 2511.05419921875
77.0 10749.4873046875
78.0 4501.771484375
79.0 2412.6953125
79.9 170.730682373047
80.1 157.615753173828
81.0 245.977783203125
81.9 17.6488189697266
82.1 812.796264648438
82.8 30.6271343231201
82.9 78.1789245605469
83.0 37.9343109130859
83.2 2.40991020202637
83.9 111.228607177734
84.0 80.8909530639648
84.8 21.9112815856934
84.9 126.720123291016
85.8 136.989822387695
86.0 119.200866699219
86.2 19.5606079101563
86.7 12.5550413131714
87.0 545.359558105469
88.0 2997.88793945313
89.0 3613.1845703125
90.0 6392.541015625
91.0 14442.03125
92.0 670.850463867188
92.1 1070.59655761719
92.9 69.983268737793
93.1 126.409782409668
93.8 58.4837036132813
94.0 58.766674041748
94.2 53.4752311706543
94.3 15.3127527236938
95.0 153.848205566406
95.1 392.787902832031
95.9 73.6582489013672
96.9 46.2582244873047
97.1 102.454643249512
98.0 68.6661834716797
98.3 10.7806453704834
98.8 20.0566959381104
98.9 30.0992374420166
99.1 64.8164215087891
99.4 29.2070541381836
99.7 4.30319976806641
99.8 18.8853569030762
99.9 95.1570129394531
100.2 30.5722026824951
100.7 22.1594257354736
100.8 35.0783195495605
101.0 295.746551513672
101.1 216.416061401367
102.0 5114.11669921875
103.0 14697.88671875
103.9 34.390739440918
104.0 9304.6376953125
104.9 324.651245117188
105.0 1382.44506835938
105.9 86.3597412109375
106.0 161.412292480469
106.2 22.0191516876221
107.0 187.842895507813
107.1 325.314086914063
107.7 24.9716567993164
108.0 65.1817092895508
109.0 404.163055419922
109.8 45.8264503479004
110.2 52.4242973327637
110.8 16.957763671875
111.0 73.9173965454102
111.9 21.2614078521729
112.7 15.7442989349365
112.8 121.461547851563
112.9 66.8887634277344
113.2 47.0554885864258
113.5 17.1061153411865
113.8 78.8229522705078
113.9 170.00944519043
114.1 155.412399291992
115.0 3541.34936523438
116.0 1752.38537597656
117.0 10913.837890625
118.1 11050.318359375
119.1 7757.5859375
119.9 32.8441047668457
120.0 1025.83361816406
120.1 393.743530273438
121.0 226.389892578125
122.0 26.4361877441406
122.1 19.9893589019775
122.8 15.5624389648438
123.0 124.384719848633
123.6 24.5721855163574
123.9 75.0649490356445
124.2 7.50065135955811
124.4 53.3937454223633
124.5 659.6875
124.7 450.978668212891
125.1 56.4855270385742
125.7 30.3765106201172
125.8 28.6126365661621
126.0 13.0073852539063
126.9 38.2419738769531
127.0 175.733917236328
127.1 34.9730262756348
127.3 11.5453033447266
127.9 50.6374130249023
128.0 494.868713378906
128.1 375.248352050781
129.0 4063.00048828125
129.9 89.2648086547852
130.0 2240.9033203125
130.1 21.2745819091797
131.1 9808.06640625
131.8 3.15228652954102
132.0 492.630737304688
132.1 1375.90124511719
133.0 936.882690429688
133.9 57.6617584228516
134.1 2890.01098632813
135.0 1103.27087402344
135.9 254.876083374023
137.0 3359.5
138.0 120.355590820313
138.1 297.939086914063
138.6 309.003845214844
138.8 413.057342529297
139.0 165.164916992188
139.6 4.49103403091431
139.8 4.11417388916016
139.9 19.6655502319336
140.1 88.4362030029297
141.0 786.782836914063
141.9 247.608123779297
142.0 337.162506103516
143.0 588.012329101563
143.1 549.353149414063
144.0 3079.76245117188
145.0 26147.501953125
146.0 2241.91479492188
146.1 939.67578125
146.8 94.6472396850586
147.0 101.554565429688
147.1 102.740997314453
147.8 2.46286296844482
148.0 12.5776834487915
148.7 4.06677532196045
148.9 78.6813201904297
149.9 2.00732707977295
150.2 17.2918128967285
150.9 246.077224731445
151.0 10.3318481445313
151.7 34.4435424804688
151.8 36.3471755981445
152.0 33.5992660522461
152.1 38.5434150695801
152.3 22.1203937530518
153.0 352.832000732422
153.9 198.350769042969
154.0 48.5479621887207
155.0 1004.50177001953
156.0 2236.330078125
157.0 961.455810546875
157.1 553.574035644531
158.0 758.346435546875
158.1 466.976043701172
159.0 678.11376953125
160.0 822.284790039063
161.0 1546.87951660156
161.9 273.348175048828
162.1 9.63483619689941
162.3 15.3312473297119
162.9 34.2375030517578
163.0 63.4052085876465
163.8 6.94379234313965
163.9 103.639450073242
164.7 72.7247619628906
164.9 97.1901931762695
165.0 47.9716148376465
165.7 14.654333114624
166.0 29.6782245635986
166.8 89.7673950195313
167.0 72.9054183959961
167.8 4.35550689697266
168.0 144.733825683594
168.1 3.40646743774414
168.9 197.248611450195
169.0 1014.09942626953
169.9 216.360549926758
170.1 338.338836669922
170.9 25.5416412353516
171.0 788.347839355469
171.8 46.6431732177734
172.0 105.875587463379
172.1 234.299819946289
172.3 53.3233680725098
172.9 133.69645690918
173.0 280.037902832031
174.1 10274.8173828125
175.0 1982.47985839844
175.1 414.142028808594
176.0 201.021682739258
176.1 47.9183578491211
176.9 92.7275238037109
177.0 65.7593536376953
177.9 90.3472747802734
178.1 37.8951148986816
178.9 55.6666564941406
179.1 5.10565185546875
179.8 28.2355709075928
179.9 79.0715789794922
180.0 92.3850021362305
180.2 21.7078685760498
181.0 480.254272460938
181.8 7.87862205505371
182.0 163.798400878906
182.8 45.315185546875
183.0 69.1646575927734
183.8 26.6069030761719
184.0 263.120727539063
184.1 49.2514762878418
185.0 885.706115722656
185.8 43.2516937255859
185.9 41.1676139831543
186.1 92.5437545776367
187.0 57.4956283569336
187.8 30.3380031585693
188.0 74.0380859375
188.7 19.4225101470947
189.0 143.659423828125
189.1 13.9368381500244
189.8 28.8394241333008
189.9 48.1915893554688
190.1 53.7153282165527
191.0 135.941436767578
192.0 124.984375
192.2 12.6263084411621
193.0 319.861480712891
193.8 24.8350524902344
193.9 79.4778900146484
194.8 33.5510368347168
194.9 45.5069274902344
195.9 153.825714111328
196.0 463.321166992188
196.6 35.2860069274902
196.7 55.5977630615234
196.9 176.849822998047
197.0 77.7188720703125
197.1 83.1499938964844
198.0 525.464782714844
198.2 129.802749633789
199.0 744.400268554688
199.1 97.6686782836914
199.7 4.0076961517334
200.0 159.831176757813
200.2 62.6827583312988
200.9 12.8912200927734
201.0 229.653884887695
201.9 63.5412216186523
202.0 36.0446472167969
202.1 22.8669853210449
202.9 146.943099975586
203.0 16.5038108825684
203.9 86.8986282348633
204.1 14.6796951293945
204.9 95.0402297973633
205.0 30.637601852417
206.1 85.6088180541992
207.0 11.2299575805664
207.0 386.005676269531
207.9 9.25214385986328
208.1 164.067886352539
208.8 16.832124710083
209.0 51.2078857421875
209.1 49.080810546875
209.8 16.9534683227539
210.0 13.579870223999
210.1 60.910327911377
211.0 500.8115234375
211.9 305.150756835938
212.8 21.3558883666992
213.0 334.499694824219
214.0 14.8324127197266
214.1 1932.02526855469
215.0 1771.0634765625
216.0 299.648315429688
217.0 472.456909179688
217.8 43.3438186645508
218.0 119.914901733398
218.9 471.391479492188
219.8 84.7116088867188
219.9 5.85722351074219
220.6 32.1480865478516
220.7 21.1361503601074
220.9 212.378173828125
221.7 37.0847129821777
221.9 11.9525699615479
222.1 104.623817443848
222.5 10.9979648590088
222.9 146.282775878906
223.1 84.3310012817383
223.2 28.8696880340576
223.9 28.6302433013916
224.0 514.866455078125
224.1 245.26042175293
224.4 44.2372741699219
225.1 1903.71801757813
225.2 90.4744567871094
226.1 75051.34375
227.1 11614.5615234375
227.8 14.8611927032471
228.0 153.848342895508
228.1 903.519165039063
228.9 142.201141357422
229.0 34.4405364990234
229.1 66.3434448242188
230.1 17.3632621765137
230.3 11.3886594772339
230.7 12.5235548019409
231.0 23.3783721923828
231.1 14.6186246871948
231.8 34.4388999938965
233.0 746.251953125
234.0 246.41796875
235.0 480.772705078125
235.1 94.7238540649414
235.8 90.9039993286133
236.0 7.33901309967041
237.0 781.18798828125
237.9 185.555419921875
238.1 95.2822036743164
239.0 346.614593505859
239.8 52.2366065979004
239.9 54.0788955688477
240.2 38.5478668212891
240.5 22.8569660186768
241.0 338.949310302734
241.9 37.0978813171387
242.1 5716.4326171875
242.9 28.1878662109375
243.1 1055.72448730469
243.9 34.007007598877
244.0 54.1434860229492
245.1 29.0582809448242
245.8 15.3933401107788
246.0 8.78545761108398
246.8 24.9406604766846
246.9 22.0194854736328
247.0 10.0242376327515
247.9 5.33188247680664
248.0 63.9671592712402
248.2 50.1341285705566
248.7 14.2056570053101
248.9 12.5355758666992
249.1 53.1335868835449
249.9 24.5071716308594
250.7 15.7278299331665
250.9 53.4328536987305
251.1 10.7106466293335
252.0 16.3124408721924
252.7 15.0536651611328
252.9 23.6578826904297
253.1 28.8747367858887
253.6 23.0605354309082
254.0 32.8931541442871
254.1 19.8632583618164
255.1 4338.8232421875
255.8 30.9076652526855
256.0 111.551177978516
256.1 601.364807128906
256.1 93.6238784790039
256.7 8.76024055480957
257.0 115.026107788086
257.2 12.6137218475342
257.9 27.9083480834961
258.1 14.2959766387939
258.7 17.4199924468994
259.0 9.63618659973145
259.8 13.8607091903687
260.1 22.527458190918
260.3 18.3007564544678
260.4 13.1757383346558
260.9 101.372604370117
261.1 122.112396240234
261.9 78.745475769043
262.0 126.043556213379
262.2 19.8851909637451
262.8 15.5107765197754
262.9 0.165678024291992
263.0 52.4972114562988
263.9 35.1786346435547
264.8 7.11446666717529
265.0 5.51625347137451
265.1 37.3098831176758
266.8 64.5092620849609
267.0 26.2894687652588
268.8 5.4275016784668
268.9 51.0410995483398
269.0 47.7553443908691
269.6 9.30430030822754
269.8 40.0045013427734
270.8 54.4275169372559
271.0 66.6636352539063
271.9 13.5178260803223
273.0 207.997436523438
273.8 45.530403137207
274.0 107.898391723633
275.0 345.4677734375
275.6 11.44557762146
275.8 16.7870063781738
276.0 191.862335205078
276.1 85.4216766357422
276.6 5.83876895904541
276.9 148.1015625
277.1 27.7285079956055
277.8 79.9714813232422
278.0 106.496459960938
278.2 116.497619628906
278.8 77.0562286376953
278.9 56.6183242797852
279.1 22.2963027954102
280.7 39.0036811828613
281.2 11.1223621368408
282.0 5.93186855316162
283.1 1318.92053222656
283.2 13.5417528152466
284.1 157.487976074219
284.3 47.5846481323242
284.6 19.5874767303467
284.8 101.53190612793
284.9 52.4440155029297
285.0 7.21329116821289
285.7 37.0037994384766
285.9 68.1427917480469
286.7 9.34014511108398
287.1 53.0601425170898
288.0 6.67925548553467
288.1 9.86216831207275
289.0 77.8663101196289
289.9 119.493362426758
290.0 77.0556488037109
290.8 16.1748123168945
291.1 69.8626708984375
291.9 14.9745988845825
292.1 190.09504699707
293.0 312.036865234375
293.8 269.870544433594
295.0 144.870239257813
295.8 20.5879707336426
295.9 22.333080291748
296.9 216.282348632813
297.0 5.54072570800781
297.9 2.75694274902344
298.5 10.2637367248535
299.0 111.423530578613
299.9 15.8520250320435
300.5 13.2529611587524
300.8 5.98272132873535
300.9 15.3381147384644
301.1 35.0010528564453
302.8 49.664306640625
302.9 44.4449844360352
303.1 92.739631652832
303.9 48.5116233825684
304.0 24.6834106445313
305.1 79.207405090332
305.3 10.8653812408447
306.6 7.26775598526001
306.8 23.8132820129395
306.9 79.7273559570313
310.9 87.6817169189453
311.0 19.2848262786865
313.1 23.2509918212891
315.9 10.2273349761963
316.9 11.3037757873535
317.1 11.5650157928467
317.2 37.5002517700195
318.1 13.6742696762085
318.2 13.9339447021484
319.9 19.5083847045898
320.0 28.7387924194336
321.1 10.3198347091675
326.8 18.2931690216064
327.0 49.5875701904297
327.2 91.136833190918
329.0 17.2979278564453
332.8 28.487756729126
334.9 37.0360527038574
338.8 10.9697189331055
342.0 16.8001918792725
342.1 108.683555603027
342.2 9.89821815490723
342.4 12.8556308746338
343.0 69.6076354980469
343.2 19.169584274292
344.0 41.912670135498
344.2 33.3963966369629
345.2 25265.255859375
346.2 6001.53515625
347.1 281.560577392578
347.2 566.909790039063
347.3 46.248722076416
348.1 11.7233924865723
348.3 10.434287071228
348.8 16.1228580474854
349.0 44.5119552612305
349.1 20.8248977661133
350.0 9.03181457519531
350.7 8.29330444335938
350.9 7.68010997772217
351.0 10.5523767471313
351.1 11.536283493042
352.9 14.3148059844971
353.1 19.9878711700439
359.1 25.4345855712891
360.1 518.225341796875
360.2 1084.9765625
361.1 95.8195190429688
361.2 280.016784667969
361.9 9.54605674743652
362.2 24.3826942443848
362.9 5.27747058868408
363.1 3.4556713104248
367.1 7.74356651306152
370.9 10.1984252929688
371.1 7.09336471557617
408.8 14.1181383132935
408.9 9.67470455169678
