#"+EI Scan (rt: 1.845-1.903 min, 11 scans) R2M5.D  Subtract "
#Point,X(Thompsons),Y(Counts)
40.1 1088.14196777344
41.1 24893.37109375
42.1 3111.27661132813
43.1 32568.498046875
44.0 4553.767578125
45.0 743.34423828125
45.8 30.1904296875
45.9 41.5129127502441
46.9 227.434753417969
48.9 104.443023681641
49.0 31.5539932250977
50.0 257.900756835938
51.0 969.893432617188
51.9 1.1433219909668
52.0 443.655639648438
52.2 22.4756946563721
53.0 4045.66479492188
54.0 980.20751953125
54.2 96.2662582397461
55.1 15912.857421875
56.1 2627.24853515625
57.1 19615.412109375
57.9 26.3790626525879
58.1 1347.10534667969
59.0 2718.123046875
60.0 238.052963256836
60.9 116.016059875488
61.0 50.5374145507813
62.0 127.562965393066
63.0 863.49462890625
64.0 626.09375
65.0 3322.60498046875
66.0 1099.7001953125
66.1 172.824203491211
67.0 4835.7138671875
68.0 421.718383789063
68.1 262.036804199219
69.1 7484.7275390625
70.1 2276.97998046875
71.1 10467.9970703125
72.0 734.434204101563
72.1 383.599700927734
73.0 2231.38427734375
74.0 460.931518554688
75.0 627.409423828125
76.1 715.226440429688
76.2 182.421508789063
77.0 12960.736328125
78.0 4667.4638671875
79.0 14477.734375
79.8 49.6103477478027
80.0 770.784057617188
80.1 1346.19885253906
81.1 35451.125
82.0 2691.67016601563
83.0 1629.82104492188
83.1 285.365234375
84.1 923.38427734375
84.2 57.961109161377
85.1 6515.2138671875
85.9 37.7607154846191
86.0 1001.65911865234
87.0 411.105895996094
87.1 121.802742004395
88.0 215.287246704102
88.2 39.9813346862793
89.0 1527.01220703125
90.0 181.783782958984
90.0 571.783264160156
91.0 21215.572265625
92.1 2855.19580078125
93.1 3711.01391601563
94.0 932.1337890625
94.1 381.239868164063
94.9 209.572631835938
95.0 4105.11181640625
96.0 467.749389648438
96.1 95.2993469238281
97.0 2845.94091796875
98.0 641.42529296875
98.2 14.6418495178223
99.1 671.955688476563
99.9 129.630264282227
100.1 250.094650268555
100.2 22.6805820465088
100.9 1.12483596801758
101.1 769.443237304688
102.0 1430.51843261719
103.0 6680.814453125
103.8 17.0016250610352
104.0 3100.49853515625
104.3 71.9847793579102
105.0 12618.8349609375
105.9 30.4585762023926
106.1 2269.38256835938
107.0 28134.126953125
108.0 2604.85913085938
109.0 707.124633789063
110.1 381.828247070313
111.0 655.278381347656
112.0 422.788909912109
112.2 162.132095336914
113.1 1359.86145019531
113.7 78.7637939453125
113.9 5.72698974609375
114.0 218.520141601563
114.2 83.6941833496094
115.0 15698.24609375
116.1 5769.04541015625
117.0 11719.625
118.0 3190.93627929688
119.0 7048.705078125
119.9 81.5023040771484
120.0 3967.12646484375
121.0 13619.650390625
122.0 1635.40197753906
123.0 1340.31237792969
123.8 29.8147201538086
124.0 254.600982666016
124.1 36.0927619934082
124.9 120.115768432617
125.0 218.459381103516
125.1 64.4608459472656
126.0 223.268432617188
126.1 402.163543701172
127.0 2788.6982421875
127.1 3050.43115234375
128.0 12361.427734375
129.0 8732.361328125
130.0 2954.05200195313
130.2 108.523727416992
131.0 14518.220703125
132.1 5492.00390625
133.0 30762.521484375
134.1 6664.68310546875
135.0 22883.666015625
136.0 1445.5224609375
136.1 1509.85339355469
137.0 11213.818359375
138.0 1217.5576171875
139.0 1175.80444335938
139.9 211.267974853516
140.0 194.256195068359
140.1 87.4626922607422
141.0 6150.880859375
141.9 380.346496582031
142.1 2125.58666992188
143.0 3414.21044921875
144.0 4811.96826171875
145.0 14716.3115234375
145.9 66.5924377441406
146.0 4995.39013671875
147.1 31201.283203125
148.1 16605.466796875
149.0 12359.57421875
149.9 42.6217422485352
150.0 1744.10083007813
150.3 56.8313598632813
151.0 1578.66845703125
152.0 1498.29638671875
153.0 2434.51342773438
154.0 1282.82092285156
154.2 93.8936080932617
155.0 3869.52075195313
156.0 1354.16015625
157.0 6050.6748046875
158.0 3770.61645507813
159.0 12543.630859375
160.0 5077.0478515625
161.1 34158.12109375
162.1 7692.4443359375
163.0 1377.59228515625
163.1 314.848419189453
163.9 116.604133605957
164.0 416.601989746094
165.0 622.013122558594
165.1 704.8603515625
166.0 543.640075683594
167.0 3230.48583984375
167.9 201.609176635742
168.0 334.666595458984
168.1 159.379119873047
169.0 1498.14831542969
169.2 118.120628356934
169.9 142.974151611328
170.1 658.505615234375
171.0 7505.73046875
172.0 5033.40283203125
173.1 14337.69140625
174.0 99.6017608642578
174.1 4900.294921875
175.1 3894.91674804688
175.2 708.97607421875
176.1 2596.53735351563
177.0 753.017395019531
177.9 143.761276245117
178.1 298.253662109375
178.8 16.6628684997559
179.0 385.131988525391
179.9 27.3027038574219
180.0 130.210556030273
180.1 101.805641174316
181.0 857.526000976563
181.9 118.150817871094
182.0 237.592636108398
183.0 835.017211914063
183.8 20.9049949645996
183.9 229.544036865234
184.0 299.210876464844
185.1 5063.2470703125
186.1 1412.82275390625
186.1 891.068237304688
187.1 15662.4912109375
188.0 232.214385986328
188.1 2491.6513671875
189.1 2626.36328125
189.9 89.0342864990234
190.1 1005.97052001953
191.0 1338.3974609375
191.8 15.6707420349121
192.0 242.927154541016
192.8 208.374465942383
193.0 89.8112945556641
193.1 186.819961547852
193.9 28.4354858398438
194.1 87.3415679931641
194.9 196.814010620117
195.0 379.046936035156
196.0 375.280151367188
197.0 1196.54528808594
197.9 140.611358642578
198.0 183.587158203125
198.2 95.1891174316406
199.1 3543.06225585938
200.0 446.720855712891
200.1 1165.13854980469
201.1 8581.5625
202.0 268.171691894531
202.1 1431.38354492188
202.8 4.91445159912109
203.0 1312.77514648438
203.7 17.5573024749756
203.9 87.6995697021484
204.1 374.859344482422
204.2 43.0871353149414
205.0 1041.40161132813
205.1 397.776184082031
205.9 263.879425048828
206.1 198.136154174805
207.0 398.758941650391
207.1 192.918212890625
207.9 225.124420166016
208.0 0.70794677734375
208.8 57.2303314208984
209.0 230.174133300781
209.5 22.8161716461182
209.7 16.6745948791504
210.0 168.356216430664
211.0 2104.1767578125
211.9 35.8685607910156
212.0 531.422302246094
213.1 2549.18041992188
214.1 3309.53271484375
215.1 242110.453125
216.1 59750.671875
217.1 15166.494140625
218.0 838.290771484375
218.1 1146.38879394531
219.0 4446.78955078125
219.9 266.669036865234
220.1 517.495361328125
221.0 847.119384765625
221.8 33.2311134338379
222.0 114.131683349609
222.8 44.9697570800781
222.9 133.141052246094
223.7 25.6861724853516
223.9 18.6936874389648
224.0 101.343414306641
224.7 51.9736175537109
225.0 177.326950073242
225.1 16.0003566741943
225.8 141.329208374023
226.0 18.5697631835938
226.2 29.3778190612793
226.8 26.3738594055176
227.0 741.358947753906
227.9 146.551452636719
228.1 562.249084472656
229.1 2230.9140625
229.9 21.4707107543945
230.1 1379.51892089844
231.1 3927.01025390625
231.9 15.1596260070801
232.1 1714.88427734375
233.2 207828.953125
234.1 36880.890625
235.1 4470.95361328125
236.0 227.343719482422
236.1 181.804916381836
237.0 2910.525390625
237.9 438.285766601563
238.0 90.4957809448242
239.0 462.502624511719
239.8 37.1212959289551
240.0 85.5696105957031
240.9 275.565277099609
241.0 192.854293823242
241.7 31.4929275512695
241.9 48.2829284667969
242.0 27.3622055053711
242.1 114.824295043945
242.8 32.4600028991699
242.9 92.8358840942383
243.0 151.180557250977
243.1 172.628173828125
243.3 37.2855987548828
243.8 18.9227046966553
244.1 624.261779785156
244.2 1093.673828125
245.0 187.545349121094
245.1 336.748687744141
246.2 8008.951171875
247.1 302.297180175781
247.2 1928.93090820313
248.1 116.22435760498
248.2 258.646148681641
248.8 28.0227661132813
249.0 421.434143066406
249.1 15.7152557373047
249.2 58.314884185791
250.0 43.4703521728516
250.1 16.9586658477783
250.4 14.3773345947266
251.1 58.7278594970703
251.7 15.9708919525146
251.9 16.1448001861572
252.6 36.8801803588867
253.8 24.3743343353271
254.7 3.01925849914551
255.0 222.446105957031
256.0 44.4630584716797
256.1 36.5274505615234
256.3 30.7331371307373
257.1 230.11946105957
257.2 1960.91088867188
258.1 42.9600143432617
258.2 1445.15222167969
258.7 38.4751205444336
259.1 255.550354003906
259.2 231.294616699219
260.0 36.9551429748535
260.7 5.52807998657227
260.9 47.6410255432129
261.2 29.2066059112549
262.0 58.8617401123047
262.2 15.4560546875
262.3 14.6600370407104
262.9 107.41796875
263.1 34.9427642822266
264.0 15.4397420883179
264.7 33.8274383544922
264.9 66.0056686401367
265.2 11.549690246582
265.9 34.24951171875
266.7 23.8782997131348
266.9 28.4607334136963
267.8 35.4601593017578
268.7 2.94294738769531
268.9 29.1583099365234
269.0 0.091583251953125
269.1 80.3490142822266
269.3 17.1435871124268
269.8 22.2269840240479
270.1 50.7091941833496
270.9 144.130599975586
271.0 215.530456542969
272.0 170.901290893555
272.2 544.902893066406
273.0 273.111297607422
273.1 313.923919677734
273.9 29.1400012969971
274.0 59.3441734313965
274.1 66.2988433837891
274.3 24.2752685546875
275.0 620.061889648438
275.8 36.525821685791
275.9 74.9055786132813
276.1 60.9719848632813
276.9 214.394790649414
277.0 79.6349029541016
277.7 41.1983604431152
278.0 106.811164855957
278.2 23.3842697143555
278.4 31.8272399902344
278.9 57.6248321533203
279.1 540.989196777344
279.8 2.38697052001953
280.0 65.358283996582
280.1 41.2550811767578
280.6 27.6250610351563
281.0 214.731460571289
281.1 79.0362091064453
282.1 36.4695663452148
282.6 9.15530300140381
282.9 21.7302131652832
283.1 70.7518768310547
283.3 32.8222808837891
284.1 45.4991264343262
285.0 510.122406005859
285.2 851.756774902344
286.0 103.134948730469
286.1 271.905364990234
286.5 25.6351299285889
287.1 253.865768432617
288.0 10.9099521636963
288.2 16.3730487823486
289.0 857.464050292969
290.0 304.883239746094
290.1 15.30419921875
290.7 9.7368278503418
291.0 389.340209960938
291.8 15.8527612686157
291.9 41.7524642944336
292.0 36.1960105895996
293.0 1502.34301757813
293.9 76.1267242431641
294.1 61.2630386352539
295.0 624.05126953125
295.1 171.891006469727
295.9 148.225555419922
296.1 55.1557273864746
296.9 394.534057617188
297.9 179.642028808594
298.1 80.3357849121094
299.0 63.1033630371094
299.1 354.558563232422
300.2 12748.1025390625
301.1 424.305877685547
301.2 2841.7099609375
302.1 285.576171875
302.3 267.904083251953
303.0 110.112487792969
303.2 317.272003173828
304.2 124.879783630371
305.0 64.8484344482422
307.0 123.401000976563
307.1 36.8190956115723
307.2 35.9028472900391
307.9 9.96721458435059
308.8 2.49627113342285
308.9 14.8676328659058
309.1 30.8682842254639
310.8 33.818717956543
310.9 63.8112297058105
312.1 48.9098129272461
314.8 19.5484027862549
314.9 41.7165374755859
315.0 55.3439407348633
316.0 65.1712875366211
316.1 161.133666992188
316.2 56.4997711181641
316.8 51.9475135803223
317.1 68.7344055175781
317.2 15.0583801269531
318.2 23371.486328125
319.2 852.361511230469
319.3 5161.83935546875
320.1 122.457695007324
320.3 520.75048828125
321.2 15.4437417984009
325.4 15.5896797180176
326.8 58.4138946533203
327.1 66.8288650512695
327.7 15.794189453125
329.0 45.0091743469238
330.7 5.9401741027832
330.9 34.0970344543457
331.0 76.9252548217773
331.8 34.0059051513672
332.2 19.5963668823242
332.8 47.5416030883789
333.0 16.5344944000244
334.8 51.1758918762207
335.0 64.1029586791992
337.1 26.7847537994385
340.8 16.7198657989502
344.9 36.3179550170898
345.0 41.2088584899902
345.1 19.8340129852295
346.1 15.3053712844849
347.0 20.7479839324951
348.8 18.6527938842773
348.9 58.72314453125
349.1 31.8863201141357
349.8 33.8492698669434
349.9 32.5617828369141
350.7 19.5123176574707
351.0 7.33926391601563
351.8 14.2009439468384
352.8 67.5277938842773
353.0 61.1622200012207
353.9 0.569217681884766
355.0 66.1393966674805
357.0 29.0772590637207
357.1 31.5559158325195
359.0 30.7610912322998
363.0 69.7702102661133
366.8 19.107536315918
366.9 46.9600105285645
367.1 95.8070220947266
369.1 20.5098991394043
370.9 56.6020393371582
371.1 23.8868560791016
375.1 5.51173496246338
384.9 14.2393426895142
387.0 30.9625415802002
391.0 25.6327457427979
391.5 14.301043510437
392.9 16.6139850616455
393.1 24.871208190918
400.7 15.131534576416
401.0 42.069149017334
465.1 21.0008907318115
