#"+EI Scan (rt: 1.845-1.903 min, 11 scans) R5M5.D  Subtract "
#Point,X(Thompsons),Y(Counts)
40.1 649.244873046875
41.1 24329.892578125
42.1 2985.56860351563
43.1 32997.92578125
44.0 4532.953125
44.9 4.01614379882813
45.0 578.934448242188
46.0 46.5077705383301
46.9 36.0935440063477
47.0 3.1553955078125
48.8 5.51765060424805
48.9 21.6494426727295
49.9 238.058624267578
50.1 4.28536987304688
51.0 1140.400390625
52.0 16.3170967102051
52.1 486.171661376953
53.0 4086.60205078125
54.0 789.676696777344
54.1 224.064697265625
55.1 14877.6494140625
56.1 2606.14306640625
57.1 18997.45703125
58.1 1433.36767578125
59.0 2668.26171875
60.0 308.575622558594
60.8 46.1789398193359
60.9 83.4721221923828
61.1 15.4878692626953
61.8 67.2175064086914
62.0 31.628059387207
62.4 14.2821197509766
62.9 70.4880065917969
63.0 658.638305664063
64.0 532.440063476563
65.0 3622.22338867188
65.9 14.7497406005859
66.0 1191.16955566406
67.1 4683.927734375
68.1 595.4208984375
68.2 109.865966796875
69.1 7356.6103515625
70.1 1908.62866210938
71.1 9812.857421875
71.9 22.8194580078125
72.1 1105.76721191406
72.2 59.8133735656738
73.0 2109.83349609375
74.0 30.5433654785156
74.1 290.705200195313
75.0 629.435546875
76.0 965.049255371094
77.0 12497.5966796875
78.0 4347.74560546875
79.1 14150.99609375
79.9 184.438095092773
80.1 2050.14697265625
81.1 34966.2578125
82.0 2766.17236328125
83.0 2204.65966796875
84.0 753.740661621094
84.2 53.4071807861328
85.1 6066.51611328125
85.9 37.7441368103027
86.0 891.880615234375
86.8 134.022415161133
87.0 243.364837646484
87.1 98.5126571655273
87.9 10.9653015136719
88.0 128.766143798828
88.3 27.2285938262939
88.9 161.888336181641
89.0 1167.7373046875
90.1 1331.25769042969
91.0 21504.07421875
91.9 455.189208984375
92.0 2312.1298828125
93.0 4198.80322265625
93.9 633.102661132813
94.1 569.409423828125
95.0 4213.46533203125
95.9 75.9160385131836
96.0 436.757080078125
97.0 380.825805664063
97.0 2408.5927734375
97.9 136.180694580078
98.1 346.884490966797
99.1 639.096801757813
99.2 78.3249359130859
100.0 77.4887924194336
100.1 266.757843017578
100.9 167.151184082031
101.0 326.638031005859
102.0 1504.95275878906
103.0 6470.1875
104.0 556.248107910156
104.0 2171.04052734375
105.0 13037.615234375
106.1 2049.798828125
107.0 28635.93359375
107.9 230.583969116211
108.0 2661.88305664063
109.0 1108.10986328125
110.0 219.138214111328
111.0 534.595092773438
111.1 310.685791015625
112.0 25.3541316986084
112.1 531.45849609375
113.0 197.039810180664
113.0 717.554443359375
113.9 231.659576416016
114.1 355.866333007813
115.0 15036.603515625
116.0 5168.78125
116.2 241.366668701172
117.0 11781.265625
118.0 3028.81201171875
119.1 6918.54638671875
119.9 220.230773925781
120.0 3763.26928710938
120.9 103.975723266602
121.0 14012.052734375
121.8 18.9345855712891
122.1 1676.45495605469
122.8 32.520393371582
123.0 1488.42944335938
123.9 185.811248779297
124.1 136.780197143555
125.0 198.295074462891
125.1 164.018356323242
125.7 38.8565940856934
126.0 539.097045898438
126.2 36.198371887207
127.0 5720.3203125
128.0 12830.572265625
129.0 9299.1318359375
129.9 59.0321960449219
130.0 3163.33471679688
131.0 15143.2265625
132.0 5691.7470703125
133.0 31036.52734375
134.1 6788.603515625
135.0 22884.494140625
136.1 2851.17163085938
137.0 10731.689453125
138.0 864.453979492188
139.0 1275.25354003906
139.7 13.9106903076172
140.0 357.763366699219
140.1 8.06842803955078
141.0 6235.00390625
141.9 24.8851013183594
142.0 2598.6064453125
143.0 3479.93286132813
144.1 5037.65380859375
145.0 14375.5244140625
146.0 5450.96875
147.1 31913.16015625
148.1 16703.84375
149.0 11668.19921875
149.9 47.7012786865234
150.0 1694.41369628906
150.2 33.2836723327637
151.0 1770.85729980469
151.9 626.8935546875
152.1 1087.56372070313
153.0 2446.68969726563
154.0 344.502075195313
154.1 889.9619140625
155.0 3661.19262695313
156.0 916.430114746094
156.1 642.305541992188
157.0 7252.3544921875
158.1 3929.92626953125
159.0 12840.7763671875
160.1 5620.31494140625
161.1 35300.59765625
162.1 7961.6650390625
163.0 907.436157226563
163.0 1066.96337890625
164.0 424.078704833984
164.1 45.7173919677734
165.0 1015.71990966797
165.1 192.548583984375
166.0 331.082244873047
166.1 290.779998779297
167.0 3498.34252929688
168.0 368.643737792969
168.1 243.573684692383
169.0 1448.72216796875
170.0 854.417175292969
171.0 7504.6474609375
172.1 5409.81298828125
173.1 13659.275390625
174.1 4495.38916015625
175.1 4798.0361328125
176.0 1117.439453125
176.1 2013.90026855469
177.1 868.679992675781
178.0 436.687744140625
178.2 11.8574523925781
178.8 40.5841827392578
179.0 312.724090576172
179.2 42.425609588623
179.9 33.3045768737793
180.0 207.696960449219
180.1 30.8418445587158
181.0 551.183837890625
181.1 183.872802734375
181.9 15.345531463623
182.0 216.548934936523
182.1 216.56315612793
182.6 11.69065284729
182.9 167.06901550293
183.0 691.640502929688
184.0 409.868865966797
184.1 256.188995361328
185.0 4544.47802734375
186.1 2183.19067382813
187.1 15646.3984375
187.9 61.6560821533203
188.0 440.650726318359
188.1 2549.97094726563
189.1 2535.3193359375
190.0 518.32275390625
190.1 582.378967285156
191.0 1197.21496582031
191.9 97.8370971679688
192.0 97.8248901367188
192.9 533.125732421875
193.8 113.106582641602
194.0 6.44563293457031
194.1 52.4811172485352
195.0 607.963439941406
195.8 117.755661010742
196.1 153.068450927734
197.0 810.673095703125
197.9 276.539978027344
198.0 76.8428802490234
199.1 3078.73999023438
200.0 632.01318359375
200.1 824.620971679688
201.1 8664.0869140625
202.0 204.724670410156
202.1 1483.16015625
203.0 265.822814941406
203.1 1263.00610351563
204.0 165.523223876953
204.1 239.511749267578
205.1 1813.27307128906
205.8 4.95247650146484
206.0 195.925003051758
206.2 165.393569946289
207.0 664.69287109375
207.9 83.937126159668
208.1 179.92431640625
209.0 100.967216491699
209.1 116.921562194824
209.8 9.39515686035156
209.9 192.750152587891
210.0 13.536111831665
211.0 1996.04345703125
212.0 476.248413085938
213.1 2440.908203125
214.1 3173.40600585938
215.1 243166.5625
216.1 61326.55859375
217.1 14310.5380859375
218.1 1650.40942382813
219.0 4428.6376953125
220.0 1053.81176757813
220.5 41.8331985473633
221.0 70.7005004882813
221.1 158.014587402344
222.0 63.0914192199707
222.1 106.794898986816
222.9 169.276916503906
223.9 68.9228210449219
224.1 23.1421985626221
224.9 94.3941268920898
225.0 158.227508544922
225.2 15.0017509460449
225.8 42.2036056518555
225.9 28.1630096435547
226.0 0.527387619018555
226.9 282.924957275391
227.1 288.585083007813
228.0 78.3389205932617
228.1 644.990539550781
229.0 597.294311523438
229.1 1076.48168945313
230.0 356.942565917969
230.1 1115.96911621094
231.0 278.468383789063
231.1 3707.5771484375
232.1 1738.56396484375
233.2 210574.1875
234.1 36839.296875
235.1 4614.56982421875
236.0 458.821624755859
237.0 2881.98046875
238.0 478.837280273438
239.0 545.398559570313
239.8 43.0276031494141
239.9 4.73512268066406
240.0 9.39622116088867
240.8 20.4774436950684
240.9 248.726257324219
241.1 130.031158447266
241.7 17.1302623748779
241.9 55.9509811401367
242.0 27.6422424316406
242.1 82.888557434082
242.8 61.9644317626953
243.0 287.627319335938
243.2 27.9775695800781
244.1 163.112884521484
244.1 1803.53991699219
245.0 552.878601074219
245.2 140.730163574219
246.2 8330.3662109375
247.1 2160.9189453125
248.0 50.1150779724121
248.2 230.63232421875
248.3 77.9471130371094
248.9 34.132080078125
249.0 258.486602783203
249.9 2.33244132995605
250.0 93.4934997558594
251.0 37.0759048461914
251.9 6.36129760742188
252.3 16.0474700927734
252.5 9.80399703979492
252.7 107.291702270508
252.9 106.516731262207
253.2 61.4800682067871
253.9 113.373832702637
254.9 193.19694519043
255.2 19.253288269043
255.8 19.0694465637207
255.9 37.0341186523438
257.0 273.007354736328
257.1 2097.646484375
258.0 61.1787872314453
258.2 1259.32507324219
258.8 27.6763877868652
259.0 96.5248184204102
259.1 336.431854248047
259.9 20.8649730682373
260.0 31.0865497589111
260.2 45.8308868408203
260.8 149.786605834961
261.1 18.689094543457
261.9 53.6623764038086
262.1 45.7839088439941
262.2 53.0384063720703
262.7 27.2458190917969
263.0 108.335144042969
263.1 5.36145496368408
264.2 14.7187662124634
265.0 39.5604019165039
266.8 21.4795093536377
266.9 3.99211883544922
267.0 80.8030319213867
267.2 18.145112991333
268.9 254.630783081055
269.8 14.8378047943115
269.9 114.361404418945
270.1 7.78927993774414
270.9 396.812591552734
272.1 613.163024902344
272.2 239.565902709961
272.9 593.980102539063
273.0 107.00390625
273.9 41.1608123779297
274.1 109.641647338867
274.9 500.504974365234
275.7 70.2877426147461
276.0 90.2929763793945
276.2 17.6175060272217
276.9 177.448913574219
278.1 8.72246551513672
278.7 0.0097198486328125
279.0 592.909484863281
279.9 32.3290176391602
280.1 73.9200439453125
280.4 18.6728191375732
280.9 15.9768371582031
281.0 29.5702362060547
281.7 20.31396484375
281.9 48.6134643554688
282.0 30.9709053039551
282.2 6.00234603881836
282.8 21.6835670471191
282.9 94.3472442626953
283.2 19.9110012054443
284.0 43.5987091064453
285.1 1583.7197265625
286.0 19.6180419921875
286.1 160.979705810547
286.2 75.3522033691406
287.0 54.5689544677734
287.2 93.2448654174805
288.0 45.0280456542969
288.9 580.08203125
289.0 173.614501953125
289.9 5.46978759765625
290.0 100.41983795166
290.8 95.899658203125
290.9 391.752258300781
291.8 23.6359996795654
291.9 76.6508407592773
292.0 80.5420074462891
293.0 1183.56164550781
294.0 359.744049072266
294.9 548.986206054688
295.8 58.0799026489258
295.9 76.5584259033203
296.0 7.07877731323242
296.8 42.5105590820313
296.9 232.06787109375
297.7 44.9987182617188
298.0 211.927520751953
298.2 29.7151870727539
298.9 84.8286590576172
299.1 199.093292236328
299.2 142.120254516602
300.2 13343.9873046875
301.1 206.278945922852
301.2 2741.23706054688
302.1 442.493621826172
302.2 219.180221557617
302.9 38.9285163879395
303.1 263.610565185547
303.2 142.770294189453
304.0 40.1586608886719
304.1 28.0568561553955
304.7 14.655294418335
304.9 58.1516189575195
305.0 17.5017871856689
305.2 17.3319320678711
307.1 145.917114257813
307.6 17.80393409729
308.2 17.2218399047852
309.0 116.303047180176
310.2 14.6182804107666
310.9 79.9304580688477
311.0 66.0994644165039
311.1 18.4229412078857
311.8 31.6448078155518
312.0 25.7283496856689
312.9 22.7213745117188
314.7 19.6830959320068
314.8 8.87387084960938
315.0 103.870483398438
315.9 51.3153610229492
316.0 91.8815155029297
316.2 157.72119140625
316.9 34.9808311462402
317.0 102.618827819824
317.3 20.1783618927002
318.2 24276.623046875
319.1 109.326667785645
319.2 5755.75244140625
319.9 25.0308589935303
320.1 180.182907104492
320.2 537.043884277344
320.3 66.4741744995117
321.0 37.7490081787109
321.1 24.5489234924316
321.3 34.9933090209961
326.8 13.9494247436523
326.9 29.1889400482178
327.0 58.4792709350586
329.0 51.2629318237305
330.0 19.6083507537842
330.9 94.5313491821289
331.0 17.761589050293
331.1 43.0277976989746
332.0 30.1102237701416
332.2 14.3326845169067
332.7 14.3285684585571
333.0 187.348556518555
334.8 22.7264175415039
334.9 17.3770771026611
336.7 15.0279083251953
336.9 11.4856853485107
337.1 16.5768604278564
341.0 20.9503803253174
344.9 65.3261642456055
346.1 14.6756982803345
347.1 16.433256149292
348.8 138.09553527832
348.9 80.7828369140625
349.6 16.6925182342529
349.8 12.4373874664307
350.0 13.7053670883179
350.7 18.5731182098389
350.9 125.772514343262
351.6 22.7572612762451
352.8 78.1875915527344
352.9 116.886001586914
353.0 25.8950939178467
353.5 16.904260635376
354.9 89.8920516967773
357.0 23.4297313690186
358.9 42.4961280822754
360.4 17.7198715209961
363.0 30.3230743408203
366.7 6.86661529541016
366.8 42.200870513916
370.9 26.7930145263672
371.0 69.2191848754883
378.1 18.2269763946533
385.0 30.7845401763916
386.8 17.0175189971924
386.9 42.9636573791504
389.1 36.1667404174805
390.9 14.5427093505859
391.0 68.6566314697266
391.2 59.1480979919434
400.8 20.0821762084961
401.0 60.7914161682129
403.0 14.8268117904663
408.8 14.9559144973755
