#"+EI Scan (rt: 3.716-3.780 min, 12 scans) R7M5.D  Subtract "
#Point,X(Thompsons),Y(Counts)
40.1 2215.31958007813
41.1 36417.6953125
42.1 6914.419921875
43.1 33134.46484375
44.0 3808.85180664063
45.0 99.1595306396484
45.1 118.941703796387
45.9 49.0703735351563
46.1 14.9609260559082
46.9 347.853546142578
49.2 38.7425117492676
49.9 514.164428710938
50.0 331.67138671875
51.0 2909.05224609375
52.0 430.443817138672
52.1 1210.46435546875
53.1 8445.328125
54.1 4185.77490234375
54.2 54.7536926269531
55.1 18723.087890625
56.1 5805.89697265625
57.1 4669.3564453125
58.1 4866.52099609375
59.0 3455.87890625
60.0 202.448608398438
60.8 58.2536964416504
61.0 141.306396484375
61.9 802.304626464844
62.1 626.255187988281
63.0 3011.49633789063
64.0 1379.90734863281
65.0 7466.35009765625
66.1 5732.29541015625
67.1 24011.470703125
68.0 3778.18139648438
69.1 6947.12060546875
70.1 2731.91674804688
71.0 1101.76916503906
71.1 900.078125
71.9 50.8063812255859
72.1 254.198593139648
72.2 55.2493171691895
73.0 1665.13427734375
74.0 757.075622558594
75.0 3089.966796875
76.0 6787.32958984375
77.0 44057.390625
78.0 12571.1396484375
79.1 44663.8828125
80.1 10105.6787109375
81.0 14801.947265625
82.0 370.873077392578
82.1 3934.47436523438
83.0 1493.40966796875
83.8 18.5043087005615
84.0 581.629089355469
84.2 105.622901916504
84.8 45.2562675476074
84.9 86.9107666015625
85.1 136.13346862793
85.9 59.6730537414551
86.0 225.53581237793
86.1 70.806510925293
86.9 87.5769119262695
87.0 1286.21936035156
88.0 14060.6376953125
89.0 16302.029296875
90.0 33795.32421875
91.0 49223.6640625
92.1 40289.3671875
93.1 72250.1640625
94.1 39197.80859375
95.1 7019.1904296875
96.0 894.262390136719
96.1 1542.97937011719
97.0 822.294250488281
97.9 253.88005065918
98.1 187.685729980469
98.8 70.6633834838867
98.9 89.2711791992188
99.0 160.757949829102
99.2 39.9982490539551
99.4 21.3453979492188
99.9 170.771408081055
100.1 183.070358276367
100.8 26.9375381469727
101.0 1136.98413085938
102.0 15521.703125
103.0 42462.4375
104.0 19468.263671875
105.1 14043.724609375
106.1 9540.4619140625
107.0 992.754089355469
107.1 15070.8662109375
108.1 16705.9375
109.0 10272.2451171875
110.1 1705.748046875
110.8 57.0668067932129
110.9 175.415252685547
111.1 402.362091064453
111.5 81.4440002441406
111.6 68.0729370117188
111.8 90.4107437133789
112.1 178.312301635742
112.9 39.6645812988281
113.0 279.206420898438
114.0 292.826171875
114.1 269.189270019531
115.0 3257.62255859375
116.0 5311.09814453125
117.0 22561.623046875
118.0 8818.4775390625
119.1 10763.8603515625
120.1 6060.17333984375
120.2 161.91633605957
120.8 49.7612037658691
121.0 451.101745605469
121.1 1870.60583496094
121.9 49.9983940124512
122.1 1635.28601074219
122.6 26.2695693969727
123.0 1173.08666992188
123.9 157.86051940918
124.0 46.8897285461426
124.3 17.7309398651123
124.8 63.1806335449219
125.3 25.7321147918701
125.4 227.96696472168
125.5 280.918304443359
125.6 1151.22204589844
125.9 43.7131767272949
126.0 77.0566329956055
126.1 72.2478866577148
127.0 1565.63806152344
128.0 3427.76904296875
129.0 20632.228515625
130.0 16698.75390625
131.0 88193.7265625
132.1 14398.0185546875
133.1 8033.57080078125
134.1 7696.30517578125
135.1 77562.84375
136.1 17521.32421875
137.0 12962.564453125
138.0 1128.64306640625
139.0 653.006713867188
139.7 72.5433731079102
139.9 247.96809387207
140.0 233.437133789063
140.2 77.1103897094727
141.0 1134.74682617188
142.0 740.672912597656
142.1 1341.95666503906
143.1 7064.02783203125
144.1 16221.328125
145.0 289009.65625
146.0 29891.0234375
147.0 3180.28198242188
148.1 1926.26904296875
149.1 5114.119140625
150.1 126870.046875
151.1 15698.5791015625
151.9 30.4939498901367
152.0 349.248626708984
152.1 1181.12463378906
152.2 34.0896644592285
152.8 29.9822635650635
153.0 375.194427490234
153.1 61.7884368896484
153.8 94.9370803833008
153.9 264.506103515625
154.1 613.365417480469
154.3 156.437637329102
155.0 3346.85107421875
156.1 4936.4833984375
157.0 6274.103515625
158.0 7884.16845703125
159.0 7104.21728515625
160.0 2120.6083984375
161.0 10465.2236328125
161.9 210.941207885742
162.1 1449.97546386719
162.9 234.9765625
163.9 130.816558837891
164.1 219.003540039063
164.9 243.881011962891
165.1 502.837310791016
165.8 27.7044200897217
165.9 78.6735687255859
166.0 219.674926757813
166.3 16.0485782623291
166.9 821.602661132813
167.6 21.9581890106201
167.9 69.890754699707
168.0 770.177062988281
168.2 86.1237411499023
168.9 36.4181213378906
169.1 1955.95251464844
170.0 619.210571289063
170.1 1679.27197265625
171.0 9472.5009765625
172.0 571.977600097656
172.1 2414.16381835938
172.9 58.7369842529297
173.1 2732.6083984375
174.1 23729.794921875
175.1 7755.4765625
175.8 19.7309284210205
176.1 890.0693359375
176.2 164.352462768555
177.0 253.039093017578
177.1 180.730575561523
177.8 18.2524127960205
178.0 222.295043945313
178.1 74.2472991943359
178.7 22.6315231323242
178.9 170.184692382813
179.1 127.27953338623
179.9 176.088394165039
180.0 440.710052490234
180.7 59.244701385498
181.0 842.289489746094
182.0 245.924118041992
182.1 555.974548339844
182.9 359.348510742188
183.0 923.217102050781
184.0 391.740264892578
184.1 956.267395019531
185.1 6320.55078125
186.1 4608.21337890625
187.1 16608.123046875
188.0 92.9224319458008
188.1 3121.025390625
189.1 10875.7861328125
190.1 1452.87634277344
190.2 132.942031860352
191.0 534.962280273438
191.8 124.948394775391
192.0 286.406188964844
192.9 74.0593872070313
193.0 443.423400878906
193.9 20.3660202026367
194.1 409.431762695313
194.2 24.511251449585
195.0 2029.83776855469
195.9 15.0035858154297
196.0 484.013031005859
197.0 738.578125
198.0 982.490661621094
198.2 149.110794067383
199.0 3658.83862304688
200.0 559.787292480469
200.1 1316.494140625
201.0 2114.544921875
201.1 905.625732421875
202.1 30526.568359375
203.0 57.8763275146484
203.1 4910.666015625
204.1 318.450561523438
204.1 452.561553955078
204.2 35.3529319763184
204.7 48.0813598632813
205.0 482.928100585938
205.8 41.0558738708496
206.0 405.333740234375
206.2 55.3247680664063
206.9 310.454956054688
207.0 767.248291015625
207.8 25.1251277923584
208.0 368.535308837891
208.1 504.625366210938
208.2 50.211124420166
208.6 22.2364978790283
209.0 887.683898925781
209.2 240.155029296875
210.1 1470.1171875
211.0 2928.5146484375
211.9 81.7596054077148
212.0 1298.73095703125
213.1 8050.80029296875
214.1 5806.11181640625
215.1 399426.125
216.1 58128.87890625
217.1 5285.6669921875
218.0 675.193786621094
218.1 100.370094299316
219.0 1479.8662109375
219.9 810.077087402344
220.0 38.7611389160156
221.0 789.373229980469
221.1 250.283126831055
222.0 183.874267578125
222.1 466.669586181641
222.2 139.659408569336
222.9 391.054565429688
223.1 435.632171630859
223.9 157.516006469727
224.0 385.830078125
224.1 190.339172363281
224.9 108.241386413574
225.1 575.017272949219
225.8 27.5651016235352
226.1 521.021301269531
226.2 112.233680725098
227.0 281.289031982422
227.1 380.234008789063
228.1 370.089508056641
228.1 511.915496826172
229.0 116.645111083984
229.1 1676.13488769531
230.1 7371.81005859375
231.0 320.650604248047
231.1 2035.72595214844
232.0 153.674468994141
232.1 1312.80151367188
233.0 3611.74755859375
233.9 172.918533325195
234.0 586.872436523438
235.0 510.720092773438
235.1 572.5224609375
236.0 352.990478515625
236.1 879.491882324219
237.0 4150.017578125
238.0 2943.26806640625
239.0 2077.40087890625
239.9 86.2804641723633
240.1 901.197082519531
240.2 54.1385383605957
241.1 1882.27062988281
242.1 1071.63562011719
242.9 57.9109039306641
243.1 2077.60375976563
244.0 96.2377853393555
244.1 583.078857421875
244.2 154.791595458984
244.9 87.1362075805664
245.0 79.3095626831055
245.1 145.537582397461
245.2 19.1399402618408
245.6 17.1763401031494
246.1 68.7900009155273
247.0 50.9073867797852
247.8 38.205623626709
248.0 73.5548629760742
248.1 122.717948913574
248.9 29.4651126861572
249.1 1838.6162109375
249.2 25.6779537200928
250.1 1741.03369140625
250.2 326.450042724609
250.9 155.994491577148
251.1 2179.79418945313
251.2 30.7814769744873
252.0 306.1318359375
252.1 2658.96850585938
253.0 626.8486328125
253.1 984.919189453125
254.0 131.496810913086
254.1 401.784820556641
254.2 399.170318603516
255.1 723.865173339844
255.2 44.7664985656738
256.1 220.337051391602
256.2 88.521858215332
256.7 22.3545093536377
256.9 157.081878662109
257.0 54.6977310180664
257.1 71.7687225341797
257.8 14.4195985794067
258.0 73.7968826293945
258.2 36.2537727355957
259.0 81.6859130859375
259.8 17.8319797515869
260.0 43.6922454833984
260.7 34.1548271179199
260.9 16.2034511566162
261.0 62.858325958252
261.1 60.502758026123
261.6 12.7245569229126
262.1 78.289665222168
263.0 41.885368347168
263.2 2738.87109375
264.1 429.490112304688
264.1 864.4599609375
265.2 9711.0283203125
266.1 334.141693115234
266.2 3369.05444335938
267.1 1340.12927246094
268.0 237.999801635742
268.1 252.147354125977
268.2 90.8340759277344
268.9 48.4577178955078
269.0 20.8372802734375
269.1 521.0341796875
270.0 71.0391464233398
270.2 4791.166015625
271.1 5498.18896484375
272.2 3105.373046875
272.9 67.5051956176758
273.0 1065.90832519531
273.2 88.0027389526367
273.9 164.307907104492
274.0 84.1504364013672
274.2 77.4021377563477
274.7 44.365177154541
274.9 241.292098999023
275.8 85.7485122680664
276.1 187.04052734375
276.2 53.7543830871582
277.1 1803.35925292969
277.2 819.780578613281
277.9 72.9697265625
278.1 262.261474609375
278.2 1509.435546875
279.0 71.7653732299805
279.2 3913.22436523438
280.2 61461.296875
281.2 15424.7724609375
282.0 42.8881988525391
282.2 2711.2880859375
282.8 26.7724514007568
283.0 91.1120986938477
283.1 222.612609863281
283.8 12.6189031600952
284.0 18.7281532287598
284.2 41.408374786377
284.3 16.5846176147461
284.8 59.2283592224121
285.0 597.686279296875
285.9 155.517791748047
286.2 14.5084495544434
286.8 14.2304582595825
287.0 130.503372192383
287.2 17.1195888519287
288.0 59.4436492919922
288.2 23.4375820159912
289.0 478.690185546875
290.1 941.197448730469
290.2 98.4564514160156
290.9 373.732849121094
291.1 752.925476074219
291.9 78.3436965942383
292.1 332.483703613281
292.2 154.291442871094
293.1 2241.27221679688
294.2 140074.984375
295.2 32239.294921875
296.2 7581.85498046875
297.1 1892.97985839844
297.2 392.050445556641
298.0 265.759674072266
298.2 115.182434082031
298.8 93.8976135253906
299.0 133.564987182617
300.9 57.6171760559082
301.1 44.9973564147949
301.2 16.5612621307373
302.0 26.9213714599609
302.3 14.0601625442505
302.9 59.7437591552734
303.1 139.543090820313
303.3 83.552131652832
303.8 12.9079942703247
304.1 170.685302734375
304.3 75.44970703125
304.7 21.7179203033447
305.1 795.111328125
305.2 102.402992248535
306.0 299.0576171875
306.2 322.353302001953
306.8 20.0346050262451
307.1 1017.14294433594
308.2 44897.86328125
309.2 13184.8759765625
310.2 2810.84692382813
311.1 335.103546142578
311.2 184.42512512207
312.1 49.7852363586426
314.0 20.2467594146729
314.1 51.4443778991699
314.6 21.3321056365967
314.8 38.7350654602051
314.9 38.721076965332
315.0 19.8977794647217
315.2 24.1266937255859
315.9 15.5885572433472
317.2 14.4109392166138
318.1 172.456481933594
318.2 48.7564811706543
319.1 162.749435424805
319.2 1972.35217285156
320.2 50730.31640625
321.2 17411.6953125
322.1 535.771545410156
322.2 9166.6396484375
323.1 100.220985412598
323.2 2705.81274414063
324.0 57.0308570861816
324.2 3233.6376953125
325.0 210.371536254883
325.2 546.667785644531
325.7 13.2108964920044
326.1 34.4467697143555
326.2 15.4328927993774
326.7 16.282886505127
326.9 16.5942554473877
327.0 43.7078514099121
328.0 16.5649280548096
328.9 41.8048286437988
329.0 37.1785011291504
329.2 69.1453628540039
329.3 102.302040100098
330.1 19.5354061126709
330.5 15.3547945022583
331.1 13.4694166183472
331.2 17.9664287567139
332.2 23.4154872894287
332.7 33.3280334472656
332.8 22.5666179656982
332.9 54.3669242858887
333.1 53.5545196533203
333.3 19.284782409668
333.5 19.4052619934082
333.9 43.0799255371094
334.3 53.7942085266113
334.8 55.4114227294922
334.9 110.456207275391
335.1 99.4001083374023
335.2 24.7836151123047
336.2 7421.93115234375
337.3 129967.3515625
338.3 33075.45703125
339.1 69.9675064086914
339.2 2072.23852539063
339.3 1633.0078125
339.9 16.0682563781738
340.1 159.93000793457
340.3 210.433578491211
342.0 14.519190788269
343.0 17.4068775177002
344.9 14.4794969558716
345.1 27.9818420410156
346.0 64.8927383422852
346.2 131.807220458984
347.0 8.53868103027344
347.2 107.90096282959
347.3 99.0298080444336
348.0 38.0946388244629
348.1 260.035491943359
348.2 356.69091796875
348.9 73.4771118164063
349.1 336.015289306641
349.3 77.1331405639648
350.0 101.104209899902
350.2 1076.46081542969
350.6 17.1706771850586
350.8 22.3528652191162
351.0 1.39775085449219
351.1 156.081436157227
351.3 122.021759033203
352.0 32.0442657470703
352.8 56.1684761047363
353.0 98.4548568725586
355.0 18.4855403900146
357.1 18.2354221343994
359.0 18.9301223754883
359.3 15.1975212097168
361.1 14.3084487915039
362.0 58.8000679016113
362.2 77.4488525390625
362.9 35.8669548034668
363.0 72.9710922241211
363.2 161.090957641602
363.3 124.462745666504
364.2 3691.7236328125
364.3 688.261535644531
365.3 92620.9140625
366.3 24001.7734375
367.1 72.5937118530273
367.2 2491.72143554688
367.3 717.685241699219
368.2 237.19841003418
368.3 178.51091003418
370.8 15.0769386291504
371.0 75.1843719482422
381.1 40.4939994812012
381.3 47.4330749511719
382.1 22.5803394317627
383.1 13.2979459762573
388.2 12.8896932601929
396.3 33.9065971374512
396.4 36.7507476806641
399.1 35.1305732727051
399.3 33.862117767334
400.8 13.4604616165161
400.9 26.3300170898438
408.8 27.4984378814697
414.2 54.0706367492676
414.4 75.603141784668
414.6 15.0983963012695
415.2 16.3917045593262
415.4 18.5191631317139
