#"+EI Scan (rt: 3.710-3.768 min, 11 scans) R10M5.D  Subtract "
#Point,X(Thompsons),Y(Counts)
40.1 1536.19921875
41.1 33884.08984375
42.1 6349.408203125
43.1 30448.841796875
44.0 3650.70947265625
44.9 112.785987854004
45.0 40.1675720214844
45.9 18.458610534668
47.0 446.813293457031
48.8 33.9005699157715
49.0 55.0544776916504
49.9 119.681976318359
50.0 766.562133789063
51.0 2795.4453125
52.0 1474.12902832031
52.1 191.962493896484
53.1 8050.025390625
54.1 3794.26977539063
55.1 17610.537109375
56.1 5000.83349609375
57.1 4832.5068359375
58.1 4646.09423828125
59.0 3572.986328125
59.9 189.614379882813
60.1 140.858215332031
60.8 26.7309646606445
61.1 246.763961791992
62.0 1578.06042480469
63.0 2672.39916992188
64.0 337.016876220703
64.0 931.068603515625
65.0 7186.37451171875
66.1 5702.927734375
67.1 22183.146484375
68.1 3517.41650390625
69.0 4105.7177734375
69.1 1594.22412109375
70.1 2377.17797851563
71.1 1932.70520019531
71.8 22.7369766235352
72.0 245.025619506836
72.1 111.813186645508
72.2 18.5262031555176
73.0 1731.13134765625
73.9 97.723388671875
74.1 392.650817871094
75.0 2286.98193359375
76.0 6280.728515625
77.0 41965.796875
78.0 11766.955078125
79.1 41801.66015625
80.1 9272.78515625
81.0 13258.99609375
82.0 347.31396484375
82.1 3309.1181640625
83.0 636.4921875
83.1 515.857177734375
83.9 214.414611816406
84.0 371.506042480469
85.0 234.027130126953
85.1 54.9257850646973
85.5 28.4340019226074
85.9 130.553863525391
86.1 210.785659790039
87.0 1131.822265625
87.1 191.611083984375
88.0 12962.380859375
89.0 14064.09765625
90.0 29943.39453125
91.1 45968.16015625
92.1 37344.9453125
93.1 65553.5234375
94.1 35323.21484375
95.1 6071.92236328125
96.1 2294.1552734375
96.9 125.920433044434
97.1 473.446350097656
97.7 18.4073123931885
97.9 145.438415527344
98.1 10.3070831298828
98.8 39.6566429138184
99.0 128.953628540039
99.2 20.7814960479736
99.6 41.4509468078613
99.8 29.0638618469238
99.9 90.4056625366211
100.0 57.0253524780273
100.1 58.2546539306641
100.2 14.6401634216309
101.0 1148.59375
102.0 13958.365234375
103.0 39070.19140625
104.0 16796.546875
105.0 12924.1103515625
106.1 8577.3974609375
107.1 15451.939453125
108.1 15719.6005859375
109.0 9062.3173828125
110.0 270.543090820313
110.1 1372.82104492188
111.0 90.8319702148438
111.2 426.114349365234
111.8 32.9431419372559
111.9 108.551826477051
112.1 29.1872844696045
112.8 39.582935333252
112.9 392.027709960938
113.6 21.7064228057861
113.9 79.9400329589844
114.0 468.178039550781
115.1 2695.72729492188
116.0 276.847961425781
116.0 4072.3505859375
117.0 19375.984375
118.0 7843.8759765625
119.0 9417.2333984375
120.0 5496.2978515625
121.0 1152.37377929688
121.1 947.758178710938
121.9 209.608581542969
122.1 1265.18811035156
122.7 18.1603164672852
122.9 118.953010559082
123.0 545.208984375
124.1 98.1783905029297
124.2 18.2343215942383
124.8 27.8508358001709
125.2 74.5965042114258
125.4 151.515075683594
125.6 1328.46179199219
125.8 37.0093727111816
126.0 204.14794921875
126.1 46.5955581665039
126.3 102.038703918457
126.9 422.849884033203
127.0 793.738037109375
127.1 167.072555541992
128.0 3484.69311523438
129.0 18370.658203125
130.0 14933.3994140625
131.1 77918.7421875
132.1 13037.9130859375
133.1 7263.93017578125
134.1 7032.529296875
135.1 66985.8984375
136.1 15375.6708984375
137.0 10754.28515625
138.0 1284.86486816406
139.0 1004.56042480469
139.7 14.2214202880859
140.0 529.063537597656
140.9 642.994995117188
141.1 317.076721191406
141.9 97.4738311767578
142.1 1748.47473144531
143.1 5590.4892578125
143.9 232.715881347656
144.1 13939.638671875
145.0 250702.203125
146.0 26056.99609375
147.0 2967.47143554688
148.0 273.026031494141
148.1 1446.26013183594
149.1 2570.80053710938
149.2 1774.56787109375
150.1 109118.6015625
151.1 13594.64453125
152.0 366.651275634766
152.1 926.71484375
152.9 108.853073120117
153.0 220.508666992188
153.1 67.0029830932617
153.3 36.2593955993652
154.0 528.255920410156
154.1 452.489227294922
155.0 2882.32836914063
156.1 4727.216796875
157.0 6172.25439453125
158.0 6893.35400390625
159.0 6810.08544921875
160.0 2217.79272460938
161.0 9723.9658203125
162.1 1455.85571289063
163.0 952.955017089844
163.9 231.448150634766
164.9 123.043479919434
165.0 429.395599365234
165.1 190.642272949219
166.0 366.262084960938
166.2 17.2909336090088
166.9 459.479919433594
167.0 579.161926269531
167.8 83.7359237670898
167.9 225.354064941406
168.1 729.156188964844
169.0 790.915283203125
169.1 1225.54052734375
169.7 47.2642707824707
170.0 2098.81469726563
171.0 8033.86962890625
172.0 105.165153503418
172.1 2752.15087890625
173.1 2593.51513671875
174.1 22021.181640625
175.1 6830.42333984375
175.8 81.868782043457
176.1 877.279357910156
176.2 56.4773330688477
177.0 507.282012939453
177.1 172.303161621094
177.9 192.932846069336
178.0 134.788055419922
178.8 183.711135864258
179.0 220.612045288086
179.1 67.4235382080078
179.9 34.6530075073242
180.0 338.228088378906
180.1 173.660385131836
180.2 95.0666046142578
180.8 100.076583862305
181.0 1205.96826171875
181.6 18.7557983398438
181.8 27.0861053466797
182.0 569.478820800781
182.5 14.789363861084
182.9 456.915649414063
183.0 691.239013671875
183.2 16.3845691680908
183.7 22.3658847808838
184.0 1053.42443847656
184.1 220.265365600586
185.0 4968.35693359375
186.1 3789.65673828125
187.1 14193.33984375
188.0 1.66534423828125
188.1 2712.86743164063
189.1 6509.2724609375
189.2 2315.6455078125
189.9 24.9561386108398
190.1 388.455535888672
190.2 924.301330566406
190.9 936.625366210938
191.9 58.8822021484375
192.0 307.874206542969
193.0 1042.05603027344
193.9 99.4205474853516
194.0 385.329620361328
195.0 1183.216796875
195.9 251.522109985352
196.0 471.847534179688
197.0 731.275024414063
198.0 198.623321533203
198.1 523.571044921875
199.1 3426.78686523438
200.1 1695.38403320313
201.1 3008.078125
202.1 26551.060546875
203.0 12.0313186645508
203.1 4341.39794921875
203.9 34.2265090942383
204.0 170.384490966797
204.2 470.909057617188
204.4 15.9795541763306
204.8 57.2607727050781
204.9 187.611633300781
205.1 193.202087402344
206.0 269.156280517578
206.2 48.7977256774902
207.0 1178.62744140625
208.0 783.944152832031
209.1 955.804138183594
209.5 15.8154363632202
209.9 57.0297584533691
210.0 1072.12292480469
210.2 84.2520751953125
211.0 2536.7138671875
211.9 88.3041610717773
212.0 1253.18920898438
213.1 5904.90234375
214.1 5247.06982421875
215.1 352859.90625
216.1 54111.3359375
217.1 5018.451171875
218.0 314.370635986328
218.0 395.923522949219
218.9 731.281494140625
219.9 107.046417236328
220.0 416.421112060547
220.1 122.124908447266
220.9 562.690124511719
221.1 199.950210571289
222.0 456.287872314453
222.1 426.988189697266
222.9 661.11962890625
223.1 232.708877563477
224.0 43.7547569274902
224.1 467.218627929688
224.3 63.1164321899414
224.9 409.196502685547
225.1 193.609420776367
225.8 17.9812126159668
225.9 83.6910552978516
226.1 282.779205322266
226.1 110.224006652832
226.2 37.0226707458496
226.8 39.8336143493652
227.0 243.673919677734
227.1 181.594314575195
227.2 87.1016311645508
227.9 33.8597030639648
228.1 663.946472167969
228.2 78.523811340332
229.1 1886.87072753906
230.1 6285.4765625
231.1 1414.16125488281
231.1 554.024475097656
231.9 61.8604202270508
232.1 683.516052246094
232.1 552.691040039063
233.0 3667.50439453125
234.0 731.614868164063
235.0 619.163330078125
235.0 194.806243896484
235.9 135.255264282227
236.0 462.327545166016
236.1 475.321197509766
237.0 3960.15673828125
238.1 4301.5107421875
239.0 1768.27685546875
239.1 450.698547363281
240.0 343.289428710938
240.1 626.137451171875
241.0 410.32373046875
241.1 1293.58825683594
241.8 49.380313873291
241.9 27.4078216552734
242.1 304.813018798828
242.2 432.930480957031
243.1 1845.05969238281
244.0 91.1518096923828
244.2 619.763732910156
244.3 25.4925918579102
244.7 15.4301424026489
245.1 235.356536865234
245.9 14.7308750152588
246.0 44.4702301025391
246.9 35.4384498596191
247.0 83.9356918334961
247.1 83.7039337158203
247.9 16.6411437988281
248.1 37.9449501037598
248.2 39.2465667724609
249.0 123.83177947998
249.1 1656.90771484375
250.1 793.330261230469
250.1 1345.90991210938
251.0 130.540252685547
251.1 1696.76354980469
252.1 824.221313476563
252.1 1569.765625
253.0 13.3247985839844
253.1 1248.57739257813
253.9 42.3204078674316
254.1 278.121002197266
254.2 428.601348876953
254.9 206.941421508789
255.1 510.662475585938
255.3 75.2417831420898
255.9 50.5852012634277
256.0 258.591094970703
256.1 34.2409210205078
256.3 23.1008758544922
256.7 35.3994369506836
256.8 65.7344284057617
257.0 201.717712402344
258.0 33.2363319396973
258.2 16.1575412750244
258.4 39.4284172058105
258.7 17.7204647064209
258.8 39.0573387145996
259.0 103.109176635742
259.1 75.2790069580078
259.8 34.0415382385254
260.1 15.3758363723755
260.8 23.9449844360352
260.9 39.2795867919922
261.0 116.293434143066
261.2 13.6785774230957
262.1 63.5904769897461
263.0 108.126396179199
263.1 2418.37866210938
264.1 704.020446777344
264.2 403.772369384766
265.2 8734.6083984375
266.2 3124.3779296875
267.1 294.131927490234
267.2 865.693969726563
268.0 254.880508422852
268.2 180.842803955078
268.9 135.159194946289
269.0 468.258483886719
270.0 80.2601852416992
270.1 4007.15844726563
271.1 3188.1298828125
271.2 1773.89660644531
272.0 146.676696777344
272.1 2782.74877929688
273.0 510.199584960938
273.1 731.121520996094
273.9 98.1186752319336
274.1 61.1631736755371
274.9 243.831298828125
275.8 14.4741611480713
276.0 64.2133331298828
276.1 217.809661865234
277.1 2226.60205078125
277.9 58.5837287902832
278.1 1575.876953125
279.0 84.4644088745117
279.2 3312.3134765625
280.2 56447.4140625
281.2 13543.046875
282.1 1287.29309082031
282.2 970.068542480469
282.8 66.6341018676758
283.0 25.4821147918701
283.1 298.810913085938
283.9 18.1573276519775
284.0 53.4970703125
284.1 15.6963109970093
285.1 590.646545410156
285.8 54.9003868103027
285.9 160.488983154297
286.8 115.501106262207
286.9 54.0134887695313
287.0 106.571243286133
287.1 44.0769309997559
287.3 16.2908058166504
287.9 41.920783996582
288.3 15.1886587142944
288.9 432.085845947266
289.0 690.513305664063
289.9 155.973281860352
290.1 1086.18432617188
290.2 87.0735397338867
290.9 103.762916564941
291.0 293.869232177734
291.1 634.359375
291.7 24.0258922576904
292.1 699.417053222656
292.3 126.62963104248
293.0 1062.76977539063
293.1 942.871520996094
294.2 127197.796875
295.2 23750.685546875
295.2 4678.70263671875
296.2 3198.78759765625
296.2 3264.73266601563
297.1 1630.92114257813
297.9 22.3766536712646
298.0 72.9217834472656
298.2 208.944107055664
298.7 54.566707611084
298.9 123.457450866699
299.0 17.1911602020264
299.8 34.8756980895996
300.8 19.4294605255127
301.0 73.3197860717773
301.1 25.1254444122314
302.8 14.7713613510132
303.1 157.730270385742
303.2 42.0715789794922
303.3 44.4517402648926
303.9 44.0647354125977
304.1 95.4785461425781
304.2 92.6646881103516
305.1 292.201873779297
305.2 404.686614990234
305.4 14.3409280776978
305.9 49.01220703125
306.1 305.772674560547
306.2 243.795715332031
306.3 16.9768257141113
307.1 525.989929199219
307.2 391.8818359375
308.2 39667.52734375
309.2 11838.5419921875
310.1 569.264709472656
310.2 1853.81408691406
311.0 458.813079833984
311.9 15.2391357421875
312.1 22.8378238677979
314.2 14.6334352493286
314.3 58.6570434570313
314.9 100.456245422363
315.1 76.0874481201172
315.6 18.5233268737793
315.9 54.0450592041016
316.0 25.2637519836426
317.2 29.2165298461914
318.1 57.8737144470215
318.3 30.8103561401367
319.2 2030.99426269531
320.2 45806.45703125
321.2 14986.78515625
322.2 8945.9541015625
323.2 2412.84838867188
324.2 1158.48974609375
324.2 1607.05346679688
324.8 13.7409601211548
325.1 349.885589599609
325.2 346.212463378906
326.1 48.1444854736328
326.9 31.3791275024414
327.1 37.123420715332
329.0 35.1843414306641
330.9 80.8526306152344
331.1 46.0892181396484
331.8 50.2868423461914
332.9 75.6666946411133
333.3 32.7857894897461
334.1 23.0949974060059
334.2 75.6107482910156
334.3 20.8367118835449
334.7 15.8455743789673
334.8 21.0640430450439
335.1 78.5406799316406
335.2 178.935440063477
335.4 21.71897315979
336.2 6299.95166015625
337.2 114187.359375
338.2 28717.60546875
339.2 3281.75561523438
340.1 31.0263195037842
340.2 221.681335449219
345.1 17.6405696868896
346.1 53.5901336669922
346.2 23.4972972869873
347.0 37.6579284667969
347.1 104.835227966309
347.2 95.6721649169922
348.0 42.5962905883789
348.1 193.576889038086
348.3 240.194000244141
348.4 31.5863418579102
348.8 44.8415908813477
349.1 409.255004882813
349.2 97.0482711791992
349.4 56.5244483947754
350.0 55.0037460327148
350.2 722.428649902344
350.3 135.684585571289
350.7 13.6997289657593
350.9 79.1155471801758
351.1 132.058441162109
351.2 40.6497650146484
351.4 32.727294921875
352.5 22.0297203063965
352.9 136.31022644043
353.1 29.4792041778564
355.3 20.0281047821045
356.9 31.4579887390137
359.1 22.5444717407227
361.2 18.5672836303711
362.2 49.7372550964355
362.9 139.304824829102
363.1 90.1447067260742
363.1 32.1443061828613
363.3 33.5473098754883
363.4 32.9075965881348
364.3 4208.4013671875
365.3 80203.21875
366.3 21052.857421875
367.2 1490.85583496094
367.3 1590.63354492188
368.1 52.1457176208496
368.2 179.244522094727
369.0 25.347375869751
371.0 14.0505743026733
372.0 21.3488292694092
374.7 18.0166854858398
377.0 14.1469812393188
381.3 17.0854759216309
396.4 45.8379402160645
399.2 31.1164073944092
408.8 29.9649105072021
414.3 69.3448028564453
414.4 14.5702304840088
447.9 17.6197490692139
449.0 16.6143341064453
483.9 16.7646617889404
