#"+EI Scan (rt: 4.596-4.724 min, 23 scans) R1M5.D  Subtract "
#Point,X(Thompsons),Y(Counts)
40.8 16.6420078277588
41.0 239.100036621094
42.0 272.986206054688
42.1 244.169387817383
42.9 11.8743724822998
43.0 321.824066162109
44.0 244.62744140625
44.9 84.580810546875
45.1 103.572257995605
45.8 8.69930648803711
46.0 35.003002166748
47.0 440.851989746094
48.9 47.179126739502
49.1 15.4451971054077
49.8 9.71837329864502
50.0 168.388107299805
50.9 182.548736572266
51.9 59.780345916748
52.0 61.2606735229492
52.9 53.8218765258789
53.2 49.5705795288086
53.8 7.00927019119263
54.1 51.0357666015625
54.8 18.2926139831543
55.1 261.329864501953
55.8 18.5120182037354
55.9 312.297454833984
57.0 46.4474487304688
57.1 39.4066123962402
57.9 45.5371932983398
58.1 124.872703552246
59.0 789.314453125
59.9 118.451934814453
60.0 67.6185607910156
60.8 30.3210391998291
60.9 111.37084197998
61.1 10.5583953857422
62.0 181.109375
63.0 198.087066650391
63.2 69.9616775512695
63.9 72.7791213989258
64.0 13.8092727661133
64.9 91.8171997070313
65.0 64.7622528076172
65.2 10.2735433578491
65.8 7.15690660476685
66.0 47.273509979248
66.2 8.9920129776001
66.8 36.113956451416
67.1 141.813674926758
67.2 32.5395469665527
67.8 15.626106262207
68.0 49.6233329772949
68.9 230.093048095703
69.0 103.618774414063
69.8 8.98219871520996
69.9 23.4003105163574
70.0 82.8622131347656
70.8 9.15378093719482
71.0 238.021057128906
71.1 87.3463745117188
71.7 9.04675769805908
71.9 31.2241497039795
72.0 355.873931884766
72.1 162.336761474609
73.0 222.49560546875
73.9 152.673156738281
74.0 252.71012878418
75.0 410.399597167969
75.9 127.218437194824
76.1 167.108596801758
76.2 38.2278671264648
77.0 622.09375
78.0 1046.70556640625
78.8 52.92138671875
79.8 8.27257537841797
79.9 82.5337677001953
80.2 18.684534072876
81.0 367.336669921875
81.8 78.6401672363281
81.9 217.469680786133
82.1 112.771156311035
83.0 1023.85754394531
83.8 37.8237075805664
84.0 105.963386535645
84.1 11.9764442443848
84.2 30.3071041107178
84.8 56.8618698120117
85.0 445.525390625
85.2 17.6753597259521
85.7 6.69509887695313
85.8 16.3580780029297
86.0 55.8922233581543
86.2 8.85328102111816
86.9 34.4052734375
87.0 132.81999206543
87.2 6.69070148468018
87.8 31.737024307251
87.9 561.225524902344
88.0 335.075317382813
89.0 651.61962890625
89.9 146.950912475586
90.0 102.032592773438
90.1 76.1743698120117
90.8 22.3481254577637
91.0 281.748657226563
91.9 28.3176288604736
92.0 99.885612487793
92.2 32.6501541137695
92.8 34.5109481811523
92.9 290.228607177734
93.9 87.5653533935547
94.2 6.56268644332886
94.8 91.5452651977539
95.0 302.851745605469
95.2 8.71648979187012
95.7 8.98225021362305
95.8 69.2095413208008
96.0 269.570556640625
96.8 107.477828979492
97.1 108.615333557129
97.7 16.5501022338867
98.0 69.7864761352539
98.1 11.0614423751831
98.9 75.347900390625
100.1 7.34729528427124
100.2 6.71197175979614
100.9 82.0334625244141
101.1 77.9999465942383
101.7 7.58038139343262
101.9 187.70703125
102.0 223.035797119141
102.1 10.1388273239136
102.9 405.709228515625
103.8 23.6255989074707
103.9 242.09065246582
104.1 44.4129257202148
104.2 8.25511646270752
104.8 33.4081115722656
104.9 106.833984375
105.0 36.966194152832
105.8 23.9542293548584
105.9 30.1954936981201
106.0 43.8087692260742
107.0 589.020812988281
107.1 40.538330078125
107.6 8.46310520172119
107.9 69.2383880615234
108.0 129.824447631836
108.1 112.242324829102
108.3 16.3993663787842
109.0 16860.1875
110.0 1584.93176269531
110.5 8.67710304260254
110.8 43.7745323181152
111.1 10.9294757843018
111.8 24.7357387542725
112.0 17.314266204834
112.1 7.26866436004639
112.9 97.4629135131836
113.0 270.758483886719
113.8 33.7653503417969
113.9 35.1333312988281
114.1 77.1046600341797
114.2 10.6398448944092
114.7 11.6844816207886
114.9 312.534576416016
115.0 178.297790527344
115.7 27.0667247772217
115.8 68.2404632568359
116.0 60.0952568054199
117.0 523.469360351563
117.1 151.231552124023
117.9 9.70774841308594
118.0 117.319206237793
118.1 119.252708435059
118.8 8.50472736358643
118.9 142.565002441406
119.0 112.00146484375
119.8 22.0097389221191
120.0 38.8366394042969
120.1 19.8200626373291
121.0 237.509078979492
121.1 11.4302597045898
121.6 8.57096099853516
121.9 41.2812538146973
122.0 88.5384979248047
122.2 7.28154325485229
122.8 115.127624511719
123.1 54.2762031555176
124.1 11.6893148422241
124.6 6.68168449401855
124.7 30.8951168060303
124.9 96.5454559326172
125.0 6.52755737304688
125.1 17.8952007293701
125.8 33.9107971191406
125.9 76.3947525024414
126.1 95.7821273803711
127.0 44.8140869140625
127.1 164.979797363281
127.8 30.7712135314941
127.9 2.60740661621094
128.1 120.58277130127
128.8 71.8919448852539
129.1 139.761077880859
129.6 8.11015224456787
130.0 154.633407592773
130.2 71.4237518310547
130.8 120.755714416504
130.9 89.1557769775391
131.0 198.300903320313
131.8 20.3461112976074
132.0 43.9730758666992
132.1 49.5242080688477
132.7 17.7628078460693
133.1 157.976608276367
133.7 9.08642482757568
134.2 35.0753555297852
134.4 10.7490158081055
134.8 31.2796173095703
134.9 555.156494140625
135.1 24.3431663513184
135.4 17.5693511962891
135.7 11.4801197052002
135.8 33.4578018188477
136.1 381.835418701172
137.0 2225.62109375
138.0 1349.89074707031
139.1 59.9666786193848
139.9 95.3556518554688
140.1 53.8009872436523
141.0 287.417175292969
141.9 84.8936614990234
142.1 29.0657806396484
142.7 9.19226741790771
142.9 288.064208984375
143.9 149.275436401367
144.0 88.3972244262695
144.8 46.8893737792969
144.9 76.4299926757813
145.0 1203.39367675781
145.6 10.7256374359131
145.9 90.2747344970703
146.0 86.1147918701172
146.7 27.6688652038574
147.0 40.9414672851563
147.1 33.731632232666
147.7 23.4540672302246
147.9 19.6796321868896
148.7 7.40470170974731
148.8 27.5160865783691
150.1 20.225456237793
150.8 29.8154773712158
150.9 59.0444946289063
151.1 165.563720703125
151.8 60.057056427002
152.1 24.1510162353516
152.3 19.485668182373
152.9 122.055084228516
153.0 70.8955688476563
153.9 29.4447689056396
154.0 72.6583480834961
154.1 60.3254013061523
155.0 442.1982421875
156.0 632.748291015625
157.0 703.123718261719
157.8 40.8787727355957
158.1 54.5920181274414
159.0 746.60595703125
159.9 1018.14654541016
161.0 234.232086181641
161.9 78.3689880371094
162.0 33.3232917785645
162.9 420.975921630859
162.9 22.4723510742188
163.2 24.7958011627197
163.8 77.0683822631836
164.1 37.9988403320313
164.6 14.7635841369629
164.8 62.7076148986816
165.0 160.240295410156
165.2 16.5161876678467
165.7 6.78027296066284
165.8 37.2682266235352
165.9 15.9443054199219
166.1 43.9684982299805
166.9 635.374938964844
167.7 16.4244403839111
168.0 4.451171875
168.1 40.710506439209
168.8 21.6765308380127
168.9 162.337875366211
169.0 47.4340171813965
169.7 10.2577810287476
169.9 187.46061706543
170.1 15.1947231292725
170.9 170.352600097656
171.1 76.2937088012695
171.7 7.72396469116211
171.8 40.8919677734375
171.9 86.21533203125
172.1 19.937816619873
172.9 84.668830871582
173.6 8.24538803100586
173.8 11.4083786010742
174.0 17.7583236694336
174.9 30.4900455474854
175.0 21.6579723358154
175.9 6.74904727935791
176.7 14.3429164886475
176.9 123.451042175293
177.1 98.5209426879883
178.1 29.9320545196533
178.7 38.1832885742188
178.9 66.6387252807617
179.1 25.1130523681641
179.8 17.5238723754883
180.8 63.9760437011719
180.9 501.971282958984
181.7 40.6232681274414
182.0 82.7806167602539
182.1 10.5675716400146
182.7 31.9554443359375
182.8 42.445140838623
182.9 34.2894859313965
183.2 19.7323818206787
184.0 36.513427734375
184.8 28.4867630004883
185.0 203.783203125
185.7 41.615650177002
186.0 116.978515625
186.2 37.618953704834
186.7 40.5813217163086
186.9 230.369262695313
187.9 17.3015575408936
188.0 37.9644393920898
188.9 46.3495025634766
189.0 54.1866226196289
189.1 7.16311836242676
189.9 18.6464691162109
190.1 15.0580310821533
190.8 108.385314941406
191.8 178.57258605957
192.0 17.0097141265869
192.1 53.7532272338867
193.0 132.993286132813
193.8 68.6661834716797
194.1 65.6740112304688
194.8 92.1081466674805
195.8 60.3758544921875
196.1 56.4832801818848
196.9 149.416931152344
197.0 211.035842895508
197.9 134.209167480469
198.0 196.06071472168
198.2 12.4017457962036
198.5 13.8652591705322
198.9 297.037567138672
199.8 81.1601028442383
199.9 69.5094680786133
200.7 14.8798551559448
200.8 185.476135253906
200.9 446.117401123047
201.1 16.1857414245605
201.8 17.3562164306641
202.0 45.7817687988281
202.1 40.7338600158691
202.5 8.70773029327393
202.7 66.394645690918
202.8 121.239875793457
203.8 31.812536239624
203.9 94.6514511108398
204.1 15.2788009643555
204.7 99.2273941040039
205.9 22.5693778991699
206.0 18.6350288391113
206.2 14.9175281524658
207.0 856.848327636719
207.8 39.2570304870605
208.1 138.486373901367
209.1 8.01019954681396
210.0 65.8921432495117
211.0 587.30908203125
212.0 447.217010498047
212.9 232.773986816406
213.1 42.3399543762207
214.0 401.573333740234
214.1 131.937515258789
215.0 1883.5078125
215.9 87.1652221679688
216.0 169.122802734375
216.8 59.8429527282715
217.6 31.3220958709717
217.8 49.5440216064453
218.9 606.47705078125
220.0 61.9794006347656
220.8 120.191604614258
220.9 39.9557495117188
221.8 77.3251876831055
222.8 337.636413574219
222.9 27.6720581054688
223.1 129.346939086914
223.9 65.2422714233398
224.0 62.7126159667969
224.1 166.169235229492
224.9 286.420867919922
225.1 206.28076171875
225.8 8.69086265563965
225.9 40.2188415527344
226.0 37.138729095459
226.1 50.2088584899902
226.9 207.731536865234
227.1 31.3056793212891
227.8 17.7326068878174
228.0 42.5584945678711
228.2 17.6515350341797
228.7 20.5521545410156
229.0 522.716491699219
229.8 25.2606563568115
229.8 46.2685585021973
230.7 20.6514263153076
230.8 9.5245885848999
231.0 109.217140197754
231.9 10.5680103302002
232.0 45.4631996154785
233.0 409.02099609375
234.0 867.030395507813
234.8 150.046447753906
234.9 141.639221191406
235.7 10.6179351806641
235.8 43.2456893920898
235.9 121.088737487793
236.1 46.1214332580566
237.0 153.2314453125
237.9 489.520874023438
238.0 286.954772949219
238.9 176.407836914063
239.7 15.8228445053101
239.9 60.6658363342285
240.9 673.166931152344
241.0 139.736770629883
241.7 25.7920074462891
241.8 8.23049640655518
242.0 125.282043457031
242.2 19.2581443786621
242.8 93.1979904174805
243.0 104.75496673584
243.1 79.730094909668
243.9 15.1039018630981
244.6 11.0034809112549
244.8 39.0060234069824
245.1 11.5342168807983
246.9 24.7080669403076
248.8 60.8356437683105
248.9 44.1388931274414
250.1 16.4798431396484
251.0 227.738372802734
251.8 29.3405170440674
252.0 142.553039550781
252.0 194.073745727539
253.1 11261.451171875
253.9 11.1277627944946
254.0 2119.11596679688
254.7 29.5939083099365
254.9 74.6386947631836
255.1 146.815017700195
255.9 3.65235900878906
256.1 155.904891967773
256.3 19.543004989624
256.6 7.14189147949219
257.0 179.165679931641
257.2 43.0969352722168
258.0 7.45722627639771
258.6 7.5206093788147
258.8 37.7510108947754
258.9 47.0467567443848
259.0 39.9150352478027
259.8 7.41853475570679
262.9 43.5763168334961
264.9 17.4186153411865
266.2 6.67836618423462
266.8 10.4827041625977
266.9 62.4406089782715
268.1 38.4322471618652
269.0 448.198059082031
269.1 88.8568344116211
270.0 128.857208251953
270.7 49.8901519775391
270.9 83.8825988769531
271.1 212.338394165039
271.8 37.1503486633301
273.0 453.597534179688
273.8 43.4984931945801
273.9 113.103698730469
274.1 7.14842891693115
274.8 114.38582611084
274.9 509.5732421875
275.7 14.6202421188354
275.9 142.201614379883
276.6 7.41403245925903
277.0 102.778381347656
277.7 7.17906475067139
277.8 9.98986721038818
278.0 36.7823715209961
278.8 88.6314392089844
278.9 152.234451293945
279.9 16.4478282928467
280.9 176.771621704102
281.8 45.9537658691406
282.8 62.4935684204102
282.9 38.4142951965332
283.1 27.7431373596191
283.2 40.5139198303223
284.1 6.78699398040771
284.9 237.602966308594
285.9 105.94896697998
286.2 11.0948123931885
286.8 58.6827392578125
287.1 32.0510520935059
287.2 13.7667579650879
287.7 6.94373035430908
287.9 7.74183702468872
289.0 1091.94494628906
289.8 12.4647216796875
289.9 167.300048828125
290.1 23.7735748291016
290.8 102.549240112305
290.9 83.7247009277344
292.0 98.8214340209961
292.8 73.0255966186523
293.0 382.250122070313
293.8 44.9145622253418
293.9 377.354095458984
294.8 17.4531555175781
294.9 228.766723632813
295.1 71.3592071533203
295.6 16.2629108428955
295.8 23.4947929382324
296.1 26.8939418792725
296.5 19.2571315765381
296.7 18.3890266418457
297.0 315.138916015625
297.2 22.3611793518066
297.7 6.86487007141113
298.0 65.1325531005859
298.1 15.58021068573
298.8 58.0393600463867
299.1 13.4618558883667
300.2 14.2965230941772
300.9 21.6473426818848
301.1 8.92813014984131
302.7 7.84253787994385
302.8 35.7648696899414
304.8 12.4568967819214
305.0 25.6992855072021
306.2 6.60222673416138
306.9 51.7255058288574
307.0 111.620628356934
307.1 87.5768814086914
307.7 9.04333877563477
308.0 30.6161098480225
308.1 15.1220998764038
308.7 13.2814035415649
309.0 48.5296897888184
309.3 10.8277797698975
310.0 7.48371601104736
310.8 11.6086301803589
310.9 67.6826477050781
311.2 13.9888401031494
311.8 16.1817417144775
312.0 8.19040203094482
314.9 60.6953125
318.8 8.56739234924316
320.9 59.5181503295898
321.0 285.566101074219
321.2 53.6005172729492
322.0 100.800621032715
322.1 133.511138916016
322.3 7.18405628204346
322.8 8.258469581604
322.9 51.2143974304199
323.1 97.3837966918945
323.3 21.139554977417
324.0 62.8960609436035
324.1 4996.1103515625
325.1 1196.20483398438
325.3 13.1104249954224
326.0 55.4703216552734
326.2 47.0011024475098
326.9 7.70713186264038
329.0 8.48545837402344
329.2 17.3485946655273
330.8 41.7961959838867
331.0 11.4580039978027
331.2 58.2118911743164
331.9 7.41875076293945
333.8 6.89586591720581
334.7 6.762122631073
334.8 13.6837167739868
334.9 14.7352523803711
335.0 36.0674743652344
335.9 6.87271308898926
343.0 9.14312076568604
344.2 27.5470447540283
344.7 19.786600112915
344.9 61.2400970458984
348.1 7.87618637084961
348.7 40.5907173156738
348.8 79.3420715332031
349.0 103.24015045166
349.1 12.0026302337646
349.8 11.0071859359741
350.1 26.9601917266846
351.1 61.615421295166
352.7 23.8197784423828
352.8 11.7501659393311
353.0 7.84503221511841
353.1 19.379903793335
353.8 14.2367820739746
354.9 17.1394500732422
359.0 71.3284530639648
359.1 77.9696502685547
360.1 8.91649150848389
360.2 13.5982694625854
362.9 17.5873069763184
363.1 9.68802261352539
365.9 7.54491662979126
366.8 21.2236976623535
366.9 35.0643157958984
371.0 6.74146318435669
387.1 32.0586166381836
400.8 7.62293195724487
400.9 18.4281024932861
401.0 6.7567663192749
408.7 7.34715270996094
