#"+EI Scan (rt: 3.844-3.932 min, 16 scans) R10M6.D  Subtract "
#Point,X(Thompsons),Y(Counts)
40.1 80.6794281005859
41.0 338.519012451172
41.9 65.3659210205078
42.0 26.1820983886719
42.1 47.6906814575195
43.0 158.952758789063
43.1 83.1034317016602
44.0 775.432373046875
44.9 73.0635223388672
46.1 13.8193283081055
47.0 64.6768035888672
48.8 4.04726696014404
49.0 25.3645477294922
49.9 17.3625068664551
50.0 53.7752113342285
50.1 50.6016845703125
50.3 10.4803886413574
51.0 60.6266479492188
51.1 38.3866157531738
51.9 35.6145439147949
52.0 45.105396270752
52.8 28.5745010375977
53.1 64.8781280517578
54.0 18.7066612243652
54.2 39.9799499511719
54.3 21.6664333343506
55.0 193.087310791016
56.1 97.0011291503906
56.9 70.5521087646484
57.0 145.679443359375
57.9 124.804298400879
59.0 312.75146484375
59.9 66.370979309082
60.9 32.1296615600586
61.9 168.0791015625
62.0 120.648361206055
62.2 11.7298316955566
62.9 289.595886230469
63.0 192.903411865234
63.7 23.4392471313477
63.9 174.260757446289
64.1 47.2960052490234
64.9 34.9599685668945
65.0 2.52716064453125
65.8 13.5028495788574
66.1 29.5410766601563
66.7 13.8600339889526
67.0 57.5030212402344
67.1 34.1050643920898
67.9 19.6303558349609
68.0 99.8634414672852
68.9 202.550872802734
69.9 11.6457557678223
70.1 92.2334518432617
71.0 67.4595336914063
71.1 27.324779510498
71.8 48.5207366943359
72.0 39.269660949707
72.1 173.200942993164
73.0 78.09228515625
74.0 98.3241271972656
74.2 25.183235168457
75.0 176.555603027344
75.1 62.622444152832
75.9 54.2634582519531
76.1 49.6241607666016
76.2 4.19129943847656
77.0 408.5556640625
78.0 234.04150390625
79.0 78.737060546875
79.8 21.6979541778564
79.9 11.0424041748047
80.2 35.5608139038086
81.9 37.3171234130859
82.0 48.6535797119141
82.1 1.30809783935547
83.0 1869.81909179688
83.7 12.7420682907104
83.9 13.6555967330933
84.0 74.0830078125
84.1 89.0199432373047
84.9 158.3408203125
85.9 37.309741973877
86.0 84.5627899169922
86.2 103.81519317627
86.9 121.937377929688
87.0 173.686431884766
88.0 468.140411376953
88.0 605.666076660156
89.0 519.766784667969
89.1 34.3358001708984
89.8 13.9223022460938
90.0 433.856323242188
91.1 245.427536010742
91.9 44.3341751098633
92.1 16.7345199584961
92.8 5.20250368118286
92.9 112.209815979004
93.2 14.4234733581543
94.0 28.5152320861816
95.0 193.962982177734
96.0 33.6286811828613
96.2 62.5270309448242
96.5 10.3980331420898
96.8 29.5496520996094
97.1 64.0267028808594
97.3 10.2469615936279
97.8 73.3571319580078
98.0 23.5296287536621
98.7 10.2820596694946
98.9 23.4873008728027
99.7 21.6931610107422
99.9 7.33708572387695
100.0 67.6466979980469
100.2 25.2904815673828
100.8 10.6131029129028
101.0 58.0869369506836
101.9 110.524620056152
102.0 286.303100585938
102.1 15.4211082458496
102.9 159.529693603516
103.0 97.863883972168
103.8 23.0061740875244
103.9 74.3395919799805
104.0 6.44354629516602
104.2 14.4905910491943
104.8 20.6513481140137
105.1 48.3086090087891
106.0 8.51478004455566
106.1 28.936336517334
106.9 65.0326538085938
107.0 514.90283203125
107.9 202.819488525391
108.1 418.833740234375
109.0 18030.3046875
110.0 1495.95251464844
111.0 117.426475524902
112.0 27.6242923736572
112.7 10.9240741729736
112.8 37.8120384216309
113.0 47.5156860351563
113.8 29.402229309082
113.9 37.2538452148438
114.1 17.0801315307617
114.9 84.4768524169922
115.0 34.9591369628906
115.8 23.7712631225586
115.9 66.3414459228516
116.0 85.3684234619141
116.3 33.7451324462891
117.0 307.382629394531
117.1 74.9170989990234
117.8 26.8225059509277
118.0 136.414596557617
119.0 50.9920501708984
119.1 40.4413452148438
120.0 28.5903015136719
121.0 85.6126327514648
121.1 2.64110374450684
121.8 9.77042770385742
122.0 133.108703613281
122.8 18.8814926147461
122.9 41.7349700927734
123.8 21.9631271362305
124.0 66.1034240722656
124.1 37.9914932250977
124.9 62.3437805175781
125.1 43.1717185974121
126.0 37.0184326171875
126.6 26.7977752685547
127.0 128.032150268555
127.8 13.005913734436
128.0 88.4724197387695
129.0 450.920043945313
129.1 29.9097023010254
129.7 6.54070234298706
130.0 166.895599365234
130.1 13.7853450775146
130.8 137.863006591797
131.8 24.412467956543
132.1 24.0108261108398
133.7 10.3280916213989
133.8 12.6234073638916
134.1 49.269847869873
134.8 76.6264266967773
134.9 48.5807189941406
135.6 13.4648065567017
136.2 49.6166229248047
137.0 146.5517578125
139.0 52.7171020507813
139.7 22.6951770782471
140.8 99.4287033081055
141.1 59.6629066467285
141.8 28.5679531097412
141.9 41.7760543823242
142.1 0.125593185424805
142.9 34.3867378234863
143.0 52.6215591430664
144.0 130.209274291992
144.1 66.7234191894531
144.8 4.30525588989258
145.0 1714.86474609375
145.9 114.772758483887
146.0 66.8933792114258
146.7 16.1221084594727
146.9 27.9868927001953
148.7 21.6841640472412
149.8 22.9566307067871
150.0 5.713210105896
150.7 16.8041362762451
150.9 150.639358520508
151.7 21.5583839416504
151.9 15.2068424224854
152.1 8.42974281311035
152.3 27.8096389770508
152.9 3.46571350097656
153.0 41.4305801391602
154.9 112.492485046387
155.0 31.0268249511719
155.9 38.6969451904297
157.0 28.6072998046875
157.1 101.149536132813
158.0 84.9894104003906
159.0 317.98388671875
159.8 34.3975296020508
159.9 198.559509277344
160.8 38.2903442382813
160.9 115.607406616211
162.2 5.27594041824341
162.8 55.7665977478027
163.8 28.4516792297363
164.6 11.9187479019165
164.8 22.7565612792969
165.0 119.240371704102
165.6 9.8139705657959
166.0 18.8474788665771
166.5 11.7334585189819
166.7 15.1366882324219
167.0 50.8274536132813
167.1 38.7391166687012
167.9 33.4156036376953
168.9 124.008369445801
169.8 4.42019891738892
170.0 74.0937194824219
170.1 37.1288566589355
170.7 29.4043064117432
170.8 15.8250732421875
171.0 238.418579101563
171.9 45.8801078796387
172.1 102.928100585938
172.8 16.091609954834
172.9 72.8643798828125
173.8 22.1742973327637
173.9 22.5889511108398
174.9 26.3804683685303
175.9 12.4057216644287
176.0 81.3891296386719
176.6 5.55746603012085
177.0 49.0288352966309
177.9 30.569465637207
178.0 55.84619140625
178.8 21.5774002075195
178.9 27.7784996032715
179.8 39.7217636108398
180.9 237.983215332031
181.7 9.5015926361084
181.9 23.0075149536133
182.0 92.0361633300781
182.7 26.866455078125
183.1 27.5362739562988
184.4 20.1464290618896
184.8 87.6555480957031
185.8 29.2848682403564
186.0 46.6120834350586
186.1 7.32940292358398
186.8 74.6243362426758
188.7 25.4786834716797
189.0 32.1881637573242
190.0 2.82556629180908
190.8 153.219055175781
190.9 76.9840087890625
191.8 41.9387359619141
191.9 10.1219329833984
192.0 9.12715148925781
193.1 76.6498718261719
193.7 11.6781873703003
194.0 68.4726028442383
194.0 87.6734008789063
194.2 26.8882007598877
194.7 68.835563659668
195.0 103.377777099609
195.8 5.72161102294922
195.9 93.0193405151367
196.0 158.721038818359
196.1 8.65535163879395
196.9 107.163772583008
197.9 112.495086669922
198.7 73.7323303222656
198.8 103.247589111328
199.9 104.949195861816
200.0 35.4451789855957
201.0 90.3672637939453
202.9 99.3684387207031
203.1 8.80203151702881
204.1 9.49817085266113
204.6 6.85008668899536
205.0 113.461639404297
205.2 20.9278297424316
205.9 11.0678281784058
206.9 117.69620513916
208.0 76.9736328125
208.1 2.12678337097168
208.9 25.3817443847656
209.2 9.79376792907715
209.8 24.9902191162109
210.1 22.7606773376465
212.1 375.658874511719
212.8 45.254581451416
212.9 55.7305297851563
213.1 11.1086597442627
213.9 31.9912757873535
214.0 8.57330322265625
215.0 228.9423828125
216.0 181.601196289063
216.8 106.032859802246
217.6 10.4703378677368
217.9 51.2200469970703
218.9 13.7579345703125
219.8 24.3684959411621
219.9 3.2320556640625
220.9 61.129035949707
221.9 3.48029136657715
222.1 63.0910987854004
222.9 98.3040390014648
223.0 489.446472167969
223.9 117.801246643066
224.0 590.609741210938
224.2 6.91656446456909
225.0 535.876403808594
225.1 293.614044189453
225.2 10.7148265838623
225.8 73.4462890625
226.0 213.059417724609
226.2 41.5268325805664
226.8 15.0370578765869
227.0 85.6787109375
227.8 9.74365615844727
229.0 106.215057373047
229.1 19.078634262085
229.8 54.3669624328613
230.8 27.972110748291
231.2 13.4510164260864
233.0 89.56494140625
233.9 684.024841308594
235.0 22.9588623046875
235.9 45.9027786254883
236.1 38.5117034912109
237.0 119.2255859375
238.1 100.208511352539
239.0 67.6421813964844
239.9 16.3805408477783
241.7 16.7926826477051
241.8 12.4509057998657
242.0 24.6618061065674
242.7 7.16832065582275
242.9 23.425594329834
243.0 1.87966918945313
244.6 11.8771505355835
246.0 15.1757440567017
246.9 15.0959157943726
247.0 25.8616027832031
247.1 11.3561296463013
248.8 17.4881267547607
250.0 16.7459869384766
250.3 15.7653217315674
250.8 6.40073204040527
251.0 809.306213378906
251.2 31.8719673156738
251.7 9.71140098571777
252.0 3225.93188476563
252.1 690.464904785156
253.1 9266.439453125
254.0 834.748046875
254.1 850.524536132813
254.7 9.91459465026855
254.8 31.5106563568115
255.0 64.6438598632813
255.0 35.3466720581055
255.2 19.4643096923828
256.3 10.3801383972168
256.5 20.3265151977539
256.7 41.341926574707
258.0 28.8121547698975
258.8 44.0334091186523
259.9 48.4633560180664
260.1 252.900970458984
260.9 4.08000516891479
261.1 45.5632019042969
265.0 30.7746887207031
266.8 33.5273895263672
267.1 18.5909385681152
267.8 12.3608798980713
268.0 26.9885940551758
268.8 70.2859649658203
268.9 186.204498291016
269.0 196.408142089844
269.2 46.3610954284668
269.8 8.10903358459473
269.9 3.67582273483276
270.0 36.0463256835938
270.2 45.0376281738281
270.9 41.8202095031738
271.0 5.66497039794922
271.8 12.6647748947144
271.9 12.1428298950195
272.7 47.0107803344727
273.0 4.345458984375
273.1 37.3913116455078
273.6 13.8577299118042
274.8 91.1133804321289
274.9 73.5366668701172
276.7 17.5124092102051
276.9 84.6281280517578
277.1 48.2481498718262
278.7 3.49975681304932
278.9 16.7386817932129
279.0 5.46696853637695
279.1 10.0780658721924
279.8 23.3962707519531
280.0 97.0013961791992
280.1 469.8359375
280.8 26.3932838439941
280.9 39.7478942871094
281.1 56.251838684082
282.8 15.3134212493896
282.9 20.9365329742432
283.2 14.1674995422363
284.9 3.11090087890625
285.0 168.731262207031
285.9 46.6152000427246
286.3 26.9126300811768
286.7 44.1763000488281
286.9 5.11470413208008
287.0 48.7266693115234
289.1 213.419677734375
289.8 34.6097946166992
289.9 1.15361022949219
290.7 11.239447593689
290.9 100.228057861328
291.1 37.0760536193848
291.8 9.80950927734375
292.0 13.2323217391968
292.9 126.250671386719
293.0 6.7425537109375
293.8 10.6897068023682
294.0 11.5233001708984
294.8 33.4990768432617
294.9 65.2488708496094
295.1 17.8593521118164
297.0 196.157775878906
297.8 7.35240745544434
298.6 13.3287715911865
298.8 35.7901611328125
298.9 14.2316856384277
302.9 2.10680866241455
303.1 10.9789323806763
305.1 30.2786521911621
306.9 19.1977996826172
307.2 14.1919183731079
308.0 22.3732719421387
310.2 31.1252899169922
314.9 9.3043155670166
315.0 14.9549341201782
319.0 15.3732223510742
322.9 42.2037506103516
323.1 160.133041381836
323.2 75.7756271362305
323.9 98.7816925048828
324.1 678.263488769531
325.0 125.714248657227
325.1 24.5633926391602
325.2 34.2589492797852
325.3 10.0025062561035
326.8 11.0042743682861
330.8 18.1928157806396
331.0 11.5156965255737
334.9 10.1213006973267
336.9 22.2941246032715
342.9 26.4024467468262
343.1 197.859436035156
343.2 92.4586181640625
344.0 27.4155750274658
344.2 41.4897384643555
345.0 25.465087890625
345.2 11.5753870010376
345.9 10.8572378158569
346.9 13.3389844894409
348.8 14.8497200012207
349.0 84.2894515991211
350.0 28.1610546112061
351.0 73.7099075317383
351.1 1134.62023925781
351.8 28.8808441162109
352.0 177.112548828125
352.2 50.1426773071289
352.8 23.7702655792236
353.0 11.6900730133057
353.2 26.3518447875977
366.9 36.2306671142578
368.1 647.588745117188
368.2 406.049865722656
368.8 12.9113969802856
369.0 61.9499244689941
369.2 132.942916870117
369.3 84.3800354003906
370.9 12.2548456192017
401.1 10.5162715911865
