#"+EI Scan (rt: 4.404-4.474 min, 13 scans) R7M6.D  Subtract "
#Point,X(Thompsons),Y(Counts)
40.1 962.154968261719
41.1 19416.775390625
42.0 1763.90283203125
43.1 4046.40649414063
44.0 9243.978515625
45.0 262.612152099609
45.1 224.516189575195
45.9 54.4861373901367
46.1 96.711784362793
46.9 175.779327392578
48.9 73.3462982177734
49.0 16.5426158905029
49.9 62.1745681762695
50.1 353.394958496094
51.0 1293.04296875
51.1 60.0494384765625
51.9 158.912292480469
52.0 364.512329101563
53.1 3051.9208984375
54.1 2151.7109375
55.1 31816.306640625
56.1 2868.87231445313
57.1 14367.083984375
58.0 936.462097167969
58.1 204.358810424805
59.0 2110.2900390625
59.9 97.7001266479492
60.0 26.1960754394531
60.9 16.3671188354492
61.1 50.6368217468262
61.3 11.8852777481079
62.0 580.686950683594
62.8 68.66015625
63.0 685.022155761719
63.9 243.631271362305
64.0 256.595886230469
65.0 676.125061035156
65.1 622.146728515625
65.8 131.016311645508
66.1 308.158172607422
67.0 3398.98095703125
67.1 1166.85949707031
68.0 1317.57019042969
69.1 5164.8681640625
70.0 1435.16345214844
70.1 1936.92944335938
71.1 1540.52490234375
72.0 142.263046264648
72.1 452.015991210938
73.0 2184.40478515625
74.0 281.111541748047
74.0 381.226501464844
75.0 1177.03125
76.0 2834.00317382813
77.0 7214.4736328125
78.0 2114.05712890625
79.0 1530.43334960938
79.9 308.453552246094
80.1 318.405578613281
81.0 2138.65380859375
82.0 439.804351806641
82.1 272.171630859375
82.2 88.2637405395508
83.1 5159.0009765625
84.0 277.585968017578
84.1 1478.62512207031
84.2 63.7756500244141
84.7 43.6379241943359
85.0 378.620819091797
85.1 444.901885986328
86.1 7116.53173828125
86.8 28.440767288208
87.0 896.827575683594
88.0 4591.60107421875
89.0 4816.083984375
90.0 9055.5244140625
91.0 1926.99743652344
91.8 35.927848815918
92.0 473.105407714844
93.0 730.673645019531
93.1 89.313117980957
93.8 20.359447479248
94.0 358.302124023438
94.2 90.8603363037109
95.0 1221.92797851563
95.1 1196.49365234375
95.9 210.999053955078
96.1 429.829315185547
97.0 426.591796875
97.1 2719.7724609375
98.0 749.452209472656
98.2 96.1679306030273
99.0 57.4755249023438
99.1 389.064575195313
99.3 24.7899475097656
99.9 238.785949707031
100.1 317.372497558594
100.2 16.3855648040771
100.9 203.493103027344
101.1 772.196838378906
102.0 6140.90185546875
103.0 25906.791015625
104.0 8422.6494140625
105.0 528.54833984375
105.1 635.0078125
105.9 121.335662841797
106.0 178.446197509766
106.7 13.6302509307861
106.8 16.4313793182373
107.0 215.646484375
107.1 98.1049880981445
107.9 76.3545074462891
108.1 52.5846786499023
108.2 14.3976440429688
109.0 1309.59497070313
109.8 33.0410194396973
109.9 40.1363983154297
110.0 167.546203613281
111.0 346.267547607422
111.9 178.791412353516
112.0 470.863342285156
112.1 190.086730957031
112.9 147.102157592773
113.1 264.742980957031
113.8 58.0459632873535
114.0 250.274307250977
114.1 114.085311889648
115.0 999.265991210938
116.0 1360.69018554688
117.0 5798.7216796875
118.0 3119.81591796875
119.0 900.174438476563
119.8 15.3565626144409
119.9 40.4324684143066
120.1 76.8342666625977
120.2 52.3955841064453
120.7 20.4720649719238
120.9 104.418006896973
121.0 165.125427246094
121.2 13.9118919372559
121.7 32.3347358703613
121.8 28.911506652832
121.9 25.6814079284668
122.0 67.4249267578125
122.1 33.7558441162109
122.3 11.788818359375
122.4 13.7445678710938
122.6 12.7470865249634
122.9 117.860481262207
123.0 273.071014404297
124.0 14.1327199935913
124.1 43.165714263916
124.9 89.1658248901367
125.0 66.9457397460938
125.1 44.5593299865723
125.9 89.2844696044922
126.1 30.8621597290039
126.9 84.1289443969727
127.0 381.12255859375
127.1 77.334358215332
128.0 985.484924316406
128.1 562.846923828125
129.0 8397.2802734375
129.1 340.507995605469
130.0 10076.587890625
131.0 47807.73046875
131.9 133.275741577148
132.0 6750.42529296875
133.0 1266.16223144531
133.1 30.6959991455078
133.9 0.433441162109375
134.1 74.2793273925781
134.9 76.0105590820313
135.9 120.361801147461
136.2 16.4315624237061
137.0 6171.228515625
138.0 655.80712890625
138.9 767.901916503906
139.7 36.0477828979492
139.9 115.106086730957
140.0 121.884231567383
140.1 133.564727783203
141.0 824.565246582031
141.9 104.803901672363
142.0 688.352416992188
142.1 73.6177215576172
143.0 244.46403503418
143.1 1605.93420410156
144.0 1533.37756347656
144.1 4326.74755859375
145.0 113084.203125
146.0 11920.109375
146.9 140.220596313477
147.0 1129.509765625
147.8 109.89835357666
148.1 18.9808120727539
149.1 72.0207443237305
150.8 30.0595874786377
151.0 579.550537109375
151.8 23.0487747192383
152.0 210.458847045898
153.0 447.4599609375
153.1 52.6180458068848
153.9 123.312698364258
154.0 263.631225585938
155.0 1291.111328125
156.1 1692.15637207031
157.0 2824.01000976563
158.0 4096.158203125
159.0 3586.609375
159.9 108.105545043945
160.0 660.710815429688
161.0 194.106994628906
161.1 360.909545898438
161.7 15.3737020492554
161.9 98.0792617797852
162.0 115.970596313477
162.9 59.3790283203125
163.0 191.216888427734
163.7 13.3802318572998
163.8 120.76725769043
163.9 47.8858184814453
165.0 327.518005371094
165.7 31.7009105682373
165.9 66.8333053588867
166.0 57.3429489135742
166.9 414.148803710938
167.0 200.087280273438
167.8 53.4440078735352
168.0 391.471038818359
168.1 221.011627197266
168.6 14.118821144104
169.1 1923.47717285156
169.8 45.1515274047852
169.9 72.1247100830078
170.0 1077.44775390625
171.0 1406.44458007813
172.0 509.320159912109
172.1 82.0716705322266
172.9 28.3304138183594
173.0 1242.48461914063
174.0 3104.7724609375
174.7 36.0203742980957
175.1 830.114196777344
175.9 35.9932899475098
176.0 47.5492973327637
176.1 12.1436328887939
177.0 165.663391113281
177.1 36.8996772766113
178.0 26.1055583953857
178.9 96.3756484985352
179.0 55.727840423584
179.7 11.8442878723145
180.0 137.7646484375
180.1 26.83127784729
181.1 258.170349121094
181.8 22.5288867950439
181.9 21.7906188964844
182.0 361.339508056641
183.0 650.359069824219
183.2 39.6704711914063
184.0 370.847015380859
184.2 34.6018180847168
184.9 93.8091278076172
185.0 1278.15576171875
186.0 2048.35327148438
186.1 35.3279266357422
187.0 749.356384277344
187.8 23.3661365509033
188.0 159.56672668457
188.1 169.009979248047
189.0 94.162239074707
190.7 29.4433937072754
190.9 157.623596191406
191.8 58.979621887207
192.0 148.960479736328
192.2 33.9367446899414
192.7 34.8019409179688
192.8 48.3064041137695
193.1 87.9133224487305
193.8 68.5083312988281
194.1 15.6478033065796
195.0 649.773498535156
195.8 104.710205078125
195.9 131.617095947266
196.1 63.4445648193359
196.7 54.777156829834
196.9 312.332946777344
197.0 237.769546508789
197.8 74.6355133056641
197.9 198.565704345703
198.0 158.964004516602
198.2 28.0008525848389
198.9 867.805419921875
199.1 134.572784423828
200.0 2710.25830078125
201.0 12037.140625
202.0 98.5640335083008
202.1 1617.86303710938
202.7 43.8856391906738
202.9 337.597778320313
203.9 20.5585823059082
204.0 32.9512596130371
204.7 11.875298500061
205.0 187.63151550293
205.1 51.9753150939941
205.8 16.0232830047607
206.0 19.1277847290039
207.0 1309.64208984375
208.1 103.125556945801
208.7 16.1517810821533
208.8 61.8752059936523
209.1 127.146499633789
209.9 120.003997802734
210.0 206.426483154297
211.0 1376.314453125
212.1 1675.12475585938
213.0 366.309265136719
213.1 1802.28442382813
214.1 3033.77197265625
215.0 3586.2392578125
216.0 1001.89831542969
216.9 1269.39782714844
217.8 60.4936981201172
218.0 154.064712524414
219.0 2699.63549804688
219.7 57.9578285217285
219.9 37.8933410644531
220.0 82.6468811035156
220.9 146.66032409668
221.8 47.1963729858398
222.0 68.2502899169922
222.7 57.1889495849609
222.8 162.015274047852
224.0 48.726505279541
224.1 100.418266296387
225.1 188.403945922852
225.8 55.4284439086914
226.1 434.230682373047
226.2 18.7356452941895
226.8 83.6501312255859
226.9 288.975708007813
228.0 255.914932250977
228.1 208.053314208984
228.2 37.488883972168
228.8 44.1221122741699
228.9 394.672576904297
229.9 131.446563720703
230.1 673.408508300781
230.7 14.2354974746704
230.8 26.4787826538086
231.0 108.302055358887
231.1 304.101623535156
231.9 67.2686386108398
232.0 84.747184753418
233.0 881.115234375
234.0 703.777709960938
235.0 497.909210205078
235.1 134.657501220703
235.8 23.5697135925293
236.0 3.55839538574219
236.1 88.374137878418
237.0 933.37841796875
237.8 96.894287109375
238.0 720.323974609375
239.1 4063.24365234375
240.0 171.55158996582
240.1 2291.31030273438
241.1 195225.203125
242.1 37508.58984375
243.1 5007.130859375
244.0 326.237518310547
244.1 217.926300048828
244.9 150.411468505859
245.1 17.8219013214111
246.2 12.8826351165771
248.7 12.6762590408325
249.0 57.8448677062988
249.9 39.1678237915039
250.1 14.2231397628784
250.8 36.8317413330078
250.9 45.8242950439453
251.7 12.7627878189087
252.1 86.8284149169922
252.8 23.865665435791
252.9 60.6811447143555
253.1 760.135681152344
253.8 41.5996284484863
254.0 76.8027496337891
254.1 903.616821289063
254.3 41.8282852172852
255.0 122.770370483398
255.1 125.903923034668
256.1 496.795532226563
256.5 11.7400074005127
257.0 307.049499511719
257.1 232.368682861328
257.9 191.417068481445
258.1 505.656311035156
258.3 140.860458374023
258.8 68.2168960571289
259.0 80.7067031860352
259.2 96.6922302246094
260.1 149.964935302734
260.7 46.8134918212891
266.2 25.1530857086182
266.9 109.944786071777
267.1 88.352668762207
267.8 18.3285064697266
268.0 123.955284118652
268.1 159.561187744141
268.7 21.0311050415039
268.9 159.750152587891
269.0 257.614074707031
269.2 59.3056831359863
270.0 117.576080322266
270.0 269.446838378906
270.2 338.842926025391
270.2 90.0240631103516
271.0 788.267456054688
271.1 150.349197387695
271.9 106.495613098145
272.1 115.799270629883
272.9 84.5276794433594
273.0 150.336563110352
273.1 24.0086288452148
273.9 47.2615203857422
274.0 88.2108306884766
274.1 35.8426780700684
275.0 365.965881347656
275.8 11.6161394119263
276.6 25.9924144744873
276.9 109.792152404785
277.0 172.546234130859
277.8 49.091854095459
278.1 21.862606048584
278.8 73.1586990356445
279.0 103.269584655762
280.0 262.030944824219
280.1 186.926986694336
281.1 139.246139526367
281.2 64.8916473388672
281.9 16.1553382873535
282.0 51.2602348327637
282.1 40.3626251220703
282.8 20.0397834777832
283.1 137.422775268555
283.2 94.259765625
283.3 26.4000453948975
283.8 13.3150024414063
284.8 61.2564849853516
284.9 194.622131347656
285.9 162.859893798828
286.0 176.803741455078
286.2 20.3715400695801
287.0 289.854217529297
287.2 116.322860717773
287.4 19.6799278259277
287.9 28.7930088043213
288.0 97.2775115966797
288.2 17.9707126617432
289.0 1388.14672851563
290.0 338.454895019531
290.8 46.5852661132813
291.0 324.218231201172
291.1 32.6226043701172
292.0 47.1462669372559
292.9 859.055541992188
293.8 3.34703063964844
293.9 293.449066162109
294.2 66.6674041748047
294.6 37.1718978881836
295.0 438.774627685547
295.1 289.737030029297
296.1 2925.44091796875
297.1 19280.279296875
298.1 1413.25183105469
298.2 2590.37915039063
299.1 521.8857421875
300.7 34.9297714233398
300.9 69.2130432128906
302.8 70.1895751953125
303.1 29.4878234863281
304.8 12.6380453109741
305.2 16.3587875366211
306.2 34.2030715942383
306.9 43.9284477233887
307.0 161.730224609375
307.2 11.7148427963257
308.0 15.2429046630859
308.3 17.8182544708252
308.4 15.3024501800537
309.1 59.7399749755859
309.2 30.4948501586914
309.8 33.7366523742676
310.1 656.315979003906
310.8 95.940544128418
311.0 12.5859003067017
311.1 298.528594970703
311.2 41.6347198486328
311.9 21.509765625
312.0 36.5953903198242
312.2 115.954345703125
312.2 97.7638778686523
313.0 137.792846679688
313.1 222.441970825195
313.3 56.4219169616699
314.1 1100.38415527344
314.2 1526.91076660156
315.0 158.395156860352
315.1 219.949935913086
315.2 214.392013549805
316.0 37.2716331481934
317.1 14.912802696228
317.3 11.8190507888794
319.1 38.542781829834
320.1 14.2016620635986
321.0 16.0025615692139
322.3 12.3731098175049
324.0 15.9087581634521
324.2 656.038452148438
324.3 21.796365737915
325.0 27.4658641815186
325.2 538.841918945313
326.2 111124.7734375
327.2 25382.654296875
328.1 672.417541503906
328.2 2488.44799804688
329.0 180.660919189453
329.1 91.5400695800781
329.2 134.767913818359
332.9 31.5315647125244
334.7 13.6373920440674
336.1 20.9164867401123
336.8 24.7699871063232
337.0 39.4267654418945
337.1 85.8899459838867
337.3 44.7399559020996
337.9 18.9556083679199
338.1 1238.17956542969
338.2 73.1752166748047
338.8 16.3155689239502
339.0 66.8958282470703
339.1 84.915885925293
339.3 155.135681152344
339.8 15.2031097412109
340.1 27.1458854675293
341.0 13.0195121765137
343.1 75.0486068725586
343.2 33.1749954223633
344.3 12.9608058929443
344.8 12.4651851654053
345.0 25.622257232666
347.1 27.6167411804199
347.9 12.9534893035889
348.1 26.6249866485596
348.2 26.2168464660645
348.8 14.6530265808105
349.0 120.733116149902
349.1 33.7955665588379
349.8 12.0821371078491
349.9 53.7138633728027
351.0 75.6763916015625
351.2 12.6218395233154
352.0 80.594123840332
352.1 243.117263793945
352.2 49.7421112060547
353.0 232.062896728516
353.2 95.1538848876953
353.2 107.325912475586
353.4 22.2718620300293
353.8 11.933762550354
354.0 14.8610877990723
354.1 36.871696472168
354.2 51.5327415466309
354.6 15.3692035675049
354.9 54.2978591918945
355.1 115.049476623535
355.2 325.006286621094
356.0 92.4018402099609
363.0 13.4255332946777
363.2 12.1657648086548
363.8 14.9088068008423
366.8 13.330023765564
367.0 17.2414512634277
367.2 12.7597208023071
369.9 18.0146579742432
370.1 57.7364349365234
370.2 37.2886810302734
370.8 47.0714492797852
370.9 31.0289306640625
371.4 32.0758438110352
386.9 11.6980953216553
387.1 12.1399431228638
387.3 12.5554637908936
401.0 37.3488082885742
