#"+EI Scan (rt: 4.404-4.474 min, 13 scans) R6M6.D  Subtract "
#Point,X(Thompsons),Y(Counts)
40.1 846.339782714844
41.1 19753.4453125
42.0 2014.04565429688
43.1 3982.62280273438
44.0 9299.533203125
45.0 342.411987304688
45.1 342.718597412109
45.9 8.23113441467285
46.0 64.3372039794922
46.9 161.121765136719
47.9 12.7020883560181
48.7 26.5821666717529
48.9 46.6948165893555
49.2 33.7331123352051
50.0 253.678085327148
50.1 161.77783203125
51.0 1182.14880371094
52.0 413.800689697266
52.1 132.284774780273
53.0 2920.57788085938
54.0 312.356658935547
54.1 1784.64172363281
55.1 33134.99609375
56.1 3572.84008789063
57.1 14026.9501953125
58.0 882.808532714844
58.2 244.661285400391
59.0 1791.0498046875
59.8 18.6558456420898
59.9 125.783821105957
60.8 12.441125869751
60.9 18.5141830444336
61.0 105.507125854492
61.2 16.2432155609131
62.0 735.946166992188
63.0 892.742797851563
63.9 205.510116577148
64.0 295.824584960938
65.0 1342.80529785156
65.8 14.0011177062988
66.0 300.563415527344
66.1 187.817443847656
67.0 5173.1142578125
68.0 1320.42358398438
68.2 56.9536056518555
69.0 4648.2744140625
70.0 325.148040771484
70.1 2997.05297851563
71.0 210.616256713867
71.1 1226.64477539063
71.9 206.63264465332
72.0 388.480285644531
73.0 2091.52270507813
74.0 26.4561004638672
74.1 325.446899414063
74.2 33.2524261474609
75.0 1046.74267578125
76.0 635.860168457031
76.1 1903.89660644531
77.0 8081.6162109375
78.0 2224.0712890625
79.0 1879.59338378906
79.9 105.662796020508
80.1 441.153289794922
81.0 1807.341796875
82.0 731.00634765625
82.1 220.382202148438
83.1 4767.4638671875
84.1 2262.05908203125
85.0 354.616333007813
85.1 407.029907226563
85.9 87.9717407226563
86.1 7302.6572265625
87.1 641.545043945313
87.1 358.659851074219
87.9 46.9154930114746
88.0 5120.837890625
89.0 4778.8759765625
90.0 9567.2509765625
90.8 19.4974784851074
91.0 2006.4453125
91.9 177.841934204102
92.0 519.119323730469
93.0 535.6572265625
93.1 275.342895507813
93.8 18.6963882446289
94.0 226.537628173828
94.1 199.853103637695
94.9 114.595588684082
95.1 2771.59497070313
96.0 268.302764892578
96.1 501.012908935547
97.1 3531.35278320313
98.0 272.043426513672
98.1 590.357482910156
98.9 63.4968719482422
99.0 375.285522460938
99.2 192.330871582031
99.7 17.7854690551758
100.0 381.273651123047
100.1 238.503036499023
100.9 312.986358642578
101.0 615.332580566406
102.0 6340.251953125
103.0 27767.19140625
104.0 8813.7294921875
104.9 79.7548294067383
105.0 1064.38806152344
105.8 32.0824851989746
105.9 88.9385681152344
106.0 123.344062805176
107.0 167.84375
107.2 58.2614669799805
107.6 12.7551107406616
107.7 13.7989845275879
107.8 4.22505760192871
108.0 109.171058654785
108.2 25.2033729553223
109.0 529.537475585938
109.9 105.646530151367
110.1 50.3080749511719
111.0 151.117294311523
111.2 18.0143966674805
112.0 477.733764648438
112.1 428.457305908203
113.0 346.918212890625
113.1 7.09246826171875
113.7 13.6303386688232
113.9 45.4227981567383
114.0 158.896545410156
114.1 90.4338226318359
114.2 50.184440612793
114.4 34.3917694091797
114.9 182.311859130859
115.0 513.884948730469
115.7 26.2474575042725
116.0 1319.53149414063
116.1 34.5076370239258
117.0 5619.06640625
118.0 3436.93237304688
118.9 507.543579101563
119.1 392.321533203125
119.8 63.6596908569336
120.0 96.2409362792969
120.1 36.60498046875
120.8 117.717597961426
121.0 59.1975860595703
121.2 12.1760759353638
121.9 74.3286437988281
122.0 91.9831695556641
122.8 76.8659973144531
122.9 178.171875
123.7 14.7864971160889
124.0 32.2805709838867
124.9 124.877975463867
125.1 30.488187789917
125.8 12.3704376220703
126.0 65.7076110839844
126.1 38.9931907653809
126.3 26.2731914520264
126.9 364.160522460938
127.1 180.611785888672
127.9 191.274108886719
128.0 1264.64001464844
129.0 9696.7783203125
130.0 11455.515625
131.1 52968.87109375
131.9 236.943237304688
132.0 7391.4521484375
132.9 24.7626953125
133.0 780.617004394531
133.7 40.378044128418
133.9 17.0680198669434
134.0 25.5401916503906
134.2 22.5819263458252
135.0 108.013366699219
135.1 71.298583984375
136.0 117.612487792969
136.2 63.6239280700684
137.0 5385.361328125
138.0 509.439208984375
138.9 256.025512695313
139.1 223.565185546875
139.9 232.254669189453
140.1 95.4245147705078
140.9 547.377563476563
141.8 43.8371315002441
141.9 204.0556640625
142.0 523.0546875
143.0 1957.98181152344
144.0 6684.7265625
145.0 127149.2109375
146.0 13387.3583984375
147.0 1495.53552246094
147.1 107.042999267578
147.7 12.7969465255737
147.8 17.0148315429688
148.0 155.26220703125
148.1 40.4285545349121
148.3 15.4249973297119
149.0 53.2279968261719
150.9 336.123107910156
151.0 62.920654296875
151.9 103.123664855957
152.0 32.4879302978516
152.1 83.7876129150391
152.2 15.4583606719971
153.0 48.72021484375
153.1 194.729095458984
153.8 18.7193374633789
153.9 37.2474021911621
154.0 250.973739624023
155.0 2634.5390625
156.0 1675.40625
157.0 3047.07983398438
158.0 4226.82763671875
159.0 3410.5341796875
159.9 113.974922180176
160.0 521.966918945313
161.0 650.8759765625
161.8 62.7383460998535
161.9 63.706298828125
162.0 172.315002441406
162.9 263.246520996094
163.1 72.3183746337891
163.7 18.0236282348633
163.8 42.2142486572266
164.0 7.72502899169922
165.0 268.892028808594
165.9 47.3041496276855
166.0 24.840518951416
166.1 54.7821846008301
167.0 549.087585449219
167.8 42.4070854187012
167.9 66.5988845825195
168.1 564.467712402344
168.9 324.603820800781
169.0 1356.53698730469
169.9 56.8459167480469
170.0 1056.78308105469
170.2 132.926834106445
171.0 2067.783203125
171.9 190.641006469727
172.1 393.623321533203
172.2 106.284507751465
172.8 15.5920524597168
173.0 1478.81262207031
174.0 3355.38256835938
175.0 244.893585205078
175.1 792.646301269531
175.8 24.4785900115967
176.0 106.52507019043
176.1 20.1371936798096
176.8 79.6674194335938
177.1 29.6750259399414
178.0 14.7718925476074
178.1 61.2566452026367
179.0 113.212173461914
179.2 20.0967273712158
179.9 118.504524230957
180.0 97.3404312133789
181.0 654.167114257813
181.9 221.640533447266
182.1 124.880615234375
182.1 50.4778480529785
183.0 546.678039550781
183.1 274.550537109375
183.9 158.576736450195
184.0 184.124664306641
184.1 85.3202667236328
185.0 1458.74560546875
186.0 233.717193603516
186.1 1832.91101074219
186.8 0.400032043457031
187.0 782.01220703125
187.9 113.251495361328
188.0 193.121597290039
188.1 29.9370861053467
188.6 16.8958168029785
188.9 35.595947265625
189.0 199.555770874023
190.0 42.830436706543
190.7 116.1484375
191.1 136.293609619141
191.9 16.3832244873047
192.0 91.5666198730469
192.7 67.6736602783203
193.0 412.380859375
193.9 111.946159362793
194.0 93.734992980957
194.9 118.634078979492
195.9 106.602767944336
196.1 149.9755859375
196.9 479.787200927734
198.0 397.880249023438
198.9 321.631164550781
199.0 81.9899291992188
200.0 1493.02844238281
200.1 1422.31823730469
201.0 14299.197265625
202.0 1147.61181640625
202.1 668.017456054688
202.7 8.01374244689941
202.9 198.026260375977
203.1 69.7975082397461
203.9 35.9445762634277
204.9 149.038604736328
205.1 18.1586532592773
205.9 16.7460021972656
207.0 142.606201171875
208.0 251.65705871582
209.0 30.443603515625
209.1 78.208869934082
209.3 24.7802734375
209.7 13.4296569824219
210.0 147.485198974609
210.1 79.4609222412109
211.0 1554.59375
212.0 1041.75231933594
213.0 104.616516113281
213.1 2589.62573242188
214.1 3235.31787109375
215.0 3382.306640625
216.0 461.395385742188
217.0 200.510559082031
217.7 20.8296203613281
217.8 59.0506744384766
218.0 61.5654296875
218.9 391.271240234375
219.8 97.2324829101563
220.8 63.3442993164063
220.9 259.274963378906
222.0 97.7212295532227
222.9 143.761138916016
223.0 47.9381256103516
223.9 59.9009170532227
224.0 61.7183074951172
224.7 34.5968284606934
224.9 200.682022094727
225.8 10.1460361480713
226.0 171.180999755859
226.1 347.92626953125
227.0 164.739852905273
227.1 144.176696777344
227.9 228.065505981445
228.1 204.920104980469
228.9 316.515045166016
229.1 134.028045654297
230.0 142.502990722656
230.1 778.846618652344
230.9 92.1500549316406
231.0 203.899826049805
231.2 41.0870170593262
231.9 83.5556793212891
232.1 42.9628791809082
233.0 1172.05810546875
233.9 85.1287002563477
234.0 358.621063232422
234.8 43.5835571289063
235.0 185.550369262695
235.7 33.1014404296875
235.9 95.1146011352539
236.0 24.7345905303955
237.0 1450.5224609375
237.9 424.080017089844
238.0 205.58056640625
239.1 4706.95263671875
240.0 239.389801025391
240.1 2606.75219726563
241.1 218848.5625
242.1 39556.6953125
243.1 5506.99951171875
244.0 303.345764160156
244.2 343.634582519531
244.9 60.4817886352539
245.0 38.2834701538086
246.0 29.4378986358643
246.3 12.7752323150635
246.9 44.6210021972656
247.1 13.874472618103
248.8 14.4855442047119
248.9 76.1390838623047
249.0 42.2582778930664
250.8 44.8515357971191
251.1 29.6376724243164
251.9 15.9493246078491
252.1 80.9479675292969
253.0 24.7605590820313
253.1 643.7705078125
253.2 106.778793334961
254.0 619.115966796875
254.2 604.872253417969
254.5 28.3700160980225
255.0 364.584808349609
255.1 54.4178085327148
256.1 616.392395019531
256.3 50.6180953979492
256.9 95.1853637695313
257.1 128.371353149414
257.1 272.207458496094
258.1 951.893005371094
258.6 16.69167137146
258.8 29.5377349853516
259.0 93.7481002807617
259.1 32.2845115661621
259.9 84.6820068359375
260.2 94.9951705932617
260.8 125.97917175293
262.9 33.3140487670898
263.1 23.7872180938721
266.0 20.5282573699951
266.1 15.2301006317139
266.7 0.12303638458252
267.0 60.3210754394531
267.1 66.3911209106445
268.0 141.403045654297
268.2 216.3212890625
269.0 531.0771484375
269.9 138.47053527832
270.1 526.875366210938
270.2 260.409637451172
270.9 150.625961303711
271.0 323.861083984375
271.1 43.568000793457
271.9 94.1767730712891
272.0 146.133972167969
272.1 5.01297378540039
273.0 312.069976806641
274.0 71.8479232788086
274.1 39.7954559326172
274.7 26.1656494140625
274.9 325.772735595703
275.7 12.1610774993896
276.0 55.3282852172852
276.1 32.7430229187012
276.6 36.2967720031738
276.8 85.055419921875
276.9 22.5440368652344
277.0 101.261444091797
277.7 26.2549343109131
277.8 19.8216972351074
277.9 31.2772560119629
278.1 68.7838439941406
279.0 157.630355834961
279.1 28.054838180542
279.9 75.5361785888672
280.1 323.456848144531
280.2 44.6511650085449
280.9 0.819591522216797
281.1 277.570526123047
282.1 136.384872436523
282.2 54.709716796875
282.3 16.9170036315918
282.9 25.9968719482422
283.1 100.569343566895
283.2 89.3455047607422
284.2 21.9791774749756
284.6 14.7873477935791
285.0 201.634841918945
285.2 60.194522857666
285.9 53.7203979492188
286.0 51.4336090087891
286.2 79.9186859130859
287.0 348.926605224609
287.1 189.332702636719
288.0 90.0404052734375
288.1 56.4728546142578
289.0 500.98974609375
289.7 22.5804977416992
289.8 96.3486785888672
290.0 146.36572265625
291.0 324.8828125
291.8 26.6713066101074
292.9 381.849975585938
294.0 187.735336303711
294.1 160.798828125
294.4 61.537784576416
294.9 58.0298767089844
295.1 504.106475830078
296.1 1105.716796875
296.2 2212.14404296875
297.1 21889.6640625
298.0 104.255432128906
298.1 4203.873046875
298.9 24.1275596618652
299.1 294.514465332031
299.1 296.820434570313
299.9 13.9529552459717
300.0 36.6049385070801
300.2 18.6622753143311
301.0 12.2313070297241
302.9 16.1209564208984
303.1 72.2901382446289
305.2 12.0599679946899
306.8 84.5679931640625
307.1 34.297290802002
307.9 25.1029529571533
308.2 13.3995971679688
309.0 86.9362869262695
309.2 18.2248344421387
310.0 154.224044799805
310.1 374.119842529297
310.2 113.071853637695
310.8 62.3888778686523
310.9 7.44216537475586
311.1 214.332946777344
311.2 52.6200218200684
311.3 44.3945388793945
311.9 70.8656387329102
312.1 140.334243774414
312.3 87.362663269043
313.1 313.524719238281
313.2 158.280700683594
314.0 95.0499572753906
314.2 2647.94506835938
314.4 32.7752723693848
315.0 150.322341918945
315.1 302.844177246094
315.2 199.635192871094
316.1 23.1637096405029
316.2 33.0612106323242
316.9 28.0700778961182
317.2 12.9669122695923
318.8 18.5069637298584
319.0 24.6001052856445
319.2 65.0412063598633
321.2 29.0869369506836
321.4 17.1931991577148
321.8 19.89284324646
322.1 12.9780082702637
323.0 55.4451065063477
323.9 20.1610813140869
324.1 114.057495117188
324.2 607.222839355469
324.9 18.0278034210205
325.0 18.745231628418
325.2 574.018371582031
326.2 123518.0703125
327.2 27971.4140625
328.1 126.133827209473
328.2 3367.23315429688
329.0 28.4057846069336
329.1 241.362075805664
329.2 39.9057960510254
329.8 17.9346351623535
330.9 71.1408233642578
332.6 14.0635986328125
332.8 11.8389139175415
333.0 12.0065679550171
335.1 11.6214914321899
336.9 12.0129804611206
337.1 124.706130981445
337.2 87.8909072875977
337.9 26.0412368774414
338.1 704.042053222656
338.2 376.651794433594
339.0 60.1690139770508
339.1 266.419982910156
340.9 12.9877891540527
341.1 12.1650295257568
343.1 33.6356620788574
343.2 48.5189208984375
345.1 33.8215675354004
346.8 8.51286315917969
348.0 22.5448303222656
348.2 20.1635112762451
348.6 25.4170627593994
348.9 136.954208374023
349.9 14.4217367172241
351.0 41.6896896362305
351.1 72.0256881713867
351.2 14.1279153823853
351.9 45.0256118774414
352.1 147.955154418945
352.2 24.477689743042
352.3 38.4883651733398
352.8 0.391554832458496
352.9 131.267272949219
353.1 257.613983154297
353.4 35.4836158752441
354.1 98.6394348144531
354.3 21.0600051879883
355.1 174.799224853516
355.3 261.381195068359
355.4 28.6028575897217
355.9 30.791805267334
356.0 39.9936370849609
356.2 51.0711288452148
366.8 16.9518165588379
367.0 53.4488830566406
369.0 28.4330940246582
370.1 68.8577575683594
370.3 51.1397323608398
370.4 12.8083839416504
370.9 20.3757553100586
371.1 17.473726272583
371.3 15.5094041824341
387.0 11.854642868042
387.1 14.8330116271973
401.0 15.0294799804688
412.7 12.4915637969971
428.8 13.811710357666
