#"+EI Scan (rt: 4.398-4.468 min, 13 scans) R10M6.D  Subtract "
#Point,X(Thompsons),Y(Counts)
40.1 378.227569580078
41.1 16453.9296875
42.1 1959.37292480469
43.1 3436.83715820313
44.0 8346.7705078125
45.0 539.372436523438
47.0 317.179412841797
47.1 63.7058715820313
48.8 45.5746612548828
49.0 94.5950546264648
49.8 65.8134613037109
50.0 347.379577636719
50.1 38.7987174987793
51.0 1343.40173339844
51.9 55.0842666625977
52.0 400.368103027344
53.1 2554.06103515625
54.0 281.298461914063
54.1 1416.50866699219
55.1 26264.30078125
56.1 2476.62255859375
57.1 12449.03125
58.0 295.8408203125
58.1 635.707885742188
59.0 1229.41748046875
59.9 139.628204345703
60.7 15.9531145095825
60.9 46.9616622924805
61.0 34.3393898010254
61.1 50.2813720703125
62.0 398.221374511719
62.9 167.979766845703
63.0 762.854553222656
63.8 15.4241962432861
64.0 305.457336425781
65.0 406.804901123047
65.1 698.511840820313
65.8 23.0841464996338
66.0 416.061828613281
66.9 70.7586364746094
67.0 3829.83569335938
68.0 319.658264160156
68.1 718.652648925781
69.1 3845.4375
70.1 2650.58764648438
71.0 697.792358398438
71.1 730.998657226563
71.8 27.796293258667
72.0 304.845092773438
72.1 281.443176269531
73.0 1661.24340820313
74.0 160.112854003906
74.1 322.34326171875
75.0 930.563720703125
76.0 2011.78076171875
77.0 6752.7275390625
78.0 1704.68603515625
79.0 1556.65637207031
79.9 55.3057861328125
80.0 366.105102539063
81.0 1820.42883300781
82.0 56.1974792480469
82.1 625.18212890625
82.2 30.817024230957
83.1 4246.060546875
84.1 1518.38671875
84.8 31.4459018707275
85.0 536.241088867188
86.1 5212.32080078125
87.0 979.703247070313
87.9 275.945739746094
88.0 3665.06494140625
89.0 3656.06396484375
90.0 6656.40771484375
90.9 202.245086669922
91.0 1683.29956054688
92.0 314.926544189453
92.2 88.2778625488281
93.1 869.783447265625
94.0 202.908538818359
94.2 135.016250610352
95.0 383.537445068359
95.1 1432.17114257813
96.0 287.009765625
96.1 233.246444702148
96.4 27.3418140411377
96.9 151.374694824219
97.1 2184.12744140625
98.0 572.156372070313
98.7 35.6151504516602
98.9 268.451507568359
99.1 301.733612060547
99.7 17.4969120025635
99.9 119.980766296387
100.0 326.555114746094
100.2 58.4543533325195
100.3 72.2673187255859
100.9 260.984313964844
101.0 485.360717773438
102.0 5069.24658203125
103.0 21211.998046875
104.0 6655.49853515625
105.0 766.780700683594
105.1 352.206237792969
105.8 39.9240379333496
106.0 174.348129272461
106.1 42.6508331298828
106.8 61.461368560791
107.1 20.6943435668945
107.2 16.8797645568848
107.8 16.9194965362549
108.1 30.5650463104248
109.0 982.223876953125
109.8 92.2311096191406
109.9 8.18505859375
110.0 133.555908203125
110.1 18.5492725372314
110.7 18.1319885253906
111.0 142.801010131836
111.9 86.3410110473633
112.0 289.869018554688
112.1 247.185852050781
112.9 48.68896484375
113.1 123.935394287109
113.7 25.2663440704346
113.9 67.3824920654297
114.0 91.8777008056641
114.1 60.0335235595703
114.9 23.5267944335938
115.0 464.726013183594
115.8 61.022331237793
115.9 560.492797851563
116.1 258.212860107422
117.0 4134.8720703125
118.0 2533.4912109375
119.0 683.654418945313
119.1 170.669769287109
120.0 124.826446533203
120.1 32.7630271911621
120.7 13.4442253112793
120.8 47.5223655700684
120.9 29.2846031188965
121.1 119.257987976074
122.0 65.3955383300781
122.8 117.019866943359
122.9 32.2162170410156
123.1 25.8725070953369
124.7 57.831974029541
125.0 123.143035888672
125.1 54.6764793395996
126.1 91.329704284668
126.2 30.7198486328125
127.0 552.577758789063
127.9 232.982299804688
128.0 860.828125
128.2 16.6118583679199
129.0 7192.63525390625
129.9 115.775444030762
130.0 7841.482421875
131.0 37831.5078125
132.0 5396.9541015625
132.9 45.6800384521484
133.0 444.526794433594
133.8 25.1488437652588
134.0 57.8855171203613
134.1 20.0439434051514
134.2 13.0760698318481
134.9 543.868774414063
135.7 60.0175323486328
136.1 318.215515136719
137.0 3440.6044921875
138.0 528.062072753906
139.0 549.019897460938
139.7 27.1970500946045
139.9 77.648323059082
140.1 171.010177612305
140.9 207.3251953125
141.8 64.3278732299805
142.0 485.762573242188
142.1 176.151382446289
142.9 207.392166137695
143.1 1294.58825683594
143.8 90.5092926025391
144.1 4982.17431640625
145.0 89100.25
146.0 9452.36328125
147.0 977.517578125
147.1 32.7092742919922
147.9 119.509521484375
148.1 28.9381809234619
148.4 12.2593450546265
148.9 122.794555664063
149.0 22.1950855255127
149.8 28.5257892608643
150.0 18.1051959991455
150.7 158.993179321289
150.9 198.923767089844
151.9 136.291229248047
152.9 126.901168823242
153.1 51.8507614135742
153.7 13.8743591308594
153.8 11.8053340911865
154.0 172.52458190918
154.1 148.865020751953
155.0 1070.43676757813
155.9 454.881896972656
156.1 856.435668945313
157.0 2692.9169921875
158.0 3164.43383789063
159.0 2227.2763671875
160.0 1158.04919433594
160.9 424.598785400391
161.0 332.378051757813
161.8 14.4800710678101
161.9 40.185359954834
162.1 49.1994247436523
162.3 12.8078708648682
162.8 126.002632141113
163.7 17.7857151031494
163.9 58.3279228210449
164.0 56.7303810119629
164.7 20.2285785675049
164.9 34.6059341430664
164.9 198.91618347168
165.1 74.324089050293
165.9 2.47780609130859
166.0 55.2008438110352
167.0 343.928375244141
167.1 70.6171875
167.9 73.6292572021484
168.1 462.903656005859
168.2 19.1671543121338
168.9 598.497192382813
169.1 900.391967773438
169.9 100.922492980957
170.0 692.560668945313
170.1 91.3004608154297
171.0 1331.35620117188
171.7 15.2414855957031
172.0 672.771423339844
172.1 31.787712097168
173.0 1101.47229003906
174.1 2658.19116210938
174.8 36.3142967224121
175.0 312.730743408203
175.1 286.161010742188
175.1 134.662872314453
175.8 32.4932289123535
176.0 42.1412086486816
176.1 39.8054161071777
176.6 36.8264083862305
176.8 25.2363204956055
178.9 86.7758407592773
179.1 56.009220123291
179.7 22.173526763916
179.9 94.6519927978516
180.0 90.3634948730469
181.0 489.691101074219
182.0 270.669250488281
182.1 71.990478515625
182.8 46.8865356445313
183.1 487.642303466797
184.0 135.822616577148
184.1 234.521148681641
184.9 5.33334350585938
185.0 1182.61364746094
186.0 1420.36682128906
186.1 64.2927703857422
186.8 70.3412094116211
186.9 454.133422851563
187.1 442.557464599609
187.9 49.290283203125
188.1 135.235870361328
188.7 20.4366493225098
188.9 58.9002685546875
189.1 23.6395530700684
190.9 259.801818847656
192.1 12.0800914764404
192.8 199.177062988281
192.9 423.647888183594
194.0 39.0744476318359
195.0 844.762939453125
195.9 62.5155487060547
196.0 69.0288238525391
196.2 87.7168502807617
196.9 733.291137695313
197.1 61.4356689453125
197.8 49.7057914733887
198.0 326.670562744141
198.1 37.4193000793457
198.9 439.403259277344
200.0 1873.20239257813
200.1 491.434875488281
201.0 9365.7099609375
202.1 1135.63122558594
202.9 272.693389892578
203.9 16.4200611114502
204.1 12.9842567443848
205.0 128.625778198242
205.1 45.987922668457
205.8 13.6500644683838
206.9 358.86669921875
207.8 98.2958297729492
208.1 26.6960105895996
208.9 53.499137878418
209.0 152.197525024414
209.8 72.025634765625
209.9 64.8913497924805
210.1 88.0747833251953
211.0 980.0078125
212.0 435.720336914063
212.1 648.482788085938
212.9 138.172012329102
213.0 1660.56335449219
214.0 57.0869293212891
214.1 2457.9921875
215.0 2421.455078125
216.0 404.41650390625
217.0 980.115600585938
217.7 18.9695358276367
217.8 31.0456924438477
218.0 153.482116699219
219.0 763.357299804688
219.9 256.852691650391
220.1 119.151741027832
220.5 20.6902027130127
220.9 300.306030273438
221.0 100.460975646973
222.0 64.2644195556641
222.9 176.173553466797
223.2 13.1214466094971
224.0 140.103942871094
224.1 52.6447372436523
224.8 158.608627319336
225.0 53.2747039794922
225.7 13.11683177948
225.8 22.3098258972168
226.0 244.674468994141
226.1 111.583702087402
227.0 60.26123046875
227.9 13.5874214172363
228.0 347.334442138672
228.8 69.1371536254883
229.0 33.467529296875
229.0 210.876068115234
229.9 43.5386810302734
230.1 637.250244140625
230.2 113.992584228516
230.8 63.5688209533691
230.9 141.456665039063
231.0 88.325065612793
231.2 44.9787521362305
231.3 14.3041524887085
231.8 13.9881553649902
232.0 43.1523246765137
233.0 953.2783203125
234.0 1169.5849609375
235.0 382.029937744141
235.6 14.3633680343628
235.8 29.4381370544434
235.9 132.978256225586
237.0 1639.021484375
238.0 1415.77856445313
238.9 111.875991821289
239.1 2838.982421875
239.2 333.671203613281
240.1 2076.99633789063
241.1 153649.125
242.1 28137.283203125
243.1 571.506713867188
243.1 3835.03466796875
244.1 408.5771484375
244.2 119.948089599609
244.7 40.4693565368652
244.9 26.3526630401611
245.1 126.548126220703
247.0 14.4405307769775
248.8 12.7653255462646
248.9 47.1516494750977
249.0 13.985034942627
249.1 22.2966175079346
250.9 15.1665754318237
251.1 13.3964681625366
251.9 15.1188316345215
252.1 54.2895050048828
252.9 31.7648220062256
253.0 144.549789428711
253.1 646.858093261719
254.0 60.7097625732422
254.1 765.265930175781
255.1 221.562576293945
255.2 25.1581020355225
256.0 51.7569580078125
256.1 436.598510742188
256.5 12.7870283126831
256.7 16.239860534668
256.9 15.3584136962891
257.0 260.894958496094
257.1 155.419784545898
257.9 34.0777397155762
258.1 586.135620117188
258.7 36.8244400024414
259.2 66.7184906005859
259.8 14.3505640029907
260.0 62.2805099487305
260.1 73.906135559082
260.5 18.4588584899902
260.8 15.3852224349976
260.9 36.0672645568848
261.0 18.923152923584
262.9 25.947193145752
263.0 28.208309173584
266.9 11.7651996612549
267.0 64.1884307861328
267.1 88.6400909423828
267.2 32.0605239868164
267.9 93.2878570556641
268.1 149.026123046875
268.2 12.6771125793457
268.9 154.748504638672
269.1 203.307373046875
269.2 35.3710517883301
269.8 29.171688079834
270.0 495.890472412109
270.2 134.933929443359
270.8 136.582946777344
271.2 269.816589355469
271.9 191.394348144531
272.1 56.6003608703613
272.5 17.1863842010498
272.7 29.8735370635986
272.9 114.926452636719
273.1 48.2644844055176
273.7 11.9124183654785
274.1 77.0031280517578
274.9 138.085632324219
275.8 17.3432960510254
275.9 71.8749084472656
276.6 31.0209159851074
276.8 35.9633369445801
276.9 206.282135009766
277.0 112.37474822998
278.0 51.7332000732422
278.1 11.7976818084717
278.9 22.8199615478516
279.1 110.262031555176
279.9 36.2461738586426
280.0 319.564331054688
280.1 151.393829345703
280.9 27.2030372619629
281.0 67.8813018798828
281.1 46.93505859375
282.0 66.0780410766602
282.1 233.129669189453
282.9 15.3616495132446
283.1 200.592636108398
283.9 11.6923370361328
284.2 17.9503021240234
284.3 17.2247428894043
285.0 626.811584472656
286.0 160.144073486328
286.0 33.9121856689453
286.2 25.8777542114258
286.9 82.1779937744141
287.1 323.118194580078
287.3 44.389705657959
288.9 656.453857421875
289.7 19.704252243042
289.8 37.8929595947266
290.8 93.7898864746094
291.1 139.262939453125
291.9 24.1121311187744
293.0 354.022583007813
293.8 30.1235122680664
294.0 187.629241943359
294.2 68.7995452880859
295.0 242.746231079102
295.1 381.373687744141
296.1 2693.1884765625
297.1 16160.6103515625
298.0 167.915420532227
298.1 3290.66943359375
299.0 250.120941162109
299.2 241.528656005859
300.1 12.4645500183105
301.1 12.1993064880371
303.0 30.553352355957
304.9 17.3898391723633
306.9 41.1212348937988
307.0 63.4081192016602
307.1 13.9509935379028
308.0 35.0201797485352
308.9 30.9653034210205
309.0 17.1641616821289
309.7 11.9951038360596
310.0 102.17504119873
310.2 271.426391601563
310.7 14.3458032608032
310.9 25.2991676330566
311.0 146.950286865234
311.2 50.0333251953125
311.7 12.3072052001953
311.9 43.3528480529785
312.0 143.395141601563
312.2 11.9340534210205
312.9 16.1968307495117
313.1 340.213653564453
313.2 33.8143997192383
314.1 358.951782226563
314.2 1578.61206054688
314.3 49.6955490112305
314.9 33.0298843383789
315.0 135.820724487305
315.1 338.375061035156
315.9 41.1530113220215
316.1 13.0687465667725
316.4 12.1687574386597
318.8 11.773060798645
318.9 13.2172355651855
319.1 12.329478263855
321.2 22.6521072387695
322.1 15.7030687332153
322.8 18.7989120483398
323.1 14.7519378662109
323.2 14.9985113143921
324.1 322.872436523438
324.2 269.081481933594
324.3 21.1643600463867
325.0 18.7275352478027
325.1 271.261444091797
325.2 162.346618652344
326.2 89457.328125
327.2 20835.96875
328.2 2402.53930664063
329.0 34.1557121276855
329.2 184.381103515625
329.4 22.8924999237061
330.9 13.0544023513794
332.9 67.7633819580078
333.7 12.4014873504639
335.1 39.126033782959
336.9 12.891040802002
337.0 67.1790390014648
337.4 16.1613426208496
338.0 89.9406814575195
338.2 827.482788085938
338.9 30.4331665039063
339.1 177.770401000977
339.2 55.3898735046387
341.1 13.0418787002563
343.0 14.1614122390747
343.2 35.067756652832
348.0 14.284646987915
348.1 16.374942779541
348.9 51.9300155639648
349.0 84.7996139526367
350.1 13.5607814788818
350.2 12.6265001296997
350.9 20.8143577575684
351.1 45.2297210693359
352.1 203.015396118164
352.2 80.5721435546875
352.4 30.606876373291
353.0 98.5315322875977
353.2 221.272201538086
353.3 23.2689247131348
354.0 77.095329284668
354.4 16.9425849914551
355.1 99.2657775878906
355.2 218.850357055664
356.0 49.5548553466797
366.9 37.102237701416
369.0 22.3918228149414
370.1 63.8124465942383
370.2 28.4600791931152
371.2 21.1092567443848
