#"+EI Scan (rt: 4.963-5.051 min, 16 scans) R2M6.D  Subtract "
#Point,X(Thompsons),Y(Counts)
40.1 221.236175537109
41.1 1832.73449707031
42.0 161.166885375977
42.1 342.478759765625
43.0 103.941299438477
43.1 1647.05285644531
44.0 3879.55810546875
44.9 75.3407440185547
45.0 189.430191040039
45.7 7.84744071960449
45.9 28.511833190918
46.0 35.8185729980469
47.0 90.8269653320313
47.2 20.9942646026611
48.9 78.8588333129883
49.1 14.5351400375366
49.7 12.1318311691284
49.8 35.2585487365723
49.9 254.655899047852
50.1 101.038558959961
50.9 388.153259277344
51.0 247.653839111328
51.9 46.2227172851563
52.0 145.345016479492
52.1 173.803436279297
53.0 176.820892333984
53.1 84.738395690918
54.0 333.946472167969
55.0 1389.17163085938
55.1 120.166397094727
56.1 1330.78967285156
57.0 1397.25732421875
57.9 28.0686740875244
58.0 216.127151489258
59.0 1369.787109375
60.0 23.7838821411133
60.1 68.7266464233398
60.8 35.125129699707
61.1 79.0962753295898
61.9 167.980499267578
62.0 745.520202636719
63.0 1751.43994140625
63.9 231.425216674805
64.0 207.651062011719
64.9 254.181671142578
65.0 134.775299072266
66.0 51.5453453063965
66.1 52.6072845458984
66.9 182.752319335938
68.0 246.11311340332
68.1 71.8835144042969
68.9 37.5312118530273
69.0 513.207153320313
69.9 56.9589385986328
70.0 914.535705566406
70.1 180.438598632813
70.8 1.16082191467285
71.0 1607.46960449219
72.0 104.301498413086
72.1 2320.2197265625
73.0 546.489013671875
74.0 298.96142578125
75.0 1250.47546386719
76.0 1260.26123046875
77.0 1473.9599609375
78.0 658.3505859375
79.0 254.199462890625
79.9 79.8163070678711
80.1 13.3272247314453
80.3 12.1368036270142
81.0 544.889404296875
82.0 360.469818115234
82.1 87.6701126098633
83.0 8831.9208984375
83.9 75.9911499023438
84.0 551.624267578125
84.8 39.1056594848633
85.0 131.693572998047
85.2 25.9803428649902
85.8 47.3809280395508
86.0 193.721557617188
86.1 59.1191864013672
86.7 31.7308216094971
87.0 674.503234863281
88.0 4926.14404296875
89.0 2982.45434570313
89.8 51.8801345825195
90.0 2589.2978515625
91.0 621.610595703125
91.1 201.756790161133
91.8 22.6394290924072
92.1 99.0438842773438
92.9 76.0125122070313
93.0 141.693511962891
93.8 48.5368881225586
93.9 134.169174194336
94.1 29.4739933013916
95.0 479.276123046875
95.1 414.616577148438
96.0 874.807373046875
96.7 18.7345218658447
96.9 63.3187713623047
97.0 125.367111206055
97.6 11.2917766571045
97.9 38.2813568115234
98.0 167.428466796875
98.7 24.0183296203613
99.0 104.891624450684
99.1 56.015697479248
99.2 29.5432510375977
99.8 40.9981002807617
100.0 142.39176940918
100.8 35.6768417358398
101.0 132.904525756836
101.1 138.35188293457
102.0 2792.24926757813
103.0 1840.98571777344
103.7 1.61448860168457
104.0 259.329071044922
104.1 747.563537597656
105.0 467.842437744141
105.1 167.407211303711
105.7 10.2106533050537
105.9 93.0933303833008
106.1 89.7991638183594
107.0 1321.84851074219
107.1 955.360534667969
108.0 197.808715820313
108.1 2374.01049804688
109.0 124772.703125
110.0 9586.4765625
111.0 611.170349121094
111.1 31.750804901123
111.7 34.1236572265625
111.9 33.4742584228516
112.0 35.7681503295898
112.9 67.6010894775391
113.0 14.2366485595703
113.1 62.2378883361816
113.8 42.1671142578125
113.9 161.167617797852
114.1 29.2901477813721
114.8 64.1841125488281
114.9 167.180450439453
115.0 166.412719726563
115.8 4.01653671264648
115.9 158.90934753418
116.0 339.925720214844
117.0 1262.02990722656
117.9 80.6254272460938
118.0 842.099731445313
118.9 118.884773254395
119.0 359.668090820313
120.0 63.552547454834
120.1 77.0526733398438
120.7 6.39659595489502
120.9 136.745147705078
121.0 113.434944152832
121.7 10.4736022949219
121.9 88.4887390136719
122.0 393.834838867188
122.1 72.7507019042969
122.9 84.8871612548828
123.8 5.49057960510254
123.9 17.5489597320557
124.1 66.2805709838867
124.9 39.6087646484375
125.0 68.7062683105469
125.8 23.0554027557373
125.9 131.576934814453
126.1 9.7075080871582
127.0 178.399185180664
127.2 57.4967727661133
127.7 2.86634063720703
128.0 157.913482666016
128.0 248.934417724609
129.0 1890.86376953125
129.9 167.192321777344
130.0 341.929351806641
130.2 0.519443511962891
131.0 872.820190429688
131.1 539.532592773438
131.7 21.0746364593506
131.9 247.496948242188
132.1 106.22599029541
132.8 67.4309844970703
132.9 55.8036651611328
133.8 29.4090633392334
134.0 120.238861083984
134.2 22.6556205749512
135.1 394.895202636719
136.0 7.52903747558594
136.2 77.8806762695313
137.0 2082.193359375
138.0 295.232238769531
138.9 749.455993652344
140.0 16.447193145752
140.9 378.956970214844
141.9 118.298706054688
142.8 1.11068344116211
142.9 264.381958007813
143.1 138.670074462891
143.8 40.1200675964355
143.9 186.114654541016
144.0 714.301940917969
144.1 22.7241306304932
145.0 12142.4296875
145.9 360.209716796875
146.0 1079.60522460938
146.3 14.203296661377
147.0 166.491622924805
147.1 17.6714611053467
147.9 58.2043571472168
148.1 15.0488166809082
148.9 104.032302856445
149.9 30.465051651001
150.0 67.0550994873047
150.1 16.0297412872314
151.0 589.059997558594
151.8 105.405830383301
152.0 11.8664474487305
152.1 33.1619529724121
152.8 36.9007110595703
153.0 112.698722839355
153.2 11.8903665542603
153.8 27.1205406188965
153.9 89.0260925292969
154.0 12.3866081237793
154.9 979.2138671875
155.8 53.5576934814453
155.9 184.278732299805
157.0 342.766448974609
158.0 149.848785400391
158.1 101.055961608887
159.0 513.05712890625
159.9 399.803955078125
161.0 242.474029541016
161.9 86.2120361328125
162.9 6.61215209960938
163.0 16.9600219726563
164.9 120.902954101563
165.8 25.7217330932617
166.0 70.8846893310547
166.1 10.8495283126831
166.9 22.2179260253906
167.0 107.958297729492
167.9 11.9920387268066
168.0 37.5722579956055
168.1 128.689529418945
168.9 462.571960449219
169.1 129.273742675781
169.9 151.590042114258
170.0 463.098083496094
170.8 44.4462966918945
170.9 170.126556396484
171.0 42.2105331420898
171.8 14.3083610534668
172.0 709.614318847656
172.1 211.995193481445
172.8 84.262939453125
172.9 400.4775390625
173.0 207.793426513672
174.0 133.565063476563
174.1 148.729782104492
174.8 92.4615707397461
175.0 94.8994140625
175.1 41.9410247802734
175.9 9.57801151275635
176.0 139.457153320313
176.1 184.826568603516
176.9 392.690673828125
177.0 52.6183776855469
178.0 188.929153442383
178.8 58.8780746459961
179.0 44.5922813415527
179.1 29.7756500244141
179.7 10.7154493331909
180.0 125.282745361328
180.1 80.9112854003906
180.3 17.6918411254883
180.8 94.3869171142578
180.9 62.4791259765625
181.7 0.37806224822998
182.0 124.166976928711
182.1 42.9783973693848
182.9 140.839263916016
183.0 27.1213760375977
183.6 9.59597206115723
184.0 92.8852081298828
184.2 21.6078796386719
185.0 315.365356445313
185.8 92.7312393188477
186.0 120.574592590332
186.4 10.4420928955078
186.8 3.5478687286377
187.0 116.58512878418
188.7 66.5471496582031
189.0 9.86179161071777
191.0 175.592315673828
191.7 58.9349899291992
191.9 28.2202453613281
192.9 262.669799804688
193.8 58.6347885131836
193.9 67.3440017700195
194.0 154.254196166992
194.9 123.248229980469
195.0 276.666137695313
196.0 961.573425292969
196.9 99.023681640625
197.0 585.320129394531
197.9 156.952362060547
198.0 363.948577880859
198.9 472.633483886719
199.0 38.1260528564453
199.9 116.117370605469
200.0 294.682556152344
200.1 80.5502395629883
200.8 42.2317924499512
200.9 78.6495666503906
201.0 81.0439682006836
201.8 26.5073852539063
201.9 79.728157043457
202.1 32.033863067627
202.7 2.46425437927246
203.0 177.959213256836
203.7 13.3562126159668
203.8 34.7427940368652
203.9 66.4648590087891
204.8 65.3596725463867
205.0 165.355346679688
205.9 69.878662109375
206.0 24.0964164733887
207.0 614.970275878906
208.0 19.7468414306641
208.1 39.4684257507324
208.6 11.936164855957
208.9 162.919937133789
209.2 14.0955953598022
209.7 6.3044228553772
210.0 7.70283651351929
210.3 24.4602527618408
211.0 505.046875
212.0 150.185211181641
213.0 412.334808349609
213.1 133.10563659668
214.0 348.668060302734
214.1 24.4596996307373
215.0 1981.5380859375
216.0 434.845336914063
217.0 225.818450927734
218.0 158.571426391602
218.9 54.7318878173828
219.0 235.613525390625
219.8 5.73476409912109
220.0 127.16130065918
221.0 244.673690795898
221.9 7.6191201210022
222.0 77.3763580322266
222.1 46.839183807373
223.0 1664.26196289063
223.8 15.2948989868164
224.0 926.908874511719
224.2 97.9174041748047
224.9 10.8058547973633
225.1 1457.62316894531
226.1 499.247436523438
226.1 151.906204223633
226.9 42.7887268066406
227.0 164.502380371094
227.1 2.19400787353516
228.0 17.6587219238281
228.1 25.3575553894043
228.2 10.3441944122314
228.9 78.0455932617188
229.1 41.2367858886719
230.0 91.6876983642578
230.8 23.6030139923096
230.9 8.44896697998047
231.1 22.1722278594971
232.0 6.21088886260986
233.0 754.6806640625
233.9 406.74853515625
234.8 63.9074897766113
235.0 196.606201171875
236.0 116.876235961914
236.1 24.9311389923096
237.0 578.98779296875
237.9 140.631866455078
238.0 63.3973388671875
238.9 0.154998779296875
239.0 142.275085449219
239.8 18.8714256286621
240.0 21.6164779663086
240.1 40.8110122680664
240.2 4.12924861907959
241.1 2206.685546875
242.0 215.743255615234
242.1 204.360153198242
242.2 23.6655731201172
242.9 28.7083892822266
243.0 82.1190643310547
244.7 1.59886169433594
244.9 9.60488128662109
245.0 28.5365142822266
246.2 33.7191619873047
246.8 7.82176828384399
247.7 22.6935081481934
247.9 10.9595460891724
248.0 11.6473398208618
248.4 12.4250841140747
248.8 24.8339920043945
248.9 56.8590507507324
249.2 38.6524200439453
249.4 14.0980644226074
249.8 9.94158744812012
249.9 25.7241821289063
250.2 30.5502395629883
250.7 3.34290266036987
250.9 225.3466796875
251.1 297.493408203125
251.2 61.1981620788574
251.5 28.4423980712891
252.0 490.871307373047
252.1 543.948303222656
253.1 81595.8515625
254.1 13655.0126953125
254.8 21.3408946990967
254.9 54.4486312866211
255.0 1202.10925292969
255.9 80.6540985107422
256.1 70.8524169921875
256.8 51.6347427368164
257.7 10.2519626617432
258.0 141.784744262695
258.1 82.3590087890625
258.8 1.78158235549927
258.9 57.0060157775879
259.1 74.0581588745117
259.8 23.4557266235352
260.2 25.862865447998
261.1 1.85177278518677
262.0 20.6784362792969
262.8 58.3518409729004
262.9 15.7571487426758
263.9 9.63583087921143
264.8 13.6739320755005
265.1 30.2653636932373
266.0 11.0555925369263
266.9 13.8387603759766
267.0 81.8942413330078
267.2 18.8395938873291
267.9 26.6555480957031
268.1 32.4734878540039
268.2 13.261664390564
268.9 450.224487304688
269.0 881.396667480469
269.8 18.7990856170654
270.0 187.222442626953
270.1 165.463256835938
270.8 47.0272750854492
271.1 64.7802429199219
271.7 9.51481056213379
271.9 48.5138778686523
272.8 7.31398773193359
273.0 147.06413269043
273.2 28.6596012115479
273.8 54.305778503418
274.0 45.0051231384277
274.1 24.8968601226807
274.7 14.1251068115234
274.8 160.867767333984
275.5 9.60433292388916
275.9 29.2749404907227
276.0 26.9416122436523
276.1 9.53932952880859
276.8 82.3606185913086
277.8 23.8935623168945
278.6 17.6840362548828
278.7 51.0117454528809
279.0 39.8278961181641
279.1 12.847505569458
279.9 40.1167526245117
280.1 100.738548278809
281.0 105.181610107422
281.8 9.94518947601318
281.9 41.3055686950684
282.0 49.2484092712402
282.3 10.9281730651855
283.2 10.8196678161621
284.8 100.372756958008
285.2 34.0528335571289
285.9 60.2833709716797
286.2 17.589485168457
286.9 89.0283050537109
289.0 816.879089355469
289.7 25.3902950286865
290.0 90.9936981201172
290.1 52.0957145690918
290.2 18.5886058807373
290.9 52.1499786376953
291.0 87.8620223999023
291.8 20.8862152099609
292.0 60.8728370666504
292.1 37.0889854431152
292.9 335.846496582031
293.5 11.2573652267456
294.0 117.9619140625
294.9 177.824096679688
295.9 33.4133033752441
296.0 128.253341674805
296.9 0.477371215820313
297.0 80.0881195068359
297.2 11.0499563217163
297.6 6.12525653839111
297.8 41.731616973877
297.9 35.6728973388672
298.8 23.5724678039551
298.9 8.88318634033203
299.0 26.2973709106445
300.9 7.27361869812012
302.7 11.0499782562256
302.8 24.4457206726074
303.0 28.0857086181641
304.2 4.06856393814087
304.8 42.0308685302734
305.0 58.8897018432617
305.9 16.7059955596924
306.0 17.154224395752
306.2 18.4899520874023
306.9 242.722854614258
307.1 427.200286865234
307.9 93.9689483642578
308.0 404.723052978516
308.1 209.866470336914
308.8 12.1042957305908
308.9 180.976837158203
309.0 117.140342712402
309.1 185.954467773438
310.0 39.6405296325684
310.2 46.2580146789551
310.8 15.4826726913452
310.9 50.7774353027344
311.1 40.2711334228516
315.1 41.3623313903809
316.9 24.522102355957
318.8 22.4680576324463
319.1 32.5708122253418
322.0 70.1305999755859
322.2 95.9120254516602
322.8 21.191068649292
323.0 76.9837265014648
323.1 268.077880859375
323.2 14.349663734436
324.1 48495.83203125
325.1 10643.5888671875
326.0 121.984466552734
326.1 1182.02954101563
326.3 97.5466766357422
326.9 57.9936408996582
327.0 60.4844970703125
327.2 45.1999855041504
329.0 20.1607875823975
330.8 58.4343719482422
334.0 19.7779846191406
334.5 9.69484233856201
334.8 9.7491455078125
335.1 24.0423183441162
335.9 25.9806213378906
336.1 53.4346008300781
336.9 9.79992771148682
337.2 35.1430358886719
341.1 11.0296592712402
341.2 22.8035755157471
342.3 25.5651817321777
343.0 10.8535747528076
343.3 12.1651239395142
344.7 9.5984468460083
344.9 15.6685199737549
347.0 10.2740669250488
348.1 28.6615695953369
348.8 33.7013320922852
349.0 114.10213470459
349.9 52.8993301391602
350.1 200.559997558594
350.2 60.5021591186523
350.9 37.828670501709
351.0 11.3415021896362
351.1 477.659942626953
351.3 28.4599170684814
351.9 45.5167427062988
352.1 39.0509414672852
352.2 15.3313436508179
352.7 23.9371013641357
353.0 75.8704147338867
353.2 30.3798198699951
353.9 24.3284320831299
354.1 18.1234169006348
354.4 10.8769750595093
359.0 235.855545043945
359.2 298.38623046875
359.3 62.3818740844727
360.1 85.6016311645508
360.3 65.2926635742188
367.1 26.9185447692871
367.3 20.772331237793
368.0 102.671211242676
368.2 51.3988723754883
370.2 10.0846376419067
370.9 26.1764144897461
371.1 17.3704109191895
386.8 9.94576930999756
401.0 21.0272998809814
451.8 9.62857627868652
