#"+EI Scan (rt: 4.952-5.033 min, 15 scans) R8M6.D  Subtract "
#Point,X(Thompsons),Y(Counts)
40.1 115.764976501465
40.2 30.9433288574219
41.0 1783.94055175781
41.9 63.6121559143066
42.0 151.078948974609
42.1 101.578651428223
43.1 1707.68591308594
44.0 4480.0732421875
45.1 348.650329589844
45.9 12.5293579101563
46.0 13.2902050018311
46.8 131.016586303711
47.1 104.46110534668
49.2 23.820556640625
49.9 39.3217620849609
50.0 330.097503662109
50.8 58.4627914428711
51.0 638.191650390625
51.8 32.0140838623047
51.9 103.495803833008
52.1 102.823600769043
52.2 14.7737283706665
52.6 20.1676502227783
53.1 394.969146728516
54.1 297.478179931641
55.1 1361.49108886719
55.9 50.3089408874512
56.0 761.761596679688
57.0 294.119567871094
57.1 673.935974121094
58.0 150.015716552734
58.2 41.3318328857422
59.0 1527.755859375
59.9 250.264877319336
60.9 75.7627639770508
61.0 126.139190673828
61.9 295.003143310547
62.0 470.517639160156
63.0 1242.10375976563
63.9 173.750244140625
64.0 373.365875244141
64.9 330.785980224609
65.1 29.4712085723877
65.8 11.2748537063599
65.9 18.5086536407471
66.0 63.3465347290039
66.8 26.266321182251
66.9 26.6316223144531
67.0 37.2790832519531
67.9 91.3216705322266
68.0 191.137390136719
68.2 59.14697265625
69.0 203.329986572266
69.1 566.184997558594
69.9 85.6290130615234
70.0 920.217590332031
70.1 41.5009689331055
70.9 250.002151489258
71.1 949.859802246094
71.9 150.623382568359
72.1 1731.45007324219
73.0 750.552490234375
74.0 277.882507324219
74.1 234.147994995117
75.0 1395.84973144531
75.9 129.666000366211
76.0 995.221008300781
77.0 1821.6630859375
78.0 690.5654296875
78.9 147.532653808594
79.1 66.024055480957
79.7 13.5560760498047
79.8 39.1660270690918
80.2 13.4251880645752
81.0 403.46630859375
81.9 86.4092788696289
82.0 237.400482177734
83.0 7066.95556640625
84.0 478.144317626953
84.2 10.5668182373047
84.9 170.853286743164
85.0 179.260864257813
85.9 35.6922645568848
86.0 240.005508422852
86.9 332.787658691406
87.1 246.343338012695
87.9 234.815460205078
88.0 3888.78149414063
89.0 1713.74926757813
89.1 539.271057128906
90.0 1625.28942871094
90.1 598.723083496094
90.2 59.3311576843262
91.0 77.2466583251953
91.1 788.680053710938
91.9 43.3370895385742
92.2 20.4145679473877
92.8 85.9282150268555
93.0 38.2508697509766
93.7 17.2690830230713
94.0 91.2346343994141
94.1 174.145004272461
94.9 160.084091186523
95.0 602.466064453125
96.0 43.4369354248047
96.1 723.360473632813
96.9 141.281356811523
97.0 262.969085693359
97.8 52.8728828430176
97.9 98.4644317626953
98.1 155.250228881836
98.5 17.9788150787354
98.9 201.762420654297
99.1 14.3523254394531
99.6 11.0936479568481
99.8 51.6576690673828
99.9 42.8123054504395
100.1 17.0551853179932
100.2 78.4994277954102
100.8 48.9214248657227
101.0 176.001556396484
101.2 69.5344696044922
102.0 749.639404296875
102.1 1736.06811523438
103.0 1416.46667480469
103.2 55.5938682556152
104.0 543.681823730469
104.1 358.386840820313
105.0 217.661346435547
105.1 265.780212402344
105.7 26.9783535003662
106.0 101.568855285645
106.1 20.6341934204102
106.2 10.8869304656982
106.9 820.049987792969
107.1 1074.34814453125
108.0 25.2631282806396
108.2 1597.05114746094
109.0 99422.3125
110.0 7401.166015625
111.0 310.642639160156
111.9 32.4831962585449
112.0 47.4626045227051
112.7 39.2269134521484
113.0 65.4071960449219
113.8 67.5041656494141
114.0 207.704406738281
114.2 10.5113677978516
115.1 392.163787841797
115.9 156.103424072266
116.0 231.798843383789
116.2 23.0920104980469
117.0 965.841247558594
117.8 103.986587524414
118.0 292.121948242188
118.1 408.210754394531
118.3 36.4345703125
118.7 36.3218002319336
118.9 72.595832824707
119.0 2.09698486328125
119.7 10.7419395446777
119.9 36.7827796936035
120.0 28.3209362030029
120.1 10.0557241439819
120.7 10.3035221099854
120.8 66.7624740600586
121.0 259.698181152344
121.8 138.35627746582
122.0 161.778411865234
122.1 293.522918701172
122.9 178.358657836914
123.0 216.202835083008
123.9 14.0166969299316
124.0 135.720779418945
124.1 11.8638458251953
124.8 1.70645141601563
124.9 67.7776718139648
125.0 128.528198242188
126.0 17.3996410369873
126.1 61.0371246337891
126.7 12.7006807327271
126.8 52.3330879211426
127.0 120.748733520508
127.4 29.5159187316895
127.9 98.4181823730469
128.2 45.935230255127
128.9 80.9851684570313
129.0 1482.98828125
129.9 293.704345703125
130.1 90.2391586303711
131.0 50.1587219238281
131.1 788.6748046875
131.9 55.3862991333008
132.0 140.901062011719
132.1 135.491683959961
133.0 552.634521484375
133.9 67.8952255249023
134.0 82.7647399902344
134.2 14.1417055130005
135.0 575.955505371094
135.3 22.7397365570068
135.8 82.9709548950195
136.1 171.072448730469
137.0 2698.43359375
137.9 198.541870117188
138.1 73.9620513916016
138.9 258.319000244141
139.9 41.9819107055664
140.0 123.593414306641
140.1 11.6173067092896
140.8 87.1598281860352
141.8 10.173849105835
142.1 69.3033828735352
142.7 55.6466064453125
142.8 33.5461311340332
143.0 102.212860107422
143.1 67.9684295654297
144.0 641.629638671875
144.1 218.79150390625
145.0 9018.9677734375
146.0 1080.89770507813
146.8 10.1984891891479
147.0 282.777160644531
147.1 37.076961517334
147.8 13.1302890777588
148.0 29.9191379547119
148.1 29.0154495239258
148.6 30.5013866424561
149.0 88.6320419311523
149.1 38.4113960266113
149.8 41.5195159912109
149.9 31.7330760955811
150.8 139.999862670898
151.1 248.523040771484
151.8 40.9633636474609
151.9 47.1138076782227
152.0 45.090950012207
152.1 51.79345703125
152.9 218.419326782227
153.8 57.554931640625
154.0 54.865550994873
154.2 27.2112445831299
154.9 1018.62908935547
156.0 335.160003662109
156.1 85.0068740844727
156.8 162.45036315918
156.9 41.2996025085449
157.0 102.039611816406
157.1 99.4808807373047
158.0 158.564605712891
159.0 717.41357421875
160.1 295.665496826172
160.8 161.3134765625
160.9 36.1649780273438
161.1 54.840648651123
161.7 37.2511024475098
162.9 106.341636657715
163.0 52.4337768554688
163.9 36.822868347168
164.0 76.4443664550781
164.8 37.4512023925781
165.1 27.5153770446777
165.2 16.4274444580078
165.7 13.6591997146606
165.8 13.007908821106
165.9 29.0443553924561
166.0 26.7342853546143
167.0 281.678070068359
167.0 208.498245239258
167.8 94.99853515625
168.0 179.715789794922
168.9 333.171417236328
169.0 50.8148345947266
169.9 115.870590209961
170.1 301.205688476563
170.9 315.002258300781
171.1 180.126678466797
171.8 71.7217102050781
172.0 460.948669433594
172.1 206.548568725586
173.0 492.732971191406
173.1 29.6571769714355
173.9 93.3170700073242
174.0 49.9023208618164
174.4 10.0938968658447
174.8 11.6321573257446
174.9 36.05859375
175.0 47.9976501464844
175.9 72.0615386962891
176.1 206.621154785156
176.8 34.7110366821289
177.0 169.0810546875
177.1 133.272567749023
177.9 78.0912170410156
178.1 13.4009494781494
178.7 31.5425415039063
178.8 13.2417707443237
178.9 48.2220802307129
179.1 47.3613395690918
180.0 21.5912170410156
180.2 58.5065956115723
180.8 123.282341003418
180.9 176.215606689453
182.0 79.3615875244141
182.9 64.8667907714844
183.0 166.984512329102
183.1 53.8101844787598
183.7 13.0414218902588
183.9 70.598876953125
184.8 56.050910949707
184.9 158.352264404297
185.0 25.6747379302979
185.8 23.5561809539795
185.9 218.102752685547
186.8 126.892463684082
187.0 127.474510192871
188.0 11.4410085678101
188.7 46.1867065429688
189.6 12.4543285369873
190.7 75.5323257446289
190.9 61.4601058959961
190.9 139.929931640625
192.0 86.7054214477539
192.2 25.6347579956055
193.0 341.21337890625
193.8 24.6003971099854
193.9 210.206604003906
194.0 6.22750091552734
195.0 872.513549804688
195.9 40.7322425842285
196.0 730.815368652344
196.9 498.268005371094
198.0 259.270690917969
198.1 194.704452514648
199.0 4.15997314453125
199.1 56.615837097168
199.9 119.922004699707
200.0 211.493408203125
200.9 339.887634277344
201.0 85.7716903686523
201.7 11.9573764801025
201.9 22.4841651916504
202.0 82.6974716186523
202.5 11.3127002716064
202.7 62.8754920959473
202.9 194.429824829102
203.7 17.0561180114746
203.9 18.4508876800537
204.7 14.5190362930298
204.9 70.7386016845703
205.0 271.860107421875
205.6 14.0284662246704
205.9 36.8545799255371
207.0 582.413513183594
207.7 21.8019638061523
208.0 130.40380859375
208.9 83.9198913574219
209.1 185.535003662109
209.9 34.3016395568848
210.0 119.524375915527
211.0 35.455322265625
211.9 180.453186035156
212.0 6.53207397460938
212.7 14.9694185256958
213.0 515.614135742188
213.2 31.167552947998
213.9 108.75341796875
214.0 329.939880371094
215.0 1811.82861328125
216.0 233.6240234375
216.1 292.084899902344
217.0 11.0806884765625
217.1 175.035903930664
217.9 68.5378036499023
218.1 11.6943120956421
219.0 2039.99841308594
220.0 198.777206420898
220.6 16.6123657226563
220.7 26.1955509185791
220.9 211.720092773438
221.8 13.7445955276489
221.9 122.823684692383
223.0 1401.29382324219
223.1 152.893203735352
223.7 19.293815612793
223.9 79.382682800293
224.1 752.642395019531
225.0 1278.26477050781
225.8 49.659366607666
226.0 112.573028564453
226.0 313.189819335938
226.2 104.499092102051
226.8 26.3022480010986
226.9 173.273162841797
227.0 7.16242980957031
227.1 97.6363143920898
227.8 17.8495693206787
227.9 30.2485179901123
228.0 11.3469944000244
229.0 343.027282714844
230.0 57.223503112793
230.1 17.1199550628662
230.2 10.822452545166
230.8 63.7048492431641
230.9 77.8482818603516
232.0 24.6202640533447
232.1 11.726375579834
233.0 1100.55883789063
233.9 486.621734619141
234.9 323.569732666016
235.0 106.647323608398
235.6 15.0641355514526
235.7 28.3518543243408
236.0 54.7409286499023
236.1 20.160327911377
237.9 68.8279190063477
238.0 209.64306640625
238.8 36.9383430480957
239.0 205.413635253906
239.9 48.1220626831055
240.0 60.5452270507813
241.1 737.402954101563
242.0 22.7380142211914
242.1 214.538284301758
242.3 15.993501663208
242.8 32.8238945007324
242.9 24.6754016876221
243.9 13.869818687439
245.0 52.5213623046875
246.0 13.9088115692139
246.6 12.4000988006592
246.9 42.4629058837891
248.1 24.9210014343262
248.8 15.7871999740601
249.0 83.1676483154297
249.5 27.2663555145264
249.7 13.5745134353638
249.9 29.7570533752441
250.1 51.5353851318359
250.9 209.436798095703
251.0 330.652709960938
251.2 91.3362808227539
251.7 36.2707481384277
252.0 896.064758300781
253.1 61676.94921875
254.1 10820.875
254.9 35.4725456237793
255.0 494.663299560547
255.1 577.5478515625
255.7 11.874418258667
255.9 27.6607723236084
256.1 42.4204063415527
256.2 11.0092487335205
257.9 26.9886245727539
258.0 51.6925086975098
258.1 66.60791015625
258.7 33.6865119934082
259.0 17.333667755127
259.9 10.5041351318359
260.0 11.3188762664795
260.4 11.1713924407959
260.9 14.3658332824707
261.1 26.4362869262695
261.9 23.837028503418
262.9 12.4736814498901
263.9 13.5352163314819
264.8 12.1856546401978
265.0 12.7138977050781
266.9 62.5159721374512
267.0 26.6246948242188
267.8 24.93385887146
268.0 40.5839767456055
268.1 26.2164058685303
269.0 309.100677490234
269.1 971.004760742188
269.9 54.993709564209
270.0 101.168876647949
270.1 176.034225463867
271.0 204.762435913086
271.1 16.260799407959
272.2 13.6551036834717
272.6 14.5365028381348
272.8 95.2165222167969
273.0 0.477142333984375
273.9 16.0600719451904
274.7 35.0023384094238
274.9 333.472259521484
275.1 91.9011077880859
275.2 17.1431331634521
275.8 40.5954818725586
276.1 19.018123626709
276.7 46.958667755127
276.9 214.103668212891
277.1 15.2935676574707
277.9 16.7182941436768
278.6 17.5560512542725
278.8 28.1107425689697
279.1 13.9154806137085
279.9 19.0070133209229
280.1 71.461669921875
280.2 50.9999771118164
280.6 12.4552850723267
281.0 144.56217956543
281.1 102.907844543457
282.0 80.0487594604492
282.1 33.0930633544922
282.9 22.017786026001
283.1 32.1055145263672
284.0 33.6986503601074
285.0 6.640869140625
285.8 56.5841789245605
286.0 18.5814743041992
286.1 70.7742233276367
286.8 42.2132606506348
286.9 38.6935539245605
287.0 114.119125366211
288.9 176.672729492188
289.7 22.512809753418
289.9 25.3442611694336
290.0 129.002426147461
290.7 10.7178392410278
291.0 41.4851989746094
291.1 58.2349853515625
291.9 28.2650146484375
292.0 105.487037658691
292.1 14.0383548736572
293.0 429.17724609375
293.8 131.883544921875
294.0 27.6526031494141
294.1 58.260669708252
294.7 22.60032081604
294.8 158.757949829102
295.3 12.0967798233032
296.0 34.8134536743164
297.0 510.40185546875
297.9 48.5976676940918
298.0 27.1287117004395
300.1 12.0208415985107
300.7 12.0557489395142
300.9 33.5320129394531
302.7 10.4132242202759
302.8 16.296760559082
303.0 38.6281280517578
304.2 11.5572147369385
305.0 23.2105712890625
305.9 27.1158447265625
306.1 58.1858711242676
306.9 37.260871887207
307.0 467.434539794922
307.1 152.386154174805
307.8 49.673885345459
308.0 60.543327331543
308.1 457.884918212891
309.0 308.141143798828
309.2 94.8170013427734
310.1 12.054838180542
310.3 10.6429500579834
310.8 26.066478729248
310.9 43.2068214416504
313.0 10.8351917266846
317.0 13.2378072738647
318.8 11.2877922058105
318.9 16.4035835266113
319.1 26.5492477416992
321.9 11.1234350204468
322.1 53.3725967407227
322.8 35.3918228149414
323.0 33.7840423583984
323.1 247.29638671875
324.1 38670.328125
325.1 8431.369140625
326.1 582.228454589844
326.2 639.787414550781
327.1 137.927871704102
327.3 23.279390335083
331.0 49.7658348083496
332.9 42.1552314758301
334.9 14.5931243896484
335.2 23.8832683563232
336.1 36.2183685302734
341.0 13.308217048645
348.8 25.6638469696045
349.1 18.8025398254395
349.9 14.8874788284302
350.1 204.925384521484
350.2 26.0426425933838
350.4 15.9447078704834
350.9 60.2833404541016
351.1 398.891632080078
351.2 28.7295551300049
351.9 16.7762012481689
352.1 98.1318893432617
352.2 13.1930675506592
352.8 40.9889984130859
353.0 86.7212295532227
353.2 47.5143241882324
359.1 186.825546264648
359.2 161.970199584961
359.3 25.6516914367676
360.2 47.1841621398926
361.1 11.9265794754028
366.9 10.7097806930542
367.1 37.1045341491699
367.9 32.8016510009766
368.1 42.994083404541
368.2 13.6023054122925
369.0 11.0494832992554
370.9 11.8616142272949
522.8 11.5642147064209
