#"+EI Scan (rt: 8.344-8.455 min, 20 scans) R6M6.D  Subtract "
#Point,X(Thompsons),Y(Counts)
40.1 85.8541488647461
40.2 52.4246444702148
41.1 7804.47705078125
42.0 127.311836242676
42.1 361.148559570313
42.2 364.890319824219
43.1 15055.203125
44.0 573.285949707031
44.8 24.0012817382813
44.9 94.9916687011719
45.2 21.6217555999756
45.9 16.6587619781494
46.8 43.2053375244141
49.1 40.7308464050293
49.9 74.191535949707
50.0 231.949981689453
51.0 752.644592285156
51.8 14.5467729568481
51.9 95.8313522338867
52.1 192.952026367188
52.2 8.61560344696045
52.9 91.2407836914063
53.0 491.384460449219
53.9 78.6266937255859
54.0 61.715934753418
54.2 19.6796741485596
55.1 2574.47998046875
56.0 18.4581604003906
56.1 146.247955322266
56.7 9.98178005218506
57.0 192.174407958984
57.2 8.36625099182129
58.0 64.5302810668945
58.3 30.8732490539551
59.0 1303.88525390625
60.0 69.4111785888672
60.1 19.2051105499268
60.9 47.8872871398926
61.0 49.1123962402344
62.0 460.413024902344
62.1 65.8722763061523
63.0 1064.15930175781
63.1 312.503479003906
63.9 116.951583862305
64.1 296.683776855469
64.2 11.8029146194458
64.9 205.103363037109
65.0 297.890502929688
65.4 11.2139339447021
65.9 67.4585723876953
66.1 13.0890789031982
66.9 13.883674621582
67.0 148.079666137695
67.9 29.40700340271
68.1 23.6714115142822
68.2 36.9730339050293
69.0 510.4150390625
69.9 8.55856513977051
70.0 37.3927230834961
70.2 52.6471939086914
70.8 23.3214378356934
71.0 397.13232421875
71.2 107.295700073242
71.8 21.8292369842529
72.1 47.6185455322266
73.0 828.189453125
74.0 618.686645507813
75.0 1386.99096679688
75.1 224.690460205078
76.0 1409.13049316406
76.1 108.263801574707
77.0 3783.060546875
78.0 1774.10302734375
78.9 58.5465469360352
79.0 373.467315673828
80.1 18.2459564208984
80.2 19.6356067657471
81.0 284.103515625
81.8 87.6235275268555
81.9 16.3873519897461
82.0 3.56863403320313
82.9 104.492111206055
83.0 19.5978927612305
83.2 42.8896636962891
83.8 21.3924446105957
83.9 8.70454788208008
84.2 9.31838798522949
85.0 91.5931396484375
85.1 78.3174591064453
85.9 75.3041534423828
86.0 314.670013427734
86.1 30.1377220153809
87.0 1089.21801757813
88.0 3307.02392578125
88.1 22.5896224975586
89.0 4310.68017578125
90.0 374.5888671875
90.1 332.627960205078
90.8 74.3499984741211
91.0 140.618865966797
91.1 91.4799499511719
91.9 28.2136573791504
92.1 42.4820251464844
92.3 7.63632345199585
92.7 14.6112623214722
92.9 0.806755065917969
93.1 60.4175567626953
93.4 55.5263671875
93.6 103.55460357666
93.8 40.1671447753906
94.1 26.6049690246582
94.3 129.240005493164
94.5 407.341064453125
94.6 302.577178955078
95.0 33.2063217163086
95.1 70.6036376953125
95.2 106.968490600586
95.4 43.9567489624023
95.6 39.9115982055664
95.7 134.08903503418
96.0 21.2733535766602
96.1 43.0411376953125
96.2 16.033224105835
96.3 12.2950687408447
96.7 22.4598274230957
97.0 184.549468994141
97.1 3.45001983642578
97.8 58.7605476379395
98.0 229.497039794922
98.8 11.0417795181274
98.9 115.846336364746
99.0 256.467620849609
99.2 33.752571105957
99.8 11.6590795516968
100.0 506.547241210938
100.1 298.494720458984
100.9 576.648559570313
101.0 2401.82397460938
101.2 85.4146881103516
102.0 6719.82763671875
103.0 2591.29614257813
103.8 34.6313285827637
103.9 191.754867553711
104.1 163.48893737793
105.0 107.524063110352
105.1 107.735488891602
105.2 38.2048110961914
105.5 26.9063167572021
105.7 31.2334632873535
105.9 58.6149215698242
106.1 46.4433059692383
106.3 39.4752883911133
106.5 241.841506958008
106.6 645.434936523438
106.8 156.170349121094
107.1 134.112152099609
107.3 212.552703857422
107.6 610.782104492188
107.7 208.061798095703
108.1 56.3411979675293
108.2 37.3696708679199
108.5 252.488723754883
108.9 1184.88049316406
109.8 34.1386871337891
109.9 118.83519744873
110.0 103.651679992676
110.9 300.174835205078
111.7 33.6131477355957
111.9 209.379058837891
112.1 45.4180030822754
113.0 4903.40234375
113.2 68.6254501342773
114.0 23872.3046875
115.0 8743.33203125
116.0 9809.400390625
117.0 2473.81079101563
118.0 426.585205078125
118.1 88.039192199707
118.3 19.0384521484375
118.7 25.2692413330078
118.9 127.44637298584
119.0 43.3002471923828
119.2 87.8907012939453
119.3 114.581260681152
119.7 103.185363769531
119.8 23.8268756866455
120.3 39.4551162719727
120.5 2312.20727539063
120.6 1003.50079345703
120.7 52.3709182739258
121.0 29.4054489135742
121.2 278.162963867188
121.3 43.1701431274414
121.4 177.87092590332
121.7 328.769866943359
121.9 45.5389366149902
122.1 109.570068359375
122.3 49.6854362487793
122.9 15.7301483154297
123.0 188.187881469727
123.7 8.81161022186279
123.9 21.1451988220215
124.0 40.8995819091797
124.1 16.4256477355957
124.9 451.231750488281
125.1 278.874267578125
125.3 24.7844295501709
126.0 198.953186035156
126.1 4049.5390625
127.0 12095.5087890625
128.0 12404.5830078125
129.0 8521.5478515625
130.0 4734.1171875
131.0 794.946533203125
131.1 223.136169433594
131.8 44.7539443969727
131.9 129.147094726563
132.0 258.621551513672
132.1 199.688827514648
132.2 56.0251083374023
132.8 85.6860961914063
133.0 285.007019042969
133.2 55.163948059082
133.6 89.1897125244141
133.9 35.3873748779297
134.0 63.2633361816406
134.1 136.276916503906
134.3 34.7512741088867
134.9 99.7088623046875
135.1 1224.33715820313
135.2 137.058517456055
135.4 167.69938659668
135.7 282.118316650391
135.8 586.770874023438
136.0 436.7607421875
136.1 359.021301269531
137.0 5188.138671875
138.0 1253.91552734375
139.0 1556.5341796875
139.8 49.6313133239746
139.9 109.664093017578
140.0 504.44580078125
140.1 105.01252746582
141.0 1643.17114257813
141.1 749.472290039063
141.9 12.3191375732422
142.0 8227.498046875
143.0 4315.43505859375
144.0 26512.255859375
145.0 3057.63598632813
145.8 17.3067359924316
145.9 199.560104370117
146.1 131.721374511719
146.2 33.5322494506836
146.9 148.957946777344
147.1 45.907470703125
147.5 30.2022857666016
147.6 28.1323204040527
147.9 25.6791839599609
148.1 50.485725402832
148.4 71.0373306274414
148.6 41.9836654663086
148.8 187.261001586914
149.1 30.4441013336182
149.2 238.011184692383
149.4 204.904586791992
149.7 761.667175292969
149.9 599.998901367188
150.1 289.548889160156
150.8 96.4354095458984
150.9 468.727752685547
151.0 260.811798095703
151.8 15.5123071670532
151.9 47.5894050598145
152.0 597.0576171875
152.2 13.0263433456421
152.9 154.252685546875
153.0 21.1684112548828
153.1 429.357818603516
153.9 33.6196975708008
154.0 870.092529296875
154.1 531.946899414063
154.9 535.66552734375
155.0 1222.79516601563
156.0 906.613586425781
156.2 1207.75915527344
157.0 11697.5302734375
158.0 624.203796386719
158.1 2227.86987304688
159.0 1570.42041015625
159.7 43.3628616333008
160.0 481.049682617188
160.1 42.3901901245117
160.9 268.858795166016
161.7 32.8255386352539
162.0 280.222930908203
162.1 1.08573722839355
162.8 32.9966468811035
163.0 949.389038085938
163.6 11.7461824417114
163.8 54.4228172302246
163.9 193.486953735352
164.1 381.951538085938
164.7 13.4360427856445
164.8 139.763565063477
165.0 161.587036132813
165.1 11.903284072876
165.9 181.707412719727
166.1 78.0895843505859
166.9 155.891967773438
167.0 350.449279785156
167.9 192.991256713867
168.1 293.847198486328
169.0 822.861328125
169.1 452.006286621094
170.0 2568.38745117188
171.1 2548.96166992188
171.7 42.7486839294434
171.8 122.900436401367
171.9 227.773803710938
172.1 226.002914428711
172.8 10.7867317199707
172.9 64.243408203125
173.0 54.0469131469727
173.9 73.8754043579102
174.0 493.807067871094
174.1 73.7359771728516
174.9 264.178100585938
175.0 451.160827636719
175.7 15.8885087966919
175.9 134.610565185547
176.0 616.930847167969
176.9 84.4954452514648
177.0 183.075347900391
177.1 9.78831386566162
177.7 7.79606246948242
177.8 42.7199783325195
177.9 12.86496925354
178.0 172.560333251953
178.1 126.041404724121
178.3 16.3444156646729
178.6 40.2556686401367
178.8 34.1405563354492
178.9 122.414306640625
179.9 46.1179542541504
180.0 96.0781021118164
180.1 56.751293182373
180.7 29.7322273254395
180.9 258.317321777344
181.1 58.7188415527344
182.0 349.200286865234
182.0 139.583068847656
182.2 18.5902423858643
182.6 15.8799457550049
182.9 72.3755035400391
183.0 1457.1455078125
183.1 15.7078723907471
183.9 34.3260765075684
184.0 1804.00524902344
185.0 29267.71875
186.0 46.9220237731934
186.1 5757.61328125
186.9 355.483764648438
187.1 1148.67895507813
187.8 16.8790454864502
188.0 279.234710693359
188.1 323.921936035156
189.0 550.588073730469
189.1 465.545135498047
189.8 13.3962297439575
190.0 149.868194580078
190.1 264.987640380859
190.2 31.5382556915283
190.7 30.7124443054199
190.9 169.414840698242
191.1 156.216949462891
191.7 19.8186950683594
192.0 101.705276489258
192.2 18.3805503845215
192.9 90.3972625732422
193.0 70.9423675537109
193.7 24.4201793670654
193.9 66.3605117797852
194.0 50.6760559082031
194.2 43.8559379577637
195.0 208.97265625
195.1 141.436264038086
195.9 159.991607666016
196.0 161.645950317383
197.0 12482.1650390625
198.1 2393.76171875
198.9 114.764617919922
199.0 924.336730957031
200.0 3353.61328125
201.0 3635.49829101563
201.9 23.965669631958
202.0 1684.18591308594
202.1 3515.52685546875
202.9 180.093414306641
203.0 1483.60034179688
203.9 235.28288269043
204.0 387.685791015625
204.8 68.4670104980469
205.0 107.87313079834
205.1 8.26935195922852
205.8 1.83861923217773
206.0 82.4555511474609
207.0 376.611083984375
207.9 59.1474227905273
208.0 9.60479354858398
208.7 27.0758571624756
208.9 15.9772796630859
209.0 106.88215637207
209.8 32.7672271728516
209.9 117.873474121094
210.0 124.22876739502
211.0 1626.88525390625
212.0 503.555847167969
212.1 397.422271728516
213.0 1094.05529785156
213.1 1593.94616699219
214.1 29299.943359375
215.0 8258.6064453125
216.0 1267.74182128906
217.0 877.183959960938
217.9 162.16552734375
218.0 142.89013671875
218.9 486.756591796875
219.7 20.4019412994385
220.0 122.566444396973
220.9 149.729690551758
221.7 16.2345085144043
221.9 54.8166885375977
222.1 9.63675117492676
222.2 10.2043437957764
223.0 175.822021484375
223.7 26.1148738861084
223.9 262.959930419922
224.1 112.731796264648
224.9 138.073196411133
225.0 421.373199462891
225.2 38.6646499633789
226.0 386.42578125
226.1 930.407348632813
227.0 2412.50463867188
227.1 830.044555664063
228.1 9469.796875
229.1 4323.50634765625
230.0 307.700805664063
230.1 3132.38330078125
231.0 881.097717285156
231.2 144.734375
231.9 1.6203818321228
232.0 133.177444458008
233.0 1335.79248046875
234.0 210.699035644531
234.1 58.3096923828125
235.0 525.748413085938
235.8 11.2482795715332
235.9 54.9744071960449
236.1 73.4104614257813
237.0 1076.10546875
238.0 728.417907714844
238.0 257.057189941406
239.0 921.468994140625
240.1 4309.1279296875
241.1 11669.8857421875
242.1 5012.26806640625
243.0 796.732299804688
243.1 1088.77270507813
243.9 50.4617919921875
244.0 420.236511230469
244.1 238.708541870117
244.3 38.7127494812012
244.8 50.5153884887695
245.0 112.702919006348
245.1 176.165283203125
246.0 13.5676937103271
246.1 8.29722595214844
246.8 25.5931854248047
246.9 22.5051250457764
248.0 7.98980236053467
248.7 8.49096298217773
248.8 46.7438659667969
249.0 30.8420696258545
249.1 22.1439151763916
250.0 30.0337104797363
250.8 58.4735336303711
251.0 135.064422607422
251.1 161.169998168945
251.9 28.0107727050781
252.0 347.357788085938
252.9 139.597869873047
253.1 750.600769042969
254.1 4269.7568359375
254.9 234.033645629883
255.1 1710.28588867188
256.1 4897.06494140625
257.1 6161.89208984375
258.0 127.209831237793
258.1 1899.42150878906
258.2 55.6374397277832
258.7 1.7782998085022
258.9 38.9779930114746
259.0 377.841827392578
259.1 137.672393798828
259.2 11.9478702545166
259.8 4.43095684051514
259.9 12.5708255767822
260.1 31.6368350982666
260.8 0.638504028320313
260.9 52.4670219421387
261.0 21.6761684417725
261.1 8.07962989807129
262.9 6.36228561401367
263.0 47.9487533569336
264.0 87.1636734008789
264.1 19.7210578918457
264.8 24.9303970336914
265.0 133.660095214844
265.2 50.0130233764648
265.8 61.9520492553711
266.0 193.843795776367
266.1 85.9033889770508
266.8 20.4455718994141
266.9 122.230979919434
267.0 232.95361328125
267.2 113.67790222168
267.9 53.4273567199707
268.0 781.653198242188
269.1 3452.64892578125
270.1 5973.70361328125
271.1 3558.06787109375
272.1 3540.00927734375
272.2 368.452239990234
273.0 1039.31298828125
273.1 56.2779541015625
273.9 12.4641799926758
274.0 119.038917541504
274.1 95.8002166748047
274.6 0.474641799926758
274.8 39.6758880615234
274.9 36.8920364379883
275.7 10.3790912628174
275.8 84.0217056274414
276.0 29.8381786346436
276.1 8.12467861175537
276.7 32.369026184082
276.8 49.0976181030273
277.1 15.5468082427979
277.8 31.5785980224609
277.9 63.2957000732422
278.1 83.934814453125
278.6 22.8182640075684
278.9 37.6745109558105
279.0 133.317077636719
279.8 7.87008285522461
279.9 35.6152458190918
280.1 184.108993530273
281.0 318.525238037109
281.1 130.93879699707
282.0 2097.79663085938
282.2 64.3507614135742
283.0 1788.65686035156
283.1 64.9283828735352
284.1 3937.91479492188
285.1 10123.4853515625
286.0 23.7029342651367
286.1 4860.763671875
287.1 1231.21948242188
287.9 59.8671188354492
288.0 196.173614501953
288.1 99.0673980712891
289.0 928.483581542969
289.7 26.4625511169434
290.0 65.5127563476563
290.1 98.2862243652344
291.0 104.567245483398
291.1 27.0506896972656
291.9 20.0386505126953
292.1 71.8134460449219
293.0 552.781982421875
293.9 4.0538330078125
294.0 397.013580322266
294.9 136.422805786133
295.1 191.922790527344
296.0 167.859405517578
296.1 926.20654296875
296.3 11.0451164245605
297.0 1202.41198730469
297.1 511.336059570313
298.1 3227.1640625
298.2 559.510375976563
299.1 3289.42700195313
300.1 13603.904296875
301.0 655.756042480469
301.1 2504.703125
301.9 8.7180004119873
302.0 621.0107421875
302.1 225.922409057617
302.8 34.5645065307617
302.9 63.3181610107422
303.1 105.839729309082
304.1 23.1087417602539
304.9 14.019079208374
305.1 14.4681453704834
305.2 13.5393905639648
305.9 7.77689361572266
306.1 21.1980495452881
306.8 9.7116813659668
307.0 94.7236557006836
307.7 12.8848705291748
307.9 15.6519203186035
308.0 47.1767349243164
308.2 21.1486358642578
308.8 11.2700595855713
308.9 21.3597545623779
309.1 59.765552520752
309.8 18.2412662506104
310.0 101.406478881836
310.1 449.986419677734
310.3 31.7744960784912
311.0 343.203521728516
311.2 299.215057373047
311.7 11.2704944610596
311.9 46.8220443725586
312.0 490.271057128906
312.1 564.714050292969
312.9 24.774169921875
313.0 369.790374755859
313.1 380.387359619141
314.1 27170.85546875
315.1 6615.84619140625
316.0 260.044708251953
316.1 567.748901367188
316.1 307.928192138672
316.8 22.8661651611328
317.0 43.5966796875
317.1 12.3919591903687
318.9 13.5326528549194
321.0 9.05010223388672
321.8 20.9650783538818
322.0 235.257537841797
322.2 364.466094970703
322.3 26.4966583251953
322.9 37.9728126525879
323.1 124.377990722656
323.3 8.30825996398926
324.0 183.743545532227
324.1 269.449737548828
324.9 62.6687088012695
325.1 45.6392250061035
325.2 35.597526550293
325.4 7.98261117935181
325.8 12.2739763259888
326.1 284.465209960938
326.2 108.762428283691
326.7 14.633581161499
326.9 69.1178970336914
327.1 192.261383056641
328.1 4378.0068359375
328.9 20.2767162322998
329.1 1038.56909179688
329.2 139.172882080078
330.0 23.7306938171387
330.1 104.606300354004
330.2 9.79320812225342
330.8 16.6035709381104
330.9 18.9464550018311
331.1 7.83390140533447
332.0 9.79409408569336
333.1 21.8490867614746
335.0 19.3296642303467
336.3 12.8446369171143
336.9 11.959020614624
337.0 13.156909942627
337.2 38.1438674926758
337.9 21.6336555480957
338.1 295.814056396484
338.3 19.2648811340332
338.7 9.08238124847412
338.9 17.0106086730957
339.1 167.90803527832
339.2 417.247497558594
339.4 15.5188827514648
340.1 3459.05615234375
341.1 453.713043212891
341.2 656.1904296875
341.9 30.3672332763672
342.1 302.932067871094
342.2 382.989288330078
342.3 27.7212562561035
343.1 327.493225097656
343.2 640.559753417969
344.0 42.278190612793
344.1 162.065673828125
344.3 80.1244354248047
345.0 23.4655380249023
345.1 31.7785339355469
347.0 11.7674016952515
348.8 6.57744598388672
349.0 66.0409698486328
349.1 6.40030860900879
349.8 5.99251651763916
350.0 17.6270446777344
350.3 9.31137180328369
350.8 24.5052242279053
351.0 46.1987724304199
352.2 1589.328125
352.3 73.3899993896484
352.9 11.6525707244873
353.0 109.915626525879
353.1 394.624206542969
353.2 215.287673950195
354.2 28374.62109375
355.2 8635.9091796875
356.2 9069.283203125
356.2 2068.44653320313
357.0 64.3004913330078
357.2 3104.71728515625
358.1 164.060409545898
358.1 226.438629150391
358.3 58.7800483703613
359.0 55.7744636535645
359.2 35.409252166748
360.1 9.56455707550049
364.7 8.39572811126709
365.1 8.83002090454102
366.8 3.62335443496704
367.0 81.7526092529297
367.2 12.7679462432861
367.9 16.4626331329346
368.1 71.6622161865234
368.2 71.8053131103516
369.1 382.058654785156
369.2 85.6714859008789
370.2 27632.015625
371.2 60043.1875
372.2 15576.5263671875
373.0 69.1740570068359
373.2 2316.31689453125
373.3 77.0118865966797
373.9 29.2207221984863
374.0 35.4599075317383
374.1 101.278793334961
374.3 50.0737495422363
382.1 10.33336353302
385.2 10.348840713501
387.0 13.482494354248
387.3 8.72824096679688
393.2 8.06954383850098
409.0 10.5553302764893
