#"+EI Scan (rt: 8.344-8.449 min, 19 scans) R7M6.D  Subtract "
#Point,X(Thompsons),Y(Counts)
40.1 234.538223266602
41.1 7633.201171875
42.0 231.275650024414
42.1 571.524841308594
43.1 15574.2060546875
44.0 643.706787109375
44.9 32.0226211547852
45.0 107.741317749023
46.8 52.6301574707031
48.8 9.92287635803223
48.9 1.53864860534668
49.9 78.6347808837891
50.0 138.245544433594
50.1 93.6691207885742
50.2 28.8593902587891
51.0 518.220458984375
51.1 73.741081237793
52.0 194.191009521484
52.1 86.9316558837891
53.0 691.007019042969
54.0 37.4433517456055
54.1 98.4680480957031
55.0 2449.96923828125
56.0 23.5427932739258
56.1 191.170303344727
56.2 15.2594375610352
57.1 116.961364746094
57.2 21.7604484558105
57.7 9.71776103973389
58.0 50.9206771850586
59.0 1338.412109375
60.0 260.393127441406
61.0 87.1883697509766
61.1 5.71957492828369
61.8 10.1350421905518
62.0 568.986938476563
62.9 53.9733200073242
63.0 1131.31726074219
63.9 247.141357421875
64.1 179.293746948242
64.9 150.422241210938
65.0 282.73779296875
65.1 4.39321994781494
65.8 10.0819759368896
65.9 47.3077011108398
66.2 19.8427696228027
66.8 23.0721702575684
66.9 55.9481430053711
67.0 75.4015045166016
67.1 19.3738193511963
67.8 29.9038333892822
68.0 21.5198612213135
68.1 26.8268070220947
69.0 430.559356689453
69.1 95.9923934936523
69.9 2.69546508789063
70.1 115.978981018066
70.2 22.334753036499
70.9 184.837173461914
71.1 236.38916015625
71.2 18.5027332305908
71.8 10.7793636322021
73.0 769.587890625
73.9 544.175903320313
74.1 78.3269882202148
75.0 1481.70458984375
76.0 654.384155273438
76.1 794.966735839844
77.0 3539.212890625
78.0 1512.384765625
79.0 261.801940917969
79.1 60.1429634094238
79.9 39.3167533874512
79.9 6.36917877197266
81.0 535.672607421875
81.9 62.277458190918
82.1 30.2702560424805
82.2 9.5002613067627
82.9 105.368316650391
83.1 11.884147644043
83.2 12.0582885742188
83.9 9.33071231842041
84.1 10.6945514678955
85.0 147.169189453125
85.9 46.7465133666992
86.0 168.17431640625
86.1 197.320983886719
87.0 815.784484863281
87.1 95.8649749755859
88.0 3277.27368164063
89.0 1347.41882324219
89.0 2749.93701171875
89.8 0.450553894042969
90.0 306.219512939453
90.1 206.640411376953
91.0 241.088973999023
91.1 50.5143775939941
92.2 11.7830448150635
92.8 67.5037536621094
92.9 64.5173416137695
93.0 1.76488494873047
93.1 20.5953483581543
93.3 25.3295955657959
93.5 71.3596267700195
93.6 13.7660398483276
93.8 22.0716495513916
93.9 7.27133131027222
94.1 50.3036422729492
94.3 72.2113494873047
94.4 326.104736328125
94.5 61.4526634216309
94.7 58.6671600341797
94.8 45.1856231689453
95.0 68.2190780639648
95.2 75.0833129882813
95.3 97.5758514404297
95.5 38.1729431152344
95.6 15.5522632598877
95.7 21.0275745391846
96.1 32.7172470092773
97.0 173.491271972656
97.1 5.10148429870605
97.9 9.96221733093262
98.0 233.810043334961
98.2 34.0037155151367
98.8 19.7834377288818
98.9 240.578689575195
99.1 87.2800674438477
99.3 21.3901119232178
99.9 164.55696105957
100.0 731.779235839844
100.1 84.5011825561523
100.9 29.646858215332
101.0 1423.74499511719
101.1 1627.86242675781
102.0 6686.29638671875
102.9 241.476226806641
103.0 2123.27001953125
103.8 26.7293090820313
104.0 215.546569824219
104.1 168.646499633789
104.9 89.7614440917969
105.0 105.689094543457
105.2 52.9444885253906
105.8 92.1558074951172
105.9 48.3097457885742
106.3 88.7367172241211
106.4 457.039154052734
106.6 423.44970703125
106.8 88.3504028320313
107.1 52.6898574829102
107.3 500.544158935547
107.5 200.1689453125
107.6 137.971221923828
107.9 24.2713298797607
108.1 0.748950004577637
108.3 40.5074729919434
108.4 39.9771614074707
109.0 911.773071289063
109.8 167.908477783203
110.0 13.4344329833984
110.1 7.45633268356323
110.9 15.2088088989258
111.0 191.62419128418
111.1 23.8733596801758
111.7 24.7546825408936
111.8 84.6159515380859
112.0 105.265754699707
112.2 101.804626464844
112.3 54.0667610168457
113.0 4681.90771484375
114.0 23081.857421875
115.0 8345.9931640625
116.0 9413.2099609375
117.0 2241.1181640625
117.7 7.9173698425293
117.9 70.3450241088867
118.0 343.452606201172
118.1 80.4869995117188
118.6 49.296501159668
119.0 44.758171081543
119.1 146.585891723633
119.3 57.4068908691406
119.4 30.0531005859375
119.6 167.406784057617
119.7 32.3170433044434
119.9 28.1704292297363
120.3 73.2314605712891
120.4 279.698455810547
120.6 2801.27954101563
120.9 183.338333129883
121.2 130.857818603516
121.3 86.7348022460938
121.6 386.204345703125
121.7 177.251861572266
121.8 69.056022644043
122.0 110.750801086426
122.3 89.0421829223633
122.6 10.1749868392944
122.9 116.721260070801
123.1 83.2554626464844
123.9 49.6399803161621
124.0 23.4154739379883
124.9 244.493957519531
125.0 439.189697265625
125.9 149.005233764648
126.0 3900.59448242188
127.0 11691.0830078125
128.0 12048.5380859375
129.0 8423.2373046875
130.0 4493.36083984375
131.0 285.408081054688
131.1 565.150146484375
131.7 17.5656547546387
131.9 215.694961547852
132.0 410.940063476563
132.2 30.068208694458
132.8 41.7699203491211
132.9 436.529510498047
133.2 21.1346302032471
133.4 26.1902770996094
133.6 84.1589584350586
133.7 63.2779808044434
133.9 47.4627075195313
134.0 105.464347839355
134.2 123.751945495605
135.0 529.966430664063
135.1 694.861145019531
135.3 108.800559997559
135.6 417.210174560547
135.7 493.392669677734
135.8 405.915100097656
135.9 86.9110946655273
136.0 171.760269165039
136.1 367.719055175781
137.0 4289.625
138.0 662.671142578125
139.0 947.03564453125
139.1 352.359375
139.8 39.6505126953125
140.0 513.716857910156
140.1 218.135787963867
140.3 38.617546081543
141.0 2238.07666015625
142.0 8079.224609375
143.0 3887.61157226563
143.2 88.0759735107422
144.0 25314.5859375
145.0 2775.68627929688
145.8 54.579532623291
145.9 111.371688842773
146.1 122.584289550781
146.9 120.686042785645
147.1 66.3563766479492
147.4 19.1127490997314
147.8 31.1494579315186
148.0 48.4189147949219
148.2 28.699275970459
148.4 45.1171989440918
148.6 127.525695800781
148.8 216.598129272461
149.2 55.2831764221191
149.4 130.320129394531
149.7 950.33740234375
149.9 438.450042724609
150.1 204.925064086914
150.3 15.7661085128784
150.5 85.6328659057617
151.0 899.764587402344
151.9 77.1084442138672
152.0 380.343658447266
152.1 192.120712280273
153.0 258.595611572266
153.1 324.849365234375
153.8 54.1940765380859
154.0 904.062622070313
154.1 337.154022216797
155.0 1153.09326171875
155.0 667.338928222656
156.0 385.270629882813
156.2 1888.1064453125
157.0 11331.4990234375
157.7 33.3332214355469
158.0 1312.58581542969
158.0 1314.25146484375
159.0 1448.875
159.9 197.041656494141
159.9 9.18435668945313
160.0 85.81396484375
160.9 362.696746826172
161.9 82.9100875854492
162.1 292.054534912109
162.2 27.2273368835449
162.9 153.765930175781
163.0 420.340942382813
163.8 198.338485717773
164.0 100.091506958008
164.1 263.861328125
164.3 44.4147567749023
164.8 8.41745758056641
164.9 68.9107055664063
165.1 293.175903320313
165.9 169.862594604492
166.1 166.282852172852
166.9 95.4979248046875
167.0 533.827270507813
167.8 14.908501625061
167.9 307.833068847656
168.0 166.576126098633
168.3 43.2764167785645
168.9 50.1012573242188
169.0 1024.52893066406
170.0 802.738525390625
170.1 1675.18823242188
171.0 2355.84716796875
171.7 69.9659271240234
171.8 159.256149291992
172.0 292.717498779297
172.1 128.391510009766
172.6 18.3966102600098
172.9 64.7352447509766
173.0 124.925231933594
173.2 9.11979484558105
173.7 11.4266357421875
173.9 254.968307495117
174.1 340.621673583984
174.9 149.688430786133
175.0 331.464080810547
175.2 80.077018737793
175.8 90.3214797973633
176.0 247.081756591797
176.1 504.444641113281
176.4 10.8544416427612
176.8 53.0086364746094
176.9 218.876953125
177.1 123.840675354004
177.8 86.3453521728516
178.0 198.860427856445
178.2 63.1771278381348
178.6 7.4018988609314
178.8 99.3191833496094
178.9 30.923152923584
179.0 4.44090557098389
179.2 31.0358562469482
179.6 17.8267517089844
179.8 17.8109664916992
179.9 13.7196426391602
180.1 106.345603942871
180.2 8.55492496490479
180.4 8.89630317687988
180.8 118.708160400391
180.9 173.022216796875
181.9 35.5586395263672
182.0 413.867736816406
182.1 80.9277038574219
182.9 314.155578613281
183.0 1102.30541992188
183.8 66.1486206054688
184.1 1556.572265625
185.0 27705.625
186.0 3451.96899414063
186.1 1939.20166015625
186.9 597.050537109375
187.1 740.261840820313
187.7 17.1532726287842
187.9 152.82633972168
188.0 277.160522460938
188.2 52.3314933776855
188.8 43.159294128418
188.9 165.353332519531
189.0 748.399841308594
189.9 77.8574447631836
190.0 168.282501220703
190.1 95.0010070800781
190.3 26.3366718292236
190.8 167.018035888672
191.0 74.230583190918
191.7 5.80807161331177
191.9 101.361274719238
192.0 30.6811580657959
192.2 15.0288248062134
192.7 6.40726280212402
192.9 354.673950195313
193.9 80.8814697265625
194.1 60.9818229675293
194.8 98.0988540649414
194.9 80.1524353027344
195.0 155.898956298828
195.8 90.8434600830078
196.0 222.343963623047
196.1 57.1250915527344
197.0 12275.0068359375
198.0 916.608520507813
198.1 1306.93127441406
198.9 236.640869140625
199.0 586.631652832031
200.0 316.725738525391
200.0 2855.7060546875
201.0 3575.15405273438
202.1 4854.54931640625
203.0 1671.30993652344
203.9 103.919822692871
204.0 484.852905273438
204.2 63.5456619262695
205.0 190.002655029297
205.1 32.1182556152344
205.8 1.17823696136475
206.0 19.8557834625244
206.1 15.0789365768433
206.2 8.23069477081299
206.8 34.5667572021484
207.0 262.910461425781
208.1 122.23509979248
208.7 19.8001918792725
209.0 135.029571533203
209.8 73.4639282226563
210.0 94.1098480224609
210.1 106.228134155273
210.3 22.6452560424805
211.0 1807.20935058594
212.0 829.58447265625
212.1 135.233139038086
213.0 2658.39770507813
214.1 27614.73046875
215.0 7118.826171875
216.0 1204.43762207031
217.0 779.379943847656
217.1 130.309036254883
217.9 172.087677001953
218.1 75.7971343994141
218.9 549.901123046875
220.0 239.73030090332
220.9 142.276885986328
221.6 16.0614681243896
221.9 0.388364791870117
222.0 25.7266483306885
222.8 113.800346374512
222.9 72.3471069335938
223.9 32.3047637939453
224.0 246.410263061523
224.2 20.8005695343018
225.0 267.069610595703
225.0 324.229583740234
225.8 18.0498905181885
226.0 261.627838134766
226.0 542.975891113281
226.1 525.944213867188
227.0 620.708984375
227.1 2635.91333007813
228.1 9056.37890625
229.0 4057.3681640625
229.8 41.4492721557617
230.0 1075.11499023438
230.1 2040.58374023438
231.0 226.189636230469
231.1 407.415924072266
231.2 189.439788818359
231.9 55.3493270874023
232.0 110.482749938965
232.1 24.3348827362061
232.2 20.3261966705322
233.0 1220.63818359375
234.0 416.874389648438
234.8 58.0575332641602
235.0 175.65576171875
235.1 25.1112518310547
235.7 38.0522384643555
235.9 2.28983688354492
236.0 99.7552947998047
237.0 1192.57861328125
238.0 917.056091308594
238.0 184.115936279297
239.0 813.941711425781
240.1 4163.8974609375
241.1 10481.19921875
242.1 4738.0009765625
242.6 12.8429098129272
242.8 23.2484550476074
243.0 386.552062988281
243.1 1373.13696289063
243.9 31.3924331665039
244.1 559.83056640625
244.2 114.872581481934
244.9 173.809051513672
245.0 157.651702880859
246.0 56.9880104064941
246.7 6.2258825302124
246.9 11.4556560516357
247.0 15.9210987091064
247.2 1.5894775390625
248.8 7.34089088439941
249.0 15.8778038024902
249.1 18.8606929779053
249.8 13.2148246765137
250.1 9.75645065307617
250.9 178.306030273438
251.1 194.700927734375
251.9 27.6375637054443
252.0 380.781494140625
252.9 28.430347442627
253.1 849.424499511719
254.0 2188.75854492188
254.1 1663.78063964844
255.0 1922.87915039063
256.1 4290.76171875
256.9 12.9011154174805
257.1 5795.26611328125
258.0 192.761566162109
258.1 1770.02453613281
258.2 72.1204223632813
259.0 438.768096923828
259.1 48.5654220581055
259.8 78.4392318725586
260.1 26.5238037109375
260.2 19.5054206848145
260.5 8.72638702392578
260.9 32.0793380737305
261.1 8.96768474578857
262.8 28.5708866119385
263.8 19.921459197998
264.0 19.4896125793457
264.8 18.1257972717285
265.0 51.2900009155273
265.1 146.799438476563
265.9 32.0298347473145
266.0 28.848934173584
266.1 278.694793701172
266.8 17.5271396636963
266.9 88.8599472045898
267.0 240.517684936523
267.1 167.362701416016
267.6 14.8220338821411
268.0 472.976196289063
268.1 317.619934082031
269.0 104.839416503906
269.1 3027.55859375
270.1 5838.7958984375
271.1 3100.08251953125
271.9 185.717956542969
272.1 3457.11108398438
273.0 825.039184570313
273.2 190.091186523438
273.8 9.4163932800293
274.0 154.229965209961
274.1 51.0517692565918
274.6 10.3649806976318
274.8 14.6469573974609
275.0 206.201461791992
275.1 9.89514350891113
275.6 9.99303722381592
275.9 48.4125099182129
276.0 23.9622097015381
276.3 9.01645851135254
276.6 5.47440528869629
276.8 11.1632785797119
276.9 92.8744964599609
277.0 23.4288558959961
277.8 17.8520183563232
277.9 97.1194076538086
278.0 29.338794708252
278.6 1.39520168304443
279.0 169.059417724609
279.2 9.66671752929688
279.9 23.3985862731934
280.0 193.605163574219
280.5 9.8542594909668
280.9 14.1580581665039
281.0 412.7080078125
282.0 694.7880859375
282.1 1376.24328613281
283.0 1184.72424316406
283.1 519.81787109375
284.1 3658.15014648438
285.1 9100.6123046875
286.0 2136.94165039063
286.1 2805.66088867188
286.9 127.849136352539
287.1 1003.65118408203
287.2 38.9621124267578
287.9 19.4020805358887
288.0 164.024520874023
288.1 158.952835083008
288.6 18.3484725952148
288.9 913.184936523438
289.7 46.8219604492188
290.0 112.593795776367
290.1 32.3284301757813
290.7 1.25358963012695
291.0 111.436767578125
291.6 16.6494255065918
291.7 29.19091796875
291.9 40.5710334777832
292.1 5.6261625289917
293.0 807.419494628906
293.8 17.5903968811035
293.9 253.258422851563
294.0 77.7852096557617
294.8 325.237731933594
295.0 41.6394462585449
295.2 25.5475158691406
296.0 232.305145263672
296.1 628.927612304688
296.7 7.17818641662598
297.0 663.406127929688
297.1 730.005310058594
298.0 791.514465332031
298.1 2862.51391601563
299.1 2986.58544921875
299.2 44.8563690185547
300.1 12707.9716796875
301.1 2885.56176757813
301.2 207.948654174805
301.9 160.952774047852
302.1 385.502990722656
302.1 127.696350097656
302.3 13.6372861862183
302.8 6.26960372924805
303.0 57.192268371582
303.1 104.736152648926
303.3 11.4697952270508
303.7 8.5874137878418
304.7 10.1605501174927
304.9 9.9509334564209
305.0 18.0233860015869
306.0 27.7321319580078
306.9 59.0704803466797
307.0 32.1238632202148
307.2 15.0765686035156
307.9 59.1971435546875
308.1 40.0919303894043
308.2 9.24216938018799
308.9 30.0710601806641
309.1 56.5191764831543
309.2 16.4040622711182
309.8 16.7559280395508
309.9 74.7030487060547
310.1 398.781646728516
310.2 105.440879821777
310.3 45.4938163757324
310.9 0.14007568359375
311.0 355.220336914063
311.1 256.110412597656
312.0 409.718719482422
312.1 664.322814941406
312.8 15.3599472045898
313.1 734.256530761719
314.1 25694.01171875
315.1 6108.2861328125
315.2 75.2663803100586
315.8 10.5482301712036
316.0 247.780090332031
316.1 506.410736083984
316.2 108.703872680664
316.9 22.3032474517822
317.0 45.2850227355957
317.2 42.0404586791992
320.0 10.3769760131836
321.9 38.3232536315918
322.0 75.8924789428711
322.1 553.989440917969
322.2 44.4019470214844
322.4 24.2612342834473
322.8 11.0440454483032
323.0 36.3746070861816
323.1 108.720031738281
323.9 34.8299293518066
324.0 247.917770385742
324.2 66.279914855957
325.0 123.753471374512
325.2 17.2470207214355
326.0 147.895721435547
326.1 306.953521728516
326.7 12.401834487915
326.9 31.7468223571777
327.0 85.0191421508789
327.2 135.466110229492
327.4 14.5040512084961
328.0 45.2789154052734
328.1 1278.97924804688
328.2 2850.876953125
329.1 510.472747802734
329.2 688.332824707031
330.0 105.320571899414
330.1 71.6669235229492
331.0 71.4387893676758
335.1 19.3893795013428
336.9 15.1096544265747
337.0 40.0696754455566
337.9 38.2995491027832
338.1 282.322479248047
338.2 84.885612487793
338.4 18.9274291992188
339.0 92.7530899047852
339.1 465.075103759766
339.2 40.8154678344727
340.1 2514.9609375
340.2 749.623840332031
341.0 81.0400009155273
341.1 722.538269042969
341.2 235.600219726563
341.9 42.1346321105957
342.0 104.69864654541
342.1 481.348724365234
342.2 254.171096801758
343.0 20.1684112548828
343.1 88.394645690918
343.2 588.028991699219
343.3 219.941070556641
344.1 97.0755844116211
344.2 152.461868286133
344.3 27.2744617462158
344.9 8.65362167358398
345.1 10.7301445007324
347.0 8.81175518035889
348.9 48.9750061035156
348.9 57.1747589111328
349.0 5.62517738342285
350.1 28.1722774505615
351.0 10.3877487182617
351.9 46.9605369567871
352.1 475.283721923828
352.2 1153.94689941406
353.0 224.075942993164
353.2 609.294494628906
354.2 27718.671875
355.2 8562.6298828125
356.2 11155.9501953125
357.2 3079.287109375
357.9 14.1795606613159
358.1 331.598205566406
358.2 126.845008850098
358.4 8.11879730224609
358.9 44.2113800048828
359.0 59.6950263977051
359.2 31.1429500579834
363.2 10.3588895797729
365.1 10.7924184799194
366.7 11.3213567733765
366.9 45.8387145996094
367.1 49.4534072875977
367.3 8.38724517822266
367.9 41.6912078857422
368.0 43.6388397216797
368.2 126.305252075195
368.8 8.00664043426514
369.0 133.873931884766
369.2 316.795166015625
370.2 27676.876953125
371.2 58223.3984375
372.2 15263.6396484375
373.2 2350.1708984375
374.1 75.1174774169922
374.2 179.379272460938
383.2 9.69703960418701
400.9 7.59026384353638
