#"+EI Scan (rt: 10.232-10.442 min, 37 scans) R5M6.D  Subtract "
#Point,X(Thompsons),Y(Counts)
40.1 450.627960205078
41.1 15672.8232421875
42.0 352.225738525391
42.1 805.511291503906
43.0 1912.02722167969
43.1 1222.02600097656
44.0 9117.126953125
45.0 59.8453216552734
45.0 664.839172363281
45.9 42.7726402282715
46.1 63.6156044006348
46.8 36.382396697998
48.9 8.85872268676758
49.0 55.4299392700195
49.1 3.3344874382019
49.9 72.7278442382813
50.0 457.065277099609
50.1 350.010192871094
51.0 484.029968261719
51.1 2318.05615234375
51.9 23.6500797271729
52.0 533.489074707031
52.1 427.639862060547
53.0 3173.47314453125
54.1 1111.59436035156
54.1 1082.38635253906
55.1 40925.94921875
56.0 793.821411132813
56.1 1195.34826660156
57.0 446.307800292969
58.0 35.7169418334961
58.2 87.5333404541016
59.0 1423.80810546875
59.9 138.422164916992
60.2 1.08401584625244
60.7 34.9946441650391
60.9 135.176040649414
61.0 60.6452407836914
62.0 706.456298828125
62.0 445.22998046875
63.0 2614.45947265625
64.0 621.0927734375
64.1 508.051422119141
65.0 8425.4365234375
66.0 540.529235839844
66.1 537.152465820313
66.2 26.3022613525391
67.0 5911.3916015625
68.0 458.568206787109
68.1 515.709045410156
69.0 1946.869140625
69.1 456.373107910156
69.8 45.2828483581543
70.0 136.150039672852
70.1 112.011848449707
70.8 12.6064987182617
70.9 146.244262695313
71.0 134.312957763672
71.2 9.08994388580322
71.8 14.664306640625
72.0 325.907043457031
72.1 117.088073730469
72.2 8.7438268661499
73.0 1529.912109375
73.9 62.3560562133789
74.0 477.133880615234
75.0 919.797912597656
75.1 724.68798828125
76.0 2150.24731445313
76.1 1777.33166503906
77.0 14991.04296875
78.0 4615.22802734375
79.0 3888.22509765625
80.0 405.52783203125
80.1 378.345703125
81.0 1947.296875
82.0 160.583587646484
82.1 356.980987548828
82.2 8.49398708343506
83.0 304.320404052734
83.1 1390.59448242188
83.3 18.5194396972656
83.9 73.5831756591797
84.0 27.1334323883057
84.1 78.377555847168
84.8 21.949821472168
84.9 153.707244873047
85.2 12.3834161758423
85.8 43.1603584289551
85.9 102.286651611328
86.0 91.4279479980469
86.8 23.0243625640869
87.0 700.050231933594
87.3 21.1229286193848
88.0 6957.03515625
89.0 1182.09057617188
89.0 7492.3046875
90.0 15090.96484375
91.1 54182.84375
92.0 7482.87841796875
93.0 1951.79467773438
93.9 33.7478981018066
94.0 497.130645751953
94.1 174.56396484375
95.1 3211.1865234375
96.0 219.416595458984
96.1 257.658203125
96.2 44.7684097290039
97.1 4724.521484375
97.8 14.5377063751221
98.0 387.939361572266
98.1 91.8486022949219
98.7 1.34586524963379
98.8 9.11519336700439
98.9 47.2971649169922
99.0 67.6811828613281
99.1 17.7879695892334
99.3 13.1864395141602
99.7 43.5516242980957
99.8 62.7812271118164
100.0 78.6060180664063
100.1 152.650009155273
100.8 80.6832962036133
101.0 253.878173828125
101.1 626.138122558594
101.3 24.6288032531738
102.0 4340.431640625
102.1 5199.92041015625
103.0 43555.19921875
104.0 13521.3017578125
105.0 216.432998657227
105.1 5896.27880859375
105.9 199.993301391602
106.0 858.942932128906
106.1 617.223999023438
106.9 33.2434577941895
107.0 313.969635009766
107.8 17.0725688934326
107.9 87.1619110107422
108.1 86.3254623413086
108.2 5.52202606201172
109.0 751.024658203125
110.0 159.226577758789
110.7 23.7189331054688
110.9 15.3104400634766
111.1 43.9358673095703
111.6 4.24943065643311
111.7 7.86394929885864
111.9 13.7827234268188
112.1 12.1035099029541
112.2 4.38781309127808
112.8 138.257446289063
113.8 77.9953002929688
113.9 181.193008422852
114.0 87.1210021972656
114.2 35.8707504272461
114.9 160.016387939453
115.0 907.725952148438
115.1 51.1960067749023
115.8 24.1584606170654
116.0 860.355651855469
116.1 1319.81030273438
117.0 9634.3515625
118.1 7878.38037109375
119.0 8431.697265625
120.1 13286.01171875
121.0 543.721801757813
121.1 859.862182617188
121.7 11.4185228347778
121.9 51.1076850891113
122.0 61.6928329467773
122.2 6.99485921859741
122.8 106.175506591797
123.0 22.9001235961914
123.8 8.20336627960205
124.8 59.0154724121094
124.9 64.8931350708008
125.2 13.0237092971802
125.6 6.37994432449341
125.7 13.5739974975586
125.8 21.359260559082
125.9 120.879951477051
126.0 79.8135147094727
126.8 56.3256912231445
127.0 770.6474609375
127.9 13.8029956817627
128.0 5114.3974609375
129.0 12523.341796875
130.0 15360.302734375
131.0 43479.4609375
132.0 6809.115234375
132.7 5.54705905914307
132.9 6.113037109375
133.0 996.760314941406
133.8 26.8255310058594
133.9 105.197486877441
134.1 55.8822479248047
135.0 233.026672363281
135.1 294.920257568359
135.8 65.1023483276367
136.0 28.3661193847656
136.1 55.1327781677246
137.0 5938.89453125
138.0 663.794128417969
139.0 537.555053710938
139.8 30.8064079284668
139.9 67.7809906005859
140.0 181.143493652344
140.2 58.7639694213867
140.3 12.8636722564697
141.0 894.593322753906
142.0 578.518249511719
142.1 379.025238037109
143.0 1422.08605957031
143.1 845.610473632813
144.1 8952.8076171875
145.0 187242.765625
146.0 32276.96484375
147.0 4590.28515625
147.7 8.92347717285156
147.9 149.665618896484
148.0 662.612609863281
148.1 420.423217773438
148.9 77.2074432373047
149.0 239.478698730469
149.1 99.2247924804688
149.2 11.5024948120117
149.9 15.7494201660156
150.0 55.8033103942871
150.1 31.8533382415771
151.0 453.328887939453
151.1 14.9724054336548
151.8 33.6496963500977
151.9 148.275161743164
152.0 112.394096374512
152.2 30.1320304870605
152.9 65.7632751464844
153.0 255.535049438477
153.1 0.976593017578125
153.8 31.3948154449463
153.9 123.114486694336
154.0 204.63639831543
154.1 10.439281463623
155.0 2157.21020507813
156.0 916.782104492188
156.1 932.916687011719
157.0 3190.04907226563
158.0 6665.84521484375
159.0 4173.5703125
160.0 1043.97253417969
161.0 4945.9638671875
161.9 93.5042724609375
162.0 580.410766601563
162.1 114.051544189453
162.9 167.677963256836
163.0 280.888977050781
163.9 16.2048873901367
164.0 117.344230651855
164.2 13.0013790130615
164.8 7.03509902954102
164.9 196.683197021484
165.1 81.0524291992188
165.8 31.2121677398682
166.0 90.7147521972656
166.1 82.4003753662109
166.9 112.026458740234
167.0 375.646179199219
167.8 45.1948852539063
168.0 378.048400878906
168.0 322.274291992188
168.1 74.3123321533203
168.9 175.669021606445
169.0 2210.626953125
169.9 28.7521553039551
170.0 572.351623535156
170.1 288.235321044922
170.9 137.029937744141
171.0 1199.29541015625
171.9 179.99658203125
172.0 963.525695800781
172.7 20.7414646148682
172.9 56.7763710021973
173.0 143.186080932617
173.0 387.145263671875
173.2 61.0322608947754
174.1 19695.255859375
175.1 13213.8544921875
175.9 31.0482807159424
176.0 945.413635253906
176.1 624.635131835938
176.9 121.529586791992
177.0 152.926620483398
177.2 9.25978374481201
177.7 16.8704471588135
177.9 78.6826324462891
178.1 80.8448944091797
178.2 16.7018127441406
178.9 141.836441040039
179.1 53.9900894165039
179.8 54.6289176940918
180.0 89.2744369506836
180.1 84.6797256469727
181.0 731.030212402344
181.9 71.4294815063477
182.0 395.733428955078
182.8 6.34897232055664
182.9 17.2217483520508
183.0 540.372192382813
183.1 271.474365234375
183.8 9.61224555969238
183.9 146.747467041016
184.0 277.36474609375
184.9 119.975463867188
185.0 1658.79113769531
185.2 25.3797569274902
186.0 651.928466796875
186.1 1766.74743652344
187.0 475.998107910156
187.2 9.45690536499023
187.8 34.8771095275879
187.9 92.9221801757813
188.1 120.47087097168
188.8 104.683486938477
189.0 60.4750862121582
189.7 10.3140544891357
189.9 3.52133369445801
190.0 60.1987762451172
190.3 4.22898387908936
190.8 0.0192933082580566
191.0 360.107727050781
191.7 22.9864082336426
191.9 14.7730484008789
192.0 76.4704666137695
192.1 27.2278232574463
193.0 103.643951416016
193.0 139.209335327148
193.8 11.1009635925293
193.9 68.352294921875
194.0 107.563385009766
194.1 21.401611328125
195.0 482.640441894531
195.7 22.3281021118164
195.9 47.6479339599609
196.0 176.810897827148
196.1 12.9690895080566
197.0 583.520690917969
197.1 64.8161315917969
197.8 4.01444435119629
197.9 20.3251113891602
198.1 168.981994628906
198.2 6.4274640083313
199.0 556.152099609375
199.2 19.3426895141602
199.9 140.113235473633
200.0 200.538665771484
200.1 23.8201427459717
200.9 240.427520751953
201.0 237.537002563477
201.6 18.141674041748
201.8 26.0802192687988
201.9 101.483703613281
202.1 53.4947357177734
202.4 17.6185283660889
202.9 92.9794464111328
203.0 128.514434814453
203.7 13.7693729400635
203.8 27.6579132080078
204.0 89.1906356811523
204.1 28.7275848388672
204.3 5.63769769668579
204.9 119.197525024414
205.0 135.208679199219
205.2 18.1584663391113
205.9 100.546997070313
206.0 84.4986190795898
206.9 213.80094909668
207.0 257.496917724609
207.8 7.36161327362061
207.9 48.0912551879883
208.0 107.87565612793
208.2 11.2279806137085
208.8 37.4689483642578
208.9 91.2269744873047
209.1 87.2345275878906
209.2 11.5941343307495
209.8 26.6683406829834
209.9 36.4165191650391
210.0 108.45435333252
211.0 1956.8525390625
212.0 1286.79333496094
212.1 803.01611328125
213.1 6625.130859375
214.0 152.657073974609
214.1 1075.16162109375
215.0 2747.9951171875
215.9 746.199279785156
217.0 552.054748535156
217.8 27.1178073883057
217.9 174.053314208984
218.0 23.3498344421387
218.9 874.152954101563
219.9 331.768493652344
220.6 11.498743057251
221.0 456.571746826172
221.2 33.1812324523926
221.9 118.346580505371
222.1 28.4671459197998
222.4 7.94279432296753
222.6 15.0201244354248
222.9 250.739334106445
223.1 19.0673027038574
223.7 7.50245952606201
223.8 45.8015975952148
224.0 29.7995910644531
224.1 22.8144702911377
224.9 119.416580200195
225.0 46.7111892700195
225.9 36.4880828857422
226.1 34.3140640258789
226.2 17.4476337432861
227.0 214.123840332031
227.1 80.198371887207
227.8 2.6467113494873
227.9 70.0501708984375
228.1 76.834228515625
228.9 13.2695846557617
229.0 354.883422851563
229.2 63.0844459533691
229.7 6.88705444335938
230.0 87.9079971313477
230.1 46.5206146240234
231.0 95.6221313476563
231.1 99.4616088867188
231.2 40.1985664367676
231.7 3.40446376800537
231.9 20.468879699707
232.0 50.3530807495117
232.2 13.2728080749512
233.0 1911.34228515625
233.8 36.0908813476563
234.0 491.783203125
235.0 495.799255371094
235.1 60.1780700683594
235.7 49.0187454223633
235.8 33.8024063110352
235.9 53.351936340332
236.0 67.933723449707
236.1 153.148040771484
237.0 1728.28173828125
237.9 112.037109375
238.0 469.171264648438
239.1 3772.62890625
239.1 1687.74572753906
240.1 4852.6025390625
241.1 311231.1875
242.1 52982.40234375
243.1 5283.8935546875
243.9 36.2934265136719
244.1 241.302810668945
244.2 246.625869750977
245.0 183.073577880859
245.9 51.3764801025391
246.0 44.822509765625
246.1 78.2607192993164
246.3 5.16867733001709
246.8 4.43861675262451
246.9 36.0000419616699
247.0 90.6499099731445
247.1 23.5641384124756
247.7 4.44490432739258
247.8 4.22698020935059
248.0 80.5831832885742
248.1 108.844093322754
248.8 21.7087020874023
248.9 44.7294769287109
249.0 30.7915859222412
249.1 49.7241287231445
249.2 15.7115745544434
249.8 2.1053991317749
250.0 29.0980262756348
250.7 4.82798099517822
250.8 30.9019775390625
250.9 23.4669876098633
251.0 35.7119560241699
251.9 37.9764022827148
252.1 19.6450653076172
252.3 4.7944860458374
252.6 8.28510189056396
252.9 83.2038726806641
253.0 176.051132202148
253.8 15.5789394378662
253.9 71.2723846435547
254.0 64.3201446533203
254.2 12.9635782241821
254.3 14.7405128479004
254.8 36.6355133056641
254.9 15.4539966583252
255.0 186.316619873047
255.1 74.8786239624023
256.0 86.2140197753906
256.1 959.955139160156
256.2 190.30924987793
257.1 30949.59765625
258.1 1496.375
258.2 4024.36962890625
258.9 19.3442420959473
259.1 575.524536132813
259.2 112.101654052734
259.9 22.1067447662354
260.0 115.404930114746
260.2 46.315601348877
260.3 4.86345672607422
260.8 28.2440013885498
261.0 60.2640190124512
261.7 17.2686080932617
262.0 55.32958984375
262.1 45.0756797790527
262.4 6.1656494140625
262.8 13.2820119857788
262.9 58.5168838500977
263.0 69.649040222168
263.1 46.4927673339844
263.8 29.7146587371826
264.0 337.908447265625
264.1 511.338775634766
264.8 14.0730257034302
264.9 42.7501945495605
265.0 146.098541259766
266.0 16.2311382293701
266.2 23.7122611999512
266.4 4.08531284332275
266.7 1.80891346931458
266.9 43.5651969909668
267.0 75.3058013916016
267.8 16.2937965393066
267.9 73.2210311889648
268.1 50.4204025268555
268.4 4.98275661468506
268.9 10.0920104980469
269.0 90.4737701416016
269.1 113.404426574707
270.1 445.392639160156
270.2 693.912292480469
271.0 246.194122314453
271.1 206.736358642578
271.8 0.257187366485596
272.0 31.372730255127
272.0 48.5866966247559
272.2 23.5149707794189
272.9 279.125671386719
273.7 4.02946043014526
273.9 59.5208015441895
274.1 7.31682014465332
274.1 10.797345161438
274.6 8.55428791046143
274.9 0.350433349609375
275.0 276.333831787109
275.9 80.7143707275391
276.1 695.087219238281
276.2 113.92204284668
276.9 131.206588745117
277.0 306.730865478516
277.1 90.1369094848633
277.7 8.97598743438721
277.8 16.7176971435547
278.0 113.105880737305
278.1 45.9064331054688
278.4 4.20960140228271
278.5 3.90917110443115
278.7 20.7204513549805
278.9 70.3069305419922
279.0 7.95196533203125
279.7 4.55307149887085
279.9 16.9675521850586
280.3 8.83200073242188
280.8 13.4285430908203
281.0 85.8562316894531
281.9 13.5416717529297
282.0 69.5318756103516
282.3 5.26324558258057
282.8 11.2670497894287
282.9 12.1395797729492
283.0 112.902923583984
283.2 6.74887800216675
283.8 10.1494417190552
283.9 13.7728967666626
284.1 33.8681373596191
284.2 4.78901624679565
285.0 157.413818359375
285.0 292.794403076172
285.9 25.4142570495605
286.0 131.272521972656
286.6 4.37365198135376
286.8 29.2436466217041
286.9 40.47705078125
287.0 155.440048217773
287.1 24.4969902038574
287.8 5.39892959594727
287.9 24.4750938415527
288.0 34.4709854125977
289.0 121.503173828125
289.0 490.950012207031
289.9 332.6689453125
290.0 192.761337280273
290.7 13.6215791702271
290.9 166.476257324219
291.0 138.145080566406
291.1 34.4452934265137
291.6 3.67247152328491
291.8 7.18087768554688
291.9 31.9021987915039
292.1 57.732177734375
292.2 25.4956645965576
292.9 621.223815917969
293.9 115.815643310547
294.0 129.553787231445
295.0 230.851028442383
295.1 2683.3291015625
296.0 26.9683418273926
296.1 1868.57751464844
296.2 167.350433349609
296.9 104.188323974609
297.0 475.525299072266
297.2 62.4321212768555
297.7 3.56844997406006
298.0 114.371360778809
298.1 66.1677780151367
298.2 6.84925174713135
298.3 4.41452980041504
298.5 6.72340250015259
298.6 3.23852038383484
298.8 37.5823974609375
299.0 116.397422790527
299.8 10.177695274353
300.0 32.5528602600098
300.8 12.2098665237427
300.9 80.8665390014648
301.0 59.4456253051758
302.0 24.0023193359375
302.1 14.3628807067871
302.9 21.2772579193115
303.0 126.965187072754
303.1 251.171157836914
303.2 67.085693359375
303.9 7.44113159179688
304.0 170.501770019531
304.2 421.74658203125
304.9 100.720657348633
305.1 117.460334777832
305.2 43.6446418762207
305.3 8.39282989501953
306.0 5.35864734649658
306.1 10.6579256057739
306.9 32.0073318481445
307.1 139.396987915039
307.2 12.5404329299927
307.8 5.29592895507813
307.9 12.5824489593506
308.0 14.8200225830078
308.2 9.69412136077881
308.6 4.53085803985596
308.9 62.7361755371094
309.3 10.9943885803223
310.8 20.1711921691895
310.9 7.59662628173828
311.0 155.158294677734
311.1 2.32383179664612
311.8 4.94360780715942
311.9 17.7524452209473
312.0 28.9176826477051
312.2 7.10541009902954
313.1 9223.453125
314.0 119.99585723877
314.1 778.8994140625
314.2 1015.2626953125
314.7 6.16192770004272
314.8 28.0638999938965
315.0 52.5029449462891
315.1 314.608642578125
315.3 10.545280456543
316.0 148.253265380859
316.1 193.675231933594
316.3 31.5488586425781
317.0 171.906204223633
317.1 196.523101806641
317.2 434.131011962891
317.3 77.1467590332031
318.0 33.3785362243652
318.1 209.27473449707
318.2 116.815994262695
318.4 19.0710544586182
318.9 17.684965133667
319.1 33.4304161071777
320.0 4.57414531707764
320.8 7.86531782150269
320.9 45.3075752258301
321.0 161.444290161133
321.2 118.833168029785
321.3 31.2938098907471
322.0 25.7980899810791
322.2 4.31710195541382
323.0 4.14750051498413
323.1 6.95836639404297
324.1 16.0416240692139
324.2 5.36578559875488
324.9 12.0256433486938
325.2 4.27845668792725
325.9 7.50587940216064
326.3 4.28795623779297
326.9 12.7321252822876
327.0 11.7939605712891
327.1 14.718090057373
327.2 11.8624420166016
328.1 4.51846885681152
328.5 4.07234525680542
328.9 15.5378561019897
329.0 22.4538497924805
329.1 4.42424154281616
330.9 65.5488891601563
331.0 69.7157287597656
331.2 33.9303665161133
331.9 13.0606060028076
332.0 39.2945327758789
332.2 15.8165550231934
332.3 4.58314800262451
332.7 4.69883489608765
332.9 23.0976333618164
333.2 5.72055196762085
333.9 2.68339729309082
334.1 5.54065227508545
334.9 36.9548187255859
335.9 4.37513637542725
338.2 5.95395183563232
340.0 9.52113628387451
340.1 16.8430042266846
340.3 5.96645069122314
340.4 6.27136182785034
340.8 12.9639444351196
341.1 11.3482875823975
341.1 20.7013473510742
341.3 5.35688591003418
342.0 19.3800430297852
342.1 104.730758666992
342.2 215.365219116211
342.9 10.5213890075684
343.0 102.969581604004
343.2 101.043998718262
343.2 75.6353378295898
344.0 14.9710893630981
344.1 10.5550622940063
344.3 5.2571964263916
344.9 3.36314487457275
345.0 24.003532409668
345.2 19.8712100982666
346.7 4.91906261444092
346.9 28.2333564758301
347.1 5.96461963653564
348.7 9.49370765686035
348.8 47.1363105773926
349.0 36.8327102661133
350.0 13.7104873657227
350.7 5.40910482406616
350.8 6.62370109558105
351.0 28.4304389953613
352.7 10.8249607086182
352.9 35.6264953613281
353.0 27.2920265197754
353.8 9.92195892333984
353.9 31.0973529815674
354.0 29.2451839447021
354.2 24.9543857574463
354.7 7.22667407989502
354.9 17.2912883758545
355.0 21.006929397583
355.1 12.2957582473755
355.2 24.2793426513672
355.8 6.14409017562866
356.2 21.4968185424805
356.7 4.58026790618896
356.9 11.9651918411255
357.1 60.3488655090332
357.2 38.0417785644531
358.0 52.0116577148438
358.1 430.665130615234
358.2 219.436141967773
359.1 157.617340087891
359.2 2266.56860351563
360.2 96500.828125
361.2 26060.767578125
362.2 977.772399902344
362.2 2630.94311523438
363.0 35.7775268554688
363.1 136.178207397461
363.2 198.046340942383
363.4 44.6294593811035
366.7 4.98682355880737
366.9 42.0887413024902
367.1 39.4050979614258
367.8 8.5737886428833
368.0 19.7385444641113
368.1 5.93764162063599
369.0 3.09517908096313
369.1 18.4981365203857
369.1 11.1166715621948
369.9 22.0227489471436
370.1 38.8011245727539
370.2 28.2799892425537
370.4 4.91947078704834
370.8 6.59898996353149
371.0 130.605834960938
371.2 60.5663070678711
371.3 5.10462236404419
371.9 5.83004808425903
372.1 5.47513723373413
372.2 15.9624767303467
381.0 9.67731285095215
384.0 59.4260520935059
384.3 25.5772762298584
384.9 5.3563551902771
385.0 62.8714370727539
385.1 61.8931579589844
385.3 16.8190269470215
385.4 4.77066469192505
386.0 15.1010313034058
386.1 285.361663818359
386.2 388.155181884766
386.4 17.099365234375
387.1 326.748138427734
387.2 729.018310546875
387.2 190.620971679688
387.9 12.3604278564453
388.0 67.1034088134766
388.1 115.36750793457
388.3 114.885231018066
389.1 15.9573316574097
389.2 10.5023012161255
389.3 4.79776048660278
400.8 4.22370767593384
401.0 14.3839206695557
401.3 6.70473623275757
403.2 26.0325794219971
404.1 97.9576721191406
404.2 2389.07055664063
405.0 56.4347076416016
405.2 468.825958251953
405.3 142.261901855469
405.9 5.14458751678467
406.0 25.3142681121826
406.2 37.8486213684082
406.3 5.53548669815063
408.9 4.70572376251221
