#"+EI Scan (rt: 10.256-10.501 min, 43 scans) CM3-MIX7-7.D  Subtract "
#Point,X(Thompsons),Y(Counts)
40.1 105.017486572266
40.1 72.1027450561523
41.0 35.8181610107422
41.0 201.953872680664
41.1 80.8739929199219
41.2 8.03666973114014
42.0 8.26047325134277
42.1 4.93542098999023
42.9 3.87643027305603
43.0 47.0486373901367
43.1 9.2542781829834
43.8 0.598918914794922
43.9 22.7655029296875
44.0 60.9704284667969
44.2 23.0808563232422
44.8 31.1112079620361
45.0 60.6515769958496
46.0 14.851095199585
47.0 64.5445861816406
47.1 12.0632934570313
47.9 9.58352756500244
48.9 8.14448928833008
49.0 62.0381278991699
49.1 43.1008033752441
49.9 11.3520383834839
50.0 1139.22595214844
50.1 444.548797607422
51.0 2878.67578125
52.0 266.212066650391
52.1 384.27490234375
52.4 3.62540555000305
52.8 18.4859867095947
52.9 169.790634155273
53.0 162.328979492188
53.2 25.3905258178711
53.3 4.87185859680176
54.0 29.7789535522461
55.1 78.2677001953125
55.2 16.6918563842773
55.8 17.433780670166
55.9 9.05830001831055
56.0 55.568473815918
56.2 31.0912818908691
57.0 2965.97729492188
57.7 5.87100744247437
57.8 111.859771728516
57.9 41.5747756958008
58.0 135.703552246094
58.1 31.6330184936523
59.0 3366.52880859375
59.9 76.0553970336914
60.0 65.0556411743164
60.1 84.9336090087891
60.8 39.5213813781738
61.0 304.029510498047
61.0 259.123321533203
61.1 70.9654922485352
62.0 4272.78271484375
62.1 680.262817382813
63.0 12085.216796875
64.0 1128.28649902344
64.1 1068.91149902344
65.0 5590.03857421875
65.9 68.4420776367188
66.0 209.790664672852
66.1 116.25513458252
66.9 23.7566776275635
67.0 37.545768737793
67.1 15.1427593231201
67.9 12.8322763442993
68.0 34.554931640625
68.1 44.3611526489258
68.9 19.7921905517578
69.0 286.882385253906
69.1 45.8835830688477
69.7 12.816107749939
69.9 91.9177551269531
70.0 185.639053344727
70.1 66.7829742431641
70.8 11.8828477859497
71.0 42.4513702392578
71.2 5.17823648452759
71.8 32.5874481201172
71.9 36.9201698303223
72.3 14.5528774261475
73.1 1430.46826171875
73.9 240.096755981445
74.0 1777.87634277344
74.1 725.325256347656
75.0 6738.93701171875
76.0 1321.0634765625
76.1 1572.15881347656
77.0 4350.2333984375
78.0 1305.48876953125
78.9 35.1470260620117
78.9 107.292953491211
79.0 86.6166687011719
79.1 9.00089263916016
79.8 15.1486949920654
79.9 14.5499067306519
80.0 93.8374328613281
80.1 6.89691638946533
81.0 1979.61437988281
81.8 12.9799890518188
82.1 399.774993896484
82.1 712.482604980469
82.3 17.7450923919678
83.0 41472.5859375
84.0 756.922119140625
84.1 1601.08190917969
84.2 17.8635635375977
84.9 104.294570922852
85.0 354.359741210938
85.1 25.8797950744629
85.8 20.5758686065674
86.0 646.5810546875
86.1 1057.392578125
87.0 3993.3642578125
87.1 747.369995117188
88.0 10501.2685546875
89.0 24114.06640625
90.0 2026.13134765625
90.1 626.879028320313
91.0 278.134704589844
91.1 159.782730102539
91.8 4.50596809387207
92.0 44.7564239501953
92.1 26.7971248626709
92.6 3.84182572364807
92.9 101.960075378418
93.0 61.7753982543945
93.1 36.9280700683594
93.2 5.76444005966187
93.7 7.8418025970459
93.8 68.3989562988281
94.0 181.675491333008
94.1 85.2046966552734
94.9 54.9994659423828
95.0 459.278076171875
95.1 236.207275390625
95.9 45.8352088928223
96.0 453.387573242188
96.1 147.266952514648
96.7 4.78313016891479
96.8 73.1228179931641
97.0 84.1854400634766
97.1 171.570495605469
97.9 306.407989501953
98.0 219.851150512695
98.1 29.0683708190918
98.4 5.59446334838867
98.9 147.647430419922
99.0 408.150787353516
99.1 59.6828536987305
99.7 3.04794788360596
99.9 208.280792236328
100.1 369.130645751953
101.0 4717.931640625
102.0 188.306915283203
102.0 1821.37719726563
102.1 717.574829101563
102.7 12.056923866272
102.9 65.4626312255859
103.0 660.952941894531
103.1 69.9977493286133
103.6 7.81135034561157
103.9 84.6179275512695
104.0 96.6883773803711
104.1 37.168643951416
104.3 38.251823425293
104.5 5.67183399200439
104.6 6.50329113006592
104.7 7.93181800842285
104.9 99.3473129272461
105.0 185.694976806641
105.1 61.3317489624023
105.4 15.741400718689
105.5 15.8844194412231
105.6 50.9680404663086
105.8 21.9657211303711
106.0 81.7225875854492
106.1 337.281372070313
106.2 39.3709144592285
107.0 8423.353515625
108.2 9022.734375
109.0 504571.71875
110.0 39015.734375
111.0 502.412872314453
111.1 1323.02783203125
111.2 19.4412937164307
111.5 4.58624649047852
111.7 29.3554439544678
111.8 57.5848579406738
112.0 112.533531188965
112.1 122.769645690918
112.2 34.5590591430664
112.4 5.75809669494629
113.0 6077.68603515625
113.1 725.755432128906
114.1 17559.146484375
115.0 144794.890625
116.1 16531.560546875
117.0 947.051940917969
117.1 190.992523193359
117.7 4.89377450942993
117.8 22.7910842895508
117.9 77.7977142333984
118.1 67.2818222045898
118.8 3.5389461517334
118.9 34.2376022338867
119.0 47.7246551513672
119.8 73.9110336303711
120.0 100.545204162598
120.1 135.769805908203
120.3 3.81170582771301
120.7 26.4285469055176
120.9 114.100120544434
121.0 93.3212966918945
121.1 64.3249053955078
121.2 5.02797889709473
121.8 53.2939910888672
122.0 141.245559692383
122.0 132.033447265625
122.1 37.6882209777832
122.8 1.63594818115234
122.9 204.600784301758
123.0 45.0299606323242
123.1 10.8502130508423
123.9 10.6399660110474
124.0 11.0117406845093
124.2 23.6804447174072
124.7 29.8748378753662
124.9 140.381637573242
125.0 351.980072021484
125.8 17.9967460632324
126.0 482.966644287109
126.1 1515.4111328125
127.0 2512.54565429688
127.1 504.481109619141
128.0 3063.66650390625
128.1 1188.45495605469
129.0 272.453247070313
129.0 1331.59008789063
129.8 50.8141403198242
129.9 70.7070083618164
130.0 183.794219970703
130.2 11.9756851196289
130.7 27.5813236236572
130.8 49.5349769592285
131.0 45.5811386108398
131.0 82.3562088012695
131.8 1.79057717323303
131.9 48.4316902160645
132.0 40.1479682922363
132.9 5.02779388427734
133.0 350.914215087891
133.1 181.419525146484
133.2 7.6325740814209
133.7 11.6933422088623
133.8 39.9309921264648
134.0 127.290298461914
134.1 38.2972679138184
134.4 6.11442899703979
135.0 2.5341796875
135.1 292.580627441406
135.8 6.86248016357422
135.9 95.8503723144531
137.0 3535.3408203125
138.0 618.792724609375
138.1 62.8374710083008
139.0 437.994964599609
139.0 72.1547546386719
139.8 20.4594554901123
139.9 92.8643646240234
140.1 87.381721496582
140.3 13.1667394638062
140.4 10.8708810806274
140.8 5.5321044921875
140.9 120.544067382813
141.0 209.549392700195
141.5 9.33227348327637
141.7 12.1132698059082
141.8 22.7805862426758
142.0 186.872665405273
142.1 958.744384765625
142.3 71.3289566040039
143.0 59438.390625
143.9 57.0721206665039
144.0 9065.537109375
144.8 4.73543357849121
145.0 571
145.1 305.898681640625
145.2 1.42871284484863
145.6 4.97872352600098
145.8 41.9654197692871
146.0 219.23828125
146.1 110.484077453613
146.8 62.7675552368164
146.9 21.8686084747314
147.0 51.6146087646484
147.2 11.9212818145752
147.7 0.905678749084473
147.9 10.0650663375854
148.0 15.5241498947144
148.2 4.85787391662598
148.3 4.09289360046387
148.8 5.90185546875
148.9 105.808708190918
149.0 236.583480834961
149.1 9.7010555267334
149.9 63.590274810791
150.0 245.345977783203
150.1 157.999816894531
150.2 3.6768274307251
150.7 7.44780158996582
150.9 56.524829864502
151.0 437.391052246094
151.1 97.7026519775391
151.8 5.17164134979248
151.9 115.86402130127
152.0 216.368118286133
152.1 94.7875747680664
152.9 50.5120162963867
153.0 140.423736572266
153.1 32.9936218261719
153.7 7.35762357711792
154.0 49.9968757629395
154.1 37.1864051818848
155.0 232.473724365234
155.1 401.219482421875
155.7 5.43577480316162
155.8 18.6969013214111
156.0 239.62614440918
156.1 331.919158935547
156.9 209.309066772461
157.0 376.070190429688
157.8 25.317663192749
157.9 103.23046875
158.1 127.346839904785
158.2 3.30861163139343
159.0 1114.09558105469
160.0 157.864227294922
160.0 105.476928710938
160.9 112.928985595703
161.0 129.154205322266
161.9 4.6040358543396
162.0 14.2077178955078
162.9 230.231323242188
163.0 198.984161376953
163.7 5.26059198379517
163.8 23.7669258117676
164.0 82.2733840942383
164.1 42.370922088623
164.2 25.1817150115967
164.8 73.7887573242188
164.9 80.7047958374023
165.1 21.1928768157959
165.2 4.74754285812378
165.8 20.5468826293945
166.0 43.6208877563477
166.1 9.59427261352539
167.0 258.860931396484
167.2 8.01483058929443
167.9 447.430511474609
168.0 210.284942626953
168.7 4.72997999191284
168.9 172.067459106445
169.0 489.824615478516
169.0 381.645385742188
169.9 170.03010559082
170.0 371.614654541016
170.1 484.103118896484
170.9 154.634918212891
170.9 143.046981811523
171.0 56.925895690918
171.2 20.5109767913818
172.0 41.2449340820313
172.0 17.9818649291992
172.4 8.72388362884521
172.8 26.3573303222656
172.9 55.6683044433594
173.0 40.7863235473633
173.8 35.134147644043
173.9 208.39453125
174.1 286.852478027344
174.7 28.9342632293701
175.0 1217.28869628906
175.1 392.573944091797
175.9 81.2508697509766
176.0 622.515625
176.1 730.603332519531
176.8 48.671630859375
177.0 324.490814208984
177.1 205.957458496094
177.8 36.0532379150391
177.9 59.9476051330566
178.0 78.9999542236328
178.2 35.8501243591309
178.8 14.2503089904785
178.9 51.3279685974121
179.1 4.96916818618774
179.2 11.5307188034058
179.9 17.8993663787842
180.0 8.83678531646729
180.4 5.02244424819946
181.0 233.491760253906
181.1 35.8413467407227
181.8 40.0954399108887
182.0 168.450439453125
182.1 35.1991500854492
182.3 4.03269910812378
182.7 3.87899017333984
182.8 26.355884552002
183.0 227.425231933594
183.1 109.024139404297
183.8 30.457857131958
183.9 12.4970083236694
184.0 36.237174987793
184.2 17.8713436126709
184.6 10.0131769180298
184.9 79.9720458984375
185.0 33.5118560791016
185.1 10.7048540115356
185.7 5.20628881454468
185.8 8.12921142578125
185.9 7.09725379943848
186.7 24.8563632965088
186.9 84.0180206298828
186.9 51.5304107666016
187.1 9.1513786315918
187.7 8.88728523254395
187.8 10.9087228775024
187.9 32.0203018188477
188.1 45.8675918579102
188.2 3.5632643699646
188.8 23.5295352935791
188.9 120.245323181152
189.0 66.6046142578125
189.9 42.3516426086426
190.0 85.5052490234375
190.1 26.1478443145752
190.9 46.7206573486328
191.0 293.994110107422
191.8 16.609260559082
191.9 47.1840591430664
192.0 174.50422668457
192.1 34.8745613098145
192.6 4.51756381988525
192.9 171.832504272461
193.1 366.740814208984
193.8 26.2074012756348
194.0 1858.62084960938
194.1 660.457641601563
195.0 1553.24169921875
195.1 113.161605834961
196.0 439.981048583984
196.1 1360.83215332031
196.1 273.837585449219
196.8 9.64727783203125
197.0 346.678039550781
197.1 231.339889526367
197.8 47.3793754577637
198.0 137.073486328125
198.1 98.8044281005859
198.2 11.8356475830078
198.9 144.7802734375
199.0 120.065948486328
199.9 91.5113220214844
200.0 318.746429443359
200.1 322.814788818359
201.0 1322.95764160156
201.1 261.342407226563
202.0 1090.60168457031
202.1 1000.93060302734
202.1 120.498115539551
203.0 634.412841796875
203.1 546.307067871094
203.7 4.12433671951294
204.0 346.475158691406
204.1 1285.83178710938
204.3 9.23612117767334
204.8 12.176456451416
205.0 263.835601806641
205.1 173.986038208008
205.2 27.7287311553955
205.7 20.2486991882324
205.9 52.605899810791
206.0 52.400505065918
207.0 404.996856689453
207.1 5.44091796875
207.7 5.53156661987305
207.9 58.4164772033691
208.0 194.864288330078
208.2 30.2431125640869
208.8 26.6127738952637
208.9 91.7493743896484
209.1 40.8949317932129
209.1 27.3487491607666
209.9 10.544960975647
210.0 24.2988243103027
211.0 908.326293945313
211.9 102.299575805664
212.1 108.993934631348
212.8 22.0039978027344
213.0 139.745513916016
213.1 153.859756469727
213.9 60.8529434204102
214.0 105.86840057373
214.1 36.8906364440918
215.0 2193.58837890625
215.9 212.286392211914
216.0 261.535278320313
216.9 71.0542602539063
217.0 404.671905517578
217.7 20.4651851654053
217.9 2.32458114624023
218.0 134.194244384766
218.9 630.32421875
219.0 171.781539916992
220.0 532.71484375
220.1 639.743530273438
220.1 83.7978591918945
221.1 3811.95068359375
222.1 14757.3876953125
223.0 367.046936035156
223.1 3879.31567382813
224.1 6167.443359375
224.7 2.73468995094299
225.0 1590.486328125
225.8 10.4902467727661
225.9 47.3188591003418
226.0 111.85912322998
226.1 87.779052734375
226.3 8.66719150543213
226.5 4.96337556838989
226.9 120.140197753906
227.0 236.279144287109
227.1 91.5479431152344
227.9 152.060699462891
228.1 511.482604980469
228.3 4.45618867874146
228.8 39.3095855712891
228.9 90.0629425048828
229.1 266.212463378906
229.9 60.241584777832
230.0 319.448822021484
230.1 180.077453613281
230.7 6.24108123779297
230.9 52.0345191955566
231.0 287.459869384766
231.1 114.324569702148
231.4 7.31350231170654
231.6 9.14798927307129
231.9 26.3645858764648
232.0 113.093978881836
232.1 100.257438659668
232.9 24.8521270751953
233.0 1531.54907226563
233.8 18.0073432922363
233.9 125.092010498047
234.0 195.268585205078
234.1 178.551345825195
234.9 13.4941253662109
235.0 147.024398803711
235.1 67.2806091308594
235.8 28.0886707305908
236.0 80.2327194213867
236.1 12.0116405487061
237.0 1052.99438476563
237.9 67.6352996826172
238.0 273.156219482422
238.9 272.317687988281
239.8 37.9880104064941
239.9 24.6516151428223
240.0 222.490982055664
240.1 59.7918548583984
240.3 8.97729682922363
240.8 41.9975662231445
240.9 327.861267089844
241.1 84.4451293945313
241.7 6.45017957687378
241.9 66.6670684814453
242.1 140.907806396484
242.2 5.40045404434204
242.7 0.194126844406128
242.8 13.1622858047485
242.9 63.4466514587402
243.0 48.5632629394531
243.1 21.3159980773926
243.4 4.56041049957275
243.7 5.53234910964966
244.0 32.9281768798828
244.5 8.38735485076904
244.7 14.1051988601685
244.8 35.6417350769043
244.9 27.1324272155762
245.0 74.2656021118164
245.1 69.4552154541016
245.3 4.53452920913696
245.5 14.9623069763184
245.8 21.7709255218506
245.9 46.4709930419922
246.1 55.4108276367188
246.2 34.5563354492188
246.5 30.2799320220947
246.7 49.147346496582
246.8 59.798023223877
246.9 37.9698867797852
247.0 62.2828674316406
247.2 79.1448974609375
247.3 53.7102661132813
247.5 28.9335880279541
247.6 20.2434768676758
247.8 63.5831832885742
247.9 101.542083740234
248.1 60.7687644958496
248.2 111.392250061035
248.3 25.7646465301514
248.5 81.0656204223633
248.6 85.9055709838867
248.8 97.552360534668
248.9 109.311103820801
249.0 182.245056152344
249.1 90.7105484008789
249.3 59.8430023193359
249.9 66.4160919189453
250.0 1463.89929199219
250.1 2046.45007324219
250.7 14.1667327880859
250.9 44.062572479248
251.1 3531.87231445313
252.1 386118.96875
253.1 69264.125
254.1 6730.6611328125
254.9 95.6547164916992
255.0 248.579940795898
255.1 194.411819458008
255.8 41.1673889160156
255.9 77.8125534057617
256.1 199.58659362793
256.2 4.2115330696106
256.7 11.731517791748
256.9 24.9878196716309
257.0 266.746185302734
257.1 55.9081878662109
257.4 4.44715738296509
257.9 119.257911682129
258.0 698.749877929688
258.1 474.049774169922
258.7 4.96167182922363
258.8 62.4637870788574
259.0 139.311233520508
259.1 88.5286636352539
260.7 3.1465048789978
260.9 17.2375774383545
262.9 3.4090256690979
263.1 3.76683187484741
264.8 5.82770776748657
265.1 4.56844854354858
266.0 4.93959426879883
266.1 13.249002456665
267.0 22.2742443084717
267.1 24.4951133728027
267.2 4.59490346908569
267.9 9.18506240844727
268.1 5.69740343093872
268.8 32.3136978149414
268.9 45.540225982666
269.0 74.2458801269531
269.2 71.3781204223633
269.9 87.7018661499023
270.1 49.5932998657227
270.2 19.9963340759277
270.9 110.353866577148
271.0 261.0390625
271.8 26.8948936462402
272.0 23.2452201843262
272.9 56.5632781982422
273.0 54.1592407226563
273.1 41.5579452514648
273.7 3.60278820991516
273.8 10.3075933456421
274.0 42.7498092651367
274.8 33.1121559143066
274.9 154.913543701172
275.0 2.2930212020874
275.7 14.3941621780396
275.8 9.01933765411377
276.0 37.5505104064941
277.0 73.4915924072266
277.1 7.8889217376709
278.8 1.73992919921875
279.0 44.4169120788574
279.1 4.93682527542114
279.8 5.06872177124023
280.8 13.9814472198486
280.9 34.0141525268555
281.1 23.0790882110596
281.2 5.28985404968262
281.8 9.68038558959961
281.9 5.68403625488281
282.1 1.36982798576355
283.0 0.0106592178344727
283.1 17.3691387176514
283.9 3.92654418945313
284.1 3.71462082862854
284.9 140.993637084961
285.0 166.25325012207
285.1 179.309204101563
285.8 48.0795745849609
286.0 149.768783569336
286.1 181.418914794922
286.7 8.46863460540771
286.8 11.9521884918213
286.9 69.25341796875
287.1 42.6419639587402
287.2 2.46943688392639
287.9 7.22173738479614
288.7 15.051570892334
289.0 331.049652099609
289.1 26.6332683563232
289.9 33.0550689697266
290.1 58.7396011352539
290.2 2.1213104724884
291.0 125.090980529785
291.3 4.08248043060303
291.8 10.3568544387817
292.0 13.8329811096191
293.0 410.976135253906
293.1 21.2500858306885
293.8 38.7748680114746
293.9 74.8900680541992
294.0 10.8074798583984
294.9 98.2151412963867
295.0 23.3092460632324
295.2 5.35375452041626
295.8 7.82606744766235
296.0 3.89430737495422
296.6 4.45891761779785
296.8 12.3077049255371
296.9 67.8320617675781
297.0 59.5337295532227
297.2 11.7207651138306
297.9 24.6328144073486
298.0 35.1035041809082
298.8 53.0613098144531
299.0 2.64059925079346
299.6 3.85788702964783
299.8 1.13735055923462
300.1 15.8817052841187
300.6 3.58972406387329
300.9 6.24304533004761
302.8 8.97669792175293
302.9 21.1768112182617
303.8 4.30160570144653
303.9 6.59218072891235
305.0 10.6722898483276
305.2 4.77958106994629
306.8 4.57001447677612
307.0 63.3794403076172
307.1 16.2406387329102
307.9 9.97338008880615
308.1 3.78352570533752
308.2 8.36395263671875
308.8 3.74163961410522
309.2 4.01082992553711
311.0 0.420654773712158
311.1 12.6179809570313
311.7 3.94255447387695
313.7 4.8023157119751
314.6 3.66276025772095
314.9 8.76960468292236
315.0 16.9107494354248
316.2 3.53035640716553
317.0 4.45466566085815
318.8 6.37131452560425
319.0 4.44461250305176
320.1 7.72633266448975
328.7 4.57515621185303
330.8 9.09619903564453
332.0 4.00011253356934
332.9 3.78001165390015
333.6 6.20768785476685
334.6 5.07148694992065
335.9 14.1878051757813
338.9 5.18944549560547
341.9 4.53825950622559
344.8 9.35568046569824
345.0 8.45497894287109
345.2 3.98610424995422
346.2 10.6603078842163
348.9 20.0468273162842
349.0 29.6420669555664
349.1 23.6916999816895
350.3 8.05085945129395
350.9 2.08240818977356
351.2 4.66899156570435
352.8 17.471227645874
353.0 7.42682361602783
353.9 3.74574136734009
354.8 11.3962526321411
362.8 10.3890542984009
362.9 4.01341199874878
366.0 9.16824722290039
366.2 13.4348659515381
366.9 40.4387664794922
367.2 4.08568811416626
371.3 5.44488286972046
374.9 4.13983774185181
376.9 4.45699453353882
378.0 33.4862327575684
378.3 7.59206104278564
379.0 11.6456508636475
379.1 63.7331619262695
380.0 4.92203950881958
389.0 5.08694410324097
393.7 3.97493839263916
393.8 3.88595867156982
394.0 65.4038619995117
394.2 54.021858215332
394.3 30.4206733703613
394.9 31.0454502105713
395.1 708.486450195313
395.2 641.475646972656
395.4 19.5197925567627
395.9 30.4312267303467
396.0 202.396530151367
396.1 100.088005065918
396.2 37.2761344909668
396.9 21.8589630126953
401.1 6.66116523742676
401.2 7.51260375976563
401.8 4.00197744369507
403.2 4.43962001800537
407.1 4.56229972839355
408.9 3.93255114555359
410.7 4.00505018234253
428.9 4.3965277671814
475.6 3.70566391944885
