#"+EI Scan (rt: 4.993-5.109 min, 21 scans) JWH-018-9.D  Subtract "
#Point,X(Thompsons),Y(Counts)
40.2 3096.5185546875
41.1 67371.8984375
42.2 8040.3525390625
43.1 131388.828125
44.1 4895.98828125
45.0 104.926048278809
45.1 25.0805606842041
47.1 8.63336372375488
48.9 33.5490531921387
49.0 7.76458024978638
49.1 77.5447006225586
49.2 27.4212131500244
50.0 3791.5078125
51.0 11136.0947265625
52.0 3405.248046875
53.1 5525.71923828125
54.1 684.123352050781
54.2 531.098937988281
55.1 20391.04296875
56.1 1603.62841796875
57.0 410.917083740234
57.1 251.669876098633
57.9 18.194694519043
58.0 18.2383689880371
58.1 21.2972793579102
59.0 529.738525390625
59.9 19.0340671539307
60.1 26.0242748260498
60.2 11.1107568740845
60.8 20.7940731048584
60.9 108.774475097656
61.0 286.129241943359
61.1 79.1708679199219
62.0 5415.59130859375
63.0 13640.7998046875
63.8 20.0040969848633
64.0 2660.94995117188
65.0 3694.7822265625
66.0 363.975402832031
66.1 184.225830078125
66.2 81.2686920166016
66.9 21.3502082824707
67.1 1267.90966796875
67.9 74.656982421875
68.0 169.232986450195
68.2 45.5793113708496
68.4 15.6139888763428
69.1 2805.83178710938
69.9 68.8852157592773
70.1 184.791854858398
70.2 98.1196441650391
71.0 31.6191673278809
71.1 3481.37377929688
72.0 120.871864318848
72.1 107.877914428711
72.2 27.1471061706543
73.0 664.629150390625
74.0 9068.28515625
75.0 30765.57421875
76.0 24545.916015625
77.0 68827.78125
78.0 11772.869140625
79.0 1626.10131835938
79.9 85.2316818237305
80.0 103.34619140625
80.2 10.202543258667
80.9 469.907012939453
81.5 43.158504486084
81.7 60.8279266357422
81.9 90.4151992797852
82.1 23.7787685394287
82.8 46.2478256225586
82.9 12.9065399169922
83.0 43.2197952270508
83.3 26.3271465301514
83.6 12.8044147491455
83.9 50.442756652832
84.0 101.2255859375
84.1 47.0618095397949
84.9 37.0565757751465
85.0 275.205627441406
85.1 105.733711242676
85.9 54.5448112487793
86.0 3308.37548828125
87.0 9415.2197265625
88.0 16311.0673828125
89.0 54344.3515625
90.0 8228.1708984375
91.0 1864.01599121094
91.1 596.656982421875
92.0 125.316146850586
92.1 239.800689697266
92.9 110.04891204834
93.1 38.4888687133789
93.3 276.945495605469
93.4 642.078125
93.6 249.878387451172
93.8 224.766632080078
93.9 53.9243507385254
94.0 53.1930618286133
94.3 13.3655118942261
94.5 2064.3984375
94.6 414.838592529297
95.0 4.08935499191284
95.2 49.6918640136719
95.3 80.2899551391602
95.5 57.785041809082
95.6 36.8845443725586
95.8 16.0371570587158
95.9 31.1417102813721
96.0 48.2749443054199
96.3 7.16046953201294
96.9 92.3081359863281
97.1 126.858169555664
97.2 21.196683883667
98.0 3127.880859375
99.0 5210.79248046875
100.1 8583.419921875
101.1 73732.03125
102.0 82716.078125
103.1 25486.97265625
104.0 3932.97216796875
105.0 66.4290084838867
105.1 413.711822509766
105.5 58.304069519043
105.6 147.101440429688
105.9 222.956024169922
106.3 151.926635742188
106.4 597.875122070313
106.5 3403.68310546875
106.7 537.822631835938
106.8 91.55029296875
107.1 794.328125
107.3 408.155029296875
107.4 719.301086425781
107.6 453.988220214844
108.0 9.41092872619629
108.2 28.0221996307373
108.3 129.659896850586
108.6 413.098114013672
108.8 94.1549453735352
108.9 184.837585449219
109.0 280.763580322266
109.8 29.0333499908447
109.9 303.125885009766
110.0 456.006774902344
111.0 488.157592773438
111.1 879.213256835938
112.0 968.040893554688
112.1 2040.2548828125
112.3 60.8289985656738
113.0 15632.22265625
113.1 1167.82580566406
114.1 26809.357421875
115.0 75868.546875
116.0 121677.3359375
117.0 23735.376953125
118.0 24.3318996429443
118.1 3728.19873046875
118.8 22.6730136871338
118.9 102.11743927002
119.0 1024.84533691406
119.2 1021.00335693359
119.6 1518.0712890625
119.8 319.837860107422
120.6 11930.9677734375
121.2 18.4629077911377
121.4 40.7109680175781
121.6 56.0636520385742
121.8 166.517669677734
121.9 73.0728378295898
122.0 184.188598632813
122.9 135.072311401367
123.0 568.741455078125
123.1 115.370941162109
123.9 145.553451538086
124.1 565.033630371094
124.2 35.8632698059082
125.1 10717.998046875
126.1 125641.8125
127.0 652952.0625
128.1 173725
129.1 80538.796875
130.1 58571.359375
131.0 8882.294921875
132.0 27.9779052734375
132.1 4452.7265625
132.7 107.433227539063
132.8 790.861511230469
133.1 320.937774658203
133.4 364.722900390625
133.5 1479.68994140625
133.6 682.7001953125
133.8 69.0755767822266
134.0 349.889587402344
134.1 341.474273681641
134.4 175.389404296875
134.6 67.1383438110352
134.9 1505.16198730469
135.0 660.215270996094
135.1 56.9637565612793
135.3 263.156097412109
135.4 297.22265625
135.5 1143.97631835938
135.6 521.1201171875
135.7 19.8343105316162
135.8 22.9664707183838
136.0 11.9597587585449
136.1 82.8408355712891
137.0 4587.50439453125
138.0 2304.5517578125
139.1 21359.61328125
140.1 8018.5888671875
141.2 395.410339355469
141.4 12164.3251953125
141.5 15793.373046875
141.9 161.57080078125
142.1 1154.75329589844
143.1 29925.837890625
144.0 313101.09375
145.0 32397.181640625
146.0 2713.423828125
146.9 39.7305717468262
147.0 309.187896728516
147.2 158.07568359375
147.6 90.617431640625
147.8 68.1582412719727
148.0 89.6504287719727
148.1 105.805702209473
148.2 178.111572265625
148.4 74.5128707885742
148.5 60.2194709777832
148.9 74.6407928466797
149.0 1231.18371582031
149.1 520.650268554688
150.0 7085.7744140625
151.0 8552.3251953125
152.1 9848.40625
153.0 5268.0078125
154.1 15417.935546875
155.0 272894.34375
156.1 45898.99609375
157.0 3316.39135742188
157.1 6314.95849609375
158.1 9162.8623046875
159.0 2261.60400390625
159.9 32.8331451416016
160.0 578.443359375
161.0 1644.78234863281
161.1 695.114318847656
162.1 3936.505859375
163.0 10843.0224609375
164.1 5210.7822265625
165.1 4920.302734375
165.9 108.782096862793
166.1 2635.86791992188
167.0 129553.2734375
168.0 20884.171875
169.1 3430.6943359375
170.1 19103.3984375
170.8 904.227722167969
170.9 1752.71752929688
171.1 1000.57312011719
172.1 1575.2109375
173.0 167.876861572266
173.1 884.095031738281
174.1 5540.072265625
175.0 545.840942382813
175.1 3309.67529296875
176.1 6755.24755859375
177.0 2353.34912109375
177.2 34.4389686584473
178.1 1579.10375976563
178.1 573.521911621094
179.0 1183.61962890625
179.8 33.9552001953125
180.0 998.622131347656
180.1 243.028457641602
180.2 26.8365383148193
181.0 1300.27270507813
181.1 1212.14050292969
182.0 495.065368652344
182.1 1013.51489257813
182.8 13.3570518493652
183.0 526.928161621094
183.1 561.023376464844
183.2 37.0662307739258
184.1 6853.271484375
185.1 3404.63647460938
186.1 33936.8828125
187.1 24715.30859375
188.1 12530.0390625
189.1 20255.15625
190.1 5645.63818359375
191.0 1258.64404296875
191.9 160.287933349609
192.1 462.886199951172
193.0 637.370178222656
193.9 81.2097854614258
194.0 453.622894287109
195.0 367.401184082031
195.1 191.321487426758
196.0 222.762390136719
196.1 319.331085205078
197.0 613.981201171875
197.1 101.779930114746
197.9 75.0625839233398
198.1 2860.8544921875
199.0 1921.68896484375
199.1 1595.08923339844
200.1 10923.736328125
201.0 101.544319152832
201.1 6991.8740234375
202.1 10559.33203125
203.0 472.000213623047
203.1 2865.52514648438
203.2 32.1473693847656
204.0 661.395385742188
204.1 479.323486328125
205.0 729.382690429688
205.1 115.478050231934
205.8 27.4984092712402
206.0 186.860626220703
206.1 164.240188598633
206.9 159.018676757813
207.0 247.476760864258
207.9 91.4922561645508
208.0 142.640914916992
208.1 35.2203140258789
208.8 60.6290130615234
209.0 249.76936340332
209.1 189.647766113281
209.3 13.3491353988647
209.9 91.1659545898438
210.0 891.177490234375
210.2 87.0176696777344
211.1 13424.189453125
212.1 15367.75
213.1 92770.3984375
214.1 662687.5
215.1 176488.421875
216.1 24554.177734375
217.1 4353.07275390625
218.0 902.404724121094
218.2 59.5478744506836
219.0 1549.48498535156
219.8 103.916381835938
220.0 244.996536254883
220.9 46.0080032348633
221.0 208.293350219727
221.1 53.3013305664063
221.9 23.0987701416016
222.0 760.702697753906
222.2 63.1758155822754
223.0 942.400634765625
223.1 844.255187988281
224.1 11910.8212890625
225.1 13148.4853515625
226.1 42687.91796875
227.1 23249.701171875
228.1 22575.166015625
229.1 9793.4658203125
230.1 3267.47387695313
230.8 2.78288602828979
231.0 356.127471923828
231.1 455.531890869141
231.8 7.85881423950195
232.0 131.986526489258
232.2 78.6976776123047
233.0 1119.43017578125
233.9 96.6609878540039
234.0 162.057601928711
235.0 408.405944824219
235.1 42.675910949707
235.9 97.6990356445313
236.0 676.624755859375
236.1 365.003601074219
237.0 3694.2841796875
238.1 2987.95043945313
238.1 14630.54296875
239.1 24354.5078125
240.1 94994.0390625
241.1 233183.875
242.1 110728.359375
243.1 28231.154296875
244.1 5955.9375
245.0 228.58576965332
245.1 686.890930175781
245.9 7.66357517242432
246.0 58.6081237792969
246.2 99.7647399902344
246.9 7.78460311889648
247.0 76.1543960571289
247.9 18.036922454834
248.0 33.9487609863281
248.1 39.7423286437988
248.3 23.6013088226318
249.0 869.491516113281
249.1 372.583618164063
249.9 15.3132429122925
250.0 27.2987174987793
250.1 1519.64233398438
250.2 115.294387817383
251.1 13759.8896484375
252.1 15187.2275390625
253.1 29659.513671875
254.1 161729.90625
255.1 73994.5625
256.1 85720.203125
257.1 19914.5
258.1 2751.123046875
259.0 235.449432373047
259.1 99.7600326538086
259.3 33.3392639160156
260.9 34.9482040405273
261.1 26.9600486755371
261.2 12.3137397766113
262.0 140.375076293945
262.1 103.383720397949
262.9 124.265754699707
263.1 258.702606201172
264.1 616.85498046875
264.1 2308.58935546875
265.1 7059.46728515625
266.1 28393.28515625
267.1 39349.23828125
268.1 40094.5859375
269.1 83915.15625
270.1 319079.0625
271.1 70595.9140625
272.0 358.252014160156
272.1 11507.2958984375
273.1 1930.77868652344
273.9 44.6729927062988
274.1 145.368743896484
274.3 26.7359943389893
274.9 65.4217300415039
275.0 241.064651489258
275.9 124.321174621582
276.1 78.0530776977539
276.2 30.5309886932373
277.0 243.9736328125
277.1 261.477294921875
277.2 52.0410079956055
278.1 1280.78503417969
278.1 1082.49792480469
278.9 33.1511688232422
279.1 869.5888671875
279.2 360.189025878906
280.1 12754.326171875
281.1 6137.54736328125
282.1 22702.8671875
283.1 22638.91015625
284.1 499285.4375
285.1 122320.8203125
286.1 15361.1279296875
287.1 1539.76989746094
288.1 183.862335205078
289.0 406.219299316406
289.7 3.7744824886322
289.9 22.2351112365723
290.0 130.185043334961
290.1 66.0596771240234
290.8 1.70226192474365
291.0 376.280334472656
291.2 286.715179443359
292.0 63.8745422363281
292.1 270.320953369141
292.2 340.246643066406
292.3 33.2722473144531
293.0 1032.70886230469
294.1 5680.16455078125
295.1 2007.50244140625
295.2 84.6361236572266
296.1 4367.79833984375
297.0 75.2990493774414
297.1 1684.8349609375
298.1 9651.7041015625
299.0 21.4262275695801
299.1 2564.94311523438
299.9 9.5851936340332
300.1 111.182754516602
300.2 313.344085693359
300.3 23.6729469299316
300.9 27.1766815185547
301.1 30.4308185577393
301.2 9.50137519836426
302.1 22.9805088043213
303.1 35.8022880554199
304.0 63.2084846496582
304.2 10.9919939041138
304.9 19.4750328063965
305.0 32.4382514953613
305.2 8.52046966552734
305.9 8.76192569732666
306.0 64.9552307128906
306.2 75.5015640258789
307.1 299.336181640625
307.2 180.255722045898
308.1 457.206695556641
308.2 380.899688720703
308.9 28.0144824981689
309.1 351.817779541016
310.0 30.2631721496582
310.1 964.465393066406
310.2 508.089202880859
311.0 133.884078979492
311.2 1056.7890625
312.2 12738.474609375
313.2 9062.87890625
314.2 1156.07775878906
314.2 1271.82141113281
315.1 243.546295166016
315.2 236.211791992188
318.2 7.7992525100708
319.1 47.7215270996094
319.3 16.9933300018311
320.0 65.5510177612305
320.2 47.8529930114746
320.3 8.89365386962891
321.1 106.312812805176
321.2 68.8527908325195
322.2 18802.85546875
323.2 7211.0380859375
324.2 297467.40625
325.2 80997.234375
326.2 16082.6416015625
327.1 465.787384033203
327.2 2279.85131835938
328.1 269.491333007813
328.2 92.0571594238281
329.0 8.26045417785645
329.2 8.17734241485596
332.8 19.1597080230713
333.9 10.9698753356934
334.9 27.3711547851563
335.7 23.1236953735352
335.9 8.61962985992432
336.0 16.9376373291016
336.2 23.6006736755371
336.3 36.3985710144043
336.6 27.0391616821289
336.7 34.4639892578125
336.8 10.8291168212891
337.0 20.394624710083
337.1 50.1780891418457
337.3 28.4979362487793
337.5 10.7305583953857
338.0 63.4500694274902
338.1 286.646026611328
338.2 395.228271484375
338.4 59.741886138916
339.1 57.9117965698242
339.2 2336.4189453125
340.2 280130.8125
341.2 602873.8125
342.2 149756.171875
343.2 19939.28515625
344.2 1399.23168945313
344.3 463.981689453125
345.1 48.1731262207031
345.3 67.388542175293
349.0 24.7365245819092
353.0 20.9155254364014
354.0 7.52487564086914
