#"+EI Scan (rt: 16.341-16.392 min, 9 scans) Iso1-1.D  Subtract "
#Point,X(Thompsons),Y(Counts)
40.1 828.548034667969
41.1 35525.99609375
42.1 35828.828125
43.1 5184.78515625
44.0 19471.55078125
45.0 587.882446289063
45.9 105.850746154785
47.0 3.21478271484375
49.0 95.497802734375
49.9 24.673828125
50.0 827.901672363281
51.0 3621.23583984375
52.0 954.615478515625
53.0 1813.7216796875
54.0 2485.69262695313
55.0 8083.181640625
56.0 5956.693359375
57.0 3613.40283203125
58.0 889.173156738281
61.0 117.065490722656
62.0 359.900726318359
63.0 1188.66174316406
64.0 759.716064453125
65.0 5992.6494140625
66.0 1720.49890136719
67.0 6319.61865234375
68.0 7243.3828125
69.0 83771.6171875
70.1 15860.6455078125
71.0 1647.9169921875
72.0 170.282165527344
74.0 38.998291015625
75.0 97.4658203125
76.0 1018.60278320313
77.0 26307.5390625
78.0 3645.39453125
79.0 14568.765625
80.0 3275.443359375
81.0 1005.9521484375
82.0 7119.35595703125
83.0 1888.15649414063
84.1 3768.95458984375
85.0 414.492919921875
86.0 282.037963867188
86.9 312.831268310547
88.0 149.334503173828
89.0 1376.53295898438
90.0 1179.59313964844
91.0 18907.765625
92.0 3979.39282226563
93.0 15678.1015625
94.0 8829.80859375
95.0 5298.2509765625
96.1 40897.5546875
97.1 4734.8017578125
98.0 3321.46630859375
99.0 541.173217773438
99.8 94.9278869628906
100.0 225.986663818359
100.1 81.5091171264648
100.9 121.727874755859
101.1 111.862937927246
102.0 1340.146484375
103.0 13051.595703125
104.0 20038.763671875
105.0 72175.5
106.0 11041.541015625
107.0 1689.33349609375
108.0 164.186218261719
108.1 470.000915527344
110.0 624.79931640625
111.0 213.217651367188
112.0 1158.96826171875
113.0 62.212646484375
113.9 36.06884765625
114.1 80.8157043457031
115.0 2843.75830078125
116.0 1447.21130371094
117.0 8503.21875
118.0 17343.634765625
119.0 5337.6044921875
120.0 787.874572753906
120.1 2753.00952148438
121.0 296.569946289063
121.9 68.0844421386719
122.0 77.2354583740234
123.0 25.7908935546875
124.0 127.687950134277
124.1 13.8981170654297
125.0 654.361206054688
125.9 40.1459045410156
126.1 98.2906799316406
127.0 392.831298828125
128.0 1491.67211914063
129.0 2110.40844726563
130.0 20571.646484375
131.0 13350.873046875
132.1 31660.146484375
133.0 4877.43994140625
134.1 4815.11328125
135.0 552.14501953125
135.9 318.800018310547
138.0 135.333984375
139.0 1370.677734375
139.9 446.250457763672
142.0 412.695251464844
143.0 1987.2353515625
144.1 9283.240234375
145.1 5470.298828125
146.1 265787.65625
147.1 31881.697265625
148.1 4426.9267578125
149.0 197.513305664063
150.1 66.3754501342773
150.3 27.7373580932617
151.0 257.80078125
152.0 376.077392578125
153.0 340.086059570313
154.0 94.9188842773438
155.0 321.517578125
156.0 1115.35229492188
157.0 830.275390625
158.1 36074.96484375
159.0 5526.7734375
160.0 9638.4375
161.0 5245.984375
162.0 2205.65161132813
163.9 50.1997680664063
165.8 77.6211318969727
167.0 61.326416015625
168.0 360.943664550781
169.0 225.75732421875
170.0 861.147888183594
170.1 159.320861816406
170.9 439.712646484375
172.1 3405.7001953125
173.0 1758.42700195313
174.0 936.442626953125
175.0 399.418334960938
176.0 222.61540222168
176.1 36.4218292236328
176.9 456.2490234375
177.9 154.191390991211
178.9 109.106689453125
180.0 80.8179321289063
180.9 6.255615234375
181.9 169.72998046875
182.0 320.310943603516
182.9 203.349487304688
184.1 6622.5390625
185.1 6884.853515625
186.1 14021.3701171875
187.1 12537.859375
188.1 12351.9580078125
189.1 340247.90625
190.1 47639.9453125
191.0 2722.1982421875
192.0 497.618225097656
194.0 47.4639282226563
196.0 464.076995849609
196.9 18.126953125
198.0 1101.18713378906
200.0 1547.89514160156
202.0 628.944091796875
202.9 133.659423828125
204.0 16.1313171386719
204.9 39.6231689453125
205.8 79.3604888916016
208.0 10.433837890625
212.0 357.71923828125
213.0 298.41162109375
214.1 57163.07421875
215.0 5696.078125
216.0 586.5859375
217.0 295.6416015625
219.9 101.61767578125
222.0 70.77685546875
223.9 366.803161621094
225.8 26.5590057373047
226.1 130.762908935547
228.1 2568.91088867188
229.0 1184.61499023438
230.0 54.0715942382813
230.0 300.632598876953
231.0 33.521484375
232.1 57.9869232177734
235.0 489.43212890625
236.1 281.485809326172
238.0 140.1806640625
239.0 67.86279296875
239.9 150.151611328125
240.9 231.521484375
241.9 42.5840454101563
242.9 150.12255859375
244.2 88.94970703125
244.9 11.3630981445313
245.9 34.1304473876953
246.3 21.0720157623291
246.9 28.7484741210938
247.9 88.6805725097656
248.0 20.6364459991455
248.9 88.5487670898438
249.8 26.9359359741211
250.0 13.5893859863281
250.2 22.9700832366943
251.0 475.094360351563
252.0 73.7706604003906
252.2 34.0566329956055
252.9 50.2757568359375
253.8 115.873336791992
254.2 43.4722290039063
255.1 901.684143066406
256.2 275.677093505859
257.1 558348.6875
258.2 103828.2734375
259.1 10741.77734375
260.1 185.419326782227
260.1 670.9912109375
261.9 28.4501190185547
262.0 39.8393058776855
262.9 61.0967254638672
263.8 21.2673854827881
263.9 67.0717315673828
264.1 63.0307083129883
265.0 35.225471496582
266.0 124.682670593262
266.1 61.3987503051758
266.9 43.831787109375
267.9 30.3935585021973
268.0 78.9734497070313
269.0 32.757568359375
270.9 161.1669921875
274.9 109.9052734375
275.9 216.581298828125
276.9 224.258544921875
277.9 206.780029296875
279.0 1641.81579589844
279.1 1374.08935546875
280.1 456.774475097656
281.9 188.280456542969
282.9 348.139221191406
283.7 21.0044136047363
283.9 72.7699813842773
284.0 20.6490249633789
286.0 16.1557006835938
288.1 89.7409515380859
290.0 185.972900390625
291.0 49.211669921875
292.0 5.64300537109375
292.1 62.9691009521484
293.0 527.263671875
294.0 272.81591796875
295.0 9.96337890625
295.9 12.3448486328125
296.9 146.77001953125
297.9 65.4544677734375
298.9 75.850341796875
299.8 42.9621124267578
300.0 109.060859680176
300.9 6.2452392578125
301.9 41.940185546875
302.9 61.6330871582031
303.9 17.1004505157471
304.7 16.7930221557617
304.9 130.700881958008
305.2 17.5091495513916
307.0 164.463134765625
307.1 152.807723999023
307.9 143.013610839844
308.1 56.5205764770508
308.9 128.358047485352
310.1 103.388793945313
311.0 931.174499511719
311.7 25.7218055725098
311.9 113.202972412109
312.9 51.7133560180664
313.0 135.343612670898
314.9 150.602264404297
315.7 22.1958045959473
315.9 101.227607727051
316.1 32.8947525024414
316.7 19.2839221954346
316.9 135.096298217773
317.1 22.4032344818115
318.7 21.5311222076416
318.9 61.3306465148926
324.9 22.4309005737305
325.1 35.2960548400879
326.7 21.7981414794922
326.9 61.7113723754883
328.9 157.916305541992
330.0 71.139289855957
330.8 117.779327392578
333.0 89.0174942016602
333.9 17.7118015289307
334.8 164.884811401367
336.8 35.4745635986328
337.0 18.203929901123
341.1 48.4948921203613
342.9 17.5136489868164
343.0 18.7552299499512
344.9 120.781158447266
345.0 6.80959320068359
346.2 3474.17626953125
347.1 1165.45812988281
348.1 88.0868148803711
348.2 76.6413345336914
348.3 65.7719039916992
349.0 306.258056640625
349.1 96.9897766113281
349.9 73.5507278442383
350.1 127.768592834473
350.9 137.052108764648
351.9 21.5337886810303
352.9 38.8921661376953
353.9 60.0544624328613
354.1 22.6711750030518
354.9 181.70573425293
356.8 43.5048408508301
356.9 30.8888549804688
362.8 27.8361110687256
365.0 17.3350200653076
367.0 119.222351074219
367.9 17.9475326538086
369.0 144.625946044922
369.1 40.2330360412598
370.8 37.2879676818848
371.0 80.0726852416992
371.8 53.7625579833984
372.8 18.4597091674805
424.8 24.2353324890137
