#"+EI Scan (rt: 16.354-16.398 min, 8 scans) Iso1-9A.D  Subtract "
#Point,X(Thompsons),Y(Counts)
40.1 1742.44091796875
41.1 34183.1953125
42.1 33977.7265625
43.1 4997.75244140625
44.0 18651.9921875
45.0 484.00048828125
45.9 8.01256561279297
48.9 43.1089324951172
49.1 22.8211002349854
50.0 911.371459960938
51.0 3655.853515625
52.0 1113.41955566406
53.0 1816.765625
54.0 2456.3662109375
55.0 8224.4765625
56.0 5896.05615234375
57.0 3497.509765625
58.1 894.951416015625
60.9 137.697692871094
62.0 306.937347412109
63.0 1186.99572753906
64.0 742.688598632813
65.0 5694.71044921875
66.0 1711.90222167969
67.0 6210.3046875
68.1 7484.2236328125
69.0 85928.25
70.1 16194.2431640625
71.1 1554.70446777344
71.8 26.5014457702637
72.0 80.4879760742188
72.1 78.5727844238281
74.0 265.225708007813
75.0 114.304443359375
76.0 1296.06298828125
77.0 26048.14453125
78.0 4752.625
79.0 14724.330078125
80.0 3628.29833984375
81.0 1315.2724609375
82.0 7554.255859375
83.0 2421.19799804688
84.1 3750.181640625
85.0 345.082946777344
85.8 23.1672058105469
86.0 160.420684814453
86.1 25.5317440032959
86.9 4.00444793701172
87.0 75.2005157470703
87.9 45.9945755004883
88.0 65.9321365356445
88.1 28.0111408233643
89.0 1647.82446289063
90.0 1542.61608886719
91.0 19281.6953125
92.0 4040.23461914063
93.0 17667.76953125
94.0 9570.5546875
95.0 5898.8388671875
96.1 43968.51171875
97.1 5486.10693359375
98.1 3904.40234375
98.9 190.738830566406
99.1 111.271743774414
99.9 32.8668060302734
100.0 462.003540039063
101.0 347.909790039063
102.0 1274.15930175781
103.0 13720.3349609375
104.0 20729.447265625
105.0 76632.859375
106.0 11961.654296875
107.0 1338.88122558594
108.0 68.6388397216797
108.0 652.716979980469
108.2 121.241584777832
109.0 10.8837890625
110.0 556.978393554688
111.0 320.575561523438
112.0 1337.91259765625
113.0 159.865478515625
113.9 31.0611896514893
114.0 191.057174682617
115.0 2954.40551757813
116.0 1907.62194824219
117.0 9081.341796875
118.0 17724.38671875
119.0 6038.244140625
120.0 3850.8232421875
121.0 475.921844482422
121.8 39.0436553955078
121.9 113.302734375
122.1 49.3106231689453
122.9 72.0126647949219
123.9 6.73175239562988
124.0 151.151031494141
124.1 27.0104312896729
124.9 28.1612396240234
125.9 27.6024284362793
126.0 71.7112121582031
126.9 361.489532470703
127.1 99.4799499511719
128.0 1341.80859375
129.0 1850.92712402344
130.0 20852.6015625
131.0 13955.1484375
132.1 33476.63671875
133.0 4964.20458984375
134.1 5294.22900390625
135.0 511.76513671875
139.0 1548.29296875
140.0 137.437942504883
140.1 161.956726074219
141.0 115.0556640625
142.0 832.839660644531
143.1 2802.001953125
144.1 10073.3681640625
145.1 6289.48583984375
146.1 316459.28125
147.1 37386.578125
148.1 5254.70947265625
149.0 425.219116210938
149.2 75.1316986083984
150.0 238.644592285156
151.0 99.5716552734375
152.0 657.468994140625
153.0 128.701110839844
154.0 317.875701904297
154.1 25.0638046264648
156.0 1441.4482421875
157.0 1003.06298828125
158.1 46064.734375
159.0 6476.298828125
160.0 10646.328125
161.0 6654.11767578125
162.0 2870.60229492188
163.0 116.707275390625
163.9 25.3458557128906
164.9 114.135513305664
165.9 104.985015869141
166.9 127.699951171875
168.0 446.530609130859
169.0 452.240173339844
170.0 1034.88854980469
170.9 454.192138671875
172.1 3879.87573242188
173.1 1870.4326171875
174.1 989.309875488281
174.9 76.3113555908203
175.1 464.496826171875
175.8 72.4241561889648
176.0 49.4129333496094
176.1 39.3323287963867
177.9 145.064910888672
178.9 190.417816162109
180.0 235.74169921875
180.9 2.960693359375
182.0 801.061218261719
182.9 368.372650146484
184.1 7761.88037109375
185.1 7339.90966796875
186.1 16567.931640625
187.1 12984.5654296875
188.2 14913.716796875
189.1 432013.8125
190.1 59712.71875
191.1 6288.19921875
192.0 174.674041748047
194.0 129.291351318359
194.2 70.9189682006836
195.8 71.7981872558594
196.0 115.294494628906
196.9 91.240478515625
198.0 386.698852539063
198.9 142.734130859375
200.0 1463.77331542969
200.9 59.73828125
201.9 159.0234375
204.0 101.645904541016
206.0 145.733810424805
210.0 13.7849464416504
212.0 329.5791015625
213.0 456.790283203125
214.1 77377.8515625
215.0 9438.875
216.0 630.0703125
219.9 81.692138671875
221.9 58.3582916259766
222.0 0.0896072387695313
222.9 14.4609375
223.9 63.4408416748047
224.9 113.28564453125
226.0 162.256896972656
226.1 4.55111503601074
227.0 31.3936157226563
228.1 3042.26904296875
229.0 1457.44482421875
230.0 166.356048583984
231.0 182.748077392578
240.0 76.5778656005859
240.9 98.013427734375
241.9 146.35693359375
243.0 817.214782714844
244.0 188.106689453125
245.0 243.728149414063
246.0 41.6124229431152
246.9 61.51171875
247.0 9.30850982666016
248.9 60.6571617126465
250.0 93.0756454467773
251.0 486.705841064453
251.9 35.7582855224609
252.0 84.735969543457
253.9 163.73974609375
254.0 24.5071659088135
255.0 1491.19287109375
255.2 284.720275878906
257.2 721096.1875
258.2 134181.53125
259.2 13538.892578125
260.1 1046.22546386719
260.9 101.725433349609
261.9 27.5776481628418
262.0 70.9548492431641
262.9 81.8960876464844
264.1 17.2607192993164
265.0 31.4139842987061
266.2 19.5317764282227
266.8 41.2291450500488
267.0 39.2651214599609
267.7 18.9996757507324
268.1 20.368839263916
268.9 2.3612060546875
269.9 93.1930084228516
270.9 3.5147705078125
272.0 256.973541259766
274.9 3.231201171875
276.0 219.933670043945
276.9 243.872802734375
278.0 264.26025390625
279.1 3023.11450195313
280.1 421.943328857422
280.2 92.4160919189453
282.0 90.9805908203125
285.9 94.2599258422852
287.1 82.2991409301758
287.8 19.6177196502686
288.0 20.0438671112061
290.0 9.7742919921875
290.9 40.9544677734375
291.8 52.3795471191406
292.0 173.759262084961
293.0 202.9599609375
293.9 80.89990234375
295.0 318.43359375
296.0 265.066345214844
298.9 142.699371337891
300.1 35.3442649841309
300.9 190.304046630859
301.8 21.9150333404541
301.9 21.3242664337158
302.8 25.8429870605469
303.0 26.3323173522949
303.9 20.9497184753418
305.1 41.9266357421875
307.0 359.921295166016
308.0 76.2390289306641
308.1 90.3051605224609
308.9 45.4622116088867
310.9 8.27351379394531
311.9 16.4660720825195
312.8 63.2596473693848
313.0 9.58433532714844
314.9 73.6582489013672
316.0 82.9844665527344
316.8 0.456344604492188
317.0 62.1534652709961
319.0 17.4242630004883
326.8 0.369932174682617
328.8 24.5643730163574
328.9 103.564521789551
329.2 20.9109020233154
329.9 40.774845123291
330.2 54.8451385498047
330.8 73.1885528564453
330.9 16.680850982666
332.7 27.3240852355957
332.9 31.4786071777344
333.0 54.6558456420898
334.8 30.7222442626953
334.9 28.547119140625
344.9 147.891296386719
346.2 4544.32666015625
347.2 1544.51245117188
348.0 51.6684913635254
348.1 213.043502807617
349.0 430.853820800781
349.8 16.7388381958008
349.9 27.0232906341553
350.0 60.0520515441895
350.3 35.0803642272949
350.4 22.873025894165
350.9 14.549446105957
351.9 37.031135559082
353.0 35.9895858764648
354.9 71.0477752685547
362.9 13.6782760620117
367.0 118.852188110352
368.9 43.649787902832
370.9 13.1473846435547
371.1 32.0711708068848
372.9 42.5348854064941
