#"+EI Scan (rt: 18.886-18.968 min, 14 scans) Iso1-2.D  Subtract "
#Point,X(Thompsons),Y(Counts)
40.0 917.871643066406
41.1 9203.7119140625
42.0 39171.89453125
43.0 5478.892578125
44.0 15774.16796875
45.0 281.815307617188
45.9 45.4635391235352
47.0 38.2839965820313
48.9 43.1874694824219
50.0 866.350158691406
51.0 3845.94116210938
52.0 1097.02941894531
53.0 2290.3193359375
54.0 2786.26049804688
55.0 8497.087890625
56.0 5415.33447265625
57.0 3155.81591796875
58.0 558.581909179688
60.9 20.2312316894531
61.9 42.0240478515625
62.0 256.406677246094
63.0 1331.41906738281
64.0 738.91552734375
65.0 6668.3017578125
66.0 1535.56750488281
67.0 11446.7666015625
68.0 7727.13818359375
69.0 8051.0419921875
70.1 10051.591796875
71.0 899.2958984375
71.7 19.5959529876709
71.9 60.1028785705566
74.0 279.048828125
75.0 299.705810546875
76.0 1071.92163085938
77.0 26675.16796875
78.0 3614.822265625
79.0 14651.3310546875
80.0 3467.76245117188
81.0 2217.697265625
82.0 7842.9423828125
83.0 1516.40673828125
84.0 2673.62915039063
85.0 203.403686523438
85.9 35.8051261901855
86.0 156.100860595703
86.2 17.4780216217041
87.1 98.9631805419922
88.0 102.528915405273
89.0 1586.27551269531
90.0 1248.55847167969
91.0 19740.5390625
92.0 3503.7236328125
93.0 3544.15869140625
94.0 7543.3623046875
95.0 417256.1875
96.0 73593.6953125
97.0 7908.4990234375
98.1 4494.208984375
99.0 570.114807128906
99.1 31.3247776031494
99.9 26.4075241088867
100.0 129.183303833008
100.8 25.8831443786621
100.9 26.2565078735352
101.0 164.182327270508
101.2 30.2161426544189
102.0 1355.93090820313
103.0 13237.9267578125
104.0 18633.025390625
105.0 63258.01953125
106.1 8201.4462890625
107.0 1114.4638671875
108.0 473.111053466797
108.1 494.770904541016
109.0 65.77734375
110.0 650.066772460938
111.0 144.024780273438
111.9 157.475982666016
112.0 32.6354827880859
113.0 281.498901367188
113.9 15.8361053466797
114.0 256.559753417969
115.0 3721.64404296875
116.0 80.6705627441406
116.0 1601.5390625
117.0 6629.4560546875
118.0 8992.19921875
119.0 4417.7421875
120.0 2183.64453125
121.0 947.434875488281
121.9 71.038459777832
122.0 124.982055664063
122.2 28.9848327636719
123.0 121.356689453125
124.0 917.369750976563
124.9 14.8997802734375
125.0 127.091102600098
126.0 887.861083984375
126.9 71.9424667358398
127.0 326.770690917969
128.0 1368.57153320313
129.0 1591.13745117188
130.0 19121.826171875
131.0 9983.9453125
132.0 18601.6640625
133.0 2492.32275390625
134.1 3450.0625
135.0 653.65576171875
136.0 333.025756835938
138.0 2172.6962890625
139.0 549.10791015625
140.0 296.971984863281
141.0 640.70751953125
142.0 1027.04187011719
143.0 2287.25341796875
144.0 4541.30419921875
145.0 2082.93823242188
146.1 8358.486328125
147.0 1475.92639160156
148.1 1984.20910644531
149.0 630.115051269531
150.0 133.763732910156
150.1 39.0593070983887
151.0 302.6728515625
152.0 272.344848632813
154.0 361.196899414063
154.1 53.037425994873
155.0 471.7158203125
156.0 1360.15869140625
157.0 980.046875
158.1 86816.203125
159.0 11700.671875
160.0 7244.24609375
161.0 1017.78564453125
161.9 70.4706497192383
162.0 144.990936279297
163.9 130.408874511719
164.9 162.160400390625
165.8 77.2816696166992
166.9 392.39892578125
168.0 917.301208496094
169.0 1470.439453125
170.0 24720.013671875
171.0 5532.66357421875
172.0 2922.06079101563
173.0 1575.00769042969
174.0 275.268463134766
175.0 258.813568115234
175.1 317.625946044922
176.0 254.885452270508
176.1 91.5630340576172
178.0 369.454223632813
178.1 55.0656242370605
179.0 164.185928344727
180.0 469.280731201172
180.9 235.8486328125
182.0 1104.46557617188
183.0 1107.82763671875
184.1 6880.220703125
185.1 6879.61962890625
186.1 13607.3720703125
187.1 22078.740234375
188.1 11347.5478515625
189.1 4940.35302734375
190.0 794.710266113281
191.0 271.0400390625
192.0 362.992279052734
193.0 36.46044921875
194.0 909.760559082031
196.0 392.651489257813
197.0 16.14599609375
197.9 71.5338363647461
198.0 283.804809570313
198.1 139.499526977539
198.9 138.32373046875
200.0 635.778442382813
200.9 75.643798828125
201.9 674.829467773438
202.9 241.885009765625
204.0 316.907135009766
204.9 29.744384765625
205.9 87.2942581176758
208.0 19.4813232421875
209.0 240.776000976563
210.0 583.643859863281
211.0 369.068359375
212.0 1641.18359375
213.0 178.66064453125
213.9 106.880020141602
214.0 837.528747558594
218.9 232.5
219.9 302.703125
221.9 176.540344238281
222.9 161.578857421875
223.9 178.919311523438
224.0 177.067901611328
225.0 240.2431640625
226.0 428.821929931641
226.1 75.1757888793945
227.0 137.296630859375
228.0 341.413787841797
228.1 91.7683639526367
229.0 389.962890625
229.9 46.6563110351563
234.0 129.625
235.0 297.8994140625
235.9 169.106689453125
236.0 211.520141601563
238.0 707.041015625
239.0 1208.65087890625
240.1 357298.75
241.1 64837.72265625
242.1 6875.75634765625
243.0 554.529235839844
244.0 40.4502258300781
245.7 16.0719108581543
246.0 82.1043243408203
247.0 82.9102096557617
248.0 54.7098579406738
248.1 22.4442119598389
248.9 51.0542602539063
249.9 140.06217956543
250.1 48.0958518981934
251.0 166.059692382813
251.9 177.611114501953
252.0 32.485034942627
252.1 97.1935348510742
252.9 862.599609375
253.0 321.516021728516
254.1 2043.71215820313
255.0 512.30908203125
256.0 72.4993438720703
256.1 23.3557720184326
256.9 14.9759521484375
257.9 324.107604980469
258.9 122.242126464844
259.8 24.0770530700684
259.9 6.28988647460938
260.1 26.3190784454346
260.9 201.139556884766
261.7 26.7428646087646
262.0 75.4888458251953
263.0 129.606002807617
263.9 28.4686737060547
264.0 40.3921699523926
264.9 51.4933319091797
265.6 11.3787279129028
265.8 27.6811580657959
266.1 12.1636581420898
266.9 81.8480224609375
267.1 89.022087097168
267.9 80.3864822387695
268.1 46.8664741516113
269.0 55.8509521484375
269.9 253.979446411133
270.9 198.66015625
271.9 225.936187744141
273.8 67.8867797851563
274.9 104.86865234375
275.9 136.244720458984
276.9 237.004638671875
277.9 209.019592285156
279.1 4989.3095703125
280.0 374.800872802734
280.1 715.223083496094
280.9 112.545974731445
281.0 955.0224609375
282.0 89.5431594848633
282.2 493.325469970703
283.1 597825.1875
284.1 116281.3203125
285.1 13530.1279296875
286.1 1826.2060546875
287.0 169.732727050781
287.9 134.606460571289
290.0 2.695068359375
291.0 87.59423828125
292.0 25.6347045898438
293.0 442.0205078125
294.0 107.55908203125
295.9 78.8053588867188
296.9 24.033935546875
299.0 135.669418334961
299.8 30.0739307403564
299.9 14.8338470458984
300.9 109.357635498047
301.8 40.7644882202148
303.0 33.6291160583496
304.0 26.4389305114746
304.8 14.5022249221802
305.0 17.6381492614746
306.0 10.766092300415
307.0 89.65234375
307.8 12.6509809494019
308.0 10.1082611083984
308.1 57.0818901062012
308.9 101.632614135742
310.0 63.5527610778809
310.2 11.0564823150635
311.0 88.0531616210938
312.0 164.018997192383
313.1 13.8182907104492
314.8 63.6863098144531
315.0 58.2408828735352
316.0 100.959846496582
317.0 67.4081802368164
318.9 96.578369140625
319.0 13.9746026992798
322.9 12.3174734115601
326.9 49.4544715881348
327.0 39.7620506286621
328.2 12.7678537368774
328.9 122.471366882324
330.0 11.2150707244873
330.9 23.2743682861328
332.8 42.5477867126465
333.0 30.038745880127
333.9 11.0096788406372
334.9 46.7708435058594
336.9 10.8691463470459
340.9 44.9914855957031
341.0 25.8513622283936
344.8 13.3921136856079
344.9 26.8949584960938
345.0 41.9415245056152
345.1 16.2554416656494
346.0 25.6055507659912
346.8 25.4079856872559
346.9 113.859031677246
348.9 196.283981323242
349.9 148.959594726563
350.0 53.6314430236816
350.9 132.126098632813
351.0 7.24186706542969
351.9 11.9880142211914
352.1 12.2488317489624
352.9 259.485046386719
353.0 24.6165447235107
353.9 39.3362083435059
354.1 22.4697914123535
354.9 137.82014465332
355.8 11.7261781692505
355.9 12.2296123504639
356.0 38.2095947265625
356.7 12.1175298690796
356.9 24.8066177368164
357.0 64.2235565185547
358.9 63.1579856872559
359.0 23.5133037567139
362.8 5.74030303955078
363.9 11.967794418335
365.0 35.7399368286133
366.9 148.678482055664
367.9 54.263916015625
368.8 25.6534786224365
368.9 96.4213104248047
369.1 36.7739372253418
371.0 156.999145507813
372.1 2639.81298828125
372.2 281.701843261719
373.1 1118.70422363281
374.0 69.0204467773438
374.1 211.539581298828
375.0 12.8366422653198
375.1 116.013511657715
375.2 42.3549613952637
428.9 13.9842891693115
