#"+EI Scan (rt: 16.767-16.818 min, 9 scans) Iso2-5.D  Subtract "
#Point,X(Thompsons),Y(Counts)
40.1 1295.03076171875
41.1 33339.7109375
42.1 42831.05078125
43.1 6713.728515625
44.1 21717.11328125
45.0 587.185791015625
45.7 18.1121520996094
45.9 66.9329833984375
46.1 6.52143001556396
46.8 41.0485877990723
49.0 26.4048690795898
49.1 32.1703033447266
50.0 1034.06860351563
51.0 4616.0263671875
52.0 1310.87866210938
53.0 2488.18212890625
54.1 3110.373046875
55.1 9317.248046875
56.1 7785.505859375
57.1 4736.01025390625
58.1 1033.28466796875
60.8 21.6745262145996
60.9 106.612815856934
61.1 6.65739440917969
61.9 26.3532981872559
62.0 392.715270996094
63.0 1477.89636230469
64.0 920.887817382813
65.0 7496.72216796875
66.0 1983.53833007813
67.0 8514.59375
68.1 10390.0048828125
69.0 163049.4375
70.1 23524.1875
71.0 2087.3896484375
72.0 26.6245994567871
72.1 220.773681640625
74.0 240.512084960938
75.0 244.424560546875
76.0 1551.31298828125
77.0 33869.734375
78.0 5549.3203125
79.0 18995.6328125
80.0 4353.34423828125
81.0 1552.65234375
82.0 9254.2705078125
83.0 2685.5126953125
84.1 5280.95556640625
85.0 962.999450683594
85.9 80.8264389038086
86.0 153.543518066406
86.2 17.4220352172852
86.9 101.371864318848
87.9 67.909538269043
88.1 32.620719909668
89.0 1806.56860351563
90.0 1911.48388671875
91.0 25103.380859375
92.0 5008.55224609375
93.0 17143.294921875
94.1 12568.4189453125
95.1 7415.84814453125
96.1 73016.859375
97.1 7471.53076171875
98.1 7471.90869140625
99.0 679.40478515625
100.0 1015.15423583984
100.8 22.9128646850586
101.0 320.065338134766
101.1 19.7734298706055
102.0 1683.86059570313
103.0 17851.935546875
104.0 27645.29296875
105.1 95719.5625
106.1 14559.6123046875
107.0 1946.67663574219
108.0 999.9169921875
110.0 728.588745117188
111.0 503.662841796875
112.0 1433.05627441406
113.0 167.268844604492
114.0 269.136688232422
114.1 102.717544555664
115.0 4135.1650390625
116.0 2211.92333984375
117.0 12454.9677734375
118.0 23127.623046875
119.0 7233.451171875
120.0 4564.2158203125
121.0 929.475280761719
121.8 107.561920166016
122.0 186.523956298828
122.9 187.056823730469
124.0 361.600830078125
124.9 201.965835571289
125.9 54.477668762207
126.1 83.1372756958008
127.0 586.255798339844
127.9 197.54443359375
128.0 1999.45947265625
129.0 34.0390930175781
129.0 2234.3525390625
130.0 28265.35546875
131.0 18728.43359375
132.1 41022.609375
133.0 6188.1142578125
134.1 6926.20068359375
135.0 720.36865234375
136.1 419.315612792969
138.0 163.92529296875
139.0 4005.86499023438
140.0 684.597961425781
141.0 210.35595703125
142.0 1161.0400390625
143.0 3551.26538085938
144.1 15722.0791015625
145.0 41.5626525878906
145.2 9090.630859375
146.1 400391.78125
147.1 47057.19921875
148.1 7956.724609375
149.0 859.92529296875
150.0 337.883666992188
150.2 40.6670188903809
151.0 86.77490234375
152.0 748.628051757813
152.1 422.565246582031
153.0 234.478698730469
153.9 3.61849212646484
154.1 489.977661132813
155.0 247.8486328125
156.0 1999.27795410156
157.0 1557.3291015625
158.1 79203.421875
159.0 11038.173828125
160.1 21301.810546875
161.0 9674.6611328125
162.0 5437.19384765625
163.0 407.29248046875
164.0 441.617523193359
164.9 40.1559448242188
165.0 71.2701034545898
165.9 13.6633758544922
166.0 26.1547241210938
166.9 259.64208984375
168.0 504.074462890625
169.0 651.162414550781
170.0 675.634887695313
170.1 690.987243652344
170.9 516.990112304688
172.1 5405.73046875
173.1 2510.59375
174.0 1125.97229003906
175.0 777.054321289063
176.0 180.627197265625
177.9 113.052284240723
179.0 125.394134521484
179.1 15.5502071380615
179.9 150.226745605469
180.0 164.690826416016
180.9 28.868408203125
182.0 1020.19818115234
183.0 551.429565429688
183.1 263.955352783203
184.1 10035.056640625
185.1 7980.7900390625
186.1 24771.015625
187.1 19632.80859375
188.2 19451.123046875
189.1 535451.4375
190.1 75480.640625
191.1 6965.4267578125
192.0 206.446411132813
194.0 234.828125
196.0 309.083862304688
197.0 240.897705078125
198.0 1191.20825195313
198.9 87.4921875
200.0 882.593505859375
200.9 70.8251953125
202.0 821.673828125
202.9 65.5193557739258
204.0 94.2055816650391
204.9 453.38134765625
206.0 107.848861694336
210.0 130.450332641602
210.1 134.614151000977
212.0 931.361328125
213.0 919.6953125
214.1 116663.21875
215.0 14249.52734375
216.0 968.18359375
218.0 44.4698486328125
222.0 78.4289398193359
222.9 15.44482421875
224.0 97.3520355224609
225.0 250.119873046875
226.0 143.344772338867
226.1 138.241470336914
226.2 56.5181121826172
227.0 173.913696289063
228.1 4182.8642578125
229.0 1342.33728027344
230.0 250.035873413086
231.0 364.858154296875
236.0 3.14080047607422
239.0 99.39599609375
240.0 57.481689453125
240.1 65.6898498535156
241.0 783.3125
241.9 139.104263305664
242.0 145.160217285156
242.9 65.7242431640625
243.8 21.4595642089844
244.0 124.765853881836
244.9 0.718147277832031
245.1 66.1821823120117
245.9 10.0770597457886
246.1 17.512565612793
246.8 25.9820404052734
247.0 20.0006847381592
247.9 18.162015914917
248.9 112.231735229492
249.9 60.6404762268066
249.9 143.469604492188
251.1 466.485137939453
251.9 90.063591003418
252.0 22.498722076416
252.9 100.248413085938
253.9 229.496765136719
254.1 39.5122680664063
255.1 1061.06213378906
255.2 1460.59545898438
257.2 920450.875
258.2 172887.3125
259.2 17974.818359375
260.0 26.0618343353271
260.1 1481.0693359375
261.0 227.643020629883
261.9 10.8273649215698
262.0 89.8527755737305
262.5 23.4168434143066
263.0 69.3110046386719
264.1 41.2311592102051
265.0 48.8181610107422
266.9 39.9636840820313
268.1 35.069465637207
268.9 6.85517883300781
270.9 69.1591796875
272.0 82.4596939086914
276.0 461.115661621094
276.9 180.155517578125
278.0 557.758361816406
279.1 11362.9091796875
280.1 2655.79345703125
281.0 93.0509033203125
282.0 72.0125961303711
283.0 180.529342651367
287.0 29.7299575805664
287.9 0.864837646484375
291.0 92.4652099609375
292.0 19.1637668609619
296.0 181.631820678711
298.0 304.464569091797
298.9 16.2598686218262
300.0 58.3372611999512
300.1 23.8552989959717
300.9 105.625396728516
301.0 59.5493316650391
301.8 31.9389533996582
302.9 48.5615997314453
303.9 36.2197418212891
305.0 69.7478332519531
307.0 423.035308837891
307.8 18.0038356781006
308.0 55.0903778076172
308.1 11.5489063262939
308.9 38.1451644897461
311.0 103.70987701416
311.8 1.30648231506348
311.9 62.7675590515137
312.9 3.44966888427734
313.1 83.4192047119141
314.1 44.2687568664551
314.9 278.609100341797
315.8 6.31348419189453
315.9 12.1538391113281
316.1 16.8011131286621
316.8 20.1778697967529
317.0 42.2084693908691
318.0 17.2866439819336
318.9 39.7046012878418
326.9 80.7035675048828
328.0 71.1913604736328
328.2 21.8113498687744
328.9 52.6314010620117
329.1 108.10302734375
330.1 197.732070922852
330.2 76.5527191162109
331.0 95.0436248779297
331.1 92.3038635253906
332.1 107.531280517578
332.3 17.4308586120605
332.7 1.69741249084473
332.9 31.1915435791016
333.0 155.861358642578
334.9 22.5780353546143
335.1 20.0374565124512
341.0 104.241928100586
344.8 63.1284446716309
345.0 67.7066345214844
346.2 3437.44384765625
347.1 1528.74377441406
347.9 26.1038284301758
348.0 43.9882583618164
348.2 372.118560791016
349.1 917.036376953125
349.9 19.3602409362793
350.1 225.713241577148
350.7 24.4854354858398
351.0 50.0521354675293
352.9 137.847732543945
354.9 21.1911849975586
359.0 20.2567462921143
363.0 67.5323486328125
367.0 100.185188293457
370.9 149.409652709961
428.9 18.5211124420166
