#"+EI Scan (rt: 16.767-16.818 min, 9 scans) Iso2-8.D  Subtract "
#Point,X(Thompsons),Y(Counts)
40.1 1226.7666015625
41.1 28274.779296875
42.1 37645.5078125
43.1 5719.8515625
44.1 18851.10546875
45.0 485.532989501953
45.9 36.7626800537109
46.0 13.506685256958
49.1 67.5391159057617
50.0 923.41845703125
51.0 3940.51953125
52.0 1161.91040039063
53.0 2009.40075683594
54.0 2807.92944335938
55.1 8223.9072265625
56.0 6853.6337890625
57.1 4276.7841796875
58.1 808.897155761719
60.9 154.872406005859
62.0 419.854522705078
63.0 1525.07055664063
64.0 758.275512695313
65.0 6265.7626953125
66.0 1796.76037597656
67.0 7137.51416015625
68.1 8984.2451171875
69.0 140330.203125
70.0 20432.2265625
71.1 1846.97485351563
71.8 49.9536476135254
72.1 181.276702880859
74.0 241.964721679688
75.0 373.098388671875
76.1 1334.20849609375
77.0 29296.400390625
78.0 5265.119140625
79.0 16166.3798828125
80.0 3892.26416015625
81.0 1491.845703125
82.1 8863.7744140625
83.1 2656.93798828125
84.1 4727.880859375
85.0 497.930358886719
85.9 85.3365249633789
86.0 119.833038330078
86.1 32.9777374267578
86.9 65.696174621582
87.9 82.4004592895508
88.0 68.3990020751953
89.0 1585.91333007813
90.0 1555.52038574219
91.1 22334.939453125
92.0 4278.10107421875
93.0 14860.873046875
94.1 10899.3916015625
95.1 6589.8095703125
96.1 62573.90625
97.1 6749.44384765625
98.1 7179.3271484375
99.0 588.843872070313
99.1 43.6800231933594
99.9 56.8024063110352
100.0 831.311767578125
100.9 245.136306762695
101.1 104.200820922852
102.0 1449.5693359375
103.0 15310.9013671875
104.0 24050.67578125
105.1 83153.5078125
106.1 12637.1025390625
107.0 1600.00903320313
108.0 912.214294433594
110.0 759.535705566406
111.0 665.728515625
111.9 41.4975357055664
112.1 1245.48486328125
113.0 274.176452636719
114.0 189.998275756836
114.1 139.158065795898
115.0 3618.2802734375
116.0 2025.06640625
117.0 10751.69921875
118.0 20325.34375
119.0 5811.24169921875
120.0 3832.58520507813
121.0 914.152465820313
121.9 13.1174144744873
122.0 296.774932861328
122.9 133.366790771484
124.0 345.166137695313
124.9 72.7774658203125
125.9 37.3656539916992
126.0 117.505874633789
127.0 387.191131591797
128.0 1993.04772949219
129.0 2099.09228515625
130.0 24025.955078125
131.1 16156.138671875
132.1 35842.3984375
133.0 5507.9560546875
134.1 6004.71630859375
135.0 795.1865234375
136.1 490.445434570313
138.0 325.83154296875
139.0 3532.9248046875
140.0 321.246887207031
140.2 73.7857360839844
141.0 275.639892578125
142.0 799.6064453125
143.0 2645.41430664063
143.1 384.887817382813
144.1 13766.3466796875
145.1 8109.51953125
146.1 347549.46875
147.1 40268.6015625
148.1 6990.8095703125
149.0 787.10791015625
149.9 70.4590606689453
150.0 160.946350097656
150.2 61.6816520690918
151.0 92.113037109375
152.0 1123.00573730469
153.0 181.695861816406
154.0 478.055114746094
155.0 341.06640625
156.0 1660.30163574219
157.0 1287.57666015625
158.1 68542.6171875
159.0 9594.287109375
160.1 18650.91015625
161.0 8272.1484375
162.1 4706.69482421875
163.0 471.15869140625
163.8 50.9289855957031
163.9 72.6775817871094
164.9 105.44970703125
165.9 61.2414779663086
166.1 37.6213760375977
167.0 141.396118164063
168.0 686.60986328125
169.0 318.600189208984
170.0 1193.5615234375
170.9 467.298583984375
172.1 4729.20263671875
173.0 2175.75854492188
173.9 54.7364273071289
174.1 897.965698242188
175.1 621.859375
175.8 36.0894088745117
176.0 100.672592163086
176.1 28.0311393737793
178.0 66.7957153320313
178.9 64.8974227905273
179.1 49.3171348571777
179.9 30.3482818603516
180.0 193.055191040039
180.9 86.5361328125
182.0 1065.46411132813
183.0 455.58349609375
184.1 8822.5732421875
185.1 7399.162109375
186.1 21730.60546875
187.1 17133.650390625
188.2 16785.921875
189.1 463670.4375
190.1 64933.96875
191.1 6404.169921875
192.0 172.051239013672
194.0 347.090118408203
196.1 250.663543701172
197.0 338.592529296875
198.0 765.665161132813
198.9 93.88720703125
200.0 997.936950683594
200.9 125.753662109375
202.0 765.946838378906
202.9 35.7299194335938
204.0 109.927772521973
204.1 65.0031967163086
205.9 110.666633605957
206.1 30.371711730957
208.0 22.3963012695313
209.0 70.4227294921875
210.0 123.281196594238
210.1 69.85986328125
212.0 692.222900390625
213.0 804.88525390625
214.1 100691.5546875
215.0 13449.96875
216.0 1036.90234375
219.9 16.340576171875
222.0 17.0101318359375
223.9 3.79330444335938
224.0 98.8558197021484
225.0 281.026000976563
225.9 21.7775440216064
226.1 303.873107910156
227.0 221.657836914063
228.1 3590.91772460938
229.0 1014.36047363281
230.0 93.7703704833984
230.1 76.3667678833008
231.0 340.432556152344
239.0 149.34912109375
240.0 117.172561645508
241.0 708.59765625
241.9 231.532516479492
242.9 58.7126922607422
243.9 56.7797241210938
244.1 61.8492584228516
244.7 61.8614311218262
245.0 239.720336914063
245.9 26.127742767334
246.0 14.4344615936279
246.7 8.81186103820801
246.8 143.370468139648
247.1 29.608757019043
247.7 17.2070198059082
248.0 19.2855319976807
248.9 40.0730438232422
250.0 71.6016387939453
250.2 58.1559791564941
251.0 299.072204589844
251.8 33.4606666564941
252.1 116.446731567383
253.0 404.946502685547
253.6 33.648494720459
254.0 21.7922592163086
254.1 162.084991455078
255.1 2347.470703125
257.2 791588.625
258.2 147423.46875
259.2 15608.2099609375
260.1 1308.48181152344
261.0 283.851898193359
261.7 19.7131500244141
261.8 34.3990898132324
262.0 14.3036499023438
262.9 36.4798889160156
263.9 16.9007949829102
264.0 21.5697479248047
265.0 117.460601806641
265.9 5.41441822052002
266.1 9.3823413848877
267.8 59.7866973876953
269.9 115.74348449707
270.9 23.2314453125
272.0 138.008590698242
272.1 42.4380950927734
273.9 1.9105224609375
274.1 40.4359893798828
274.9 76.260498046875
275.9 52.7628784179688
276.9 206.447265625
278.0 443.460235595703
279.1 9880.56640625
280.1 2178.71264648438
281.0 58.494873046875
283.0 86.5056457519531
284.0 43.9229431152344
286.8 51.1480941772461
287.8 7.78506374359131
287.9 6.59328460693359
290.0 29.609130859375
291.0 10.6064453125
291.9 95.125129699707
292.9 180.6103515625
297.9 86.2203521728516
298.9 75.9558715820313
300.0 78.3193359375
300.9 76.4628295898438
301.8 14.8005676269531
302.0 13.5690860748291
302.8 28.6498374938965
303.0 173.569946289063
304.0 18.3826293945313
304.8 8.10284614562988
304.9 28.5807723999023
307.0 58.0607452392578
307.1 83.8345794677734
307.9 17.3599796295166
308.0 87.8157806396484
308.2 27.4676418304443
308.8 24.6411972045898
309.0 61.8325843811035
310.8 59.9730644226074
310.9 32.340705871582
312.1 4.05509471893311
312.3 16.759391784668
312.9 81.5757598876953
314.1 18.0669460296631
314.9 80.3539428710938
315.8 2.17312622070313
315.9 11.2278900146484
316.1 22.4113445281982
316.9 37.0334320068359
317.1 18.8940544128418
324.9 12.3029899597168
327.0 130.251312255859
328.1 38.7834053039551
328.8 4.39911460876465
328.9 68.4507751464844
329.0 86.9888458251953
330.0 72.1942443847656
330.2 271.855224609375
331.0 181.667846679688
332.0 29.235860824585
332.2 40.1066741943359
332.4 38.2888641357422
332.8 46.8810729980469
333.0 134.835205078125
334.8 0.864871978759766
334.9 42.4349174499512
340.7 1.35966300964355
340.9 12.7374954223633
341.1 32.7284393310547
345.0 75.470329284668
345.2 28.799991607666
346.2 2973.41528320313
347.1 390.125427246094
347.2 953.972106933594
348.1 157.985214233398
348.2 146.34211730957
349.0 164.433166503906
349.1 581.127990722656
350.0 51.991081237793
350.1 180.817459106445
350.7 24.3087120056152
350.8 67.0602874755859
352.8 73.7981567382813
353.1 44.8732147216797
354.9 226.26416015625
356.2 19.7457103729248
358.9 47.7204513549805
363.0 75.2252960205078
365.1 18.7370891571045
366.9 17.8172149658203
368.7 18.4415493011475
371.0 141.414199829102
414.8 8.88418579101563
429.1 52.1218681335449
