#"+EI Scan (rt: 16.767-16.818 min, 9 scans) Iso2-10.D  Subtract "
#Point,X(Thompsons),Y(Counts)
40.1 1301.67590332031
41.1 27489.45703125
42.1 36330.125
43.1 5487.03759765625
44.1 18146.947265625
45.0 429.013366699219
46.0 15.2543878555298
47.0 165.832092285156
48.9 67.6781158447266
50.0 868.179931640625
51.0 3731.96630859375
52.0 1145.6064453125
53.0 2049.49975585938
54.0 2604.13159179688
55.1 7858.42529296875
56.0 6439.47900390625
57.0 3941.80712890625
58.0 242.110992431641
58.1 540.010192871094
60.0 26.95068359375
61.0 144.11376953125
61.9 219.276824951172
62.0 182.941833496094
63.0 1230.95056152344
64.0 916.054870605469
65.0 6269.65576171875
66.0 1711.81030273438
67.0 7098.17578125
68.1 8578.328125
69.0 134924.375
70.1 19415.486328125
71.1 1860.98596191406
71.9 86.7553253173828
72.1 85.1833419799805
74.0 278.13134765625
75.0 214.35009765625
76.1 1277.30969238281
77.0 28770.1875
78.0 4936.287109375
79.0 15610.1796875
80.1 3857.8056640625
81.0 1346.1103515625
82.0 8289.1923828125
83.0 2048.05419921875
84.1 4688.4765625
85.0 446.793853759766
85.9 55.4915161132813
86.0 144.254455566406
87.0 138.63883972168
87.8 21.159984588623
87.9 123.940536499023
88.2 23.2535781860352
89.0 1465.05712890625
90.0 1626.0595703125
91.0 21208.962890625
92.0 4118.4560546875
93.0 14515.9990234375
94.0 10592.7177734375
95.1 6310.77392578125
96.1 60997.76171875
97.1 6581.55810546875
98.1 7333.5791015625
99.0 684.110290527344
99.9 63.1801414489746
100.1 744.341796875
100.9 65.9934768676758
101.0 263.199523925781
102.0 1505.55297851563
103.0 15215.388671875
104.0 23132.9453125
105.0 80780.2578125
106.0 11847.7099609375
107.0 1818.20251464844
108.0 855.179809570313
110.0 751.297546386719
111.0 338.868408203125
112.0 1287.67065429688
113.0 231.770294189453
113.9 82.2703323364258
114.0 213.058349609375
114.2 52.470142364502
115.0 3651.37353515625
116.0 1956.05700683594
117.0 10426.3330078125
118.0 20101.134765625
119.0 5663.29443359375
120.1 4009.21630859375
121.0 622.282104492188
121.1 128.063735961914
121.9 142.522064208984
122.0 186.725692749023
122.9 114.439819335938
123.9 42.0647850036621
124.1 286.594940185547
124.8 18.4616680145264
124.9 17.5262145996094
125.8 14.2498512268066
126.0 83.3889312744141
127.0 540.711120605469
128.0 2035.44262695313
129.0 2066.4169921875
130.0 23216.92578125
131.1 15738.30859375
132.1 34586.20703125
133.0 5087.4169921875
134.1 5867.6474609375
135.0 758.866943359375
136.1 450.662719726563
138.0 272.94140625
139.0 3511.0634765625
140.0 423.661804199219
141.0 272.722900390625
142.0 953.564392089844
143.0 3121.69775390625
144.1 13580.943359375
145.2 7371.0078125
146.1 336286
147.1 39416.21875
148.1 6684.54736328125
149.0 706.101623535156
149.9 65.3094253540039
150.0 244.596694946289
151.0 54.1565551757813
152.0 1093.99816894531
153.0 129.349273681641
154.0 502.014038085938
155.0 187.24609375
156.0 1919.29223632813
157.0 1284.76147460938
158.1 67479.640625
159.0 9343.126953125
160.1 18292.830078125
161.0 7994.08837890625
162.1 4481.03076171875
163.0 420.56884765625
163.9 97.7900695800781
164.9 273.122650146484
165.9 0.3922119140625
166.0 114.130416870117
166.9 221.67578125
168.0 644.673400878906
168.9 337.070343017578
170.0 1246.47045898438
170.9 385.89892578125
172.1 4646.6787109375
173.1 2144.798828125
173.9 31.3146438598633
174.1 940.869445800781
175.0 218.328369140625
175.1 436.892944335938
176.1 158.501037597656
176.8 58.5736351013184
178.0 137.065689086914
179.0 134.467483520508
179.9 175.0712890625
180.0 70.075309753418
181.9 20.1705322265625
182.0 852.792907714844
183.0 771.851013183594
184.1 8769.634765625
185.1 7145.55029296875
186.1 21149.4921875
187.1 16948.6328125
188.2 16399.6640625
189.1 452662.53125
190.1 63989.421875
191.1 6298.8935546875
192.0 180.083190917969
193.0 22.39208984375
194.0 145.945190429688
196.0 262.703125
197.0 164.914794921875
198.0 814.056762695313
198.9 80.110107421875
200.0 888.369445800781
200.9 92.832275390625
202.0 550.249145507813
202.9 16.1757202148438
203.7 17.5312824249268
203.8 3.59127807617188
204.0 36.6728057861328
206.0 148.385009765625
209.0 10.595703125
210.1 409.706115722656
212.0 513.009765625
213.0 823.02587890625
214.1 97850.1640625
215.0 12981.81640625
216.0 884.1025390625
218.0 106.557739257813
222.0 43.9515380859375
222.9 12.2198486328125
223.9 49.2196044921875
224.1 36.8892593383789
225.0 127.98779296875
225.9 60.6451187133789
226.1 289.509582519531
227.0 139.3642578125
228.1 3544.91430664063
229.0 1069.56628417969
230.0 7.55154418945313
230.1 193.166091918945
231.0 415.530487060547
236.0 55.6761322021484
239.0 162.48828125
240.1 215.778762817383
241.0 637.057861328125
242.0 617.811462402344
242.9 199.690063476563
243.9 51.6676483154297
244.0 48.6830444335938
244.9 277.594177246094
245.9 12.1300945281982
246.0 32.0464134216309
247.0 43.114875793457
247.9 18.2928466796875
248.9 4.51507568359375
249.9 6.71154022216797
250.1 100.240303039551
250.9 180.772201538086
251.2 72.8517227172852
251.9 16.8213043212891
252.0 98.9241104125977
252.9 60.7602233886719
254.0 104.620155334473
254.1 73.5500640869141
254.3 73.0978088378906
255.0 38.2689208984375
255.1 2096.47143554688
257.2 779961
258.1 145043
259.2 15117.0712890625
260.1 1219.42712402344
260.9 83.3292541503906
261.0 50.8526268005371
261.8 16.6135482788086
262.0 39.3089752197266
262.9 20.998649597168
263.0 35.0321731567383
264.0 25.4585800170898
264.7 5.0473747253418
264.9 10.6879043579102
265.0 3.06520080566406
266.9 89.195556640625
267.9 29.2172927856445
270.1 86.3932800292969
270.9 32.1343994140625
272.0 48.8005218505859
272.9 36.859375
273.9 15.29296875
274.9 54.07666015625
275.8 89.5493774414063
276.9 339.959228515625
278.0 339.908966064453
278.1 90.1871643066406
279.0 279.359008789063
279.1 9001.232421875
280.1 2201.37255859375
281.0 94.5462646484375
282.0 5.54423522949219
282.9 98.3618774414063
283.8 12.1862926483154
283.9 141.004058837891
284.1 20.4408092498779
286.0 2.52228927612305
287.0 41.4290771484375
288.0 94.2287979125977
289.0 37.28076171875
291.0 66.8787841796875
292.9 59.6796875
293.9 65.572998046875
296.1 88.5810699462891
297.9 19.3889770507813
300.0 66.4624557495117
300.9 58.3972930908203
301.8 19.4869499206543
302.0 16.9523124694824
302.9 5.91740417480469
303.0 12.7984466552734
304.0 18.2502460479736
304.7 34.6597747802734
305.0 35.2683181762695
307.1 209.056503295898
307.9 32.9121322631836
308.0 18.9268531799316
308.8 64.7803573608398
309.1 17.1178340911865
310.8 55.5042114257813
310.9 39.6501770019531
312.0 31.2052154541016
312.9 78.2797088623047
315.0 265.209381103516
315.7 15.7037677764893
315.9 52.3602600097656
316.9 14.358247756958
325.0 0.129467010498047
325.1 18.0105972290039
326.9 27.7005920410156
327.1 17.7764282226563
327.8 13.7984943389893
328.0 19.9368534088135
328.9 121.36205291748
329.0 83.9779434204102
330.0 147.258743286133
330.1 180.110000610352
331.0 212.295196533203
332.0 20.7849559783936
332.1 69.7674255371094
332.6 18.6689014434814
332.9 89.7611618041992
333.0 126.377136230469
334.0 19.6641044616699
334.8 25.1025085449219
335.0 21.2162914276123
340.9 7.80194473266602
344.8 19.15696144104
345.0 115.872604370117
346.2 3007.80346679688
347.2 1327.35302734375
348.1 330.134826660156
349.0 97.6692810058594
349.1 516.799499511719
349.9 38.856502532959
350.2 158.003387451172
350.5 17.0307388305664
350.9 23.4541473388672
351.1 21.1478652954102
352.9 31.6954498291016
355.9 26.3320465087891
356.1 18.6881637573242
356.9 54.2127456665039
358.8 52.9214363098145
359.0 13.9711780548096
363.0 47.7637252807617
366.9 19.2755126953125
367.0 22.091136932373
369.2 39.5600662231445
370.9 78.6260986328125
372.9 16.7131595611572
401.0 10.5058059692383
428.9 21.2916030883789
