#"+EI Scan (rt: 5.118-5.545 min, 68 scans) Iso3-7.D  Subtract "
#Point,X(Thompsons),Y(Counts)
40.1 183.014358520508
41.1 6220.18359375
42.1 6409.36865234375
43.0 1374.26782226563
44.0 80.5202026367188
50.0 283.499694824219
50.0 329.355255126953
51.0 1749.81970214844
51.9 8.37808895111084
52.0 324.389984130859
52.0 255.833374023438
52.9 61.3617172241211
53.0 259.011627197266
53.1 117.770462036133
53.9 87.3693542480469
54.0 197.280578613281
54.9 7.12318134307861
55.0 339.576416015625
55.1 15.4814939498901
56.0 1391.099609375
57.2 2085.10571289063
58.1 133984.28125
59.1 5326.73681640625
59.9 68.1829605102539
60.1 10.1525936126709
60.9 23.3029651641846
61.0 2.53814721107483
61.9 106.256958007813
62.0 346.307373046875
63.0 509.388977050781
63.0 1232.38513183594
64.0 97.85107421875
64.1 406.270080566406
64.1 136.772644042969
65.0 7032.21484375
65.8 25.7667846679688
65.9 396.331115722656
66.1 245.056411743164
66.2 145.104125976563
66.3 81.1875
66.4 16.1541137695313
66.5 41.9771919250488
66.7 32.5367393493652
66.9 249.167724609375
67.0 504.440368652344
67.0 214.2138671875
69.9 21.1963386535645
70.0 152.601150512695
70.1 30.6609325408936
72.9 9.98744583129883
73.1 130.413558959961
73.2 4.11338043212891
73.8 2.81268548965454
73.9 126.006523132324
74.0 85.1727676391602
74.9 132.854141235352
75.0 177.935333251953
75.8 2.67873167991638
75.9 94.6225814819336
76.0 134.765274047852
76.1 34.9169082641602
77.0 1754.48852539063
78.0 700.0546875
79.0 309.409576416016
79.0 250.906280517578
79.9 18.1490879058838
80.0 41.2239112854004
80.8 10.9068031311035
80.9 39.1596984863281
84.1 2.2861967086792
84.8 17.7886199951172
84.9 48.0621566772461
85.0 15.5297470092773
85.8 3.07878971099854
85.9 44.1515312194824
86.1 5.07466983795166
86.8 2.58345603942871
86.9 51.5093269348145
87.1 17.2437591552734
88.0 20.0532550811768
88.1 6.52577304840088
88.9 0.345699310302734
89.0 2163.81909179688
90.0 245.24055480957
90.1 743.823059082031
91.0 18902.34375
92.0 2588.12036132813
92.9 124.883056640625
93.0 330.395050048828
93.1 2.97646117210388
94.0 49.6414184570313
94.2 6.12373733520508
95.0 5.20320606231689
95.9 5.02767944335938
96.0 4.6865930557251
101.0 12.1115627288818
101.1 4.82312107086182
101.7 2.58631777763367
101.9 87.4791412353516
102.0 209.179733276367
102.9 121.342025756836
103.0 319.636352539063
103.1 126.503479003906
103.9 150.439498901367
104.0 411.826965332031
104.9 124.317367553711
105.0 362.4892578125
106.0 198.129730224609
106.1 131.659698486328
106.9 2.56268167495728
107.0 10.3053550720215
108.7 2.70103621482849
108.9 80.2646789550781
109.1 12.4046201705933
112.9 7.6105489730835
113.8 3.03733110427856
114.0 10.4715433120728
115.0 5266.16552734375
116.0 1509.80529785156
117.1 7701.41845703125
118.0 1694.7626953125
119.0 420.605926513672
119.1 307.4453125
119.8 3.37798762321472
120.0 19.7050724029541
120.1 13.059063911438
126.9 8.50189208984375
126.9 114.625900268555
127.0 81.9861145019531
127.8 3.00971651077271
128.0 259.046142578125
128.0 205.997665405273
128.8 5.04813146591187
128.9 243.308029174805
129.1 188.591552734375
129.9 33.9004859924316
130.0 557.684814453125
131.0 151.966873168945
131.0 605.218200683594
132.1 2382.67333984375
133.0 102.589576721191
133.1 544.906555175781
133.1 194.439331054688
134.1 11928.5771484375
135.0 740.710510253906
135.1 579.453491210938
136.1 36.9310874938965
138.1 25.3215007781982
138.9 17.4511070251465
139.1 5.16886138916016
140.8 1.19499969482422
141.0 51.8261260986328
145.9 7.81994342803955
146.0 25.6567878723145
146.1 21.4352912902832
147.0 16.6465911865234
147.1 12.676194190979
148.0 4.87796545028687
148.1 2.22658038139343
154.8 13.8685646057129
155.0 97.7513275146484
156.9 2.44826602935791
158.9 98.03173828125
159.9 11.7738380432129
162.8 7.34471035003662
162.9 17.169563293457
190.9 10.9811382293701
192.9 13.0808124542236
194.9 10.5872783660889
196.9 20.2132263183594
200.9 0.360353469848633
206.9 9.965087890625
207.0 12.0587310791016
207.9 10.0394735336304
208.0 2.24460577964783
209.0 2.46700286865234
211.0 20.3304748535156
211.1 27.2719078063965
212.8 2.98955130577087
215.9 113.761604309082
216.8 28.4460678100586
216.9 49.8451232910156
218.1 3.3433940410614
218.9 10.8604736328125
219.0 28.9549350738525
219.8 12.6991119384766
220.9 0.633722305297852
221.0 2.73703241348267
222.8 2.31613802909851
229.0 0.294190406799316
233.8 7.47385215759277
234.1 17.9693050384521
234.9 7.62499475479126
236.9 80.6131591796875
237.9 36.6156539916992
238.1 16.7247581481934
238.8 46.8088989257813
240.7 2.22993993759155
240.8 4.9045877456665
240.9 13.3675746917725
273.0 2.56330680847168
276.8 2.47688031196594
281.0 4.64492130279541
289.0 182.924072265625
292.9 228.62109375
294.0 2.45221424102783
294.1 2.31967353820801
