#"+EI Scan (rt: 15.768-15.807 min, 7 scans) Iso3-5.D  Subtract "
#Point,X(Thompsons),Y(Counts)
40.0 92.0653839111328
41.1 17330.279296875
42.1 41681.25
43.1 96940.4765625
44.1 43441.51953125
45.0 1108.38977050781
46.0 30.4946975708008
48.9 21.3415412902832
50.0 678.17236328125
51.0 1683.78149414063
52.0 872.186767578125
53.0 2085.98022460938
54.0 3235.94775390625
55.0 10868.0263671875
56.1 7790.88330078125
57.1 5986.9912109375
58.0 1086.51721191406
60.0 102.618591308594
60.9 113.039993286133
61.9 55.150032043457
62.0 345.957977294922
63.0 1050.58581542969
64.0 355.5986328125
65.0 4714.67236328125
66.0 449.252014160156
66.1 359.570098876953
67.0 6795.23974609375
68.1 9715.806640625
69.1 12345.671875
70.1 21600.666015625
71.1 54980.16015625
72.1 3571.6015625
74.0 195.117797851563
75.0 2816.29052734375
76.0 687.485168457031
76.1 117.524810791016
77.0 9126.650390625
78.0 1841.806640625
79.0 16996.419921875
80.0 3755.8505859375
81.0 1199.966796875
82.0 10221.466796875
83.0 4517.66357421875
84.1 6323.01904296875
85.0 644.3515625
86.0 243.218551635742
86.1 97.5904998779297
87.0 0.39642333984375
87.1 63.5507316589355
87.9 13.4338531494141
88.0 178.702651977539
88.2 29.05100440979
89.0 1377.6435546875
90.0 1213.384765625
91.0 18496.75390625
92.0 2760.72705078125
93.0 1008.88061523438
94.1 6237.794921875
95.0 23535.478515625
96.1 53480.55859375
97.1 8721.8515625
98.1 3559.91088867188
99.0 316.964202880859
100.0 805.988891601563
101.0 743.117553710938
102.1 1960.07641601563
103.0 16160.544921875
104.1 12055.6943359375
105.1 95576.0859375
106.0 8815.43359375
107.0 1625.31286621094
108.0 1594.84741210938
109.0 8222.1484375
110.0 3762.67504882813
111.0 14635.8642578125
112.0 3831.80200195313
113.0 546.376953125
114.0 208.176727294922
114.1 353.224822998047
115.0 1843.6572265625
116.0 1130.74291992188
117.0 3653.35009765625
118.0 1139.54711914063
119.0 589.280578613281
120.1 589.274475097656
121.0 2242.1875
122.0 22317.328125
123.0 6984.787109375
124.0 6170.79150390625
125.0 901.75927734375
126.0 173.487152099609
126.1 254.867797851563
127.0 323.454437255859
128.0 1089.65625
129.0 1553.16333007813
130.1 7018.765625
131.0 3415.23291015625
132.1 5369.4775390625
133.0 1384.00036621094
134.1 6264.53369140625
135.0 7298.13671875
136.0 21950.169921875
137.0 3139.484375
138.0 2891.3466796875
139.0 7121.435546875
140.0 1123.79541015625
141.0 139.711181640625
142.0 315.125457763672
143.0 1005.76525878906
144.0 2658.11596679688
144.9 94.3850402832031
145.0 802.473571777344
146.1 2920.05297851563
147.0 1015.17584228516
148.0 22395.185546875
149.0 18656.869140625
150.0 31812.828125
151.0 5549.61572265625
152.0 1944.11499023438
153.0 341.031616210938
154.0 900.571228027344
156.0 727.481811523438
157.0 119.3623046875
158.0 2575.10791015625
160.0 8908.7734375
161.0 1800.96362304688
162.1 5847.99072265625
163.1 10492.9443359375
164.1 411165.8125
165.1 48626.6875
166.1 5448.80615234375
167.0 536.748046875
168.0 405.945617675781
168.9 154.136108398438
170.0 486.568420410156
170.1 110.34447479248
170.9 114.966186523438
171.9 144.882141113281
172.1 487.122711181641
172.8 29.8508033752441
173.0 223.315170288086
173.9 105.723037719727
174.1 596.91796875
175.0 647.053588867188
175.1 200.493225097656
176.1 15211.3994140625
177.1 5579.02783203125
178.1 3652.2822265625
179.0 1533.89392089844
180.0 67.2322463989258
180.1 416.911224365234
181.0 2607.0068359375
182.1 3451.40258789063
183.0 491.581115722656
184.1 6744.93603515625
185.1 6225.58056640625
186.1 20764.599609375
187.1 6686.83447265625
188.1 17054.76171875
189.1 3311.388671875
190.1 2316.31909179688
191.0 1176.4951171875
192.0 782.379272460938
193.0 51.473388671875
194.0 248.770935058594
196.0 16.3087158203125
198.0 19.4760894775391
200.0 141.026290893555
201.9 124.859001159668
202.0 81.9973754882813
202.9 141.598876953125
204.0 528.395568847656
205.1 10897.1025390625
207.1 558159.1875
208.1 80225.8203125
209.1 6550.98193359375
214.0 4.41827392578125
218.0 1125.95153808594
220.0 18.883056640625
222.0 615.638244628906
222.9 0.38232421875
224.0 134.268463134766
224.9 38.7662963867188
225.9 45.6759376525879
226.0 44.3739051818848
226.2 28.4504070281982
227.9 143.207824707031
229.0 215.999267578125
230.0 423.640502929688
231.0 1192.57751464844
232.1 442.588928222656
234.1 50164.2578125
235.0 6276.9453125
236.1 808.483032226563
241.9 61.4364242553711
242.9 43.2502288818359
245.8 30.2922630310059
246.0 103.373718261719
246.1 45.9872741699219
247.1 132.379364013672
248.1 4422.90087890625
249.1 1098.85632324219
250.0 203.509490966797
251.0 66.6963424682617
252.0 18.1119842529297
252.2 24.6579113006592
254.0 321.55419921875
255.8 15.8457794189453
256.0 2.64083623886108
258.0 528.446716308594
259.0 525.001647949219
260.0 143.632858276367
260.2 28.5554046630859
261.1 1286.25109863281
261.9 115.49983215332
262.1 159.318817138672
262.6 53.1019287109375
262.9 27.4980773925781
264.0 38.2444648742676
264.9 51.6370582580566
266.1 22.4084358215332
266.9 94.1553649902344
267.9 1.1596565246582
268.0 63.9912910461426
269.0 148.714401245117
269.9 4.14936828613281
270.0 76.3682250976563
270.9 61.2364501953125
271.9 52.1064834594727
274.0 467.890045166016
274.2 139.016799926758
275.0 4329.109375
277.2 968751.375
278.2 183365.859375
279.2 18652.755859375
280.0 90.9320526123047
280.1 1271.69567871094
282.0 220.618743896484
282.1 320.774475097656
283.0 208.290023803711
283.9 15.1475257873535
287.9 19.3287811279297
288.0 33.0664482116699
291.0 61.595947265625
291.9 6.88941955566406
295.0 90.234130859375
296.1 442.078887939453
297.0 5298.49658203125
298.0 1273.10070800781
299.0 101.142707824707
299.9 39.751106262207
300.8 57.7653274536133
301.8 20.4410457611084
302.8 36.9292221069336
303.0 105.189384460449
304.9 45.9078826904297
307.0 3.03857421875
307.9 35.220329284668
308.1 5.28211402893066
308.9 10.1502990722656
309.0 5.25631713867188
311.1 97.1673202514648
312.0 33.6006774902344
314.0 40.6429061889648
315.9 24.9660968780518
316.1 20.3452434539795
316.9 16.538501739502
319.1 85.9404678344727
320.2 79.4816207885742
323.1 277.893951416016
325.1 749.778381347656
326.1 115.791481018066
327.0 69.2845840454102
329.0 6.08608055114746
330.7 29.1746196746826
331.0 6.54665184020996
332.8 28.7980537414551
334.9 34.3545265197754
336.8 25.3105945587158
337.1 59.3386917114258
337.3 26.6790809631348
340.8 54.3586082458496
344.9 52.2199516296387
347.0 61.1688652038574
349.0 87.086669921875
349.9 142.983184814453
350.1 89.2724227905273
351.0 19.2194480895996
351.9 25.68239402771
352.1 50.3945121765137
352.2 65.5041885375977
353.1 877.1162109375
354.0 231.50537109375
359.0 13.7549324035645
362.6 27.6124839782715
365.0 51.509895324707
365.2 27.5143775939941
366.2 4132.8349609375
367.2 2037.33032226563
367.9 28.0230445861816
368.0 108.814575195313
368.2 227.977157592773
369.1 592.909423828125
370.1 39.090202331543
370.9 61.8266983032227
428.8 24.1079559326172
428.9 3.59235572814941
