#"+EI Scan (rt: 13.446-13.478 min, 6 scans) Iso4-9.D  Subtract "
#Point,X(Thompsons),Y(Counts)
40.1 1527.39758300781
41.1 38493.04296875
42.1 2324.59252929688
43.1 41043.1796875
44.0 307.19287109375
45.0 181.957717895508
50.0 375.524017333984
51.0 2054.8369140625
52.0 1160.85754394531
53.1 8253.087890625
54.1 1002.24786376953
55.1 18903.576171875
56.0 1965.59716796875
57.1 3142.88452148438
58.0 185.312515258789
58.1 159.574920654297
59.0 157.4462890625
60.0 50.3330154418945
61.9 49.8855743408203
62.0 134.488906860352
63.1 1276.18518066406
64.0 703.895935058594
64.1 225.470169067383
65.0 7640.88671875
66.0 2187.07934570313
67.0 27679.96875
68.1 2495.05249023438
69.1 25717.560546875
70.0 1814.673828125
71.1 6178.08642578125
72.0 489.290374755859
72.1 134.926651000977
74.0 147.202362060547
75.0 463.486450195313
76.0 61.6197395324707
76.1 1528.38061523438
77.0 20383.458984375
78.0 4986.5703125
79.0 20166.77734375
80.1 4216.57568359375
81.1 41386.30078125
82.1 4317.75341796875
83.0 4480.17236328125
83.9 85.7106399536133
84.0 338.284881591797
84.1 330.392150878906
84.9 172.377349853516
85.1 526.618835449219
85.9 443.645904541016
86.1 116.835945129395
87.0 1033.62268066406
87.8 99.1397094726563
88.0 259.310180664063
88.1 99.4078903198242
89.0 3221.20703125
90.0 1539.69738769531
90.1 304.795257568359
91.0 41464.19140625
92.1 7376.05419921875
93.1 21690.68359375
94.1 4624.9462890625
95.1 35658.09765625
96.1 3537.52368164063
97.1 2088.58642578125
98.0 757.955017089844
98.1 532.325317382813
98.9 376.072143554688
99.0 725.177917480469
99.1 389.38916015625
100.4 4088.2041015625
100.6 1450.0283203125
102.0 2418.25561523438
103.0 8723.78125
104.0 190.97785949707
104.1 3609.30419921875
105.1 28300.5
106.1 8048.82470703125
107.1 34083.55078125
108.0 10797.84765625
109.1 13380.0009765625
109.9 12.9679489135742
110.0 1562.3291015625
111.0 1637.73486328125
111.8 67.9006271362305
112.3 90.0482177734375
112.4 368.488372802734
112.9 108.208053588867
113.2 171.853149414063
113.4 575.62744140625
113.8 1073.38342285156
115.0 29199.720703125
116.0 8152.82275390625
117.1 12822.7861328125
118.1 3487.75561523438
119.1 31070.4453125
120.1 8500.48828125
121.1 31242.86328125
122.0 19053.525390625
123.0 20624.24609375
124.1 8045.658203125
125.0 1333.98266601563
126.0 835.911437988281
126.1 392.198822021484
127.0 11041.9501953125
128.1 27887.896484375
129.0 21255.0859375
130.1 5234.423828125
131.0 16711.70703125
132.1 5330.78759765625
133.1 16380.01953125
134.1 9554.0341796875
135.1 15860.28515625
136.0 9152.89453125
137.0 8698.177734375
138.0 3128.23193359375
139.0 3312.48852539063
140.1 1563.61352539063
141.1 19930.59765625
142.1 10248.2734375
143.1 11649.93359375
144.1 8926.9853515625
145.1 18644.908203125
146.1 5966.34619140625
147.0 36328.6875
148.1 8721.421875
149.1 13643.3154296875
150.0 6069.31884765625
151.1 5701.17626953125
152.1 15439.2333984375
153.1 15291.3759765625
154.1 7676.07177734375
155.1 12640.396484375
156.1 4588.47021484375
157.1 17959.951171875
158.1 8978.3984375
159.0 19888.06640625
160.0 18737.689453125
161.0 30335.091796875
162.0 9968.2998046875
163.1 12480.4375
164.1 4557.01708984375
165.1 31338.02734375
166.1 9719.169921875
167.1 8762.060546875
168.0 7452.0517578125
169.1 14283.05859375
170.1 6394.736328125
171.1 16876.806640625
172.1 8671.7822265625
173.1 32182.40625
174.1 74594.890625
175.1 46360.24609375
176.1 18214.185546875
177.1 10546.28125
178.1 10322.203125
179.1 7983.1796875
180.1 3826.62255859375
181.1 16511.9609375
182.1 9204.1767578125
183.1 20715.080078125
184.1 8192.7861328125
185.1 19460.080078125
186.1 10287.068359375
187.1 57451.98046875
188.1 23279.271484375
189.1 17986.740234375
190.1 11513.28125
191.1 14596.1904296875
192.2 3876.13159179688
193.1 97230.9609375
194.1 15425.2158203125
195.1 12254.3212890625
196.1 6487.78173828125
197.1 18658.947265625
198.1 10582.6552734375
199.1 31310.47265625
200.1 20758.662109375
201.1 72855.390625
202.1 22210.857421875
203.1 9463.4384765625
204.1 2760.51293945313
205.1 4820.52783203125
206.1 2566.66870117188
207.1 16052.8515625
208.1 4492.13134765625
209.1 6126.46875
210.1 5364.548828125
211.1 12523.5712890625
212.1 8140.84912109375
213.1 31378.37890625
214.1 21534.55859375
215.1 58124.01953125
216.1 14717.3486328125
217.1 87687.4375
218.1 18517.244140625
219.1 11716.4111328125
220.1 2627.2880859375
221.2 35648.25
222.1 6074.056640625
223.1 3682.69116210938
224.1 4163.103515625
225.1 10837.4921875
226.1 6648.61181640625
227.1 17134.021484375
228.1 13070.1494140625
229.1 33760.328125
231.1 701309.1875
232.1 133798.328125
233.1 51374.83984375
234.1 8061.45703125
235.0 922.264709472656
236.0 43.976505279541
236.2 95.3248291015625
237.0 168.548828125
238.0 1259.30859375
239.1 4884.0634765625
240.1 6465.71142578125
241.1 15402.65625
242.2 20726.400390625
243.1 313191.65625
244.1 70474.78125
245.1 36184.953125
246.1 39151.09375
247.1 6759.6953125
248.1 755.401000976563
248.8 32.3995475769043
248.9 71.6780166625977
249.1 159.557052612305
250.2 136.119644165039
251.0 159.928985595703
251.1 602.92529296875
252.0 27.0335712432861
252.2 364.191192626953
252.3 73.5591659545898
253.1 4942.2685546875
254.0 298.440399169922
254.2 1902.85876464844
255.1 12927.9169921875
256.2 13206.3466796875
257.2 87910.8046875
258.1 234070.421875
259.2 51100.18359375
260.2 6782.650390625
261.1 335.326232910156
261.1 414.68359375
261.8 26.221586227417
262.1 64.8178558349609
263.0 59.0503120422363
263.1 92.9582443237305
265.0 428.917358398438
266.0 33.5416641235352
266.2 378.273681640625
266.3 43.423526763916
267.1 2102.14526367188
268.0 226.881698608398
268.2 950.21533203125
269.1 10842.4599609375
270.2 825.013610839844
271.2 457820.0625
272.2 111234.1015625
273.2 17080.80078125
274.1 1888.7734375
275.0 351.577972412109
275.8 2.89463043212891
275.9 34.8582572937012
276.1 32.1192588806152
276.8 175.147583007813
277.9 51.9912528991699
278.1 23.9046630859375
279.1 780.7138671875
280.1 437.676971435547
281.2 5647.31787109375
282.2 2079.85522460938
283.2 8383.681640625
284.2 3503.43725585938
285.2 31988.865234375
286.2 24501.328125
287.2 4749.1142578125
288.0 77.514274597168
288.2 382.930694580078
290.0 168.255569458008
291.1 217.340255737305
291.9 33.6874504089355
292.9 17.273681640625
294.0 609.118469238281
295.1 4165.28564453125
296.2 225.559051513672
297.2 70682.421875
299.2 928935.75
300.2 209688.828125
301.2 25824.044921875
302.2 2383.47045898438
302.9 35.8108863830566
303.2 177.95068359375
307.0 176.010787963867
308.8 25.9115581512451
309.2 160.721542358398
310.1 233.311813354492
310.3 150.412063598633
311.0 54.2464141845703
311.1 255.679489135742
311.2 155.716232299805
312.2 191.730178833008
312.3 1818.3935546875
313.3 16821.208984375
314.2 726536.8125
315.2 170046.5625
316.2 21947.482421875
317.2 2123.86743164063
318.2 120.552307128906
318.3 27.6691989898682
327.0 25.5353221893311
328.1 40.538402557373
348.8 18.286262512207
355.0 32.9654006958008
383.0 32.2953109741211
384.9 34.2319450378418
385.1 122.904319763184
385.2 33.1876487731934
398.1 26.7032032012939
468.2 101.843811035156
